2018.04.20 18:00:02.615,0.72057,0.72068,1.37,2.25
2018.04.20 18:00:03.868,0.72057,0.72067,1.37,1.00
2018.04.20 18:00:05.000,0.72057,0.72067,1.00,1.00
2018.04.20 18:00:06.930,0.72056,0.72066,1.95,1.00
2018.04.20 18:00:07.446,0.72056,0.72066,1.00,1.50
2018.04.20 18:00:08.178,0.72056,0.72065,1.00,1.00
2018.04.20 18:00:08.696,0.72056,0.72066,1.10,1.00
2018.04.20 18:00:10.067,0.72056,0.72066,1.07,1.00
2018.04.20 18:00:11.009,0.72055,0.72066,4.21,1.00
2018.04.20 18:00:11.555,0.72055,0.72066,4.20,1.00
2018.04.20 18:00:14.987,0.72055,0.72066,2.70,1.00
2018.04.20 18:00:15.498,0.72055,0.72066,3.07,1.00
2018.04.20 18:00:15.704,0.72058,0.72067,1.00,1.00
2018.04.20 18:00:16.224,0.72058,0.72068,1.20,1.00
2018.04.20 18:00:16.867,0.72058,0.72068,1.57,1.00
2018.04.20 18:00:19.641,0.72057,0.72067,2.70,1.00
2018.04.20 18:00:20.150,0.72058,0.72068,1.10,1.00
2018.04.20 18:00:20.640,0.7206,0.72069,1.00,1.50
2018.04.20 18:00:20.844,0.72058,0.72069,2.70,1.00
2018.04.20 18:00:21.504,0.72059,0.72069,1.10,1.50
2018.04.20 18:00:22.670,0.72058,0.72069,1.20,1.50
2018.04.20 18:00:23.213,0.72057,0.72068,1.57,1.00
2018.04.20 18:00:23.730,0.72057,0.72067,1.57,1.00
2018.04.20 18:00:24.254,0.72057,0.72067,1.20,1.00
2018.04.20 18:00:25.941,0.72058,0.72067,1.00,1.00
2018.04.20 18:00:27.972,0.72058,0.72068,1.00,1.50
2018.04.20 18:00:28.499,0.72056,0.72067,2.32,1.00
2018.04.20 18:00:29.389,0.72056,0.72066,1.95,1.00
2018.04.20 18:00:29.944,0.72056,0.72067,3.45,1.50
2018.04.20 18:00:32.216,0.72059,0.72068,1.00,1.00
2018.04.20 18:00:32.747,0.72058,0.72069,1.57,3.00
2018.04.20 18:00:33.060,0.72058,0.72067,1.57,1.00
2018.04.20 18:00:36.567,0.72059,0.72069,1.00,1.50
2018.04.20 18:00:36.899,0.7206,0.7207,1.95,1.00
2018.04.20 18:00:37.110,0.72058,0.72068,1.10,1.00
2018.04.20 18:00:37.648,0.72058,0.72068,1.20,1.50
2018.04.20 18:00:38.166,0.72058,0.72068,1.10,1.50
2018.04.20 18:00:38.681,0.72056,0.72067,1.57,1.00
2018.04.20 18:00:42.092,0.72056,0.72067,3.45,1.00
2018.04.20 18:00:42.627,0.72056,0.72067,1.20,1.00
2018.04.20 18:00:45.327,0.72057,0.72066,1.95,1.00
2018.04.20 18:00:45.532,0.72056,0.72068,3.82,3.00
2018.04.20 18:00:45.788,0.72057,0.72066,1.20,1.00
2018.04.20 18:00:46.474,0.72056,0.72067,3.07,1.50
2018.04.20 18:00:48.937,0.72056,0.72067,4.20,1.50
2018.04.20 18:00:49.698,0.72056,0.72067,3.45,1.50
2018.04.20 18:00:59.128,0.72056,0.72067,2.70,1.50
2018.04.20 18:01:01.001,0.72058,0.72067,1.00,1.00
2018.04.20 18:01:01.536,0.72057,0.72067,1.00,1.00
2018.04.20 18:01:01.972,0.72056,0.72065,1.57,1.00
2018.04.20 18:01:02.503,0.72055,0.72065,3.07,1.00
2018.04.20 18:01:03.046,0.72056,0.72066,1.20,1.00
2018.04.20 18:01:03.569,0.72055,0.72067,2.71,2.25
2018.04.20 18:01:05.710,0.72056,0.72065,1.10,1.00
2018.04.20 18:01:05.814,0.72056,0.72067,1.10,3.00
2018.04.20 18:01:08.856,0.72057,0.72067,1.00,2.25
2018.04.20 18:01:09.384,0.72055,0.72067,2.32,2.25
2018.04.20 18:01:13.292,0.72056,0.72067,1.45,2.25
2018.04.20 18:01:13.867,0.72056,0.72067,1.20,2.25
2018.04.20 18:01:21.081,0.72056,0.72067,1.20,2.25
2018.04.20 18:01:21.588,0.72055,0.72067,2.32,2.25
2018.04.20 18:01:22.097,0.72055,0.72067,3.07,1.50
2018.04.20 18:01:24.092,0.72055,0.72067,3.07,1.50
2018.04.20 18:01:25.210,0.72055,0.72067,3.07,1.00
2018.04.20 18:01:27.130,0.72055,0.72067,3.07,1.50
2018.04.20 18:01:27.337,0.72055,0.72067,3.82,1.00
2018.04.20 18:01:27.855,0.72055,0.72067,3.07,1.00
2018.04.20 18:01:29.536,0.72055,0.72067,3.07,1.00
2018.04.20 18:01:29.703,0.72056,0.72065,1.10,1.00
2018.04.20 18:01:32.564,0.72055,0.72067,2.32,1.12
2018.04.20 18:01:33.071,0.72055,0.72067,4.20,1.12
2018.04.20 18:01:33.691,0.72055,0.72067,2.70,1.00
2018.04.20 18:01:34.506,0.72057,0.72067,1.00,1.50
2018.04.20 18:01:39.912,0.72056,0.72067,1.95,1.00
2018.04.20 18:01:43.031,0.72056,0.72067,1.20,1.50
2018.04.20 18:01:49.318,0.72055,0.72067,4.20,1.50
2018.04.20 18:01:51.659,0.72056,0.72067,1.45,2.25
2018.04.20 18:01:54.535,0.72055,0.72067,4.20,2.25
2018.04.20 18:01:55.046,0.72055,0.72067,3.45,1.50
2018.04.20 18:01:57.425,0.72056,0.72067,1.20,2.25
2018.04.20 18:02:01.103,0.72058,0.72067,1.00,1.00
2018.04.20 18:02:26.641,0.72058,0.72068,1.00,2.25
2018.04.20 18:02:29.009,0.7206,0.72071,2.62,1.00
2018.04.20 18:02:29.627,0.72061,0.7207,2.25,1.00
2018.04.20 18:02:34.952,0.72059,0.72068,1.50,1.00
2018.04.20 18:02:35.459,0.72058,0.72067,1.10,1.00
2018.04.20 18:02:37.838,0.72059,0.72068,2.25,1.50
2018.04.20 18:02:38.628,0.72057,0.72067,1.87,1.00
2018.04.20 18:02:39.449,0.72058,0.72067,1.00,1.00
2018.04.20 18:02:40.018,0.72057,0.72067,1.10,1.00
2018.04.20 18:02:40.543,0.72057,0.72068,1.00,3.00
2018.04.20 18:02:41.088,0.72056,0.72068,1.95,2.25
2018.04.20 18:02:41.616,0.72057,0.72068,1.00,2.25
2018.04.20 18:02:42.991,0.72056,0.72068,1.95,3.00
2018.04.20 18:02:43.506,0.72056,0.72068,2.32,3.00
2018.04.20 18:03:15.942,0.72057,0.72067,1.20,1.00
2018.04.20 18:03:16.479,0.72057,0.72068,1.10,3.75
2018.04.20 18:03:17.021,0.72059,0.72068,1.00,2.25
2018.04.20 18:03:17.198,0.72061,0.72071,1.50,1.50
2018.04.20 18:03:17.713,0.72061,0.72072,4.57,1.00
2018.04.20 18:03:18.218,0.72061,0.72072,4.57,1.00
2018.04.20 18:03:20.027,0.72062,0.72072,1.57,1.00
2018.04.20 18:03:21.748,0.72062,0.72072,1.07,1.00
2018.04.20 18:03:23.481,0.72059,0.72069,1.95,1.00
2018.04.20 18:03:23.723,0.72058,0.72068,1.95,1.50
2018.04.20 18:03:23.876,0.72059,0.72068,1.95,1.00
2018.04.20 18:03:24.421,0.72058,0.72068,1.20,1.50
2018.04.20 18:03:25.456,0.72058,0.72069,1.20,1.50
2018.04.20 18:03:27.048,0.72058,0.72067,1.45,1.00
2018.04.20 18:03:27.613,0.72058,0.72067,1.20,1.00
2018.04.20 18:03:28.063,0.72058,0.72067,1.95,1.00
2018.04.20 18:03:30.041,0.72058,0.72067,1.95,1.00
2018.04.20 18:03:30.247,0.72058,0.72069,1.45,3.37
2018.04.20 18:03:30.920,0.7206,0.72068,1.10,1.00
2018.04.20 18:03:30.974,0.72061,0.7207,1.45,1.00
2018.04.20 18:03:31.131,0.72062,0.72072,2.70,1.50
2018.04.20 18:03:31.294,0.72064,0.72075,1.95,1.50
2018.04.20 18:03:31.602,0.72066,0.72075,1.20,1.50
2018.04.20 18:03:32.145,0.72064,0.72075,1.95,2.25
2018.04.20 18:03:33.495,0.72064,0.72074,1.95,1.00
2018.04.20 18:03:34.020,0.72063,0.72073,3.07,2.25
2018.04.20 18:03:41.877,0.72063,0.72072,1.45,1.00
2018.04.20 18:03:42.668,0.72063,0.72073,1.95,1.00
2018.04.20 18:03:43.200,0.72065,0.72074,1.95,1.00
2018.04.20 18:03:43.615,0.72066,0.72076,1.95,1.50
2018.04.20 18:03:44.166,0.72066,0.72076,1.95,1.50
2018.04.20 18:03:44.828,0.72066,0.72076,1.95,1.87
2018.04.20 18:03:45.354,0.72067,0.72076,1.45,1.87
2018.04.20 18:03:45.892,0.72066,0.72076,1.45,1.87
2018.04.20 18:03:46.597,0.72064,0.72074,1.95,1.50
2018.04.20 18:03:47.106,0.72064,0.72074,1.20,1.50
2018.04.20 18:03:47.665,0.72064,0.72074,1.45,1.87
2018.04.20 18:03:47.996,0.72062,0.7207,1.45,2.25
2018.04.20 18:03:48.533,0.72062,0.72071,1.20,1.00
2018.04.20 18:03:48.949,0.7206,0.72069,1.20,1.00
2018.04.20 18:03:49.054,0.7206,0.72068,1.45,1.00
2018.04.20 18:03:49.107,0.7206,0.7207,1.95,1.50
2018.04.20 18:03:49.659,0.72059,0.72068,1.10,1.00
2018.04.20 18:03:56.410,0.72059,0.72068,1.20,1.00
2018.04.20 18:03:56.965,0.72059,0.72068,1.00,1.50
2018.04.20 18:03:57.440,0.7206,0.72069,1.45,3.00
2018.04.20 18:03:59.830,0.72059,0.72069,1.20,2.25
2018.04.20 18:04:00.524,0.72059,0.72068,1.95,1.00
2018.04.20 18:04:01.168,0.72059,0.72068,1.20,1.00
2018.04.20 18:04:01.715,0.7206,0.72068,1.00,1.00
2018.04.20 18:04:02.466,0.72059,0.72068,1.50,1.00
2018.04.20 18:04:03.525,0.72059,0.72068,1.45,1.00
2018.04.20 18:04:04.577,0.72059,0.72068,1.00,2.25
2018.04.20 18:04:05.120,0.72058,0.72068,2.70,1.50
2018.04.20 18:04:07.194,0.72059,0.7207,3.45,2.25
2018.04.20 18:04:07.749,0.72059,0.7207,2.70,2.25
2018.04.20 18:04:08.226,0.72059,0.72068,4.20,1.00
2018.04.20 18:04:08.795,0.72059,0.72068,2.70,1.00
2018.04.20 18:04:09.411,0.72059,0.72068,1.95,1.00
2018.04.20 18:04:10.202,0.7206,0.72069,1.00,1.00
2018.04.20 18:04:10.774,0.72059,0.7207,2.32,1.50
2018.04.20 18:04:12.455,0.72059,0.72069,1.95,1.00
2018.04.20 18:04:12.963,0.72059,0.72068,1.10,1.50
2018.04.20 18:04:14.520,0.72059,0.72068,1.20,1.50
2018.04.20 18:04:15.933,0.72059,0.72068,1.00,1.50
2018.04.20 18:04:16.765,0.72059,0.72068,1.20,1.50
2018.04.20 18:04:18.337,0.72058,0.72068,1.20,1.00
2018.04.20 18:04:18.867,0.72059,0.72068,1.10,1.00
2018.04.20 18:04:22.015,0.72059,0.7207,3.07,2.25
2018.04.20 18:04:22.581,0.72059,0.7207,3.07,1.50
2018.04.20 18:04:22.633,0.72059,0.72068,2.32,1.00
2018.04.20 18:04:22.953,0.7206,0.72071,2.70,1.00
2018.04.20 18:04:23.007,0.72061,0.72071,1.45,1.50
2018.04.20 18:04:26.405,0.7206,0.7207,1.45,1.50
2018.04.20 18:04:26.913,0.72061,0.72069,1.00,1.00
2018.04.20 18:04:27.421,0.7206,0.72069,1.00,1.00
2018.04.20 18:04:27.740,0.72058,0.72068,1.20,1.50
2018.04.20 18:04:33.559,0.72058,0.72068,1.57,1.50
2018.04.20 18:04:34.040,0.72059,0.72068,1.45,1.00
2018.04.20 18:04:34.143,0.72058,0.72067,3.45,1.00
2018.04.20 18:04:34.297,0.72059,0.72067,1.45,1.00
2018.04.20 18:04:34.707,0.72058,0.72067,3.07,1.00
2018.04.20 18:04:38.359,0.72058,0.72067,1.20,1.00
2018.04.20 18:04:38.936,0.72058,0.72067,1.20,1.00
2018.04.20 18:04:39.442,0.72058,0.72067,1.00,1.00
2018.04.20 18:04:41.549,0.72058,0.72067,1.20,1.00
2018.04.20 18:04:42.134,0.72058,0.72067,1.10,1.00
2018.04.20 18:04:44.467,0.72058,0.72068,2.14,1.50
2018.04.20 18:04:44.624,0.72058,0.72068,1.20,1.50
2018.04.20 18:04:45.246,0.72057,0.72068,3.82,1.50
2018.04.20 18:04:45.402,0.7206,0.72069,3.45,1.00
2018.04.20 18:04:45.454,0.72062,0.72072,1.45,1.50
2018.04.20 18:04:46.019,0.72063,0.72072,1.95,1.50
2018.04.20 18:04:46.787,0.72063,0.72072,1.20,1.00
2018.04.20 18:04:47.804,0.72063,0.72072,1.20,1.00
2018.04.20 18:04:57.291,0.72064,0.72075,3.45,1.00
2018.04.20 18:04:57.834,0.72064,0.72074,1.20,1.00
2018.04.20 18:04:58.678,0.72064,0.72073,1.45,1.50
2018.04.20 18:05:03.947,0.72064,0.72074,1.45,3.75
2018.04.20 18:05:04.457,0.72064,0.72073,1.45,1.00
2018.04.20 18:05:07.816,0.72062,0.72073,3.07,1.50
2018.04.20 18:05:08.324,0.72063,0.72073,1.20,1.00
2018.04.20 18:05:13.228,0.72061,0.72071,2.70,1.50
2018.04.20 18:05:13.281,0.7206,0.72068,1.45,1.00
2018.04.20 18:05:13.333,0.72058,0.72068,4.20,1.00
2018.04.20 18:05:23.394,0.72059,0.72068,1.95,1.50
2018.04.20 18:05:23.995,0.7206,0.72069,1.45,1.00
2018.04.20 18:05:27.227,0.72061,0.72068,1.20,1.50
2018.04.20 18:05:27.380,0.72059,0.72069,1.76,2.25
2018.04.20 18:05:27.431,0.72059,0.72067,1.57,1.00
2018.04.20 18:05:30.709,0.72058,0.72067,1.20,1.50
2018.04.20 18:05:32.100,0.72059,0.72067,1.45,1.50
2018.04.20 18:05:33.089,0.72058,0.72067,1.20,1.50
2018.04.20 18:05:33.597,0.72058,0.72067,1.45,1.50
2018.04.20 18:05:34.780,0.72058,0.72067,1.20,2.25
2018.04.20 18:05:35.313,0.72058,0.72067,1.45,1.50
2018.04.20 18:05:37.587,0.72058,0.72067,1.20,1.50
2018.04.20 18:05:38.610,0.72058,0.72067,1.45,1.50
2018.04.20 18:05:39.308,0.72058,0.72067,1.20,1.50
2018.04.20 18:05:40.483,0.72058,0.72067,1.45,1.50
2018.04.20 18:05:41.082,0.72057,0.72067,1.95,1.50
2018.04.20 18:05:42.536,0.72059,0.72067,1.20,1.50
2018.04.20 18:05:43.216,0.72057,0.72067,1.95,1.50
2018.04.20 18:05:43.934,0.72057,0.72067,1.95,1.50
2018.04.20 18:05:44.569,0.72058,0.72067,1.20,1.50
2018.04.20 18:06:04.396,0.7206,0.72067,1.20,1.00
2018.04.20 18:06:04.751,0.72058,0.72067,1.95,1.00
2018.04.20 18:06:05.344,0.72059,0.72067,1.20,1.00
2018.04.20 18:06:09.283,0.72058,0.72069,5.32,1.50
2018.04.20 18:06:09.386,0.7206,0.72067,1.20,1.00
2018.04.20 18:06:09.542,0.72058,0.72067,1.95,1.00
2018.04.20 18:06:10.772,0.72059,0.72067,1.45,1.00
2018.04.20 18:06:10.874,0.72057,0.72067,3.07,1.00
2018.04.20 18:06:10.976,0.72059,0.72067,1.20,1.00
2018.04.20 18:06:12.261,0.72057,0.72067,3.26,1.00
2018.04.20 18:06:17.031,0.72058,0.72067,1.20,1.00
2018.04.20 18:06:17.568,0.72057,0.72067,1.95,1.00
2018.04.20 18:06:18.878,0.72057,0.72067,1.20,1.00
2018.04.20 18:06:19.250,0.72058,0.72067,1.20,1.00
2018.04.20 18:06:19.761,0.72057,0.72067,1.95,1.00
2018.04.20 18:06:20.278,0.72058,0.72067,1.45,1.00
2018.04.20 18:06:27.002,0.72057,0.72067,1.95,2.25
2018.04.20 18:06:27.750,0.72057,0.72066,1.95,1.00
2018.04.20 18:06:32.100,0.72057,0.72066,1.20,1.00
2018.04.20 18:06:32.607,0.72057,0.72066,1.45,1.00
2018.04.20 18:06:34.439,0.72058,0.72066,1.20,1.00
2018.04.20 18:06:35.478,0.72057,0.72066,1.45,1.00
2018.04.20 18:06:37.330,0.72058,0.72066,1.45,1.00
2018.04.20 18:06:37.978,0.72057,0.72066,1.20,1.00
2018.04.20 18:06:39.909,0.72058,0.72066,1.20,1.00
2018.04.20 18:06:40.416,0.72057,0.72066,1.45,1.00
2018.04.20 18:06:41.016,0.72058,0.72066,1.45,1.00
2018.04.20 18:06:41.535,0.72057,0.72066,1.20,1.00
2018.04.20 18:06:42.083,0.72056,0.72066,2.51,1.00
2018.04.20 18:06:44.527,0.72058,0.72066,1.20,1.00
2018.04.20 18:06:45.337,0.72056,0.72066,1.76,1.00
2018.04.20 18:06:51.239,0.72057,0.72067,1.20,1.00
2018.04.20 18:06:53.043,0.72058,0.72067,2.14,1.00
2018.04.20 18:06:53.724,0.72057,0.72067,2.70,1.00
2018.04.20 18:06:55.542,0.72057,0.72067,2.70,1.00
2018.04.20 18:06:57.645,0.72057,0.72067,2.89,1.00
2018.04.20 18:06:58.055,0.72059,0.72069,1.57,1.50
2018.04.20 18:06:58.603,0.72059,0.72068,1.10,1.50
2018.04.20 18:07:30.136,0.72059,0.72068,1.20,1.00
2018.04.20 18:07:30.639,0.72059,0.72068,1.10,1.00
2018.04.20 18:07:35.514,0.72057,0.72068,4.76,1.00
2018.04.20 18:07:35.616,0.72058,0.72068,1.45,1.00
2018.04.20 18:07:41.365,0.72057,0.72068,4.76,1.00
2018.04.20 18:07:48.455,0.72057,0.72068,3.82,1.00
2018.04.20 18:07:52.393,0.72058,0.72068,1.10,1.00
2018.04.20 18:07:52.907,0.72058,0.72068,1.07,2.25
2018.04.20 18:07:54.065,0.72057,0.72068,6.26,1.00
2018.04.20 18:07:54.168,0.72058,0.72068,1.45,1.00
2018.04.20 18:07:54.868,0.72057,0.72068,6.07,1.00
2018.04.20 18:07:55.369,0.72057,0.72068,5.32,1.00
2018.04.20 18:07:56.398,0.72057,0.72068,4.57,1.00
2018.04.20 18:07:56.909,0.72057,0.72068,4.76,1.00
2018.04.20 18:07:57.889,0.7206,0.72068,1.00,1.50
2018.04.20 18:07:59.372,0.72058,0.72068,1.20,1.50
2018.04.20 18:08:00.017,0.72057,0.72068,5.32,1.50
2018.04.20 18:08:00.728,0.72057,0.72068,4.57,1.50
2018.04.20 18:08:03.638,0.72058,0.72068,1.20,1.50
2018.04.20 18:08:04.607,0.72057,0.72068,4.57,2.25
2018.04.20 18:08:05.353,0.72057,0.72068,3.82,2.25
2018.04.20 18:08:05.889,0.72057,0.72068,3.82,2.25
2018.04.20 18:08:16.722,0.72058,0.72067,1.20,1.00
2018.04.20 18:08:22.374,0.72058,0.72067,1.45,1.00
2018.04.20 18:08:46.639,0.72058,0.72067,1.20,1.00
2018.04.20 18:08:50.999,0.72057,0.72067,3.07,1.00
2018.04.20 18:08:52.187,0.72057,0.72067,1.95,1.00
2018.04.20 18:08:52.714,0.72057,0.72067,1.20,1.00
2018.04.20 18:08:54.492,0.72057,0.72067,2.32,1.00
2018.04.20 18:08:55.009,0.72057,0.72067,1.95,1.00
2018.04.20 18:08:55.552,0.72057,0.72067,2.70,1.00
2018.04.20 18:08:56.123,0.72057,0.72067,3.45,1.00
2018.04.20 18:09:00.494,0.72058,0.72068,1.50,1.50
2018.04.20 18:09:01.026,0.72058,0.72068,1.20,1.50
2018.04.20 18:09:02.591,0.72057,0.72068,2.70,1.00
2018.04.20 18:09:02.708,0.72058,0.72066,1.20,1.00
2018.04.20 18:09:15.348,0.72058,0.72066,1.20,1.00
2018.04.20 18:09:15.883,0.72058,0.72066,1.00,1.00
2018.04.20 18:09:16.401,0.72057,0.72066,1.95,1.00
2018.04.20 18:09:18.025,0.72057,0.72066,1.95,1.00
2018.04.20 18:09:18.540,0.72057,0.72066,1.95,1.00
2018.04.20 18:09:20.658,0.72057,0.72066,1.95,1.00
2018.04.20 18:09:21.230,0.72057,0.72066,2.70,1.00
2018.04.20 18:09:21.581,0.72057,0.72066,4.20,1.00
2018.04.20 18:09:21.792,0.72057,0.72066,3.07,1.00
2018.04.20 18:09:21.929,0.72058,0.72069,2.81,2.62
2018.04.20 18:09:22.448,0.72058,0.72068,2.51,1.00
2018.04.20 18:09:23.265,0.72058,0.72068,2.51,1.00
2018.04.20 18:09:25.074,0.72059,0.72068,2.51,1.00
2018.04.20 18:09:25.607,0.72059,0.72069,1.10,1.50
2018.04.20 18:09:26.132,0.72058,0.72067,2.51,1.00
2018.04.20 18:09:27.219,0.72059,0.72068,1.20,1.00
2018.04.20 18:09:28.164,0.72057,0.72068,4.39,1.00
2018.04.20 18:09:28.917,0.72057,0.72068,2.70,1.00
2018.04.20 18:09:29.745,0.72057,0.72068,1.95,2.25
2018.04.20 18:09:30.354,0.72057,0.72068,1.95,2.25
2018.04.20 18:09:30.894,0.72057,0.72068,2.70,3.00
2018.04.20 18:09:35.238,0.72057,0.72068,1.95,3.00
2018.04.20 18:09:36.860,0.72057,0.72067,1.57,1.00
2018.04.20 18:09:37.378,0.72057,0.72068,1.57,3.37
2018.04.20 18:09:37.893,0.72057,0.72067,1.57,1.00
2018.04.20 18:09:38.457,0.72057,0.72068,1.57,3.37
2018.04.20 18:09:39.588,0.72057,0.72067,1.57,1.00
2018.04.20 18:09:40.117,0.72057,0.72068,1.57,3.37
2018.04.20 18:09:41.094,0.72057,0.72067,1.57,1.00
2018.04.20 18:09:41.604,0.72057,0.72068,1.57,3.37
2018.04.20 18:09:42.146,0.72057,0.72067,2.32,1.00
2018.04.20 18:09:42.663,0.72057,0.72068,1.57,3.37
2018.04.20 18:09:43.209,0.72057,0.72067,1.57,1.00
2018.04.20 18:09:43.715,0.72057,0.72068,1.57,4.12
2018.04.20 18:09:45.173,0.72057,0.72067,1.57,1.00
2018.04.20 18:09:45.869,0.72057,0.72068,1.57,4.12
2018.04.20 18:09:47.333,0.72057,0.72067,1.57,1.00
2018.04.20 18:09:47.852,0.72057,0.72068,1.95,3.37
2018.04.20 18:09:49.044,0.72057,0.72066,1.10,1.00
2018.04.20 18:09:49.357,0.72057,0.72068,1.10,4.12
2018.04.20 18:09:52.848,0.72057,0.72068,1.95,1.87
2018.04.20 18:09:56.370,0.72058,0.72067,1.20,1.00
2018.04.20 18:09:58.477,0.72058,0.72068,1.20,2.62
2018.04.20 18:09:58.882,0.72057,0.72068,1.95,1.50
2018.04.20 18:09:59.416,0.72058,0.72068,1.00,2.25
2018.04.20 18:09:59.926,0.72057,0.72068,2.32,1.50
2018.04.20 18:10:00.454,0.72058,0.72068,1.00,1.87
2018.04.20 18:10:01.048,0.72058,0.72068,1.29,1.50
2018.04.20 18:10:01.567,0.72058,0.72068,1.10,1.00
2018.04.20 18:10:06.891,0.72058,0.72068,1.29,1.00
2018.04.20 18:10:07.451,0.72058,0.72068,1.10,1.00
2018.04.20 18:10:19.153,0.72058,0.72066,1.00,1.00
2018.04.20 18:10:20.702,0.72058,0.72067,1.50,1.00
2018.04.20 18:10:29.439,0.72058,0.72066,1.00,1.00
2018.04.20 18:10:31.542,0.72058,0.72068,1.00,2.25
2018.04.20 18:10:32.320,0.72058,0.72068,1.20,2.25
2018.04.20 18:10:35.969,0.72058,0.72068,1.00,2.25
2018.04.20 18:10:37.163,0.72058,0.72068,1.20,2.25
2018.04.20 18:10:37.709,0.72058,0.72068,1.00,2.25
2018.04.20 18:10:39.362,0.72058,0.72067,1.00,1.00
2018.04.20 18:10:40.090,0.72056,0.72067,1.20,1.00
2018.04.20 18:10:40.796,0.72057,0.72067,1.00,1.00
2018.04.20 18:10:43.270,0.72057,0.72066,1.50,1.00
2018.04.20 18:10:43.785,0.72057,0.72067,2.25,1.00
2018.04.20 18:10:44.347,0.72058,0.72067,1.00,1.00
2018.04.20 18:10:46.194,0.72057,0.72067,1.50,1.00
2018.04.20 18:10:52.006,0.72057,0.72066,1.00,1.00
2018.04.20 18:10:52.669,0.72057,0.72067,1.00,1.50
2018.04.20 18:10:55.645,0.72057,0.72066,1.00,1.00
2018.04.20 18:10:56.512,0.72057,0.72067,1.00,1.50
2018.04.20 18:10:57.534,0.72057,0.72066,1.10,1.00
2018.04.20 18:10:58.819,0.72057,0.72067,1.00,1.50
2018.04.20 18:11:05.804,0.72057,0.72066,1.12,1.00
2018.04.20 18:11:25.836,0.72055,0.72066,1.57,1.00
2018.04.20 18:11:26.555,0.72055,0.72066,1.95,1.00
2018.04.20 18:11:27.095,0.72055,0.72066,1.57,1.00
2018.04.20 18:11:27.710,0.72056,0.72066,1.00,1.00
2018.04.20 18:11:40.294,0.72056,0.72065,1.10,1.00
2018.04.20 18:11:40.916,0.72056,0.72066,1.10,1.00
2018.04.20 18:12:16.802,0.72057,0.72067,1.00,1.00
2018.04.20 18:12:18.083,0.72057,0.72067,1.19,1.00
2018.04.20 18:12:18.566,0.72056,0.72067,1.50,1.07
2018.04.20 18:12:20.725,0.72056,0.72067,1.00,1.10
2018.04.20 18:12:21.243,0.72056,0.72066,1.00,1.00
2018.04.20 18:12:30.226,0.72056,0.72067,1.50,1.10
2018.04.20 18:12:43.308,0.72055,0.72067,2.62,1.00
2018.04.20 18:12:44.158,0.72057,0.72067,1.00,1.00
2018.04.20 18:12:44.210,0.72055,0.72067,2.70,1.00
2018.04.20 18:12:44.713,0.72055,0.72067,2.70,1.00
2018.04.20 18:12:45.770,0.72055,0.72067,1.95,1.10
2018.04.20 18:12:46.304,0.72056,0.72067,1.00,1.00
2018.04.20 18:12:46.812,0.72055,0.72067,3.37,1.00
2018.04.20 18:12:47.575,0.72056,0.72067,1.00,1.00
2018.04.20 18:12:48.092,0.72055,0.72067,2.70,1.00
2018.04.20 18:12:55.100,0.72056,0.72067,1.00,1.10
2018.04.20 18:13:00.978,0.72055,0.72067,1.95,1.57
2018.04.20 18:13:01.631,0.72055,0.72067,2.14,1.57
2018.04.20 18:13:02.305,0.72055,0.72067,1.95,1.57
2018.04.20 18:13:09.204,0.72056,0.72067,1.00,1.10
2018.04.20 18:13:09.874,0.72055,0.72067,1.95,1.10
2018.04.20 18:13:12.198,0.72055,0.72067,2.89,1.57
2018.04.20 18:13:12.845,0.72055,0.72067,4.20,1.57
2018.04.20 18:13:14.833,0.72055,0.72066,1.95,1.00
2018.04.20 18:13:15.556,0.72056,0.72067,1.00,1.50
2018.04.20 18:13:16.099,0.72055,0.72067,3.64,2.25
2018.04.20 18:13:16.981,0.72055,0.72067,3.45,2.25
2018.04.20 18:13:18.189,0.72055,0.72067,2.62,2.25
2018.04.20 18:13:22.479,0.72056,0.72067,1.00,1.50
2018.04.20 18:13:24.638,0.72057,0.72067,1.00,1.00
2018.04.20 18:13:27.547,0.72056,0.72067,1.12,1.00
2018.04.20 18:13:29.373,0.72056,0.72068,4.31,2.62
2018.04.20 18:13:29.550,0.72057,0.72068,1.69,1.87
2018.04.20 18:13:29.602,0.72057,0.72068,1.00,1.87
2018.04.20 18:13:29.860,0.72059,0.72069,1.00,3.00
2018.04.20 18:13:30.373,0.72058,0.72068,1.10,1.00
2018.04.20 18:13:33.146,0.72057,0.72068,1.57,1.50
2018.04.20 18:13:34.421,0.72057,0.72067,1.57,1.00
2018.04.20 18:13:36.990,0.72058,0.72067,1.00,1.00
2018.04.20 18:13:38.393,0.72057,0.72068,1.20,1.00
2018.04.20 18:13:39.610,0.72057,0.72067,1.20,1.00
2018.04.20 18:13:44.384,0.72057,0.72067,1.95,1.50
2018.04.20 18:13:49.793,0.72057,0.72067,1.45,1.00
2018.04.20 18:13:51.031,0.72058,0.72067,1.00,1.00
2018.04.20 18:13:54.128,0.72058,0.72068,1.10,1.50
2018.04.20 18:13:57.631,0.72057,0.72068,1.00,1.00
2018.04.20 18:13:58.182,0.72056,0.72068,2.62,1.00
2018.04.20 18:13:58.713,0.72057,0.72068,1.00,1.00
2018.04.20 18:14:04.561,0.72057,0.72067,1.50,1.00
2018.04.20 18:14:20.009,0.72056,0.72067,1.12,1.50
2018.04.20 18:14:20.696,0.72057,0.72067,1.00,1.00
2018.04.20 18:14:23.449,0.72056,0.72067,1.12,1.00
2018.04.20 18:14:26.109,0.72056,0.72066,1.00,1.00
2018.04.20 18:14:32.917,0.72055,0.72066,1.00,1.10
2018.04.20 18:14:48.393,0.72056,0.72065,1.00,1.00
2018.04.20 18:14:55.172,0.72057,0.72065,1.00,1.00
2018.04.20 18:14:55.790,0.72056,0.72065,1.12,1.00
2018.04.20 18:14:56.323,0.72056,0.72066,1.12,1.10
2018.04.20 18:14:57.732,0.72056,0.72067,1.57,1.50
2018.04.20 18:14:58.968,0.72057,0.72068,1.00,1.10
2018.04.20 18:14:59.482,0.72057,0.72067,1.50,1.00
2018.04.20 18:15:02.608,0.72056,0.72067,1.50,1.00
2018.04.20 18:15:03.201,0.72057,0.72067,1.19,1.00
2018.04.20 18:15:03.444,0.7206,0.7207,1.69,1.50
2018.04.20 18:15:04.086,0.7206,0.72069,1.00,1.00
2018.04.20 18:15:04.777,0.7206,0.7207,1.25,1.50
2018.04.20 18:15:06.619,0.7206,0.72069,1.00,1.00
2018.04.20 18:15:07.166,0.7206,0.72068,1.50,1.00
2018.04.20 18:15:07.424,0.7206,0.7207,1.50,1.50
2018.04.20 18:15:08.230,0.7206,0.72069,1.00,1.50
2018.04.20 18:15:08.332,0.7206,0.72067,1.00,1.00
2018.04.20 18:15:08.920,0.72058,0.72067,1.50,1.00
2018.04.20 18:15:09.669,0.72059,0.72067,1.25,1.00
2018.04.20 18:15:11.515,0.72058,0.72067,1.50,1.00
2018.04.20 18:15:13.872,0.72058,0.72068,3.94,1.00
2018.04.20 18:15:13.923,0.72058,0.7207,4.69,2.32
2018.04.20 18:15:14.026,0.7206,0.7207,1.00,2.25
2018.04.20 18:15:14.233,0.72058,0.72069,1.50,1.57
2018.04.20 18:15:19.200,0.72058,0.72068,1.12,1.00
2018.04.20 18:15:24.714,0.72058,0.72069,1.00,2.25
2018.04.20 18:15:28.688,0.72063,0.7207,1.00,1.00
2018.04.20 18:15:28.740,0.72063,0.72073,3.00,1.57
2018.04.20 18:15:28.895,0.72061,0.72072,1.50,1.50
2018.04.20 18:15:29.430,0.72061,0.72071,1.50,1.00
2018.04.20 18:15:32.628,0.7206,0.72071,1.00,4.12
2018.04.20 18:15:33.134,0.72061,0.72071,1.25,1.00
2018.04.20 18:15:37.966,0.72061,0.72072,1.12,2.25
2018.04.20 18:15:40.427,0.7206,0.7207,2.25,1.00
2018.04.20 18:15:40.531,0.72057,0.72068,3.37,3.00
2018.04.20 18:15:43.638,0.72059,0.72068,1.00,1.00
2018.04.20 18:15:44.991,0.72059,0.72067,1.00,1.00
2018.04.20 18:15:49.624,0.72059,0.72068,1.00,1.50
2018.04.20 18:15:50.156,0.72059,0.72067,1.00,1.00
2018.04.20 18:15:50.667,0.72059,0.72068,1.00,1.50
2018.04.20 18:15:52.129,0.72059,0.72067,1.00,1.00
2018.04.20 18:15:52.662,0.72059,0.72068,1.00,1.50
2018.04.20 18:15:55.845,0.7206,0.72068,1.00,1.00
2018.04.20 18:16:02.940,0.7206,0.7207,1.00,2.62
2018.04.20 18:16:03.501,0.7206,0.72069,1.00,1.50
2018.04.20 18:16:13.971,0.72062,0.72071,1.00,1.50
2018.04.20 18:16:14.513,0.72062,0.72072,1.00,2.62
2018.04.20 18:16:18.991,0.72063,0.72072,1.00,1.12
2018.04.20 18:16:21.183,0.72063,0.72069,1.00,1.00
2018.04.20 18:16:21.258,0.7206,0.72069,1.00,1.00
2018.04.20 18:16:21.768,0.7206,0.72068,1.00,1.00
2018.04.20 18:16:22.717,0.7206,0.72069,1.00,2.32
2018.04.20 18:16:23.270,0.7206,0.72068,1.00,1.00
2018.04.20 18:16:23.774,0.7206,0.72069,1.00,2.70
2018.04.20 18:16:25.692,0.7206,0.72067,1.00,1.00
2018.04.20 18:16:25.845,0.7206,0.72069,1.00,2.70
2018.04.20 18:16:26.373,0.7206,0.72068,1.00,1.50
2018.04.20 18:16:26.736,0.72058,0.72069,1.00,4.95
2018.04.20 18:16:27.254,0.72058,0.72068,1.00,1.50
2018.04.20 18:16:27.923,0.72058,0.72067,1.00,1.00
2018.04.20 18:16:28.470,0.72058,0.72068,1.00,1.00
2018.04.20 18:16:30.162,0.72058,0.72069,1.00,4.57
2018.04.20 18:16:30.834,0.72058,0.72068,1.00,1.00
2018.04.20 18:16:31.347,0.72058,0.72067,1.00,1.00
2018.04.20 18:16:32.405,0.72059,0.72067,1.00,1.00
2018.04.20 18:16:32.508,0.72059,0.72069,1.00,3.07
2018.04.20 18:16:33.039,0.72059,0.72068,1.00,1.00
2018.04.20 18:16:35.637,0.72059,0.72069,1.00,2.70
2018.04.20 18:16:36.162,0.72059,0.72069,1.00,2.70
2018.04.20 18:16:36.955,0.72059,0.72069,1.00,2.70
2018.04.20 18:16:37.482,0.72059,0.72068,1.00,1.12
2018.04.20 18:16:43.970,0.72061,0.72069,1.00,1.20
2018.04.20 18:16:44.073,0.72061,0.7207,1.00,1.00
2018.04.20 18:16:44.589,0.7206,0.72069,1.00,1.10
2018.04.20 18:16:46.390,0.7206,0.72067,1.00,1.00
2018.04.20 18:16:53.783,0.7206,0.72068,1.00,1.50
2018.04.20 18:17:11.488,0.7206,0.72067,1.00,1.00
2018.04.20 18:17:31.536,0.7206,0.72068,1.00,1.00
2018.04.20 18:17:44.138,0.72058,0.72068,1.00,1.57
2018.04.20 18:17:51.487,0.72058,0.72067,1.00,1.00
2018.04.20 18:18:05.013,0.7206,0.72067,1.00,1.00
2018.04.20 18:18:07.703,0.72059,0.72067,1.00,1.57
2018.04.20 18:18:08.213,0.72059,0.72066,1.00,1.00
2018.04.20 18:18:08.976,0.72059,0.72067,1.00,1.50
2018.04.20 18:18:13.159,0.72059,0.72068,1.00,2.25
2018.04.20 18:18:26.730,0.72058,0.72068,1.00,1.50
2018.04.20 18:18:32.651,0.72058,0.72069,1.00,2.62
2018.04.20 18:18:36.978,0.72058,0.72068,1.00,1.00
2018.04.20 18:18:38.293,0.72058,0.72069,1.00,2.25
2018.04.20 18:18:38.717,0.7206,0.7207,1.00,1.50
2018.04.20 18:18:39.027,0.72062,0.72072,1.00,3.37
2018.04.20 18:18:40.000,0.72061,0.7207,1.00,1.00
2018.04.20 18:18:40.301,0.72062,0.72072,1.00,3.75
2018.04.20 18:18:45.887,0.72065,0.72073,1.00,1.87
2018.04.20 18:18:46.212,0.72067,0.72077,1.00,3.37
2018.04.20 18:18:51.477,0.72067,0.72078,2.25,1.87
2018.04.20 18:18:51.989,0.72068,0.72078,1.00,1.50
2018.04.20 18:18:54.388,0.72069,0.72078,1.00,3.37
2018.04.20 18:18:54.916,0.72069,0.72077,1.00,1.00
2018.04.20 18:18:55.820,0.72069,0.72078,1.00,1.87
2018.04.20 18:18:56.338,0.72068,0.72078,1.00,1.87
2018.04.20 18:18:56.933,0.72067,0.72077,1.00,3.00
2018.04.20 18:18:57.612,0.72067,0.72076,1.00,1.00
2018.04.20 18:18:58.114,0.72067,0.72077,1.00,3.00
2018.04.20 18:18:58.617,0.72067,0.72076,1.00,1.00
2018.04.20 18:18:59.128,0.72067,0.72077,1.00,2.25
2018.04.20 18:18:59.923,0.72067,0.72076,1.00,1.00
2018.04.20 18:19:00.784,0.72067,0.72077,1.00,2.25
2018.04.20 18:19:01.620,0.72067,0.72076,1.00,1.00
2018.04.20 18:19:02.151,0.72067,0.72077,1.00,3.00
2018.04.20 18:19:03.563,0.72067,0.72076,1.00,1.00
2018.04.20 18:19:04.269,0.72067,0.72077,1.00,3.00
2018.04.20 18:19:05.529,0.72068,0.72078,1.00,1.50
2018.04.20 18:19:08.959,0.72068,0.72079,1.50,3.37
2018.04.20 18:19:09.946,0.72068,0.72078,1.57,1.00
2018.04.20 18:19:10.450,0.72068,0.72079,1.57,3.37
2018.04.20 18:19:11.449,0.72068,0.72078,1.57,1.00
2018.04.20 18:19:11.986,0.72068,0.72079,1.57,3.37
2018.04.20 18:19:12.501,0.72068,0.72078,1.57,1.00
2018.04.20 18:19:13.096,0.72068,0.72079,1.57,3.37
2018.04.20 18:19:13.610,0.72068,0.72078,1.57,1.00
2018.04.20 18:19:14.158,0.72068,0.72079,1.57,3.37
2018.04.20 18:19:14.750,0.72068,0.72078,1.57,1.00
2018.04.20 18:19:15.278,0.72068,0.72079,1.57,3.37
2018.04.20 18:19:19.384,0.72068,0.72078,1.57,1.00
2018.04.20 18:19:20.157,0.72068,0.72079,1.57,3.37
2018.04.20 18:19:20.682,0.72068,0.72078,1.57,1.00
2018.04.20 18:19:21.186,0.72068,0.72079,1.57,3.37
2018.04.20 18:19:21.726,0.72068,0.72078,1.57,1.00
2018.04.20 18:19:22.232,0.72068,0.72079,1.57,3.37
2018.04.20 18:19:24.168,0.72068,0.72078,1.57,1.00
2018.04.20 18:19:25.129,0.72068,0.72079,1.57,3.37
2018.04.20 18:19:25.231,0.72068,0.72077,1.57,1.00
2018.04.20 18:19:25.332,0.72068,0.72079,1.57,3.37
2018.04.20 18:19:25.536,0.72068,0.72077,1.57,1.00
2018.04.20 18:19:26.049,0.72068,0.72078,2.32,1.00
2018.04.20 18:19:28.263,0.72068,0.72079,1.57,3.37
2018.04.20 18:19:29.584,0.72068,0.72078,1.57,1.00
2018.04.20 18:19:34.843,0.72068,0.72079,1.50,3.37
2018.04.20 18:19:35.621,0.72068,0.72078,1.57,1.00
2018.04.20 18:19:36.134,0.72068,0.72079,1.50,3.37
2018.04.20 18:19:36.846,0.72068,0.72078,1.50,1.00
2018.04.20 18:19:37.422,0.72068,0.72079,1.50,3.37
2018.04.20 18:19:38.825,0.72068,0.72078,1.50,1.00
2018.04.20 18:19:42.534,0.7207,0.72078,1.00,1.00
2018.04.20 18:19:43.099,0.7207,0.72079,1.00,1.00
2018.04.20 18:19:49.661,0.72069,0.72079,1.50,2.25
2018.04.20 18:19:51.050,0.72069,0.72078,1.00,1.00
2018.04.20 18:19:51.729,0.72069,0.72079,1.00,2.25
2018.04.20 18:19:52.328,0.72069,0.72078,1.00,1.00
2018.04.20 18:19:53.357,0.72069,0.72076,1.00,1.00
2018.04.20 18:19:53.459,0.72069,0.72078,1.00,1.00
2018.04.20 18:20:05.584,0.72069,0.72079,1.00,2.25
2018.04.20 18:20:06.125,0.72068,0.72079,1.50,2.25
2018.04.20 18:20:06.742,0.72068,0.72079,1.50,2.62
2018.04.20 18:20:07.701,0.72068,0.72079,1.50,2.62
2018.04.20 18:20:09.224,0.72068,0.72078,1.50,1.00
2018.04.20 18:20:11.184,0.72068,0.72077,1.57,1.00
2018.04.20 18:20:13.353,0.72068,0.72079,1.57,3.00
2018.04.20 18:20:20.852,0.72069,0.72077,1.00,1.00
2018.04.20 18:20:36.762,0.72068,0.72077,1.00,1.00
2018.04.20 18:20:42.603,0.72068,0.72078,1.00,1.87
2018.04.20 18:20:46.884,0.72067,0.72077,1.00,1.50
2018.04.20 18:20:47.720,0.72067,0.72076,1.00,1.00
2018.04.20 18:20:48.444,0.72067,0.72077,1.00,2.25
2018.04.20 18:20:49.628,0.72067,0.72076,1.00,1.00
2018.04.20 18:20:50.140,0.72067,0.72077,1.00,2.25
2018.04.20 18:20:50.662,0.72067,0.72076,1.00,1.00
2018.04.20 18:20:51.180,0.72067,0.72077,1.00,2.25
2018.04.20 18:20:53.272,0.72067,0.72076,1.00,1.00
2018.04.20 18:20:53.805,0.72067,0.72077,1.00,2.25
2018.04.20 18:20:54.847,0.72067,0.72076,1.00,1.00
2018.04.20 18:20:55.359,0.72067,0.72077,1.00,2.25
2018.04.20 18:20:56.365,0.72066,0.72077,1.50,3.00
2018.04.20 18:20:56.624,0.72066,0.72075,1.00,1.00
2018.04.20 18:20:56.676,0.72066,0.72077,1.00,3.75
2018.04.20 18:20:57.226,0.72066,0.72076,1.50,1.00
2018.04.20 18:21:17.021,0.72067,0.72076,1.00,1.50
2018.04.20 18:21:17.538,0.72066,0.72076,1.00,1.50
2018.04.20 18:21:18.973,0.72067,0.72076,1.00,1.50
2018.04.20 18:21:19.511,0.72066,0.72076,1.50,1.50
2018.04.20 18:21:20.414,0.72067,0.72076,1.00,1.50
2018.04.20 18:21:20.933,0.72066,0.72076,1.50,1.50
2018.04.20 18:21:42.457,0.72066,0.72075,1.50,1.00
2018.04.20 18:21:43.358,0.72066,0.72074,1.50,1.00
2018.04.20 18:22:08.269,0.72065,0.72075,1.00,1.50
2018.04.20 18:22:08.796,0.72064,0.72075,2.32,1.50
2018.04.20 18:22:11.568,0.72065,0.72075,1.00,1.50
2018.04.20 18:22:13.578,0.72064,0.72075,1.10,1.00
2018.04.20 18:22:14.198,0.72064,0.72074,1.00,1.50
2018.04.20 18:22:15.038,0.72064,0.72075,1.57,2.25
2018.04.20 18:22:17.350,0.72064,0.72074,1.00,1.50
2018.04.20 18:22:17.900,0.72063,0.72073,1.00,2.62
2018.04.20 18:22:24.828,0.72062,0.72073,1.50,2.62
2018.04.20 18:22:25.583,0.72062,0.72072,1.95,1.00
2018.04.20 18:22:26.495,0.72062,0.72071,1.57,1.00
2018.04.20 18:22:26.651,0.72058,0.72067,1.50,1.00
2018.04.20 18:22:27.196,0.72058,0.72066,1.50,1.00
2018.04.20 18:22:30.814,0.72058,0.72068,1.10,2.62
2018.04.20 18:22:32.757,0.72057,0.72067,2.25,1.00
2018.04.20 18:22:33.882,0.72057,0.72068,2.32,2.62
2018.04.20 18:22:36.103,0.72058,0.72066,1.00,1.00
2018.04.20 18:22:37.783,0.72058,0.72067,1.00,1.00
2018.04.20 18:22:38.315,0.72057,0.72067,1.57,1.00
2018.04.20 18:22:43.494,0.72058,0.72067,1.00,1.00
2018.04.20 18:22:43.905,0.72055,0.72066,1.57,1.00
2018.04.20 18:22:45.775,0.72056,0.72066,1.00,1.00
2018.04.20 18:22:46.382,0.72055,0.72066,2.32,1.00
2018.04.20 18:22:46.974,0.72056,0.72066,1.00,1.50
2018.04.20 18:22:48.857,0.72055,0.72066,2.32,1.00
2018.04.20 18:22:50.126,0.72056,0.72066,1.00,1.00
2018.04.20 18:22:50.634,0.72055,0.72066,2.32,1.50
2018.04.20 18:22:52.312,0.72056,0.72064,1.00,1.00
2018.04.20 18:22:54.436,0.72054,0.72063,1.20,1.12
2018.04.20 18:22:54.563,0.72055,0.72065,1.00,1.00
2018.04.20 18:22:55.078,0.72055,0.72066,1.50,1.50
2018.04.20 18:22:55.286,0.72054,0.72063,1.10,1.00
2018.04.20 18:22:55.390,0.7205,0.7206,1.00,1.87
2018.04.20 18:22:55.959,0.72049,0.7206,3.82,3.37
2018.04.20 18:22:58.648,0.72049,0.72059,2.32,1.00
2018.04.20 18:23:03.620,0.72049,0.72057,1.00,1.00
2018.04.20 18:23:03.752,0.72047,0.72057,1.50,1.00
2018.04.20 18:23:04.900,0.72047,0.72056,1.00,1.00
2018.04.20 18:23:05.407,0.72047,0.72057,1.00,1.00
2018.04.20 18:23:06.864,0.72048,0.72057,1.00,1.00
2018.04.20 18:23:07.390,0.72047,0.72057,1.50,1.00
2018.04.20 18:23:08.432,0.72047,0.72058,1.50,1.50
2018.04.20 18:23:14.308,0.72047,0.72057,1.00,1.00
2018.04.20 18:23:16.863,0.72048,0.72057,1.00,1.00
2018.04.20 18:23:17.374,0.72047,0.72057,1.50,1.57
2018.04.20 18:23:19.152,0.72048,0.72057,1.00,1.00
2018.04.20 18:23:19.773,0.72047,0.72057,1.50,1.50
2018.04.20 18:23:20.633,0.72047,0.72058,1.00,2.25
2018.04.20 18:23:21.161,0.72047,0.72057,1.00,1.00
2018.04.20 18:23:23.362,0.72047,0.72058,1.00,1.50
2018.04.20 18:23:24.521,0.72047,0.72058,1.00,1.57
2018.04.20 18:23:25.046,0.72047,0.72058,1.00,1.50
2018.04.20 18:23:30.110,0.72047,0.72057,1.00,1.00
2018.04.20 18:23:32.964,0.72047,0.72058,1.00,3.37
2018.04.20 18:23:35.142,0.72047,0.72058,1.00,3.07
2018.04.20 18:23:35.678,0.72047,0.72058,1.50,2.70
2018.04.20 18:23:36.984,0.72048,0.72056,1.00,1.00
2018.04.20 18:23:40.471,0.72047,0.72058,1.00,1.95
2018.04.20 18:23:43.317,0.72047,0.72057,1.50,1.00
2018.04.20 18:23:43.854,0.72047,0.72058,1.50,2.70
2018.04.20 18:23:47.558,0.72048,0.72058,1.00,2.62
2018.04.20 18:23:48.237,0.72047,0.72057,1.50,1.00
2018.04.20 18:23:54.636,0.72047,0.72058,1.00,3.45
2018.04.20 18:24:00.502,0.72048,0.72058,1.00,3.37
2018.04.20 18:24:01.019,0.72047,0.72057,1.50,1.00
2018.04.20 18:24:01.606,0.72047,0.72058,1.50,2.62
2018.04.20 18:24:02.866,0.72047,0.72057,1.50,1.00
2018.04.20 18:24:06.277,0.72048,0.72058,2.70,1.00
2018.04.20 18:24:06.785,0.72048,0.72059,1.20,2.25
2018.04.20 18:24:07.361,0.72048,0.72059,1.20,2.25
2018.04.20 18:24:08.027,0.72048,0.72059,1.20,2.25
2018.04.20 18:24:11.675,0.72048,0.72058,1.20,1.00
2018.04.20 18:24:12.259,0.72048,0.72059,1.20,3.00
2018.04.20 18:24:12.772,0.72048,0.72058,1.20,1.00
2018.04.20 18:24:13.313,0.7205,0.72059,1.00,2.25
2018.04.20 18:24:13.852,0.72049,0.72059,1.00,2.25
2018.04.20 18:24:18.601,0.72049,0.72058,1.50,1.00
2018.04.20 18:24:27.051,0.72049,0.72059,1.57,2.25
2018.04.20 18:24:28.378,0.72049,0.72058,1.57,1.00
2018.04.20 18:24:29.120,0.72049,0.72059,1.57,1.50
2018.04.20 18:24:29.697,0.72049,0.72059,1.95,1.50
2018.04.20 18:24:30.215,0.72049,0.72059,1.57,3.00
2018.04.20 18:24:39.350,0.72048,0.72059,3.64,1.50
2018.04.20 18:24:40.151,0.72049,0.72059,1.10,1.50
2018.04.20 18:24:40.691,0.72049,0.72059,1.20,1.50
2018.04.20 18:24:41.210,0.7205,0.72058,1.00,1.00
2018.04.20 18:24:45.113,0.72049,0.72059,1.10,1.00
2018.04.20 18:24:45.631,0.72049,0.7206,1.95,3.00
2018.04.20 18:24:46.000,0.72052,0.7206,1.10,1.00
2018.04.20 18:24:56.582,0.7205,0.7206,1.00,1.87
2018.04.20 18:24:56.738,0.72049,0.72058,1.00,1.00
2018.04.20 18:24:57.255,0.72049,0.72059,1.50,1.00
2018.04.20 18:24:57.788,0.7205,0.72059,2.25,1.00
2018.04.20 18:24:58.306,0.7205,0.72058,1.50,1.00
2018.04.20 18:24:58.849,0.7205,0.72059,1.50,1.00
2018.04.20 18:25:00.410,0.7205,0.7206,1.00,3.19
2018.04.20 18:25:01.600,0.7205,0.72058,1.00,1.00
2018.04.20 18:25:02.230,0.72049,0.72059,2.25,2.25
2018.04.20 18:25:05.665,0.72048,0.72058,1.87,1.00
2018.04.20 18:25:06.213,0.72048,0.72057,1.00,1.00
2018.04.20 18:25:11.179,0.72048,0.72058,1.10,1.00
2018.04.20 18:25:11.708,0.72048,0.72057,1.10,1.00
2018.04.20 18:25:27.506,0.72048,0.72058,1.10,1.00
2018.04.20 18:25:33.076,0.72049,0.72057,1.00,1.00
2018.04.20 18:25:33.627,0.72048,0.72058,1.10,1.00
2018.04.20 18:25:34.145,0.72048,0.72057,1.10,1.00
2018.04.20 18:25:34.762,0.72048,0.72058,1.00,1.00
2018.04.20 18:25:35.303,0.72048,0.72059,1.10,3.75
2018.04.20 18:25:35.840,0.72048,0.72058,1.00,1.00
2018.04.20 18:25:36.408,0.72048,0.72059,1.00,3.75
2018.04.20 18:25:37.424,0.72048,0.72059,1.00,4.12
2018.04.20 18:25:38.209,0.72049,0.72058,1.00,1.50
2018.04.20 18:25:38.723,0.72048,0.72058,1.00,1.50
2018.04.20 18:25:39.253,0.72049,0.72058,1.00,1.50
2018.04.20 18:25:40.145,0.72048,0.72058,1.00,1.50
2018.04.20 18:25:43.149,0.72048,0.72057,1.00,1.00
2018.04.20 18:25:43.689,0.72048,0.72058,1.50,1.87
2018.04.20 18:25:54.036,0.72047,0.72058,1.87,1.50
2018.04.20 18:25:54.565,0.72047,0.72057,1.00,1.00
2018.04.20 18:26:00.134,0.72047,0.72058,1.00,1.50
2018.04.20 18:26:12.576,0.72048,0.72059,1.10,2.25
2018.04.20 18:26:15.275,0.72048,0.72059,1.10,2.62
2018.04.20 18:26:17.980,0.72048,0.72059,1.10,2.62
2018.04.20 18:26:24.405,0.72048,0.72059,1.10,2.62
2018.04.20 18:26:29.058,0.72048,0.72059,1.10,1.87
2018.04.20 18:26:30.300,0.72048,0.72058,1.10,1.00
2018.04.20 18:26:37.922,0.72048,0.72059,1.10,1.87
2018.04.20 18:26:42.288,0.7205,0.72061,1.95,1.87
2018.04.20 18:26:42.721,0.72053,0.72062,1.00,1.50
2018.04.20 18:26:43.291,0.72049,0.7206,2.70,1.00
2018.04.20 18:26:43.343,0.72049,0.7206,2.25,1.50
2018.04.20 18:26:43.855,0.72049,0.72058,2.25,1.00
2018.04.20 18:26:44.137,0.72049,0.7206,2.25,1.50
2018.04.20 18:26:45.349,0.72049,0.72059,1.95,1.00
2018.04.20 18:26:57.801,0.72049,0.7206,1.50,2.32
2018.04.20 18:27:00.393,0.72049,0.72059,1.50,1.00
2018.04.20 18:27:09.857,0.72051,0.72061,1.00,1.00
2018.04.20 18:27:10.164,0.72057,0.72068,4.20,1.50
2018.04.20 18:27:10.484,0.72063,0.72071,2.70,1.00
2018.04.20 18:27:10.588,0.72065,0.72074,1.50,1.50
2018.04.20 18:27:10.639,0.72067,0.72074,1.00,1.00
2018.04.20 18:27:10.815,0.72059,0.72068,1.20,1.00
2018.04.20 18:27:11.287,0.72059,0.7207,2.70,2.25
2018.04.20 18:27:12.028,0.72058,0.72068,1.95,1.00
2018.04.20 18:27:12.480,0.7206,0.7207,1.00,1.00
2018.04.20 18:27:12.582,0.72061,0.72072,2.70,3.75
2018.04.20 18:27:13.089,0.7206,0.72071,2.70,1.00
2018.04.20 18:27:13.403,0.72063,0.72072,1.20,1.00
2018.04.20 18:27:13.456,0.7206,0.7207,1.10,2.25
2018.04.20 18:27:24.062,0.7206,0.72069,1.20,1.50
2018.04.20 18:27:24.598,0.7206,0.72068,1.20,1.00
2018.04.20 18:27:25.437,0.72059,0.72068,1.20,1.00
2018.04.20 18:27:25.849,0.72062,0.72068,1.12,1.00
2018.04.20 18:27:26.057,0.7206,0.72069,1.20,1.00
2018.04.20 18:27:26.663,0.72061,0.72069,1.12,1.00
2018.04.20 18:27:33.219,0.7206,0.72069,1.20,1.00
2018.04.20 18:27:33.749,0.72061,0.72069,1.20,1.12
2018.04.20 18:27:34.262,0.72059,0.72069,1.95,1.12
2018.04.20 18:27:34.820,0.72059,0.72069,1.95,1.00
2018.04.20 18:27:35.350,0.7206,0.72069,1.20,1.50
2018.04.20 18:27:36.090,0.72061,0.7207,1.12,2.25
2018.04.20 18:27:36.193,0.72063,0.7207,1.12,2.25
2018.04.20 18:27:36.245,0.7206,0.7207,1.95,2.25
2018.04.20 18:27:38.060,0.72059,0.72069,1.95,1.00
2018.04.20 18:27:41.371,0.7206,0.7207,1.20,1.87
2018.04.20 18:27:41.890,0.72059,0.72069,1.95,1.00
2018.04.20 18:27:42.474,0.72059,0.72069,1.20,2.25
2018.04.20 18:27:42.989,0.72061,0.72069,1.20,1.50
2018.04.20 18:27:47.011,0.7206,0.72069,1.12,1.50
2018.04.20 18:27:49.377,0.72059,0.72069,1.20,3.00
2018.04.20 18:27:50.841,0.72059,0.72068,1.12,1.00
2018.04.20 18:27:55.703,0.72059,0.72068,1.47,1.50
2018.04.20 18:27:55.755,0.72058,0.72068,1.95,3.00
2018.04.20 18:27:57.404,0.72058,0.72067,1.95,1.00
2018.04.20 18:27:57.869,0.7206,0.72067,1.12,1.00
2018.04.20 18:27:58.481,0.72061,0.72068,1.20,1.00
2018.04.20 18:28:04.163,0.7206,0.72068,1.12,1.00
2018.04.20 18:28:04.664,0.7206,0.72067,1.20,1.00
2018.04.20 18:28:05.251,0.72058,0.72067,1.95,1.00
2018.04.20 18:28:05.776,0.72059,0.72067,1.20,1.00
2018.04.20 18:28:06.288,0.72058,0.72067,1.95,1.00
2018.04.20 18:28:07.740,0.72059,0.72067,1.12,1.00
2018.04.20 18:28:10.158,0.72059,0.72068,1.12,2.62
2018.04.20 18:28:12.402,0.72058,0.72068,1.95,2.62
2018.04.20 18:28:12.914,0.72058,0.72067,1.95,1.00
2018.04.20 18:28:13.428,0.7206,0.72069,1.12,3.37
2018.04.20 18:28:13.967,0.72059,0.72067,1.12,1.00
2018.04.20 18:28:14.556,0.72058,0.72067,1.95,1.00
2018.04.20 18:28:14.819,0.7206,0.72068,1.12,1.00
2018.04.20 18:28:15.059,0.72058,0.72067,1.95,1.00
2018.04.20 18:28:15.560,0.72058,0.72068,1.95,3.00
2018.04.20 18:28:16.091,0.72058,0.72068,1.95,3.00
2018.04.20 18:28:16.635,0.72059,0.72069,1.20,3.00
2018.04.20 18:28:19.859,0.7206,0.72069,1.20,1.87
2018.04.20 18:28:19.963,0.72062,0.72072,1.20,1.12
2018.04.20 18:28:20.067,0.72064,0.72072,1.12,1.50
2018.04.20 18:28:22.896,0.72063,0.72071,1.12,1.50
2018.04.20 18:28:23.230,0.72064,0.72072,1.47,1.50
2018.04.20 18:28:23.281,0.72063,0.72072,1.95,1.50
2018.04.20 18:28:25.266,0.72063,0.72071,1.12,3.00
2018.04.20 18:28:25.318,0.7206,0.7207,1.20,3.75
2018.04.20 18:28:25.620,0.7206,0.72068,1.12,1.00
2018.04.20 18:28:26.230,0.72061,0.72068,1.20,1.50
2018.04.20 18:28:26.578,0.72059,0.72068,1.95,1.50
2018.04.20 18:28:27.126,0.7206,0.72068,1.20,1.00
2018.04.20 18:28:28.097,0.7206,0.72068,1.47,1.00
2018.04.20 18:28:28.626,0.7206,0.72068,1.12,1.00
2018.04.20 18:28:28.961,0.72059,0.7207,2.70,1.87
2018.04.20 18:28:29.013,0.72061,0.7207,1.20,1.87
2018.04.20 18:28:30.813,0.72062,0.7207,1.20,1.50
2018.04.20 18:28:32.254,0.72061,0.7207,1.12,1.50
2018.04.20 18:28:33.199,0.72062,0.7207,1.12,1.50
2018.04.20 18:28:33.704,0.7206,0.72069,1.20,1.00
2018.04.20 18:28:34.234,0.72059,0.72068,1.95,1.00
2018.04.20 18:28:34.691,0.72061,0.72068,1.12,1.00
2018.04.20 18:28:36.838,0.7206,0.72068,1.20,1.00
2018.04.20 18:28:38.930,0.72059,0.72068,1.95,1.00
2018.04.20 18:28:39.458,0.72059,0.72069,1.95,1.50
2018.04.20 18:28:40.653,0.72061,0.72069,1.20,1.87
2018.04.20 18:28:41.368,0.72059,0.72069,1.95,2.25
2018.04.20 18:28:41.872,0.72059,0.72069,1.95,1.50
2018.04.20 18:28:42.903,0.7206,0.7207,1.12,2.62
2018.04.20 18:28:43.214,0.72058,0.72067,1.47,1.00
2018.04.20 18:28:47.933,0.72059,0.72066,1.20,1.00
2018.04.20 18:28:51.442,0.72059,0.72067,1.20,1.00
2018.04.20 18:28:54.965,0.72058,0.72067,1.20,1.50
2018.04.20 18:28:57.582,0.72058,0.72068,1.20,3.00
2018.04.20 18:28:58.100,0.72058,0.72067,1.20,1.00
2018.04.20 18:29:00.307,0.7206,0.72067,1.12,1.50
2018.04.20 18:29:00.511,0.72058,0.72068,1.20,2.25
2018.04.20 18:29:01.023,0.72059,0.72068,1.95,2.25
2018.04.20 18:29:01.548,0.72059,0.72067,1.00,1.00
2018.04.20 18:29:02.495,0.72059,0.72068,1.95,2.25
2018.04.20 18:29:02.705,0.72061,0.72069,1.95,1.50
2018.04.20 18:29:03.215,0.72062,0.72069,1.12,1.50
2018.04.20 18:29:04.060,0.7206,0.72069,1.20,1.00
2018.04.20 18:29:07.188,0.72061,0.72069,1.20,1.50
2018.04.20 18:29:10.146,0.72059,0.72068,1.20,1.00
2018.04.20 18:29:13.073,0.72059,0.72067,1.20,1.00
2018.04.20 18:29:14.437,0.72059,0.72068,1.20,1.00
2018.04.20 18:29:23.426,0.7206,0.72068,1.12,1.50
2018.04.20 18:29:23.954,0.7206,0.72067,1.12,1.00
2018.04.20 18:29:24.989,0.7206,0.72068,1.12,1.50
2018.04.20 18:29:26.515,0.72058,0.72068,1.20,1.00
2018.04.20 18:29:27.939,0.72059,0.72068,1.00,1.00
2018.04.20 18:29:28.487,0.72058,0.72067,1.95,1.00
2018.04.20 18:29:35.228,0.72058,0.72069,1.20,2.25
2018.04.20 18:29:36.667,0.72058,0.72069,1.95,2.25
2018.04.20 18:29:38.136,0.72059,0.72068,1.20,1.00
2018.04.20 18:29:39.433,0.72059,0.72069,1.20,2.62
2018.04.20 18:29:40.315,0.72059,0.72068,1.20,1.00
2018.04.20 18:29:44.497,0.72059,0.72069,1.20,1.50
2018.04.20 18:29:45.290,0.72058,0.72069,1.10,1.50
2018.04.20 18:29:45.867,0.72058,0.72068,1.20,1.00
2018.04.20 18:29:55.343,0.72058,0.72069,1.10,1.50
2018.04.20 18:29:56.586,0.72058,0.72068,1.00,1.50
2018.04.20 18:30:02.165,0.7206,0.72068,1.00,1.00
2018.04.20 18:30:03.395,0.72059,0.72068,1.00,1.50
2018.04.20 18:30:04.941,0.72058,0.72068,1.57,1.00
2018.04.20 18:30:06.014,0.72059,0.72068,1.00,1.50
2018.04.20 18:30:22.327,0.72057,0.72069,3.45,2.25
2018.04.20 18:30:22.943,0.72057,0.72068,2.32,1.00
2018.04.20 18:30:25.740,0.72057,0.72069,2.32,3.37
2018.04.20 18:30:26.414,0.72057,0.72068,2.32,1.00
2018.04.20 18:30:26.927,0.72059,0.72068,1.00,1.50
2018.04.20 18:30:27.678,0.72058,0.72068,1.95,1.50
2018.04.20 18:30:28.217,0.72059,0.72068,1.00,1.00
2018.04.20 18:30:28.738,0.72059,0.72069,2.62,1.12
2018.04.20 18:30:29.538,0.72059,0.7207,1.87,3.37
2018.04.20 18:30:30.201,0.72058,0.72068,1.87,1.00
2018.04.20 18:30:30.739,0.72058,0.72068,1.00,1.00
2018.04.20 18:30:34.933,0.72058,0.72068,1.20,1.00
2018.04.20 18:30:35.472,0.72058,0.72068,1.00,1.00
2018.04.20 18:30:36.230,0.72057,0.72068,2.32,1.50
2018.04.20 18:30:40.398,0.72057,0.72068,2.70,2.62
2018.04.20 18:30:41.930,0.72057,0.72068,1.95,2.62
2018.04.20 18:30:42.643,0.72057,0.72067,2.70,1.00
2018.04.20 18:30:43.157,0.72057,0.72067,1.50,1.00
2018.04.20 18:30:44.014,0.72057,0.72068,1.50,2.25
2018.04.20 18:30:44.527,0.72057,0.72067,1.50,1.00
2018.04.20 18:30:45.844,0.72058,0.72067,1.00,1.00
2018.04.20 18:30:46.000,0.72056,0.72067,2.70,2.62
2018.04.20 18:30:46.272,0.72059,0.72067,1.00,1.00
2018.04.20 18:30:46.780,0.72058,0.72067,1.00,1.50
2018.04.20 18:30:47.292,0.72057,0.72067,2.70,1.00
2018.04.20 18:30:49.183,0.72057,0.72068,2.70,1.00
2018.04.20 18:30:49.687,0.72057,0.72067,2.70,1.00
2018.04.20 18:30:53.367,0.72058,0.72067,1.00,1.00
2018.04.20 18:30:54.735,0.72057,0.72067,1.95,1.00
2018.04.20 18:30:55.305,0.72057,0.72067,2.32,1.00
2018.04.20 18:30:55.852,0.72057,0.72068,1.87,2.25
2018.04.20 18:30:57.552,0.72057,0.72067,1.87,1.00
2018.04.20 18:30:57.895,0.72051,0.72061,1.57,1.00
2018.04.20 18:30:58.101,0.72055,0.72066,1.50,2.25
2018.04.20 18:30:58.153,0.72057,0.72065,1.00,1.00
2018.04.20 18:30:58.358,0.72055,0.72066,1.00,1.50
2018.04.20 18:30:58.460,0.72054,0.72064,1.50,1.00
2018.04.20 18:30:58.778,0.72052,0.72062,1.50,1.50
2018.04.20 18:31:02.212,0.72052,0.72062,1.95,1.50
2018.04.20 18:31:02.720,0.72052,0.72062,1.95,1.00
2018.04.20 18:31:03.296,0.72052,0.72062,2.70,1.50
2018.04.20 18:31:03.814,0.72053,0.72063,3.45,1.12
2018.04.20 18:31:04.321,0.72054,0.72064,1.20,1.87
2018.04.20 18:31:04.827,0.72054,0.72064,1.20,1.50
2018.04.20 18:31:05.153,0.72053,0.72064,2.70,3.00
2018.04.20 18:31:07.388,0.72053,0.72064,3.45,1.50
2018.04.20 18:31:09.356,0.72056,0.72067,1.50,2.62
2018.04.20 18:31:10.135,0.72057,0.72067,1.20,1.12
2018.04.20 18:31:10.926,0.72057,0.72068,1.95,3.37
2018.04.20 18:31:21.783,0.72058,0.72068,1.20,2.25
2018.04.20 18:31:22.684,0.72057,0.72068,1.20,1.50
2018.04.20 18:31:23.213,0.72057,0.72068,1.95,2.44
2018.04.20 18:31:23.725,0.72057,0.72068,1.95,2.25
2018.04.20 18:31:27.865,0.72057,0.72068,1.95,2.62
2018.04.20 18:31:29.592,0.72057,0.72067,1.95,1.00
2018.04.20 18:31:40.553,0.72058,0.72068,1.20,1.12
2018.04.20 18:31:41.285,0.72057,0.72068,2.70,1.50
2018.04.20 18:31:42.013,0.72057,0.72067,2.70,1.00
2018.04.20 18:31:44.946,0.72057,0.72068,1.57,1.50
2018.04.20 18:31:49.537,0.72057,0.72068,2.32,2.25
2018.04.20 18:31:51.183,0.72057,0.72067,1.95,1.00
2018.04.20 18:31:52.489,0.72057,0.72068,1.95,2.25
2018.04.20 18:31:55.634,0.72057,0.72067,1.95,1.00
2018.04.20 18:31:59.725,0.72057,0.72068,1.95,1.50
2018.04.20 18:32:03.303,0.72054,0.72062,2.70,2.25
2018.04.20 18:32:03.355,0.72052,0.72062,1.45,3.00
2018.04.20 18:32:03.459,0.72056,0.72065,2.70,1.00
2018.04.20 18:32:03.513,0.72057,0.72068,1.95,3.00
2018.04.20 18:32:03.565,0.72058,0.72068,1.45,1.00
2018.04.20 18:32:04.080,0.72057,0.72067,4.57,1.00
2018.04.20 18:32:05.936,0.72057,0.72069,4.20,2.44
2018.04.20 18:32:06.476,0.72058,0.72068,1.20,1.00
2018.04.20 18:32:07.036,0.72058,0.72069,1.20,2.25
2018.04.20 18:32:08.817,0.72058,0.72067,1.20,1.00
2018.04.20 18:32:08.869,0.72058,0.72069,1.20,2.25
2018.04.20 18:32:09.386,0.72059,0.72069,1.20,2.25
2018.04.20 18:32:09.931,0.72058,0.72069,1.95,1.50
2018.04.20 18:32:11.004,0.72059,0.72069,1.20,1.00
2018.04.20 18:32:11.749,0.72058,0.72069,1.95,1.00
2018.04.20 18:32:13.835,0.72058,0.72069,1.95,1.00
2018.04.20 18:32:15.181,0.72059,0.72069,1.20,1.00
2018.04.20 18:32:20.025,0.72058,0.72068,3.45,1.00
2018.04.20 18:32:25.198,0.72059,0.72068,1.20,1.00
2018.04.20 18:32:25.503,0.72058,0.72068,2.70,1.00
2018.04.20 18:32:26.223,0.72058,0.72068,2.70,1.00
2018.04.20 18:32:26.812,0.72058,0.72068,1.95,1.50
2018.04.20 18:32:29.524,0.72058,0.72068,2.70,1.00
2018.04.20 18:32:32.273,0.72058,0.72069,2.70,1.12
2018.04.20 18:32:40.722,0.72058,0.72068,1.95,1.00
2018.04.20 18:32:52.390,0.72058,0.72068,1.95,1.50
2018.04.20 18:32:52.964,0.72058,0.72068,1.95,1.50
2018.04.20 18:32:54.269,0.72058,0.72068,1.95,1.00
2018.04.20 18:32:54.422,0.72059,0.72068,1.45,1.00
2018.04.20 18:32:55.667,0.72059,0.72069,1.45,1.50
2018.04.20 18:32:56.424,0.72059,0.72068,1.45,1.00
2018.04.20 18:32:56.944,0.72059,0.72069,1.45,1.50
2018.04.20 18:33:02.883,0.72058,0.72067,2.70,1.50
2018.04.20 18:33:03.420,0.72058,0.72068,1.95,3.00
2018.04.20 18:33:07.310,0.72058,0.72068,1.95,1.00
2018.04.20 18:33:07.822,0.72058,0.72068,2.70,1.00
2018.04.20 18:33:08.708,0.72058,0.72068,1.95,2.25
2018.04.20 18:33:09.249,0.72058,0.72069,1.45,3.75
2018.04.20 18:33:09.800,0.72057,0.72069,3.45,4.50
2018.04.20 18:33:10.324,0.72057,0.72067,1.20,1.00
2018.04.20 18:33:10.831,0.72057,0.72068,1.95,1.87
2018.04.20 18:33:11.141,0.72058,0.72068,1.95,1.50
2018.04.20 18:33:12.433,0.72058,0.72069,1.95,1.50
2018.04.20 18:33:15.292,0.72058,0.72069,1.00,2.62
2018.04.20 18:33:15.835,0.72058,0.72068,1.95,1.50
2018.04.20 18:33:21.955,0.72058,0.72067,1.50,1.50
2018.04.20 18:33:30.126,0.72058,0.72066,1.00,1.00
2018.04.20 18:33:30.693,0.72058,0.72067,1.00,1.87
2018.04.20 18:33:31.436,0.72058,0.72066,1.00,1.00
2018.04.20 18:33:31.947,0.72058,0.72067,1.00,1.87
2018.04.20 18:33:36.194,0.72058,0.72066,1.00,1.00
2018.04.20 18:33:36.832,0.72058,0.72067,1.00,1.12
2018.04.20 18:33:43.361,0.72055,0.72061,1.10,3.00
2018.04.20 18:33:43.418,0.72051,0.7206,1.20,1.50
2018.04.20 18:33:43.680,0.72048,0.72059,3.07,1.00
2018.04.20 18:33:46.926,0.72049,0.72059,1.07,1.00
2018.04.20 18:33:47.428,0.72049,0.72059,1.45,1.00
2018.04.20 18:33:47.684,0.72048,0.72059,3.82,1.00
2018.04.20 18:33:48.198,0.72048,0.72059,3.82,1.00
2018.04.20 18:33:52.967,0.72049,0.72058,1.20,1.50
2018.04.20 18:33:53.174,0.72047,0.72057,1.95,1.00
2018.04.20 18:34:01.845,0.72047,0.72057,1.95,1.12
2018.04.20 18:34:02.360,0.72047,0.72057,1.20,1.12
2018.04.20 18:34:03.057,0.72047,0.72057,1.95,1.00
2018.04.20 18:34:03.466,0.72048,0.72059,1.57,2.25
2018.04.20 18:34:03.649,0.72049,0.7206,1.45,1.12
2018.04.20 18:34:06.365,0.72049,0.72058,1.95,1.00
2018.04.20 18:34:06.523,0.72049,0.7206,2.70,2.25
2018.04.20 18:34:07.099,0.72049,0.72059,1.95,1.00
2018.04.20 18:34:07.654,0.72049,0.7206,1.95,4.12
2018.04.20 18:34:07.883,0.72048,0.72058,1.45,1.50
2018.04.20 18:34:08.426,0.72048,0.72058,1.95,3.00
2018.04.20 18:34:08.940,0.72048,0.72057,1.95,1.00
2018.04.20 18:34:09.532,0.72048,0.72058,1.95,3.37
2018.04.20 18:34:10.578,0.72048,0.72057,1.00,1.00
2018.04.20 18:34:11.091,0.72048,0.72058,1.00,3.37
2018.04.20 18:34:12.260,0.72048,0.72057,1.00,1.00
2018.04.20 18:34:12.892,0.72048,0.72058,1.00,3.37
2018.04.20 18:34:13.227,0.72046,0.72056,2.70,1.00
2018.04.20 18:34:17.632,0.72047,0.72056,1.20,1.00
2018.04.20 18:34:18.165,0.72046,0.72056,3.07,1.00
2018.04.20 18:34:27.081,0.72047,0.72056,1.45,1.00
2018.04.20 18:34:28.361,0.72046,0.72056,3.07,1.00
2018.04.20 18:34:28.888,0.72046,0.72056,2.70,1.00
2018.04.20 18:34:32.933,0.72047,0.72056,1.20,1.00
2018.04.20 18:34:33.441,0.72046,0.72056,2.70,1.00
2018.04.20 18:34:36.623,0.72047,0.72057,1.20,1.00
2018.04.20 18:34:47.567,0.72048,0.72057,1.00,1.00
2018.04.20 18:34:50.975,0.72046,0.72057,3.82,1.00
2018.04.20 18:35:00.453,0.72046,0.72057,1.95,1.00
2018.04.20 18:35:01.162,0.72047,0.72057,1.00,1.00
2018.04.20 18:35:04.718,0.72047,0.72056,1.00,1.00
2018.04.20 18:35:07.220,0.72047,0.72057,1.00,2.25
2018.04.20 18:35:08.699,0.72045,0.72057,3.07,1.00
2018.04.20 18:35:09.359,0.72045,0.72057,3.07,1.50
2018.04.20 18:35:09.981,0.72046,0.72057,1.10,1.00
2018.04.20 18:35:10.273,0.72047,0.72057,1.47,1.50
2018.04.20 18:35:11.152,0.72047,0.72058,2.32,1.00
2018.04.20 18:35:11.668,0.72047,0.72058,1.95,1.87
2018.04.20 18:35:12.203,0.72047,0.72056,1.95,1.00
2018.04.20 18:35:15.717,0.72047,0.72058,2.62,1.00
2018.04.20 18:35:16.742,0.72047,0.72057,1.12,1.50
2018.04.20 18:35:22.390,0.72047,0.72058,2.51,1.12
2018.04.20 18:35:22.484,0.72049,0.72058,1.00,1.12
2018.04.20 18:35:22.791,0.72047,0.72057,1.95,1.00
2018.04.20 18:35:23.333,0.72048,0.72057,1.00,1.00
2018.04.20 18:35:25.818,0.72047,0.72057,1.20,1.50
2018.04.20 18:35:26.359,0.72047,0.72058,4.95,1.50
2018.04.20 18:35:26.881,0.7205,0.72059,1.10,1.00
2018.04.20 18:35:27.909,0.72049,0.72059,2.32,1.00
2018.04.20 18:35:28.442,0.72049,0.7206,2.32,1.00
2018.04.20 18:35:28.782,0.72049,0.7206,5.32,1.50
2018.04.20 18:35:31.031,0.72049,0.72059,3.82,1.00
2018.04.20 18:35:31.542,0.72049,0.7206,3.82,1.00
2018.04.20 18:35:37.524,0.72049,0.7206,3.07,1.50
2018.04.20 18:35:38.071,0.72049,0.7206,2.32,1.00
2018.04.20 18:35:38.576,0.72049,0.7206,2.32,1.00
2018.04.20 18:35:39.233,0.72049,0.7206,2.32,1.00
2018.04.20 18:35:39.736,0.72049,0.7206,1.95,1.00
2018.04.20 18:35:42.050,0.72049,0.72059,1.20,1.00
2018.04.20 18:35:42.452,0.72049,0.72059,2.32,1.00
2018.04.20 18:35:42.920,0.72049,0.7206,2.32,1.50
2018.04.20 18:35:43.640,0.72049,0.7206,2.32,1.50
2018.04.20 18:35:44.578,0.72049,0.7206,2.32,1.50
2018.04.20 18:35:45.087,0.72049,0.7206,3.82,2.25
2018.04.20 18:35:45.621,0.72049,0.7206,2.32,2.25
2018.04.20 18:35:46.672,0.72049,0.72059,1.57,1.00
2018.04.20 18:35:47.226,0.72049,0.7206,1.95,1.00
2018.04.20 18:35:47.875,0.72049,0.7206,3.07,1.00
2018.04.20 18:35:50.164,0.72049,0.72058,1.95,1.00
2018.04.20 18:35:50.680,0.7205,0.72059,1.20,1.00
2018.04.20 18:35:53.733,0.7205,0.7206,1.10,1.87
2018.04.20 18:35:57.369,0.72049,0.7206,3.07,1.50
2018.04.20 18:35:57.676,0.72049,0.7206,4.57,1.00
2018.04.20 18:35:59.040,0.72049,0.7206,3.45,1.00
2018.04.20 18:35:59.642,0.7205,0.7206,1.95,1.00
2018.04.20 18:35:59.898,0.72054,0.72064,3.45,1.12
2018.04.20 18:35:59.950,0.72055,0.72066,3.07,1.87
2018.04.20 18:36:00.528,0.72057,0.72067,1.50,1.00
2018.04.20 18:36:03.019,0.72058,0.72067,1.00,1.00
2018.04.20 18:36:21.798,0.72058,0.72068,1.00,2.25
2018.04.20 18:36:22.301,0.72059,0.72069,1.00,1.00
2018.04.20 18:36:23.849,0.72058,0.72069,1.50,1.00
2018.04.20 18:36:27.295,0.72058,0.72068,1.50,1.00
2018.04.20 18:36:34.493,0.72058,0.72067,1.12,1.00
2018.04.20 18:36:39.481,0.72057,0.72066,1.12,1.00
2018.04.20 18:36:40.003,0.72057,0.72067,1.12,1.50
2018.04.20 18:36:40.606,0.72057,0.72066,1.12,1.00
2018.04.20 18:36:41.302,0.72057,0.72067,1.87,2.25
2018.04.20 18:36:42.519,0.72057,0.72066,1.87,1.00
2018.04.20 18:36:43.406,0.72057,0.72065,1.87,1.00
2018.04.20 18:36:43.624,0.72057,0.72067,1.87,2.25
2018.04.20 18:36:45.214,0.72057,0.72066,1.12,1.00
2018.04.20 18:36:45.746,0.72057,0.72067,1.00,2.25
2018.04.20 18:36:46.257,0.72056,0.72067,1.87,1.50
2018.04.20 18:36:48.420,0.72056,0.72067,2.62,2.25
2018.04.20 18:36:48.934,0.72056,0.72066,3.37,1.00
2018.04.20 18:36:52.624,0.72056,0.72065,1.00,1.50
2018.04.20 18:36:52.677,0.72054,0.72065,1.12,3.00
2018.04.20 18:36:53.414,0.7205,0.72059,2.62,1.00
2018.04.20 18:36:53.929,0.7205,0.72059,2.25,1.00
2018.04.20 18:36:55.438,0.7205,0.72058,1.50,1.00
2018.04.20 18:36:56.797,0.7205,0.72059,1.50,1.00
2018.04.20 18:36:57.309,0.7205,0.7206,1.50,1.00
2018.04.20 18:36:58.000,0.7205,0.72059,1.50,1.00
2018.04.20 18:37:00.092,0.72052,0.7206,1.00,1.00
2018.04.20 18:37:00.207,0.72052,0.72062,1.12,2.25
2018.04.20 18:37:05.119,0.72054,0.72063,1.00,1.00
2018.04.20 18:37:07.541,0.72053,0.72063,1.00,1.50
2018.04.20 18:37:08.069,0.72052,0.72063,2.25,1.00
2018.04.20 18:37:10.438,0.72052,0.72062,1.00,1.00
2018.04.20 18:37:15.090,0.72052,0.72063,3.00,1.00
2018.04.20 18:37:15.638,0.72052,0.72062,3.00,1.50
2018.04.20 18:37:16.199,0.72053,0.72063,1.00,1.50
2018.04.20 18:37:17.651,0.72052,0.72063,1.00,1.57
2018.04.20 18:37:18.164,0.72053,0.72063,1.12,1.00
2018.04.20 18:37:20.186,0.7205,0.72061,1.00,2.25
2018.04.20 18:37:20.290,0.72052,0.72061,2.44,1.00
2018.04.20 18:37:20.342,0.72052,0.72063,3.56,1.87
2018.04.20 18:37:21.109,0.7205,0.7206,2.25,1.00
2018.04.20 18:37:21.214,0.72052,0.72063,2.62,3.75
2018.04.20 18:37:21.735,0.72053,0.72063,1.00,1.00
2018.04.20 18:37:27.556,0.72053,0.72064,1.00,1.10
2018.04.20 18:37:30.394,0.72053,0.72063,1.00,1.00
2018.04.20 18:37:30.975,0.72053,0.72064,1.00,3.82
2018.04.20 18:37:31.797,0.72053,0.72063,1.00,1.00
2018.04.20 18:37:32.330,0.72053,0.72064,1.00,1.00
2018.04.20 18:37:32.867,0.72053,0.72063,1.50,1.50
2018.04.20 18:37:33.071,0.72055,0.72063,1.00,1.00
2018.04.20 18:37:33.224,0.72053,0.72063,1.87,1.50
2018.04.20 18:37:33.866,0.72055,0.72065,1.00,1.57
2018.04.20 18:37:34.407,0.72056,0.72066,1.00,1.00
2018.04.20 18:37:34.957,0.72056,0.72065,1.00,1.00
2018.04.20 18:37:39.504,0.72055,0.72065,1.00,1.50
2018.04.20 18:37:40.123,0.72056,0.72065,1.00,1.50
2018.04.20 18:37:40.670,0.72055,0.72065,1.00,1.50
2018.04.20 18:37:42.385,0.72054,0.72065,1.12,1.00
2018.04.20 18:37:43.543,0.72055,0.72065,1.00,1.50
2018.04.20 18:37:44.065,0.72054,0.72065,2.62,1.10
2018.04.20 18:37:44.628,0.72054,0.72064,2.62,1.00
2018.04.20 18:37:45.142,0.72055,0.72065,1.00,1.50
2018.04.20 18:37:45.497,0.72056,0.72067,1.12,2.32
2018.04.20 18:37:46.030,0.72056,0.72066,1.12,1.00
2018.04.20 18:38:15.641,0.72055,0.72066,1.00,2.70
2018.04.20 18:38:16.009,0.72053,0.72063,1.87,1.00
2018.04.20 18:38:26.403,0.72053,0.72062,1.00,1.00
2018.04.20 18:38:29.070,0.72052,0.72062,1.00,1.00
2018.04.20 18:38:29.584,0.72052,0.72063,1.00,2.25
2018.04.20 18:38:31.672,0.72052,0.72062,2.25,1.00
2018.04.20 18:38:32.795,0.72053,0.72062,1.00,1.00
2018.04.20 18:39:06.711,0.72054,0.72062,1.00,1.00
2018.04.20 18:39:12.288,0.7205,0.72061,1.95,1.50
2018.04.20 18:39:12.444,0.72052,0.72061,1.00,1.00
2018.04.20 18:39:12.547,0.72052,0.72063,3.00,1.10
2018.04.20 18:39:23.655,0.72052,0.72061,1.00,1.00
2018.04.20 18:39:23.707,0.7205,0.72061,1.12,1.50
2018.04.20 18:39:25.894,0.72051,0.72062,1.00,3.07
2018.04.20 18:39:26.505,0.7205,0.72061,2.25,1.50
2018.04.20 18:39:27.516,0.7205,0.7206,2.25,1.00
2018.04.20 18:39:28.632,0.7205,0.72061,2.62,1.00
2018.04.20 18:39:29.147,0.72051,0.72062,1.00,1.00
2018.04.20 18:39:30.560,0.72053,0.72062,1.00,1.00
2018.04.20 18:39:36.167,0.72052,0.72062,1.00,1.00
2018.04.20 18:39:54.533,0.72049,0.7206,1.12,2.25
2018.04.20 18:39:55.495,0.72049,0.72059,1.12,1.00
2018.04.20 18:39:56.309,0.72049,0.7206,1.00,3.07
2018.04.20 18:40:00.743,0.7205,0.72059,1.00,1.00
2018.04.20 18:40:01.865,0.72049,0.72058,1.50,1.00
2018.04.20 18:40:03.046,0.72048,0.72058,1.00,2.25
2018.04.20 18:40:03.552,0.72047,0.72057,1.00,1.10
2018.04.20 18:40:04.088,0.72046,0.72057,1.50,1.50
2018.04.20 18:40:14.470,0.72046,0.72057,1.37,2.25
2018.04.20 18:40:16.037,0.72046,0.72057,1.20,1.50
2018.04.20 18:40:18.988,0.72047,0.72057,1.00,1.50
2018.04.20 18:40:19.505,0.72046,0.72057,2.62,1.50
2018.04.20 18:40:25.140,0.72049,0.72058,2.62,1.00
2018.04.20 18:40:25.764,0.72049,0.72059,4.12,1.00
2018.04.20 18:40:26.304,0.7205,0.72059,1.12,1.00
2018.04.20 18:40:27.116,0.72049,0.7206,3.37,1.00
2018.04.20 18:40:28.081,0.7205,0.72061,4.87,1.10
2018.04.20 18:40:28.441,0.72053,0.72062,1.50,1.50
2018.04.20 18:40:35.485,0.72053,0.72062,1.37,1.00
2018.04.20 18:40:37.284,0.72053,0.72062,1.12,1.00
2018.04.20 18:40:42.934,0.72052,0.72064,3.37,2.25
2018.04.20 18:41:00.320,0.72054,0.72064,1.00,3.75
2018.04.20 18:41:19.467,0.72052,0.72063,4.12,1.00
2018.04.20 18:41:20.180,0.72052,0.72064,4.12,2.25
2018.04.20 18:41:44.893,0.72052,0.72063,3.37,1.00
2018.04.20 18:41:45.409,0.72052,0.72064,3.45,2.32
2018.04.20 18:41:47.901,0.72052,0.72064,3.37,3.00
2018.04.20 18:41:53.388,0.72054,0.72065,1.87,1.00
2018.04.20 18:41:54.009,0.72053,0.72064,1.87,1.50
2018.04.20 18:41:54.593,0.72053,0.72064,1.87,1.50
2018.04.20 18:42:01.986,0.72053,0.72064,1.87,1.50
2018.04.20 18:42:09.501,0.72053,0.72064,1.95,2.25
2018.04.20 18:42:20.837,0.72053,0.72064,1.47,1.50
2018.04.20 18:42:49.275,0.7205,0.7206,1.00,1.00
2018.04.20 18:42:49.823,0.72049,0.7206,1.87,1.00
2018.04.20 18:42:55.034,0.72051,0.7206,1.50,1.10
2018.04.20 18:42:56.903,0.72051,0.72059,1.87,1.00
2018.04.20 18:42:58.550,0.72054,0.72062,1.00,1.00
2018.04.20 18:42:58.808,0.72055,0.72064,1.00,1.10
2018.04.20 18:42:59.398,0.72056,0.72064,1.00,1.10
2018.04.20 18:43:01.175,0.72056,0.72063,1.00,1.00
2018.04.20 18:43:02.955,0.72051,0.72061,1.50,3.75
2018.04.20 18:43:10.831,0.72054,0.72062,1.00,2.32
2018.04.20 18:43:11.140,0.72057,0.72064,1.00,1.50
2018.04.20 18:43:12.393,0.72053,0.72061,1.00,4.12
2018.04.20 18:43:22.374,0.72053,0.7206,1.00,1.50
2018.04.20 18:43:23.247,0.72053,0.72061,1.00,2.25
2018.04.20 18:43:28.258,0.72053,0.72062,1.00,1.57
2018.04.20 18:43:28.413,0.72056,0.72063,1.00,1.10
2018.04.20 18:43:29.237,0.72052,0.72061,1.00,3.00
2018.04.20 18:43:29.845,0.72052,0.7206,1.00,1.00
2018.04.20 18:43:30.503,0.72052,0.72061,1.00,3.00
2018.04.20 18:43:37.581,0.72051,0.72061,1.00,3.00
2018.04.20 18:43:38.103,0.72051,0.7206,1.00,1.57
2018.04.20 18:43:41.802,0.72051,0.7206,1.00,2.32
2018.04.20 18:43:42.315,0.72051,0.7206,1.00,2.32
2018.04.20 18:43:43.076,0.72052,0.7206,1.00,2.32
2018.04.20 18:43:44.714,0.72052,0.72059,1.00,1.10
2018.04.20 18:43:48.401,0.72052,0.7206,1.00,2.25
2018.04.20 18:43:49.452,0.72052,0.72061,1.50,2.25
2018.04.20 18:43:57.457,0.72052,0.72059,1.00,1.00
2018.04.20 18:43:58.702,0.72051,0.72059,1.12,1.00
2018.04.20 18:44:11.703,0.72052,0.7206,1.00,1.00
2018.04.20 18:44:32.600,0.72053,0.7206,1.00,1.50
2018.04.20 18:44:40.905,0.72054,0.72061,1.00,1.00
2018.04.20 18:44:40.962,0.72057,0.72065,1.00,1.50
2018.04.20 18:44:41.117,0.72057,0.72067,1.50,2.25
2018.04.20 18:44:41.653,0.72058,0.72067,1.00,1.50
2018.04.20 18:44:58.149,0.72056,0.72065,1.00,1.50
2018.04.20 18:44:58.709,0.72055,0.72065,1.87,1.50
2018.04.20 18:45:01.288,0.72055,0.72064,1.50,1.00
2018.04.20 18:45:02.671,0.72053,0.72061,1.12,1.50
2018.04.20 18:45:03.488,0.72054,0.72061,1.00,1.00
2018.04.20 18:45:04.452,0.72057,0.72066,1.00,1.00
2018.04.20 18:45:05.089,0.72058,0.72066,1.50,1.00
2018.04.20 18:45:05.601,0.72059,0.72066,1.00,1.00
2018.04.20 18:45:09.065,0.72059,0.72068,1.00,1.57
2018.04.20 18:45:22.439,0.72058,0.72068,1.50,2.25
2018.04.20 18:45:23.929,0.72059,0.72067,1.00,1.00
2018.04.20 18:45:24.504,0.72058,0.72068,1.50,3.00
2018.04.20 18:45:39.200,0.72053,0.72061,1.50,1.00
2018.04.20 18:45:39.305,0.72051,0.7206,1.57,1.00
2018.04.20 18:45:39.616,0.72053,0.72062,1.00,3.82
2018.04.20 18:45:40.163,0.72053,0.72062,1.00,3.82
2018.04.20 18:45:40.744,0.72053,0.72061,1.00,1.00
2018.04.20 18:45:44.302,0.72052,0.7206,1.00,1.00
2018.04.20 18:45:47.433,0.72051,0.7206,1.00,1.00
2018.04.20 18:45:54.658,0.72051,0.7206,1.12,2.32
2018.04.20 18:45:55.773,0.72051,0.7206,1.12,2.32
2018.04.20 18:46:00.297,0.72051,0.72059,1.12,1.00
2018.04.20 18:46:00.840,0.72051,0.72058,1.00,1.00
2018.04.20 18:46:01.363,0.7205,0.72058,1.50,1.00
2018.04.20 18:46:01.992,0.7205,0.72059,1.87,1.50
2018.04.20 18:46:03.872,0.72052,0.7206,1.00,1.00
2018.04.20 18:46:10.758,0.72052,0.72059,1.00,1.00
2018.04.20 18:46:18.191,0.7205,0.72059,1.00,1.00
2018.04.20 18:46:19.386,0.7205,0.72058,1.00,1.00
2018.04.20 18:46:21.982,0.72053,0.72062,1.00,3.00
2018.04.20 18:46:22.196,0.72055,0.72063,1.50,1.00
2018.04.20 18:46:22.943,0.72055,0.72064,1.50,1.50
2018.04.20 18:46:25.132,0.72052,0.7206,1.00,1.50
2018.04.20 18:46:25.659,0.72051,0.7206,2.25,1.50
2018.04.20 18:46:27.874,0.72051,0.72059,1.87,1.00
2018.04.20 18:46:28.675,0.72051,0.7206,1.50,1.00
2018.04.20 18:46:28.996,0.72048,0.72057,1.50,1.57
2018.04.20 18:46:29.615,0.72047,0.72056,1.50,1.57
2018.04.20 18:46:29.956,0.72041,0.72051,1.50,3.00
2018.04.20 18:46:30.325,0.7204,0.72048,1.00,1.00
2018.04.20 18:46:33.468,0.72042,0.72051,1.00,2.25
2018.04.20 18:46:33.573,0.72044,0.72052,1.00,3.07
2018.04.20 18:46:52.412,0.72043,0.72052,1.87,3.00
2018.04.20 18:46:52.718,0.72041,0.7205,1.50,1.00
2018.04.20 18:46:53.853,0.72041,0.72051,1.69,1.10
2018.04.20 18:46:54.192,0.72048,0.72056,1.00,1.00
2018.04.20 18:46:56.636,0.72048,0.72058,1.00,2.70
2018.04.20 18:46:56.792,0.72047,0.72052,1.00,2.25
2018.04.20 18:46:56.844,0.72043,0.72052,1.00,2.25
2018.04.20 18:46:57.381,0.72044,0.72052,1.00,2.25
2018.04.20 18:47:00.035,0.72044,0.72051,1.00,1.50
2018.04.20 18:47:02.477,0.72043,0.7205,1.00,1.00
2018.04.20 18:47:07.345,0.72043,0.72051,1.50,1.00
2018.04.20 18:47:08.090,0.72041,0.72051,2.62,1.50
2018.04.20 18:47:08.721,0.72043,0.72051,1.00,1.57
2018.04.20 18:47:08.826,0.72047,0.72056,1.50,1.50
2018.04.20 18:47:11.448,0.72047,0.72053,1.00,1.00
2018.04.20 18:47:11.500,0.72043,0.72053,2.25,1.00
2018.04.20 18:47:11.554,0.72042,0.72051,1.50,2.25
2018.04.20 18:47:12.099,0.72041,0.72051,1.12,2.32
2018.04.20 18:47:13.168,0.72041,0.7205,1.12,1.00
2018.04.20 18:47:13.704,0.72042,0.72051,1.50,2.25
2018.04.20 18:47:17.609,0.72041,0.7205,1.00,1.00
2018.04.20 18:47:18.267,0.72041,0.72051,1.00,2.25
2018.04.20 18:47:18.580,0.72044,0.72052,1.50,1.00
2018.04.20 18:47:19.370,0.72046,0.72052,1.00,1.00
2018.04.20 18:47:20.196,0.72043,0.72051,1.00,2.25
2018.04.20 18:47:25.045,0.72044,0.72052,1.50,1.00
2018.04.20 18:47:25.418,0.72047,0.72056,1.00,1.69
2018.04.20 18:47:26.027,0.72046,0.72055,1.00,1.50
2018.04.20 18:47:32.313,0.72048,0.72056,1.00,1.10
2018.04.20 18:47:32.630,0.72046,0.72056,1.00,3.45
2018.04.20 18:47:34.618,0.72047,0.72056,1.50,1.10
2018.04.20 18:47:35.272,0.72047,0.72057,1.50,2.32
2018.04.20 18:47:37.212,0.72046,0.72056,1.12,1.50
2018.04.20 18:47:37.265,0.72046,0.72054,1.87,1.00
2018.04.20 18:47:37.613,0.72052,0.7206,1.00,1.50
2018.04.20 18:47:38.171,0.72052,0.72061,1.00,1.50
2018.04.20 18:47:38.954,0.72052,0.7206,1.50,1.00
2018.04.20 18:47:43.233,0.72053,0.72061,1.00,1.50
2018.04.20 18:47:43.286,0.72054,0.72063,1.00,1.00
2018.04.20 18:47:43.391,0.72051,0.72061,2.25,1.00
2018.04.20 18:47:45.377,0.72052,0.72061,1.00,2.25
2018.04.20 18:47:45.904,0.72051,0.72061,1.87,2.25
2018.04.20 18:47:46.624,0.72051,0.7206,2.25,1.00
2018.04.20 18:48:02.535,0.72051,0.72059,1.50,1.00
2018.04.20 18:48:15.413,0.72051,0.72057,1.50,1.00
2018.04.20 18:48:17.937,0.7205,0.72057,1.00,1.00
2018.04.20 18:48:18.480,0.72049,0.72057,1.00,1.57
2018.04.20 18:48:22.530,0.72046,0.72055,1.00,2.25
2018.04.20 18:48:23.061,0.72046,0.72056,3.37,1.50
2018.04.20 18:48:28.040,0.72045,0.72055,2.62,1.50
2018.04.20 18:48:29.273,0.72045,0.72054,2.25,1.00
2018.04.20 18:48:40.761,0.72041,0.7205,1.00,1.00
2018.04.20 18:48:52.652,0.72042,0.7205,1.00,1.00
2018.04.20 18:49:01.050,0.72042,0.72049,1.00,1.00
2018.04.20 18:49:01.865,0.72041,0.7205,1.00,1.00
2018.04.20 18:49:02.398,0.72041,0.72049,1.50,1.00
2018.04.20 18:49:22.414,0.72041,0.7205,1.00,1.57
2018.04.20 18:49:23.091,0.7204,0.72049,1.00,1.00
2018.04.20 18:49:23.593,0.72039,0.72049,3.37,1.00
2018.04.20 18:49:24.317,0.72039,0.7205,2.62,1.50
2018.04.20 18:49:26.750,0.72039,0.72049,2.62,1.50
2018.04.20 18:49:28.348,0.72039,0.72049,1.50,1.57
2018.04.20 18:49:32.563,0.72039,0.72049,1.50,1.50
2018.04.20 18:49:33.173,0.72039,0.72049,1.50,1.57
2018.04.20 18:49:33.833,0.72039,0.72049,1.50,1.57
2018.04.20 18:49:45.751,0.72039,0.72049,1.50,1.57
2018.04.20 18:49:46.299,0.72039,0.72049,1.50,1.50
2018.04.20 18:49:47.203,0.72041,0.7205,3.75,1.00
2018.04.20 18:49:47.542,0.72044,0.72052,1.00,1.50
2018.04.20 18:49:47.961,0.72047,0.72055,1.00,1.00
2018.04.20 18:49:48.407,0.72047,0.72057,1.00,3.07
2018.04.20 18:49:52.491,0.72046,0.72056,1.12,1.00
2018.04.20 18:49:55.887,0.72047,0.72057,1.00,1.50
2018.04.20 18:50:00.646,0.72046,0.72056,1.12,1.00
2018.04.20 18:50:00.961,0.72043,0.72051,1.20,1.00
2018.04.20 18:50:01.094,0.72041,0.7205,1.00,1.00
2018.04.20 18:50:01.629,0.72041,0.72049,1.50,1.00
2018.04.20 18:50:06.762,0.72041,0.72051,1.12,3.00
2018.04.20 18:50:07.815,0.72043,0.72051,1.00,1.50
2018.04.20 18:50:07.920,0.72041,0.7205,2.62,2.25
2018.04.20 18:50:10.778,0.72042,0.72052,2.62,1.00
2018.04.20 18:50:10.829,0.72044,0.72054,3.00,3.07
2018.04.20 18:50:11.793,0.72045,0.72054,1.00,1.00
2018.04.20 18:50:12.794,0.72045,0.72055,1.00,1.50
2018.04.20 18:50:15.259,0.72046,0.72056,1.00,2.25
2018.04.20 18:50:15.870,0.72046,0.72055,1.00,1.00
2018.04.20 18:50:20.716,0.72046,0.72055,1.00,1.07
2018.04.20 18:50:21.282,0.72046,0.72055,1.00,1.00
2018.04.20 18:50:21.959,0.72046,0.72056,1.00,2.32
2018.04.20 18:50:22.542,0.72046,0.72056,1.00,1.57
2018.04.20 18:50:23.611,0.72046,0.72057,1.00,2.70
2018.04.20 18:50:24.184,0.72047,0.72057,1.00,2.32
2018.04.20 18:50:24.702,0.72048,0.72057,1.00,1.00
2018.04.20 18:50:25.604,0.72047,0.72057,1.87,2.32
2018.04.20 18:50:26.202,0.72048,0.72057,1.00,1.57
2018.04.20 18:50:38.955,0.72048,0.72057,1.00,1.07
2018.04.20 18:50:39.430,0.72046,0.72055,1.00,1.50
2018.04.20 18:50:41.410,0.72045,0.72055,1.50,1.50
2018.04.20 18:50:41.990,0.72045,0.72054,1.50,1.00
2018.04.20 18:50:43.252,0.7204,0.72051,3.37,3.00
2018.04.20 18:50:45.985,0.72042,0.72051,1.00,1.10
2018.04.20 18:50:46.138,0.72043,0.72053,2.25,1.00
2018.04.20 18:50:46.753,0.72044,0.72054,1.00,1.00
2018.04.20 18:50:48.360,0.72042,0.72051,1.50,1.00
2018.04.20 18:50:50.174,0.72042,0.7205,1.00,1.00
2018.04.20 18:50:50.724,0.72042,0.72051,1.00,1.50
2018.04.20 18:50:59.156,0.72044,0.72054,1.37,2.70
2018.04.20 18:50:59.951,0.72045,0.72055,1.12,1.00
2018.04.20 18:51:01.480,0.72045,0.72054,1.00,1.50
2018.04.20 18:51:01.994,0.72045,0.72055,1.00,3.07
2018.04.20 18:51:02.653,0.72045,0.72054,1.00,1.50
2018.04.20 18:51:03.848,0.72045,0.72055,1.00,3.07
2018.04.20 18:51:14.553,0.72045,0.72054,1.12,1.00
2018.04.20 18:51:15.866,0.72045,0.72055,1.12,2.32
2018.04.20 18:51:18.575,0.72045,0.72055,1.12,2.32
2018.04.20 18:51:20.653,0.72045,0.72055,1.12,2.25
2018.04.20 18:51:23.274,0.72045,0.72054,1.12,1.00
2018.04.20 18:51:23.890,0.72045,0.72055,1.12,2.32
2018.04.20 18:51:27.295,0.72046,0.72055,1.00,1.57
2018.04.20 18:51:28.301,0.72042,0.72052,1.50,3.00
2018.04.20 18:51:28.456,0.72042,0.7205,1.00,1.50
2018.04.20 18:51:28.965,0.72039,0.72049,3.07,1.00
2018.04.20 18:51:29.324,0.72038,0.72048,1.50,1.00
2018.04.20 18:51:29.428,0.72035,0.72043,1.87,1.00
2018.04.20 18:51:29.480,0.72037,0.72046,1.50,1.50
2018.04.20 18:51:29.531,0.72039,0.72047,1.00,1.00
2018.04.20 18:51:29.790,0.72036,0.72046,1.95,1.50
2018.04.20 18:51:29.841,0.72035,0.72044,1.20,1.00
2018.04.20 18:51:29.946,0.72031,0.72041,1.12,1.00
2018.04.20 18:51:31.690,0.72031,0.7204,1.00,1.00
2018.04.20 18:51:32.241,0.72031,0.72041,1.00,1.50
2018.04.20 18:51:32.345,0.72033,0.72042,1.10,1.86
2018.04.20 18:51:32.399,0.72034,0.72044,1.12,1.00
2018.04.20 18:51:32.451,0.72036,0.72046,1.10,1.00
2018.04.20 18:51:33.231,0.72037,0.72047,1.20,1.50
2018.04.20 18:51:34.321,0.72037,0.72045,1.00,1.00
2018.04.20 18:51:35.622,0.72037,0.72047,1.12,1.00
2018.04.20 18:51:36.411,0.72037,0.72048,1.12,1.00
2018.04.20 18:51:45.169,0.72036,0.72046,1.87,1.50
2018.04.20 18:51:47.879,0.72038,0.72046,1.00,1.00
2018.04.20 18:51:47.981,0.72036,0.72045,1.00,1.00
2018.04.20 18:51:48.562,0.72036,0.72046,1.00,1.00
2018.04.20 18:51:49.016,0.72037,0.72048,1.95,3.00
2018.04.20 18:51:49.069,0.72039,0.72049,1.00,1.00
2018.04.20 18:51:49.499,0.72041,0.7205,1.00,1.00
2018.04.20 18:51:51.951,0.72041,0.72051,1.50,2.25
2018.04.20 18:51:52.522,0.72042,0.72052,1.50,3.75
2018.04.20 18:51:54.129,0.72043,0.72052,1.00,3.00
2018.04.20 18:51:54.638,0.72045,0.72054,1.57,1.12
2018.04.20 18:51:54.690,0.72044,0.72055,1.57,1.50
2018.04.20 18:51:54.742,0.72046,0.72055,1.00,1.50
2018.04.20 18:51:57.197,0.72049,0.72058,1.00,2.25
2018.04.20 18:51:57.250,0.72049,0.7206,1.00,5.62
2018.04.20 18:51:57.303,0.72051,0.72059,1.50,1.00
2018.04.20 18:51:59.438,0.72049,0.7206,1.57,1.00
2018.04.20 18:52:00.022,0.72049,0.7206,1.57,1.00
2018.04.20 18:52:12.816,0.72049,0.7206,1.10,1.50
2018.04.20 18:52:13.367,0.72049,0.7206,1.57,1.50
2018.04.20 18:52:14.018,0.72049,0.7206,1.00,1.50
2018.04.20 18:52:14.882,0.72049,0.7206,1.45,1.50
2018.04.20 18:52:15.387,0.72049,0.7206,1.20,1.50
2018.04.20 18:52:16.953,0.72049,0.72056,1.00,1.00
2018.04.20 18:52:17.286,0.72049,0.72059,1.12,1.50
2018.04.20 18:52:17.880,0.7205,0.72059,1.00,1.50
2018.04.20 18:52:22.405,0.72047,0.72056,2.70,1.00
2018.04.20 18:52:22.972,0.72047,0.72056,1.50,1.50
2018.04.20 18:52:24.551,0.72047,0.72057,1.50,1.50
2018.04.20 18:52:25.065,0.72047,0.72057,2.32,1.00
2018.04.20 18:52:25.168,0.72048,0.72059,1.57,1.50
2018.04.20 18:52:31.185,0.72048,0.72059,1.57,2.25
2018.04.20 18:52:36.263,0.72048,0.72059,1.00,3.00
2018.04.20 18:52:38.770,0.72047,0.72055,1.00,1.00
2018.04.20 18:52:39.026,0.72041,0.72051,1.57,2.62
2018.04.20 18:52:43.082,0.72041,0.7205,1.50,1.50
2018.04.20 18:52:43.604,0.72041,0.72051,1.50,3.37
2018.04.20 18:52:48.216,0.72044,0.72051,1.00,1.12
2018.04.20 18:52:48.798,0.72044,0.72052,1.00,3.75
2018.04.20 18:52:52.320,0.72044,0.72051,1.00,1.00
2018.04.20 18:52:56.428,0.72041,0.72051,2.32,1.00
2018.04.20 18:52:57.905,0.72041,0.72051,1.87,3.00
2018.04.20 18:53:02.353,0.72041,0.7205,1.87,1.00
2018.04.20 18:53:04.618,0.72043,0.72053,1.95,1.50
2018.04.20 18:53:04.722,0.72044,0.72055,1.87,1.50
2018.04.20 18:53:14.677,0.72048,0.72056,1.00,1.00
2018.04.20 18:53:43.941,0.72042,0.7205,1.50,1.00
2018.04.20 18:53:44.460,0.72042,0.72049,1.00,1.00
2018.04.20 18:53:53.965,0.72043,0.72051,1.50,1.10
2018.04.20 18:53:54.018,0.72043,0.72053,1.00,2.32
2018.04.20 18:53:55.207,0.72042,0.72051,1.00,1.00
2018.04.20 18:53:55.897,0.72042,0.72051,1.00,1.20
2018.04.20 18:53:58.223,0.72042,0.72051,1.00,1.57
2018.04.20 18:53:58.955,0.72042,0.7205,1.00,1.00
2018.04.20 18:54:06.925,0.7204,0.72049,1.00,1.50
2018.04.20 18:54:07.429,0.7204,0.72049,1.00,1.07
2018.04.20 18:54:11.113,0.72038,0.72048,1.50,1.10
2018.04.20 18:54:14.216,0.72038,0.72048,1.50,1.07
2018.04.20 18:54:14.732,0.72038,0.72048,1.50,1.10
2018.04.20 18:54:17.930,0.72038,0.72049,1.50,2.32
2018.04.20 18:54:18.474,0.72039,0.72049,1.00,3.07
2018.04.20 18:54:21.936,0.72039,0.72049,2.25,1.57
2018.04.20 18:54:28.307,0.72039,0.7205,2.62,1.10
2018.04.20 18:54:30.127,0.72045,0.72055,1.00,2.32
2018.04.20 18:54:30.440,0.72044,0.72051,1.00,1.00
2018.04.20 18:54:32.065,0.72044,0.72054,1.00,1.10
2018.04.20 18:54:32.724,0.72044,0.72055,1.87,1.57
2018.04.20 18:54:33.534,0.72045,0.72055,1.00,1.57
2018.04.20 18:54:38.728,0.72042,0.72051,1.12,1.50
2018.04.20 18:54:51.297,0.72042,0.7205,1.00,1.50
2018.04.20 18:54:53.462,0.72042,0.72051,1.00,2.32
2018.04.20 18:54:54.068,0.72042,0.7205,1.00,1.50
2018.04.20 18:55:01.215,0.72042,0.72051,1.00,3.45
2018.04.20 18:55:02.665,0.72042,0.72049,1.00,1.00
2018.04.20 18:55:09.983,0.72042,0.72051,1.00,3.07
2018.04.20 18:55:10.894,0.72042,0.7205,1.00,1.50
2018.04.20 18:55:11.402,0.72042,0.72051,1.00,3.07
2018.04.20 18:55:12.163,0.72042,0.7205,1.00,1.50
2018.04.20 18:55:12.721,0.72042,0.72051,1.00,3.07
2018.04.20 18:55:20.210,0.72042,0.72053,3.37,1.20
2018.04.20 18:55:20.857,0.72044,0.72052,1.00,1.00
2018.04.20 18:55:21.392,0.72043,0.72054,1.12,2.32
2018.04.20 18:55:25.421,0.72045,0.72055,1.00,1.95
2018.04.20 18:55:26.032,0.72045,0.72055,1.00,1.57
2018.04.20 18:55:36.931,0.72045,0.72053,1.00,1.00
2018.04.20 18:55:36.983,0.72042,0.72052,2.25,1.00
2018.04.20 18:55:37.496,0.72042,0.72052,1.00,3.07
2018.04.20 18:55:40.090,0.72042,0.7205,1.00,1.00
2018.04.20 18:55:40.193,0.72042,0.72052,1.00,1.57
2018.04.20 18:55:40.525,0.72044,0.72054,1.50,1.20
2018.04.20 18:55:42.317,0.72046,0.72052,1.00,1.00
2018.04.20 18:55:45.147,0.72043,0.72052,1.50,1.50
2018.04.20 18:55:57.580,0.72045,0.72054,1.00,1.20
2018.04.20 18:55:57.684,0.72045,0.72055,1.00,1.10
2018.04.20 18:56:00.131,0.72048,0.72058,1.00,1.95
2018.04.20 18:56:00.184,0.72048,0.72058,1.00,1.57
2018.04.20 18:56:03.829,0.72049,0.72058,1.00,1.07
2018.04.20 18:56:04.764,0.7205,0.72058,1.00,1.07
2018.04.20 18:56:05.764,0.7205,0.72058,1.00,1.10
2018.04.20 18:56:06.278,0.7205,0.72058,1.00,1.07
2018.04.20 18:56:07.651,0.72049,0.72058,1.00,1.07
2018.04.20 18:56:08.444,0.7205,0.72058,1.00,1.10
2018.04.20 18:56:09.890,0.7205,0.72058,1.00,1.07
2018.04.20 18:56:10.738,0.72048,0.72059,1.00,4.20
2018.04.20 18:56:11.400,0.72047,0.72057,1.87,1.10
2018.04.20 18:56:12.158,0.72047,0.72056,1.87,1.00
2018.04.20 18:56:15.432,0.72046,0.72053,1.00,2.32
2018.04.20 18:56:15.607,0.72044,0.72052,1.50,2.25
2018.04.20 18:56:16.247,0.72044,0.72052,1.50,1.07
2018.04.20 18:56:16.482,0.72044,0.72055,2.62,1.10
2018.04.20 18:56:17.058,0.72045,0.72055,1.00,1.10
2018.04.20 18:56:21.976,0.72048,0.72057,1.00,1.20
2018.04.20 18:56:22.544,0.72048,0.72057,1.00,1.10
2018.04.20 18:56:25.617,0.72048,0.72058,1.00,1.57
2018.04.20 18:56:25.943,0.72048,0.72056,1.50,1.00
2018.04.20 18:56:26.972,0.72048,0.72058,1.00,1.57
2018.04.20 18:56:28.180,0.7205,0.7206,1.00,2.70
2018.04.20 18:56:28.772,0.7205,0.7206,1.00,2.32
2018.04.20 18:56:29.334,0.72049,0.7206,1.50,2.32
2018.04.20 18:56:42.528,0.72049,0.7206,1.50,1.95
2018.04.20 18:56:50.360,0.72049,0.7206,1.00,2.70
2018.04.20 18:56:51.134,0.72048,0.72059,1.87,1.10
2018.04.20 18:56:51.711,0.72049,0.7206,1.12,2.70
2018.04.20 18:56:52.440,0.72048,0.72058,2.62,1.10
2018.04.20 18:56:53.112,0.72048,0.72057,1.00,1.57
2018.04.20 18:56:57.396,0.72048,0.72056,1.00,1.00
2018.04.20 18:56:57.976,0.72048,0.72057,1.00,2.32
2018.04.20 18:56:59.585,0.72047,0.72052,1.00,1.00
2018.04.20 18:56:59.638,0.72041,0.72052,1.00,3.94
2018.04.20 18:57:00.175,0.72041,0.72051,1.50,2.32
2018.04.20 18:57:01.336,0.72041,0.7205,1.00,1.00
2018.04.20 18:57:02.105,0.72041,0.72051,1.00,2.32
2018.04.20 18:57:02.912,0.7204,0.72051,2.62,3.07
2018.04.20 18:57:03.127,0.7204,0.72049,2.62,1.00
2018.04.20 18:57:04.763,0.72038,0.72049,3.37,1.10
2018.04.20 18:57:12.354,0.72038,0.72049,1.12,1.07
2018.04.20 18:57:13.009,0.72038,0.72049,2.62,1.00
2018.04.20 18:57:16.512,0.72038,0.72049,2.62,1.10
2018.04.20 18:57:23.130,0.72038,0.72049,1.87,1.07
2018.04.20 18:57:24.631,0.72038,0.72049,1.87,1.10
2018.04.20 18:57:25.658,0.72038,0.72049,1.87,1.20
2018.04.20 18:57:28.844,0.72038,0.72049,2.62,1.20
2018.04.20 18:57:30.319,0.72038,0.72044,1.00,1.00
2018.04.20 18:57:30.370,0.72034,0.72044,1.00,2.32
2018.04.20 18:57:30.848,0.72037,0.72046,1.00,1.95
2018.04.20 18:57:30.899,0.72037,0.72046,1.50,1.00
2018.04.20 18:57:31.052,0.72034,0.72045,1.12,1.10
2018.04.20 18:57:32.454,0.72034,0.72044,1.00,1.10
2018.04.20 18:57:34.429,0.72033,0.72044,1.87,1.10
2018.04.20 18:57:36.664,0.72032,0.72043,2.25,2.32
2018.04.20 18:57:38.658,0.72034,0.72045,2.62,1.20
2018.04.20 18:57:39.187,0.72034,0.72045,3.00,1.10
2018.04.20 18:57:40.230,0.72036,0.72046,1.50,1.20
2018.04.20 18:57:40.437,0.72037,0.72047,1.00,1.10
2018.04.20 18:57:40.712,0.72035,0.72046,2.62,1.10
2018.04.20 18:57:41.793,0.72035,0.72046,2.62,1.10
2018.04.20 18:57:42.673,0.72033,0.72043,1.87,2.32
2018.04.20 18:57:43.229,0.72033,0.72043,1.87,2.32
2018.04.20 18:57:43.830,0.72033,0.72043,1.50,3.07
2018.04.20 18:57:44.088,0.72035,0.72045,1.12,1.10
2018.04.20 18:57:46.634,0.72037,0.72046,1.00,1.07
2018.04.20 18:57:46.738,0.72037,0.72048,1.37,1.57
2018.04.20 18:57:46.995,0.72036,0.72048,3.00,1.57
2018.04.20 18:57:47.500,0.72036,0.72047,3.00,1.20
2018.04.20 18:57:50.052,0.72038,0.72047,1.00,1.10
2018.04.20 18:57:50.730,0.72037,0.72048,1.12,1.07
2018.04.20 18:57:52.435,0.72037,0.72048,1.87,1.10
2018.04.20 18:57:53.197,0.72037,0.72048,1.87,1.07
2018.04.20 18:57:56.218,0.72037,0.72048,1.87,1.57
2018.04.20 18:57:59.323,0.72037,0.72048,1.87,1.20
2018.04.20 18:58:00.745,0.72037,0.72048,1.87,1.57
2018.04.20 18:58:03.158,0.72036,0.72047,1.87,1.57
2018.04.20 18:58:03.263,0.72036,0.72045,1.87,1.00
2018.04.20 18:58:05.434,0.72033,0.72043,1.00,3.07
2018.04.20 18:58:05.487,0.72031,0.72041,1.12,1.50
2018.04.20 18:58:06.658,0.7203,0.72041,1.87,3.45
2018.04.20 18:58:06.781,0.72029,0.72039,2.25,1.07
2018.04.20 18:58:07.310,0.72029,0.72039,1.50,1.10
2018.04.20 18:58:07.831,0.7203,0.7204,1.50,1.57
2018.04.20 18:58:09.372,0.72029,0.72039,1.12,1.00
2018.04.20 18:58:10.627,0.72028,0.72039,2.62,1.10
2018.04.20 18:58:23.366,0.72029,0.7204,1.00,1.57
2018.04.20 18:58:25.418,0.72029,0.7204,1.12,1.57
2018.04.20 18:58:30.066,0.72029,0.7204,1.12,3.41
2018.04.20 18:58:30.624,0.72029,0.7204,1.12,1.91
2018.04.20 18:58:36.034,0.72029,0.7204,1.37,1.91
2018.04.20 18:58:39.102,0.72029,0.7204,1.00,1.91
2018.04.20 18:58:42.122,0.72029,0.72039,1.87,1.54
2018.04.20 18:58:43.109,0.72029,0.72039,1.87,1.41
2018.04.20 18:58:46.879,0.72029,0.7204,1.87,4.16
2018.04.20 18:58:48.551,0.72029,0.7204,1.87,2.66
2018.04.20 18:58:50.817,0.72029,0.7204,1.87,4.16
2018.04.20 18:58:54.442,0.72027,0.72039,3.00,4.16
2018.04.20 18:58:54.597,0.72027,0.72039,2.62,3.37
2018.04.20 18:58:55.099,0.72028,0.72039,1.12,2.66
2018.04.20 18:58:55.614,0.72029,0.72039,1.00,1.44
2018.04.20 18:58:56.617,0.72029,0.7204,1.00,3.04
2018.04.20 18:59:00.574,0.72029,0.72039,1.00,1.44
2018.04.20 18:59:01.112,0.72029,0.7204,1.00,2.66
2018.04.20 18:59:02.374,0.7203,0.7204,1.00,4.91
2018.04.20 18:59:02.687,0.7203,0.7204,1.50,2.66
2018.04.20 18:59:03.144,0.7203,0.7204,1.50,1.91
2018.04.20 18:59:17.099,0.7203,0.7204,1.87,1.41
2018.04.20 18:59:18.056,0.7203,0.72041,1.87,3.37
2018.04.20 18:59:18.842,0.7203,0.72041,1.50,3.04
2018.04.20 18:59:21.863,0.72029,0.7204,2.62,1.91
2018.04.20 18:59:22.608,0.7203,0.72039,1.00,1.44
2018.04.20 18:59:23.638,0.72023,0.72033,1.50,4.57
2018.04.20 18:59:23.743,0.72021,0.72033,3.00,3.75
2018.04.20 18:59:23.795,0.72021,0.72032,2.25,1.95
2018.04.20 18:59:24.585,0.72021,0.72032,1.50,2.66
2018.04.20 18:59:25.132,0.7202,0.72031,1.50,2.29
2018.04.20 18:59:25.788,0.7202,0.7203,1.50,1.44
2018.04.20 18:59:26.306,0.72019,0.7203,1.50,3.41
2018.04.20 18:59:26.862,0.72019,0.72029,1.50,1.09
2018.04.20 18:59:27.590,0.72019,0.7203,1.00,4.54
2018.04.20 18:59:29.701,0.72019,0.72029,1.00,1.20
2018.04.20 18:59:30.684,0.72018,0.72028,1.12,1.57
2018.04.20 18:59:30.789,0.72015,0.72025,1.00,1.10
2018.04.20 18:59:31.499,0.72016,0.72027,1.00,2.32
2018.04.20 18:59:32.023,0.72016,0.72027,1.00,2.32
2018.04.20 18:59:32.087,0.72012,0.72023,1.12,3.45
2018.04.20 18:59:32.404,0.72013,0.72023,1.00,1.50
2018.04.20 18:59:32.609,0.72016,0.72027,1.12,1.95
2018.04.20 18:59:33.155,0.72017,0.72027,1.00,1.07
2018.04.20 18:59:33.947,0.72017,0.72028,1.12,1.95
2018.04.20 18:59:34.293,0.72012,0.72022,1.12,1.20
2018.04.20 18:59:35.571,0.72011,0.72022,1.00,3.07
2018.04.20 18:59:36.074,0.72011,0.72021,1.00,3.07
2018.04.20 18:59:37.620,0.72011,0.7202,1.00,1.20
2018.04.20 18:59:38.174,0.7201,0.72019,1.00,1.00
2018.04.20 18:59:38.775,0.7201,0.7202,1.00,2.32
2018.04.20 18:59:40.089,0.7201,0.7202,1.00,2.32
2018.04.20 18:59:40.659,0.7201,0.7202,1.00,1.57
2018.04.20 18:59:42.154,0.7201,0.72019,1.00,1.00
2018.04.20 18:59:42.865,0.7201,0.7202,1.00,3.07
2018.04.20 18:59:48.141,0.7201,0.7202,1.00,3.82
2018.04.20 18:59:48.749,0.7201,0.7202,1.00,1.57
2018.04.20 18:59:50.152,0.7201,0.72019,1.00,1.50
2018.04.20 18:59:50.686,0.7201,0.7202,1.00,2.32
2018.04.20 18:59:51.331,0.7201,0.72019,1.00,1.00
2018.04.20 18:59:51.913,0.7201,0.7202,1.00,3.82
2018.04.20 18:59:52.306,0.7201,0.72018,1.00,1.00
2018.04.20 18:59:52.973,0.7201,0.7202,1.00,2.32
2018.04.20 18:59:54.499,0.7201,0.7202,1.50,2.70
2018.04.20 18:59:55.515,0.7201,0.7202,1.50,1.57
2018.04.20 18:59:56.104,0.7201,0.7202,1.50,2.70
2018.04.20 18:59:57.448,0.7201,0.7202,1.50,1.57
2018.04.20 18:59:59.399,0.72009,0.72016,1.87,1.00
2018.04.20 18:59:59.563,0.72009,0.72018,1.87,1.00
