2012.04.04 07:00:00.393,0.81578,0.81595,1.50,3.75
2012.04.04 07:00:01.525,0.81577,0.81594,2.25,1.13
2012.04.04 07:00:04.637,0.81577,0.81595,1.88,4.69
2012.04.04 07:00:04.711,0.81577,0.81595,1.88,4.69
2012.04.04 07:00:05.067,0.81584,0.816,2.25,1.54
2012.04.04 07:00:05.626,0.81585,0.81603,1.50,2.70
2012.04.04 07:00:06.471,0.81584,0.81602,2.25,1.58
2012.04.04 07:00:09.445,0.81585,0.81603,1.50,2.70
2012.04.04 07:00:12.678,0.81586,0.81602,1.50,1.58
2012.04.04 07:00:13.763,0.81588,0.81604,1.50,2.52
2012.04.04 07:00:13.951,0.81586,0.81604,3.00,2.52
2012.04.04 07:00:14.504,0.81587,0.81603,1.50,2.25
2012.04.04 07:00:14.652,0.81589,0.81605,1.50,5.44
2012.04.04 07:00:14.873,0.81586,0.81602,1.88,1.50
2012.04.04 07:00:15.024,0.81588,0.81604,1.50,3.19
2012.04.04 07:00:15.245,0.81588,0.81606,2.25,4.50
2012.04.04 07:00:15.378,0.81593,0.81606,1.50,3.00
2012.04.04 07:00:15.590,0.81592,0.81608,1.88,2.25
2012.04.04 07:00:15.987,0.81594,0.8161,1.50,2.25
2012.04.04 07:00:16.370,0.81596,0.8161,1.50,2.25
2012.04.04 07:00:16.449,0.81594,0.8161,3.00,2.25
2012.04.04 07:00:17.047,0.81596,0.8161,1.50,2.25
2012.04.04 07:00:17.117,0.81594,0.8161,1.50,2.25
2012.04.04 07:00:18.520,0.81596,0.8161,1.50,2.25
2012.04.04 07:00:19.026,0.81597,0.8161,1.50,2.25
2012.04.04 07:00:19.671,0.81592,0.81604,1.50,1.50
2012.04.04 07:00:19.894,0.81592,0.81599,1.50,3.00
2012.04.04 07:00:19.975,0.81585,0.81594,1.13,2.25
2012.04.04 07:00:20.061,0.81586,0.81601,1.13,1.50
2012.04.04 07:00:20.142,0.81586,0.81605,1.13,3.19
2012.04.04 07:00:20.290,0.81586,0.81605,1.88,2.44
2012.04.04 07:00:21.898,0.81592,0.81605,1.50,2.25
2012.04.04 07:00:22.057,0.81592,0.81609,1.50,3.19
2012.04.04 07:00:22.131,0.81595,0.81609,1.50,3.19
2012.04.04 07:00:22.704,0.81595,0.81614,3.75,1.69
2012.04.04 07:00:23.146,0.81597,0.81616,1.13,3.38
2012.04.04 07:00:24.388,0.81597,0.81616,1.13,2.25
2012.04.04 07:00:24.950,0.81597,0.81616,1.50,2.25
2012.04.04 07:00:25.768,0.81597,0.81616,1.50,2.25
2012.04.04 07:00:26.333,0.81596,0.81616,1.50,3.00
2012.04.04 07:00:26.882,0.81595,0.81614,1.88,1.50
2012.04.04 07:00:27.410,0.81596,0.81615,1.13,1.50
2012.04.04 07:00:28.126,0.81597,0.81616,1.13,3.00
2012.04.04 07:00:28.661,0.81597,0.81616,1.50,3.00
2012.04.04 07:00:29.021,0.81599,0.81616,1.50,3.00
2012.04.04 07:00:29.918,0.816,0.81616,1.50,2.25
2012.04.04 07:00:37.533,0.81599,0.81615,1.50,1.50
2012.04.04 07:00:37.739,0.81597,0.81615,1.88,3.00
2012.04.04 07:00:39.980,0.81597,0.81615,1.88,1.88
2012.04.04 07:00:48.856,0.81597,0.81615,1.13,1.88
2012.04.04 07:00:48.938,0.81597,0.81615,1.13,1.88
2012.04.04 07:00:49.474,0.81597,0.81616,1.13,4.32
2012.04.04 07:00:49.624,0.81597,0.81616,1.13,4.32
2012.04.04 07:00:55.282,0.81596,0.81616,1.88,3.19
2012.04.04 07:00:55.805,0.81595,0.81615,2.25,1.50
2012.04.04 07:00:56.454,0.81595,0.81613,1.50,1.50
2012.04.04 07:00:56.543,0.81595,0.81612,1.13,1.50
2012.04.04 07:01:04.021,0.81595,0.81611,1.88,1.50
2012.04.04 07:01:04.651,0.81595,0.81611,1.13,1.50
2012.04.04 07:01:05.209,0.81595,0.81611,1.88,1.50
2012.04.04 07:01:06.052,0.81595,0.81613,3.00,1.50
2012.04.04 07:01:06.580,0.81595,0.81613,2.25,1.50
2012.04.04 07:01:08.617,0.81595,0.81614,2.25,1.50
2012.04.04 07:01:08.852,0.81595,0.81613,2.25,1.13
2012.04.04 07:01:09.358,0.81596,0.81613,1.13,1.88
2012.04.04 07:01:11.731,0.81596,0.81614,1.13,1.50
2012.04.04 07:01:11.938,0.81596,0.81613,1.13,1.71
2012.04.04 07:01:12.291,0.8159,0.81609,4.88,1.13
2012.04.04 07:01:12.732,0.81594,0.81609,1.50,2.25
2012.04.04 07:01:15.830,0.81593,0.81609,1.13,2.25
2012.04.04 07:01:18.463,0.81593,0.81609,1.13,2.25
2012.04.04 07:01:18.541,0.81595,0.81613,1.13,1.50
2012.04.04 07:01:19.158,0.81596,0.81615,1.13,1.13
2012.04.04 07:01:20.301,0.81596,0.81616,1.13,6.00
2012.04.04 07:01:24.514,0.81596,0.81612,1.13,1.52
2012.04.04 07:01:24.599,0.81592,0.81608,1.13,2.56
2012.04.04 07:01:27.220,0.81589,0.81607,1.13,1.09
2012.04.04 07:01:28.715,0.81591,0.81605,1.13,1.35
2012.04.04 07:01:29.279,0.81591,0.81604,3.38,1.50
2012.04.04 07:01:29.792,0.81591,0.81605,3.38,2.25
2012.04.04 07:01:32.011,0.81593,0.81606,1.13,1.35
2012.04.04 07:01:32.293,0.81592,0.81609,1.88,1.09
2012.04.04 07:01:33.121,0.81592,0.81611,2.25,1.13
2012.04.04 07:01:33.210,0.81591,0.81611,4.13,1.13
2012.04.04 07:01:33.928,0.81591,0.81612,4.13,2.44
2012.04.04 07:01:34.469,0.81592,0.81612,1.50,2.44
2012.04.04 07:01:35.858,0.81593,0.81612,1.88,2.44
2012.04.04 07:01:35.929,0.81596,0.81612,1.13,2.44
2012.04.04 07:01:36.209,0.816,0.81616,1.50,3.19
2012.04.04 07:01:36.549,0.81596,0.81616,1.50,1.69
2012.04.04 07:01:36.694,0.81604,0.81616,1.50,1.69
2012.04.04 07:01:36.779,0.81601,0.81616,3.00,1.69
2012.04.04 07:01:37.322,0.81601,0.81612,3.00,1.50
2012.04.04 07:01:37.959,0.816,0.8161,1.50,1.50
2012.04.04 07:01:38.036,0.81601,0.81613,1.88,2.25
2012.04.04 07:01:38.110,0.81601,0.81613,4.13,2.25
2012.04.04 07:01:38.447,0.81604,0.81611,1.50,1.50
2012.04.04 07:01:38.913,0.81605,0.81613,1.50,1.50
2012.04.04 07:01:39.343,0.81605,0.81617,1.50,1.50
2012.04.04 07:01:39.425,0.81605,0.81621,1.50,3.00
2012.04.04 07:01:39.506,0.81605,0.81621,1.50,2.25
2012.04.04 07:01:39.656,0.81603,0.81617,2.63,1.50
2012.04.04 07:01:39.875,0.81607,0.8162,1.50,1.50
2012.04.04 07:01:40.091,0.81605,0.81618,3.00,1.50
2012.04.04 07:01:40.500,0.81605,0.81618,3.00,3.75
2012.04.04 07:01:40.597,0.81608,0.81619,1.50,2.25
2012.04.04 07:01:40.810,0.81608,0.81621,1.50,1.50
2012.04.04 07:01:41.183,0.81608,0.81619,1.50,1.50
2012.04.04 07:01:41.682,0.81608,0.81621,1.50,1.50
2012.04.04 07:01:46.821,0.81608,0.81622,1.50,2.25
2012.04.04 07:01:46.898,0.81608,0.81619,1.50,1.50
2012.04.04 07:01:48.918,0.81608,0.81621,1.50,1.50
2012.04.04 07:01:49.444,0.81608,0.81622,1.50,1.50
2012.04.04 07:01:50.142,0.81608,0.81621,1.50,1.50
2012.04.04 07:01:50.994,0.81608,0.81619,1.50,1.50
2012.04.04 07:01:51.150,0.81608,0.81621,1.50,2.25
2012.04.04 07:01:52.170,0.81608,0.81621,1.50,3.75
2012.04.04 07:01:52.267,0.81608,0.8162,1.50,1.50
2012.04.04 07:01:52.486,0.81606,0.81617,1.50,2.25
2012.04.04 07:01:52.702,0.81602,0.81615,1.13,1.50
2012.04.04 07:01:53.236,0.81602,0.81617,1.13,1.50
2012.04.04 07:02:00.385,0.81602,0.81619,3.38,1.50
2012.04.04 07:02:00.467,0.81604,0.8162,1.50,2.25
2012.04.04 07:02:01.029,0.81603,0.81619,1.50,1.50
2012.04.04 07:02:01.545,0.81602,0.81619,1.88,1.50
2012.04.04 07:02:02.096,0.81602,0.8162,3.38,2.25
2012.04.04 07:02:02.626,0.81603,0.81621,1.50,4.32
2012.04.04 07:02:03.128,0.81602,0.81619,1.13,1.50
2012.04.04 07:02:03.649,0.81602,0.81619,1.13,2.25
2012.04.04 07:02:04.007,0.81602,0.81617,1.13,3.75
2012.04.04 07:02:04.150,0.81602,0.81617,1.13,3.75
2012.04.04 07:02:04.910,0.81603,0.81618,1.50,1.50
2012.04.04 07:02:06.269,0.81603,0.81617,1.50,1.58
2012.04.04 07:02:06.739,0.81603,0.81618,1.50,2.33
2012.04.04 07:02:06.834,0.81602,0.81618,1.13,3.00
2012.04.04 07:02:07.120,0.81603,0.81616,1.50,1.50
2012.04.04 07:02:07.471,0.81597,0.81608,2.25,3.94
2012.04.04 07:02:08.151,0.81592,0.81606,1.50,1.35
2012.04.04 07:02:08.248,0.81597,0.81607,1.13,1.13
2012.04.04 07:02:08.317,0.81597,0.81608,1.13,4.13
2012.04.04 07:02:08.464,0.816,0.81608,1.50,2.63
2012.04.04 07:02:08.623,0.816,0.81612,1.50,1.88
2012.04.04 07:02:08.710,0.81598,0.81612,1.50,1.50
2012.04.04 07:02:08.869,0.81598,0.81615,1.50,1.88
2012.04.04 07:02:08.942,0.816,0.81615,1.50,1.88
2012.04.04 07:02:09.158,0.816,0.81616,1.50,1.50
2012.04.04 07:02:09.786,0.816,0.81617,1.50,2.82
2012.04.04 07:02:10.348,0.81601,0.81616,1.50,1.13
2012.04.04 07:02:10.896,0.81599,0.81616,1.50,1.13
2012.04.04 07:02:11.650,0.81598,0.81616,1.50,2.63
2012.04.04 07:02:12.149,0.816,0.81616,1.50,1.13
2012.04.04 07:02:13.409,0.81596,0.81614,3.38,2.25
2012.04.04 07:02:13.918,0.81598,0.81615,1.50,1.50
2012.04.04 07:02:16.863,0.81602,0.81616,1.50,1.88
2012.04.04 07:02:17.009,0.81599,0.81616,1.50,1.88
2012.04.04 07:02:17.689,0.81598,0.81614,1.50,2.25
2012.04.04 07:02:17.757,0.81596,0.81611,1.88,1.88
2012.04.04 07:02:19.573,0.81596,0.81608,1.13,2.25
2012.04.04 07:02:21.202,0.81596,0.81609,1.13,2.33
2012.04.04 07:02:21.709,0.81596,0.81608,1.13,2.63
2012.04.04 07:02:21.991,0.81596,0.81609,1.13,1.50
2012.04.04 07:02:22.201,0.81596,0.8161,1.13,2.25
2012.04.04 07:02:22.738,0.81596,0.8161,1.13,1.50
2012.04.04 07:02:23.293,0.81596,0.81609,1.13,1.50
2012.04.04 07:02:23.514,0.81594,0.8161,1.69,1.50
2012.04.04 07:02:23.666,0.81596,0.81612,1.50,2.25
2012.04.04 07:02:24.325,0.81594,0.81609,1.69,1.13
2012.04.04 07:02:24.642,0.81588,0.81606,2.44,1.88
2012.04.04 07:02:25.169,0.81591,0.81607,1.50,4.13
2012.04.04 07:02:25.814,0.81589,0.81607,1.50,4.13
2012.04.04 07:02:27.359,0.81591,0.81607,1.50,4.13
2012.04.04 07:02:29.461,0.81589,0.81607,3.00,4.13
2012.04.04 07:02:29.530,0.81591,0.81607,1.50,4.13
2012.04.04 07:02:33.517,0.81589,0.81607,3.00,3.38
2012.04.04 07:02:34.446,0.81591,0.81607,1.50,3.38
2012.04.04 07:02:35.104,0.81593,0.81607,1.50,1.88
2012.04.04 07:02:35.671,0.81592,0.81607,1.50,1.88
2012.04.04 07:02:36.654,0.8159,0.81606,1.50,1.88
2012.04.04 07:02:37.070,0.81592,0.81606,1.50,1.13
2012.04.04 07:02:37.213,0.81592,0.81608,1.69,1.28
2012.04.04 07:02:37.781,0.81594,0.81609,2.25,1.50
2012.04.04 07:02:38.341,0.81597,0.81609,1.50,1.50
2012.04.04 07:02:38.449,0.81597,0.81612,1.50,1.50
2012.04.04 07:02:41.479,0.81597,0.81613,1.50,2.25
2012.04.04 07:02:42.903,0.81598,0.81614,1.50,4.50
2012.04.04 07:02:43.891,0.81597,0.81613,2.25,2.25
2012.04.04 07:02:46.139,0.81599,0.81614,1.50,3.00
2012.04.04 07:02:46.597,0.81598,0.81614,1.69,2.25
2012.04.04 07:02:46.687,0.81602,0.81616,1.13,1.50
2012.04.04 07:02:46.891,0.81602,0.81618,1.13,2.63
2012.04.04 07:02:46.974,0.81602,0.81615,1.32,1.50
2012.04.04 07:02:47.049,0.81602,0.81618,2.82,1.50
2012.04.04 07:02:47.261,0.81604,0.8162,1.50,2.25
2012.04.04 07:02:47.816,0.81603,0.81619,3.00,1.50
2012.04.04 07:02:48.208,0.81604,0.81622,1.50,1.50
2012.04.04 07:02:48.483,0.81604,0.8162,1.50,1.50
2012.04.04 07:02:49.052,0.81603,0.8162,1.50,1.50
2012.04.04 07:02:49.584,0.81604,0.8162,2.25,1.50
2012.04.04 07:02:49.754,0.81604,0.81622,2.25,1.50
2012.04.04 07:02:49.834,0.81606,0.81623,1.50,3.00
2012.04.04 07:02:50.144,0.81607,0.81623,1.50,1.13
2012.04.04 07:02:50.983,0.81606,0.8162,1.50,1.50
2012.04.04 07:02:51.394,0.81606,0.81618,1.50,1.50
2012.04.04 07:02:51.895,0.81606,0.81619,1.50,1.50
2012.04.04 07:02:52.510,0.81606,0.8162,1.50,1.50
2012.04.04 07:02:53.112,0.81606,0.8162,1.88,1.50
2012.04.04 07:02:53.682,0.81606,0.81619,1.50,1.50
2012.04.04 07:02:54.132,0.81605,0.81621,2.25,3.00
2012.04.04 07:02:54.639,0.81604,0.81622,3.19,2.25
2012.04.04 07:02:55.527,0.81607,0.81623,2.25,4.50
2012.04.04 07:02:56.245,0.81607,0.81622,2.25,1.50
2012.04.04 07:02:58.545,0.81607,0.81623,2.25,5.25
2012.04.04 07:02:59.167,0.81607,0.81623,2.63,3.00
2012.04.04 07:02:59.256,0.8161,0.81626,2.25,1.50
2012.04.04 07:02:59.748,0.8161,0.81626,2.25,1.50
2012.04.04 07:03:00.312,0.8161,0.81628,2.25,1.88
2012.04.04 07:03:00.536,0.8161,0.81626,2.25,1.50
2012.04.04 07:03:01.136,0.81611,0.81627,2.25,1.50
2012.04.04 07:03:02.051,0.81612,0.81627,1.50,1.50
2012.04.04 07:03:02.344,0.81616,0.81632,3.00,3.75
2012.04.04 07:03:02.420,0.81617,0.81632,2.25,2.25
2012.04.04 07:03:02.992,0.81626,0.81632,3.57,1.50
2012.04.04 07:03:03.290,0.81626,0.81639,2.07,1.13
2012.04.04 07:03:03.358,0.81626,0.81643,2.07,1.88
2012.04.04 07:03:04.086,0.81627,0.81643,1.50,1.88
2012.04.04 07:03:04.583,0.81627,0.81643,1.50,2.03
2012.04.04 07:03:04.732,0.81627,0.81641,1.50,1.88
2012.04.04 07:03:05.720,0.81625,0.8164,1.69,1.88
2012.04.04 07:03:06.284,0.81624,0.81639,1.50,1.50
2012.04.04 07:03:07.472,0.81624,0.81642,3.00,4.88
2012.04.04 07:03:09.994,0.81625,0.81641,3.00,1.50
2012.04.04 07:03:10.629,0.81625,0.8164,1.50,1.50
2012.04.04 07:03:11.527,0.81625,0.81641,1.50,1.50
2012.04.04 07:03:12.047,0.81625,0.8164,1.50,1.50
2012.04.04 07:03:12.773,0.81625,0.81642,1.50,2.25
2012.04.04 07:03:12.847,0.81625,0.8164,1.50,1.50
2012.04.04 07:03:13.464,0.81625,0.81641,3.00,1.50
2012.04.04 07:03:14.215,0.81627,0.81643,2.25,5.63
2012.04.04 07:03:15.689,0.81625,0.81641,1.50,1.50
2012.04.04 07:03:17.485,0.81625,0.81642,1.50,2.25
2012.04.04 07:03:18.051,0.81625,0.8164,1.50,1.50
2012.04.04 07:03:19.099,0.81625,0.81638,1.50,1.50
2012.04.04 07:03:19.371,0.81625,0.8164,1.50,1.50
2012.04.04 07:03:20.084,0.81626,0.81639,1.50,1.50
2012.04.04 07:03:20.817,0.81624,0.8164,1.50,1.50
2012.04.04 07:03:20.912,0.81626,0.81636,1.50,1.50
2012.04.04 07:03:21.347,0.81628,0.81638,1.50,1.50
2012.04.04 07:03:21.492,0.81626,0.8164,1.50,1.50
2012.04.04 07:03:21.694,0.81626,0.81637,1.50,1.50
2012.04.04 07:03:22.469,0.81624,0.81639,1.50,1.50
2012.04.04 07:03:22.892,0.81626,0.81642,1.50,2.25
2012.04.04 07:03:23.722,0.81626,0.81641,1.50,1.50
2012.04.04 07:03:23.974,0.81626,0.8164,1.50,1.50
2012.04.04 07:03:24.840,0.81626,0.81636,1.50,1.50
2012.04.04 07:03:25.891,0.81626,0.81637,1.50,1.50
2012.04.04 07:03:26.927,0.81626,0.81641,1.50,1.50
2012.04.04 07:03:27.437,0.81627,0.81643,2.25,3.00
2012.04.04 07:03:27.981,0.81627,0.81643,3.00,1.50
2012.04.04 07:03:28.199,0.81628,0.81644,3.19,1.50
2012.04.04 07:03:28.551,0.81633,0.81649,1.50,5.63
2012.04.04 07:03:29.052,0.81631,0.81647,2.25,1.88
2012.04.04 07:03:30.337,0.81632,0.81648,2.25,1.50
2012.04.04 07:03:30.686,0.81631,0.81646,2.07,1.50
2012.04.04 07:03:30.757,0.81632,0.81648,3.00,3.00
2012.04.04 07:03:31.287,0.81632,0.81648,3.00,1.50
2012.04.04 07:03:32.369,0.81631,0.81646,2.07,1.50
2012.04.04 07:03:32.659,0.81631,0.81649,3.75,1.88
2012.04.04 07:03:32.945,0.81631,0.81647,3.75,1.50
2012.04.04 07:03:33.494,0.81632,0.81648,2.44,1.50
2012.04.04 07:03:34.818,0.81632,0.81648,2.82,1.50
2012.04.04 07:03:34.887,0.81632,0.81648,2.44,1.50
2012.04.04 07:03:35.031,0.81633,0.81649,3.75,1.88
2012.04.04 07:03:35.458,0.81633,0.81649,3.75,1.88
2012.04.04 07:03:35.589,0.81636,0.81652,1.50,4.35
2012.04.04 07:03:35.892,0.81633,0.81651,3.00,2.25
2012.04.04 07:03:36.523,0.81634,0.8165,1.50,1.50
2012.04.04 07:03:36.738,0.81634,0.81646,1.50,1.35
2012.04.04 07:03:37.096,0.8163,0.81644,3.00,1.50
2012.04.04 07:03:37.310,0.8163,0.8164,2.25,1.50
2012.04.04 07:03:37.583,0.8163,0.81643,2.25,3.00
2012.04.04 07:03:37.740,0.8163,0.81641,2.25,1.50
2012.04.04 07:03:38.144,0.81628,0.81641,3.75,1.50
2012.04.04 07:03:38.667,0.81628,0.81641,1.28,1.50
2012.04.04 07:03:38.813,0.81629,0.81639,1.02,1.50
2012.04.04 07:03:38.899,0.81629,0.81641,1.28,1.50
2012.04.04 07:03:39.792,0.81626,0.81642,2.25,2.25
2012.04.04 07:03:40.300,0.81625,0.81641,1.50,3.00
2012.04.04 07:03:40.375,0.81625,0.81639,1.13,1.50
2012.04.04 07:03:42.139,0.81624,0.81636,1.13,1.50
2012.04.04 07:03:42.500,0.81623,0.8163,1.13,1.50
2012.04.04 07:03:42.578,0.81625,0.81634,2.25,2.25
2012.04.04 07:03:42.666,0.81625,0.81638,2.25,3.38
2012.04.04 07:03:43.099,0.81622,0.81638,2.25,2.25
2012.04.04 07:03:43.303,0.81623,0.81639,2.25,1.50
2012.04.04 07:03:43.690,0.8162,0.81637,5.67,1.50
2012.04.04 07:03:46.775,0.81621,0.81637,1.69,2.25
2012.04.04 07:03:46.844,0.81621,0.81637,2.44,1.50
2012.04.04 07:03:48.992,0.81621,0.81637,2.25,1.50
2012.04.04 07:03:49.725,0.8162,0.81636,3.75,2.25
2012.04.04 07:03:49.811,0.8162,0.81636,4.50,2.25
2012.04.04 07:03:49.960,0.8162,0.81633,2.25,1.50
2012.04.04 07:03:50.101,0.8162,0.81635,2.25,2.25
2012.04.04 07:03:50.667,0.81621,0.81637,1.50,3.23
2012.04.04 07:03:50.807,0.81619,0.81633,2.25,1.50
2012.04.04 07:03:51.378,0.81614,0.8163,2.44,1.50
2012.04.04 07:03:51.936,0.81615,0.81631,2.44,1.50
2012.04.04 07:03:52.502,0.81614,0.8163,2.44,1.50
2012.04.04 07:03:53.045,0.81614,0.8163,2.44,1.50
2012.04.04 07:03:54.264,0.81614,0.8163,2.44,1.50
2012.04.04 07:03:54.787,0.81615,0.81631,2.44,1.50
2012.04.04 07:03:55.456,0.81614,0.8163,2.44,1.50
2012.04.04 07:03:56.277,0.81615,0.81631,2.25,1.50
2012.04.04 07:03:56.790,0.81614,0.81632,2.25,2.25
2012.04.04 07:03:57.254,0.81614,0.81632,2.25,2.25
2012.04.04 07:03:57.473,0.81614,0.81632,2.25,2.25
2012.04.04 07:04:09.194,0.81617,0.81635,2.25,3.38
2012.04.04 07:04:09.341,0.81616,0.81632,2.25,1.50
2012.04.04 07:04:09.938,0.81618,0.81634,1.50,3.00
2012.04.04 07:04:11.117,0.81616,0.81634,2.25,3.00
2012.04.04 07:04:11.670,0.81617,0.81634,1.50,1.88
2012.04.04 07:04:12.226,0.81618,0.81634,1.50,3.38
2012.04.04 07:04:16.366,0.81619,0.81634,1.50,1.88
2012.04.04 07:04:16.721,0.81618,0.81627,1.50,1.13
2012.04.04 07:04:16.871,0.81616,0.81627,1.50,1.13
2012.04.04 07:04:17.271,0.81616,0.81631,1.50,3.19
2012.04.04 07:04:17.353,0.81618,0.81631,1.50,3.19
2012.04.04 07:04:18.037,0.81619,0.81631,1.50,2.44
2012.04.04 07:04:20.163,0.8162,0.81631,1.50,2.25
2012.04.04 07:04:20.647,0.81619,0.81637,2.25,5.82
2012.04.04 07:04:20.734,0.81619,0.81631,2.25,2.25
2012.04.04 07:04:21.242,0.8162,0.81631,1.50,3.00
2012.04.04 07:04:21.902,0.81618,0.81631,3.75,3.00
2012.04.04 07:04:22.463,0.81618,0.81631,2.25,3.00
2012.04.04 07:04:23.349,0.8162,0.81631,1.50,3.00
2012.04.04 07:04:23.950,0.81619,0.81631,2.25,3.00
2012.04.04 07:04:24.776,0.8162,0.81631,1.50,3.00
2012.04.04 07:04:25.940,0.81618,0.81631,2.25,3.00
2012.04.04 07:04:27.875,0.81618,0.81631,1.50,3.00
2012.04.04 07:04:27.963,0.81616,0.81631,1.50,2.25
2012.04.04 07:04:28.819,0.81618,0.81631,1.50,2.25
2012.04.04 07:04:29.359,0.81616,0.81631,1.50,2.25
2012.04.04 07:04:29.803,0.81618,0.81634,1.50,1.50
2012.04.04 07:04:29.951,0.81614,0.81632,1.50,1.50
2012.04.04 07:04:30.031,0.81614,0.81632,3.75,1.50
2012.04.04 07:04:30.389,0.81614,0.81632,2.25,2.25
2012.04.04 07:04:30.532,0.81616,0.81632,1.50,2.25
2012.04.04 07:04:31.367,0.81617,0.81632,1.50,2.07
2012.04.04 07:04:31.936,0.81618,0.81632,1.50,4.32
2012.04.04 07:04:33.181,0.81619,0.81632,1.50,4.32
2012.04.04 07:04:34.052,0.81618,0.81632,1.50,4.32
2012.04.04 07:04:35.068,0.81616,0.81632,3.00,4.32
2012.04.04 07:04:35.149,0.81618,0.81632,1.50,4.32
2012.04.04 07:04:36.992,0.81617,0.81632,1.50,4.32
2012.04.04 07:04:37.766,0.81617,0.81632,1.50,4.69
2012.04.04 07:04:38.133,0.81617,0.81631,1.50,1.88
2012.04.04 07:04:38.699,0.81612,0.81626,1.50,2.63
2012.04.04 07:04:38.779,0.81605,0.81621,5.25,1.50
2012.04.04 07:04:38.920,0.81605,0.81621,3.75,1.50
2012.04.04 07:04:39.441,0.81606,0.81622,2.25,1.50
2012.04.04 07:04:39.953,0.81604,0.81621,4.39,1.50
2012.04.04 07:04:40.907,0.81606,0.81622,2.25,1.50
2012.04.04 07:04:41.809,0.81606,0.81622,2.25,1.50
2012.04.04 07:04:42.806,0.81607,0.81625,2.25,2.63
2012.04.04 07:04:43.396,0.81607,0.81623,2.25,1.50
2012.04.04 07:04:44.930,0.81607,0.81621,2.25,1.50
2012.04.04 07:04:45.278,0.81601,0.81616,3.08,3.00
2012.04.04 07:04:45.778,0.81603,0.81618,2.89,1.50
2012.04.04 07:04:45.923,0.81606,0.8162,1.50,1.13
2012.04.04 07:04:46.516,0.81608,0.81622,1.50,3.00
2012.04.04 07:04:46.602,0.81605,0.81621,2.25,1.50
2012.04.04 07:04:47.169,0.81606,0.81622,1.50,4.50
2012.04.04 07:04:49.267,0.81607,0.81622,1.50,3.00
2012.04.04 07:04:49.798,0.8161,0.81622,1.50,3.00
2012.04.04 07:04:51.609,0.81608,0.81622,1.50,3.00
2012.04.04 07:04:52.277,0.81604,0.81622,3.00,4.50
2012.04.04 07:04:52.784,0.81605,0.81621,2.25,1.50
2012.04.04 07:04:53.311,0.81606,0.81622,1.50,4.50
2012.04.04 07:04:55.188,0.81606,0.81622,1.50,5.07
2012.04.04 07:04:55.328,0.81604,0.81622,3.00,5.82
2012.04.04 07:04:55.455,0.81603,0.81619,3.75,1.50
2012.04.04 07:04:56.600,0.81605,0.81621,1.50,1.13
2012.04.04 07:05:00.577,0.81604,0.8162,2.25,1.50
2012.04.04 07:05:01.336,0.81603,0.81621,2.25,2.63
2012.04.04 07:05:02.643,0.81604,0.8162,2.25,1.50
2012.04.04 07:05:03.283,0.81605,0.81621,1.50,3.38
2012.04.04 07:05:03.815,0.81604,0.81622,2.25,5.82
2012.04.04 07:05:04.626,0.81606,0.81622,1.50,5.82
2012.04.04 07:05:05.796,0.81606,0.81622,1.50,7.17
2012.04.04 07:05:06.168,0.816,0.81616,1.50,2.70
2012.04.04 07:05:06.818,0.81593,0.81602,1.13,1.32
2012.04.04 07:05:06.913,0.81588,0.81602,2.25,4.32
2012.04.04 07:05:08.415,0.81587,0.81602,1.50,4.32
2012.04.04 07:05:08.506,0.81584,0.81602,2.25,6.94
2012.04.04 07:05:10.668,0.81586,0.81602,1.50,6.94
2012.04.04 07:05:12.523,0.81585,0.81601,2.25,2.25
2012.04.04 07:05:13.347,0.81583,0.81599,3.00,1.50
2012.04.04 07:05:13.757,0.81586,0.81601,1.50,2.25
2012.04.04 07:05:14.248,0.81587,0.81602,1.50,6.19
2012.04.04 07:05:14.450,0.81585,0.81601,2.25,2.25
2012.04.04 07:05:15.520,0.81586,0.81602,1.50,7.32
2012.04.04 07:05:16.073,0.81587,0.81602,1.50,5.82
2012.04.04 07:05:16.363,0.81584,0.81602,2.25,7.32
2012.04.04 07:05:17.056,0.81586,0.81602,1.50,7.32
2012.04.04 07:05:18.258,0.81585,0.81601,2.25,2.25
2012.04.04 07:05:19.300,0.81585,0.81601,2.25,3.00
2012.04.04 07:05:20.235,0.81585,0.81595,2.25,1.13
2012.04.04 07:05:20.390,0.81575,0.81591,2.25,2.25
2012.04.04 07:05:20.467,0.81574,0.81589,4.50,1.50
2012.04.04 07:05:20.967,0.81572,0.81587,1.50,2.25
2012.04.04 07:05:21.059,0.8157,0.81582,1.50,1.50
2012.04.04 07:05:21.703,0.81563,0.81582,1.50,2.25
2012.04.04 07:05:22.352,0.81567,0.81587,1.50,3.75
2012.04.04 07:05:23.537,0.81567,0.81587,2.25,3.75
2012.04.04 07:05:23.921,0.81572,0.81587,1.69,3.00
2012.04.04 07:05:24.010,0.81573,0.81589,2.25,1.50
2012.04.04 07:05:24.227,0.81571,0.81588,1.50,2.25
2012.04.04 07:05:24.580,0.81569,0.81587,1.50,3.00
2012.04.04 07:05:25.450,0.81569,0.81588,3.75,1.50
2012.04.04 07:05:26.332,0.81569,0.81591,5.44,3.00
2012.04.04 07:05:27.012,0.81569,0.81591,4.69,3.75
2012.04.04 07:05:28.739,0.81569,0.81591,3.94,3.75
2012.04.04 07:05:29.297,0.81569,0.81588,3.94,1.50
2012.04.04 07:05:30.253,0.81569,0.81582,3.19,2.10
2012.04.04 07:05:30.380,0.81569,0.81578,3.75,1.50
2012.04.04 07:05:31.096,0.81569,0.81581,3.00,1.50
2012.04.04 07:05:31.285,0.8157,0.81586,2.25,1.50
2012.04.04 07:05:33.735,0.8157,0.81586,2.25,3.00
2012.04.04 07:05:34.927,0.81568,0.81586,6.19,2.63
2012.04.04 07:05:35.096,0.81568,0.81586,2.25,4.88
2012.04.04 07:05:35.170,0.81568,0.81584,2.25,1.13
2012.04.04 07:05:35.861,0.81563,0.81579,1.50,2.63
2012.04.04 07:05:36.148,0.81561,0.81577,1.50,1.50
2012.04.04 07:05:36.297,0.81563,0.81579,1.50,1.13
2012.04.04 07:05:36.652,0.81566,0.81579,1.50,1.13
2012.04.04 07:05:37.503,0.81562,0.81578,3.00,2.85
2012.04.04 07:05:37.752,0.81556,0.81573,1.35,2.25
2012.04.04 07:05:37.918,0.81555,0.8157,2.85,1.35
2012.04.04 07:05:38.071,0.81555,0.8157,2.25,2.10
2012.04.04 07:05:38.579,0.81553,0.81569,1.50,2.25
2012.04.04 07:05:38.828,0.81553,0.81568,1.50,1.13
2012.04.04 07:05:39.329,0.81552,0.81567,1.50,1.50
2012.04.04 07:05:40.673,0.8155,0.81567,3.00,2.25
2012.04.04 07:05:41.170,0.8155,0.81567,1.50,1.50
2012.04.04 07:05:41.762,0.81551,0.81567,1.50,1.50
2012.04.04 07:05:42.321,0.81552,0.81567,1.50,1.50
2012.04.04 07:05:42.848,0.81551,0.81567,1.50,1.50
2012.04.04 07:05:43.370,0.81554,0.81567,1.50,1.50
2012.04.04 07:05:43.437,0.81552,0.81567,1.50,1.50
2012.04.04 07:05:44.031,0.81549,0.81567,3.00,3.75
2012.04.04 07:05:44.647,0.81549,0.81567,3.60,3.00
2012.04.04 07:05:44.862,0.81552,0.81568,1.50,3.00
2012.04.04 07:05:45.777,0.81553,0.81569,1.50,2.25
2012.04.04 07:05:46.126,0.81552,0.8157,2.25,3.00
2012.04.04 07:05:46.680,0.81553,0.8157,3.00,1.50
2012.04.04 07:05:47.234,0.81552,0.8157,3.75,3.00
2012.04.04 07:05:47.669,0.81554,0.81571,1.50,1.50
2012.04.04 07:05:50.948,0.81553,0.81571,2.25,3.00
2012.04.04 07:05:51.526,0.81556,0.81572,1.50,4.13
2012.04.04 07:05:52.356,0.81556,0.81571,1.50,2.25
2012.04.04 07:05:52.440,0.81559,0.81571,1.50,2.25
2012.04.04 07:05:52.589,0.81557,0.81571,1.50,3.00
2012.04.04 07:05:53.276,0.81556,0.81571,1.50,3.00
2012.04.04 07:05:56.400,0.81555,0.81571,2.25,3.00
2012.04.04 07:05:56.613,0.81556,0.81571,2.25,3.00
2012.04.04 07:05:57.266,0.81561,0.81577,1.13,1.89
2012.04.04 07:05:57.344,0.81564,0.81578,2.25,1.50
2012.04.04 07:05:57.489,0.81565,0.81578,1.13,1.50
2012.04.04 07:05:57.563,0.8157,0.81583,1.50,2.63
2012.04.04 07:05:57.989,0.81571,0.81587,1.50,1.32
2012.04.04 07:05:59.172,0.8157,0.81586,1.50,1.88
2012.04.04 07:05:59.321,0.81568,0.81584,3.00,1.50
2012.04.04 07:05:59.742,0.81571,0.81587,1.50,4.32
2012.04.04 07:06:04.529,0.81572,0.81588,1.50,4.50
2012.04.04 07:06:04.897,0.81574,0.81588,1.50,4.50
2012.04.04 07:06:05.403,0.81573,0.8159,3.00,1.13
2012.04.04 07:06:06.225,0.81573,0.81591,3.00,3.75
2012.04.04 07:06:06.438,0.81577,0.81592,1.50,3.00
2012.04.04 07:06:06.722,0.81575,0.81591,1.50,2.25
2012.04.04 07:06:07.258,0.81576,0.81592,1.50,4.50
2012.04.04 07:06:07.327,0.81574,0.81592,2.25,4.50
2012.04.04 07:06:07.818,0.81577,0.81592,1.50,3.00
2012.04.04 07:06:07.890,0.81575,0.81592,3.00,3.00
2012.04.04 07:06:08.077,0.81577,0.81592,1.50,3.00
2012.04.04 07:06:08.651,0.81577,0.81592,1.50,3.00
2012.04.04 07:06:09.010,0.81574,0.81587,3.00,1.13
2012.04.04 07:06:09.571,0.81571,0.81586,2.25,1.35
2012.04.04 07:06:09.731,0.81571,0.81582,2.25,1.13
2012.04.04 07:06:10.159,0.8157,0.81586,3.00,1.50
2012.04.04 07:06:10.385,0.81574,0.81587,1.50,1.13
2012.04.04 07:06:12.629,0.81575,0.81587,1.50,1.13
2012.04.04 07:06:14.450,0.81575,0.81588,3.00,2.25
2012.04.04 07:06:14.527,0.81577,0.81592,1.50,1.50
2012.04.04 07:06:15.074,0.81576,0.81591,1.50,1.13
2012.04.04 07:06:15.434,0.81571,0.81586,1.50,1.50
2012.04.04 07:06:15.718,0.81569,0.81585,3.38,1.50
2012.04.04 07:06:15.933,0.81571,0.81586,1.50,1.50
2012.04.04 07:06:16.150,0.81569,0.81586,1.50,2.82
2012.04.04 07:06:16.229,0.81569,0.81586,2.25,2.82
2012.04.04 07:06:18.354,0.81569,0.81584,1.50,1.50
2012.04.04 07:06:18.903,0.81568,0.81585,1.50,1.50
2012.04.04 07:06:20.766,0.81568,0.81585,2.25,1.50
2012.04.04 07:06:21.287,0.81569,0.81586,1.50,3.75
2012.04.04 07:06:21.830,0.81569,0.81586,1.13,3.08
2012.04.04 07:06:23.828,0.81569,0.81584,1.50,1.50
2012.04.04 07:06:24.261,0.81571,0.81585,1.13,1.50
2012.04.04 07:06:24.909,0.81579,0.81594,1.50,2.63
2012.04.04 07:06:25.029,0.81584,0.81597,3.00,3.19
2012.04.04 07:06:25.387,0.81584,0.816,1.50,1.99
2012.04.04 07:06:30.198,0.81583,0.81597,2.25,2.25
2012.04.04 07:06:30.496,0.81581,0.81597,1.50,3.00
2012.04.04 07:06:30.702,0.81581,0.81597,2.25,2.25
2012.04.04 07:06:31.542,0.81581,0.81597,3.38,3.75
2012.04.04 07:06:31.842,0.81582,0.81598,2.25,5.63
2012.04.04 07:06:32.072,0.81584,0.816,2.25,2.82
2012.04.04 07:06:32.573,0.81586,0.81599,1.50,1.50
2012.04.04 07:06:33.225,0.81586,0.816,1.50,1.99
2012.04.04 07:06:33.520,0.81588,0.81601,1.50,3.49
2012.04.04 07:06:33.791,0.81588,0.81601,1.50,2.25
2012.04.04 07:06:34.210,0.8159,0.81601,1.50,2.25
2012.04.04 07:06:34.560,0.8159,0.81596,1.50,1.13
2012.04.04 07:06:35.195,0.81586,0.81595,1.50,1.50
2012.04.04 07:06:35.744,0.81586,0.81596,1.50,3.57
2012.04.04 07:06:36.253,0.81586,0.81596,1.50,3.57
2012.04.04 07:06:36.407,0.81586,0.81593,1.50,1.50
2012.04.04 07:06:36.947,0.81583,0.81593,1.50,2.25
2012.04.04 07:06:37.032,0.8158,0.81592,1.50,2.44
2012.04.04 07:06:37.675,0.8158,0.81591,1.50,1.50
2012.04.04 07:06:38.158,0.8158,0.81593,1.50,1.50
2012.04.04 07:06:38.837,0.8158,0.81594,1.50,1.50
2012.04.04 07:06:39.314,0.81576,0.81588,2.25,1.32
2012.04.04 07:06:39.676,0.81579,0.81591,1.50,2.45
2012.04.04 07:06:39.820,0.81578,0.81591,1.50,1.69
2012.04.04 07:06:39.962,0.81577,0.81592,1.13,2.82
2012.04.04 07:06:40.392,0.81576,0.81587,2.25,1.13
2012.04.04 07:06:41.271,0.81574,0.81587,2.25,1.13
2012.04.04 07:06:42.587,0.81574,0.81587,1.50,1.13
2012.04.04 07:06:42.732,0.81576,0.8159,1.50,1.13
2012.04.04 07:06:44.126,0.81576,0.81592,1.50,3.19
2012.04.04 07:06:45.462,0.81576,0.81592,2.25,3.19
2012.04.04 07:06:46.122,0.8158,0.81596,1.20,2.82
2012.04.04 07:06:46.293,0.81584,0.81596,1.50,2.07
2012.04.04 07:06:46.993,0.81585,0.81595,1.50,1.13
2012.04.04 07:06:47.215,0.81584,0.81595,2.25,1.13
2012.04.04 07:06:47.816,0.81584,0.81596,2.25,1.32
2012.04.04 07:07:06.086,0.81584,0.81598,1.50,1.88
2012.04.04 07:07:06.587,0.81584,0.81598,1.50,2.78
2012.04.04 07:07:10.296,0.81584,0.81598,2.25,2.78
2012.04.04 07:07:12.721,0.81585,0.81597,1.13,1.02
2012.04.04 07:07:13.080,0.81589,0.81602,1.50,1.77
2012.04.04 07:07:13.638,0.81587,0.81602,1.13,1.47
2012.04.04 07:07:13.780,0.81584,0.81601,1.50,3.53
2012.04.04 07:07:15.573,0.81581,0.81597,1.50,1.58
2012.04.04 07:07:15.664,0.81579,0.81596,1.13,1.02
2012.04.04 07:07:18.455,0.81576,0.81593,1.50,2.07
2012.04.04 07:07:18.535,0.81574,0.81592,2.25,2.33
2012.04.04 07:07:18.685,0.81574,0.81592,1.50,3.38
2012.04.04 07:07:19.165,0.81571,0.81587,1.50,1.13
2012.04.04 07:07:22.046,0.81571,0.81587,1.50,1.20
2012.04.04 07:07:22.266,0.81571,0.81588,2.25,3.00
2012.04.04 07:07:22.807,0.81573,0.81589,1.50,1.50
2012.04.04 07:07:23.166,0.8157,0.81587,1.50,2.70
2012.04.04 07:07:23.528,0.81562,0.81578,2.63,1.50
2012.04.04 07:07:23.602,0.81563,0.81578,1.50,1.50
2012.04.04 07:07:23.750,0.81563,0.81577,1.50,1.50
2012.04.04 07:07:24.336,0.81563,0.81576,1.50,1.50
2012.04.04 07:07:27.202,0.81563,0.8158,2.25,1.50
2012.04.04 07:07:27.490,0.81568,0.81579,2.25,1.50
2012.04.04 07:07:28.023,0.81568,0.81578,2.25,1.50
2012.04.04 07:07:28.549,0.81568,0.81579,2.25,1.50
2012.04.04 07:07:29.557,0.81568,0.81577,1.50,1.50
2012.04.04 07:07:29.697,0.81568,0.81579,1.50,1.50
2012.04.04 07:07:29.861,0.81568,0.81577,1.50,1.50
2012.04.04 07:07:30.378,0.81568,0.81578,1.50,1.50
2012.04.04 07:07:32.775,0.81561,0.81578,1.50,1.50
2012.04.04 07:07:33.891,0.81561,0.81577,1.50,1.50
2012.04.04 07:07:35.999,0.81562,0.81578,2.25,1.50
2012.04.04 07:07:39.454,0.81561,0.81577,3.19,1.50
2012.04.04 07:07:39.912,0.81561,0.81577,2.44,1.50
2012.04.04 07:07:40.138,0.81559,0.81573,2.44,1.50
2012.04.04 07:07:40.280,0.8156,0.81577,1.50,3.83
2012.04.04 07:07:40.488,0.81562,0.81577,1.50,3.45
2012.04.04 07:07:40.557,0.81559,0.81575,1.50,2.25
2012.04.04 07:07:40.878,0.81557,0.81575,2.82,1.58
2012.04.04 07:07:41.019,0.81557,0.81575,2.82,1.58
2012.04.04 07:07:42.572,0.8156,0.81575,1.50,1.50
2012.04.04 07:07:42.929,0.81559,0.81577,4.88,1.50
2012.04.04 07:07:43.467,0.8156,0.81578,2.25,1.50
2012.04.04 07:07:43.823,0.81563,0.81577,4.13,1.50
2012.04.04 07:07:44.177,0.81563,0.81574,4.13,1.50
2012.04.04 07:07:44.248,0.81563,0.81577,4.13,1.50
2012.04.04 07:07:44.808,0.81563,0.81576,4.13,1.50
2012.04.04 07:07:45.614,0.81563,0.81578,4.13,1.50
2012.04.04 07:07:46.447,0.81563,0.81579,4.13,1.50
2012.04.04 07:07:48.027,0.81563,0.81577,4.13,1.50
2012.04.04 07:07:49.036,0.81563,0.81579,4.13,1.50
2012.04.04 07:07:49.349,0.81563,0.81577,4.13,1.50
2012.04.04 07:07:49.867,0.81563,0.81578,4.13,1.50
2012.04.04 07:07:50.399,0.81563,0.81579,4.13,1.50
2012.04.04 07:07:50.615,0.81571,0.81586,1.50,1.69
2012.04.04 07:07:50.761,0.81574,0.81587,1.50,4.32
2012.04.04 07:07:51.331,0.81573,0.81587,1.50,4.13
2012.04.04 07:07:51.834,0.81572,0.81587,1.50,4.13
2012.04.04 07:07:51.983,0.81574,0.81587,1.50,4.13
2012.04.04 07:07:52.764,0.81573,0.81587,1.50,4.88
2012.04.04 07:07:53.700,0.81568,0.81584,2.25,1.50
2012.04.04 07:07:54.394,0.81566,0.81582,4.13,1.50
2012.04.04 07:07:54.948,0.81567,0.81583,2.25,1.50
2012.04.04 07:07:56.301,0.81567,0.81583,2.25,1.50
2012.04.04 07:07:56.641,0.81571,0.81587,1.50,4.13
2012.04.04 07:07:57.196,0.81572,0.81587,1.50,4.13
2012.04.04 07:07:57.825,0.8157,0.81586,1.50,2.25
2012.04.04 07:07:57.907,0.81574,0.81587,1.50,4.20
2012.04.04 07:07:58.631,0.81572,0.81586,1.50,1.50
2012.04.04 07:07:58.729,0.81567,0.81583,2.25,1.50
2012.04.04 07:07:58.939,0.81566,0.8158,1.50,1.50
2012.04.04 07:07:59.505,0.81565,0.8158,1.50,1.50
2012.04.04 07:07:59.722,0.81563,0.8158,3.00,1.50
2012.04.04 07:07:59.802,0.81562,0.8158,1.50,2.25
2012.04.04 07:08:00.314,0.81561,0.81577,3.00,1.50
2012.04.04 07:08:00.395,0.81561,0.81579,3.00,2.25
2012.04.04 07:08:02.405,0.81565,0.8158,1.13,1.50
2012.04.04 07:08:02.482,0.81569,0.81585,1.50,2.10
2012.04.04 07:08:03.047,0.81569,0.81587,3.75,6.00
2012.04.04 07:08:03.938,0.8157,0.81587,3.00,4.50
2012.04.04 07:08:04.299,0.81572,0.81587,1.50,4.50
2012.04.04 07:08:04.824,0.81571,0.81587,1.50,6.00
2012.04.04 07:08:05.175,0.81569,0.81587,2.25,6.00
2012.04.04 07:08:06.606,0.8157,0.81587,1.50,4.50
2012.04.04 07:08:07.476,0.81572,0.81587,1.50,4.50
2012.04.04 07:08:09.000,0.81571,0.81587,1.50,3.75
2012.04.04 07:08:09.513,0.8157,0.81587,1.50,4.50
2012.04.04 07:08:09.894,0.81568,0.81584,1.50,1.50
2012.04.04 07:08:10.457,0.81569,0.81585,1.50,1.58
2012.04.04 07:08:11.731,0.81568,0.81584,1.50,1.50
2012.04.04 07:08:12.241,0.81569,0.81585,2.25,1.50
2012.04.04 07:08:12.307,0.8157,0.81587,1.50,4.13
2012.04.04 07:08:12.974,0.81569,0.81587,2.25,5.63
2012.04.04 07:08:13.819,0.8157,0.81587,1.50,4.13
2012.04.04 07:08:14.337,0.81569,0.81587,2.25,5.63
2012.04.04 07:08:15.493,0.81569,0.81587,2.44,4.88
2012.04.04 07:08:16.042,0.81571,0.81587,1.50,4.88
2012.04.04 07:08:16.561,0.81569,0.81587,2.25,5.63
2012.04.04 07:08:16.992,0.81568,0.81585,2.44,1.50
2012.04.04 07:08:17.419,0.81569,0.81587,2.25,5.63
2012.04.04 07:08:18.094,0.8157,0.81587,1.50,3.38
2012.04.04 07:08:18.611,0.81571,0.81587,1.50,4.88
2012.04.04 07:08:19.319,0.81569,0.81587,2.25,4.88
2012.04.04 07:08:19.391,0.81573,0.81587,1.50,3.38
2012.04.04 07:08:20.048,0.81574,0.81587,1.50,3.38
2012.04.04 07:08:25.892,0.81573,0.81587,1.50,3.38
2012.04.04 07:08:26.447,0.81574,0.81587,1.50,3.38
2012.04.04 07:08:27.867,0.81575,0.81587,1.50,3.38
2012.04.04 07:08:28.338,0.81572,0.81587,1.50,3.38
2012.04.04 07:08:28.849,0.81574,0.81587,1.50,3.38
2012.04.04 07:08:29.301,0.81571,0.81587,1.50,3.38
2012.04.04 07:08:30.016,0.8157,0.81587,2.25,3.38
2012.04.04 07:08:30.217,0.81572,0.81587,1.50,3.38
2012.04.04 07:08:32.992,0.81569,0.81587,3.00,4.88
2012.04.04 07:08:33.067,0.81571,0.81587,1.50,4.88
2012.04.04 07:08:33.711,0.8157,0.81586,1.50,1.50
2012.04.04 07:08:34.517,0.81571,0.81587,1.50,3.38
2012.04.04 07:08:38.622,0.81574,0.81587,1.50,3.38
2012.04.04 07:08:38.859,0.81571,0.81587,3.00,5.07
2012.04.04 07:08:38.939,0.81569,0.81585,2.25,1.58
2012.04.04 07:08:39.292,0.81565,0.81583,2.63,2.25
2012.04.04 07:08:39.810,0.81567,0.81583,2.44,1.50
2012.04.04 07:08:40.350,0.81568,0.81584,2.25,2.25
2012.04.04 07:08:40.702,0.81563,0.81578,1.88,1.50
2012.04.04 07:08:41.053,0.81564,0.81579,1.50,1.95
2012.04.04 07:08:41.133,0.81563,0.81579,2.25,2.78
2012.04.04 07:08:41.433,0.81559,0.81572,2.25,1.50
2012.04.04 07:08:41.595,0.81555,0.8157,1.50,1.50
2012.04.04 07:08:42.110,0.81555,0.81569,1.50,1.50
2012.04.04 07:08:42.620,0.81555,0.8157,1.50,1.50
2012.04.04 07:08:43.403,0.81555,0.81569,1.50,1.50
2012.04.04 07:08:43.693,0.81555,0.81567,1.50,1.50
2012.04.04 07:08:44.231,0.81551,0.81567,3.19,3.00
2012.04.04 07:08:45.287,0.81552,0.81568,2.44,1.50
2012.04.04 07:08:45.804,0.81551,0.81569,3.19,1.50
2012.04.04 07:08:46.371,0.81551,0.81568,1.69,1.50
2012.04.04 07:08:46.899,0.81551,0.81567,1.69,1.50
2012.04.04 07:08:47.553,0.81551,0.81566,1.50,1.50
2012.04.04 07:08:49.413,0.81554,0.8157,2.25,1.50
2012.04.04 07:08:49.635,0.81555,0.8157,1.50,1.50
2012.04.04 07:08:50.130,0.81559,0.81575,1.50,3.75
2012.04.04 07:08:50.275,0.81559,0.81575,1.50,2.25
2012.04.04 07:08:50.354,0.81557,0.81575,2.44,2.25
2012.04.04 07:08:50.858,0.81557,0.81575,4.69,2.25
2012.04.04 07:08:50.940,0.81559,0.81577,1.50,4.88
2012.04.04 07:08:51.295,0.8156,0.81576,2.25,1.50
2012.04.04 07:08:51.933,0.81559,0.81574,3.00,1.50
2012.04.04 07:08:52.540,0.81559,0.81574,3.00,1.50
2012.04.04 07:08:52.881,0.81561,0.81576,1.50,1.50
2012.04.04 07:08:53.071,0.81561,0.81574,1.50,1.50
2012.04.04 07:08:53.402,0.81561,0.81576,1.50,1.50
2012.04.04 07:08:55.582,0.81563,0.81576,1.50,1.50
2012.04.04 07:08:55.665,0.81564,0.81576,1.50,1.50
2012.04.04 07:08:57.708,0.81564,0.81577,1.50,1.50
2012.04.04 07:08:59.241,0.81564,0.81575,1.50,1.50
2012.04.04 07:08:59.369,0.81564,0.81577,1.50,1.50
2012.04.04 07:08:59.875,0.81564,0.81576,1.50,1.50
2012.04.04 07:09:07.500,0.8156,0.81576,3.00,1.58
2012.04.04 07:09:07.646,0.81559,0.81573,1.50,1.50
2012.04.04 07:09:07.999,0.81559,0.81571,1.50,1.50
2012.04.04 07:09:09.805,0.8156,0.81571,1.50,1.50
2012.04.04 07:09:10.310,0.81559,0.81569,1.50,1.50
2012.04.04 07:09:10.589,0.81554,0.81567,1.13,1.50
2012.04.04 07:09:10.800,0.81554,0.8157,2.63,1.50
2012.04.04 07:09:11.411,0.81555,0.81571,2.25,3.75
2012.04.04 07:09:11.495,0.8156,0.81571,2.25,3.75
2012.04.04 07:09:11.800,0.81562,0.81574,1.88,1.50
2012.04.04 07:09:11.950,0.81564,0.81576,1.50,1.50
2012.04.04 07:09:12.028,0.81565,0.8158,1.50,3.75
2012.04.04 07:09:12.848,0.81569,0.81578,1.50,1.50
2012.04.04 07:09:12.936,0.81569,0.81585,1.50,1.13
2012.04.04 07:09:13.424,0.81569,0.8158,1.50,1.50
2012.04.04 07:09:13.866,0.81569,0.81582,1.50,1.50
2012.04.04 07:09:14.013,0.81569,0.81586,1.50,2.63
2012.04.04 07:09:14.614,0.81569,0.81584,1.50,1.50
2012.04.04 07:09:15.498,0.81569,0.81586,1.50,2.25
2012.04.04 07:09:15.579,0.81569,0.81581,1.50,1.50
2012.04.04 07:09:17.180,0.81566,0.81581,1.50,1.50
2012.04.04 07:09:17.250,0.81566,0.81579,1.50,1.50
2012.04.04 07:09:17.391,0.81565,0.81582,2.25,4.13
2012.04.04 07:09:17.663,0.81564,0.81579,1.50,1.50
2012.04.04 07:09:19.802,0.81564,0.8158,1.50,1.50
2012.04.04 07:09:21.936,0.81564,0.81581,1.50,1.50
2012.04.04 07:09:22.413,0.81564,0.81579,1.50,2.25
2012.04.04 07:09:23.106,0.81564,0.81576,1.50,1.50
2012.04.04 07:09:23.698,0.81564,0.81575,1.50,1.58
2012.04.04 07:09:23.782,0.8156,0.81576,1.50,1.20
2012.04.04 07:09:23.850,0.81559,0.81576,2.25,1.20
2012.04.04 07:09:24.422,0.81558,0.81573,1.50,1.50
2012.04.04 07:09:24.952,0.81558,0.81575,1.50,2.33
2012.04.04 07:09:25.524,0.81562,0.81577,1.50,2.52
2012.04.04 07:09:25.679,0.8156,0.81577,3.00,2.33
2012.04.04 07:09:25.758,0.8156,0.81577,4.50,2.25
2012.04.04 07:09:26.117,0.81563,0.81577,1.50,1.50
2012.04.04 07:09:26.618,0.81563,0.81576,1.50,1.50
2012.04.04 07:09:27.300,0.81563,0.81577,1.50,1.50
2012.04.04 07:09:27.995,0.81563,0.81576,1.50,1.50
2012.04.04 07:09:29.642,0.81563,0.81575,1.50,1.50
2012.04.04 07:09:30.184,0.81563,0.81576,1.50,1.50
2012.04.04 07:09:30.721,0.81559,0.81575,3.00,1.50
2012.04.04 07:09:30.868,0.81561,0.81577,1.50,3.00
2012.04.04 07:09:30.938,0.81564,0.81577,1.50,2.25
2012.04.04 07:09:31.292,0.81564,0.81575,1.50,1.50
2012.04.04 07:09:32.008,0.81564,0.81577,1.50,1.50
2012.04.04 07:09:33.214,0.81564,0.81577,1.50,1.50
2012.04.04 07:09:33.778,0.81569,0.81578,1.50,1.50
2012.04.04 07:09:36.119,0.81569,0.81577,1.50,1.50
2012.04.04 07:09:36.394,0.81569,0.81579,1.50,1.50
2012.04.04 07:09:36.542,0.81569,0.81581,1.50,1.50
2012.04.04 07:09:36.765,0.81569,0.81584,1.50,3.00
2012.04.04 07:09:37.438,0.81569,0.81586,1.50,3.75
2012.04.04 07:09:37.509,0.81569,0.81584,1.50,1.50
2012.04.04 07:09:40.299,0.81569,0.81585,3.00,1.50
2012.04.04 07:09:40.813,0.81569,0.81584,1.50,1.50
2012.04.04 07:09:40.895,0.81569,0.81586,1.50,3.00
2012.04.04 07:09:41.422,0.81569,0.81585,3.00,1.50
2012.04.04 07:09:41.939,0.81569,0.81584,1.50,1.50
2012.04.04 07:09:42.487,0.81569,0.81585,3.00,1.50
2012.04.04 07:09:43.146,0.81569,0.81584,1.50,1.50
2012.04.04 07:09:43.224,0.81569,0.81582,1.50,1.50
2012.04.04 07:09:43.605,0.81569,0.81578,1.50,1.50
2012.04.04 07:09:47.773,0.81569,0.8158,1.50,1.50
2012.04.04 07:09:47.919,0.81569,0.81582,1.50,1.50
2012.04.04 07:09:48.128,0.81569,0.8158,1.50,1.50
2012.04.04 07:09:48.650,0.81569,0.81579,1.50,1.50
2012.04.04 07:09:50.674,0.81565,0.81579,1.50,3.00
2012.04.04 07:09:50.761,0.81565,0.81579,1.50,3.45
2012.04.04 07:09:51.115,0.81563,0.81572,1.50,1.50
2012.04.04 07:09:51.475,0.81559,0.8157,3.00,1.50
2012.04.04 07:09:52.077,0.81557,0.81565,1.50,1.50
2012.04.04 07:09:52.185,0.81557,0.81568,1.50,1.50
2012.04.04 07:09:52.404,0.81558,0.81568,1.50,1.50
2012.04.04 07:09:56.462,0.81558,0.81571,1.50,2.25
2012.04.04 07:09:56.609,0.81558,0.81574,1.50,3.00
2012.04.04 07:09:57.424,0.81558,0.81572,1.50,1.50
2012.04.04 07:09:58.425,0.81558,0.81571,1.50,1.50
2012.04.04 07:09:59.594,0.81558,0.8157,1.50,1.50
2012.04.04 07:10:00.190,0.81558,0.81572,1.50,1.50
2012.04.04 07:10:00.658,0.81558,0.81573,1.50,2.25
2012.04.04 07:10:04.442,0.81558,0.8157,1.50,1.50
2012.04.04 07:10:04.516,0.81555,0.8157,1.50,1.50
2012.04.04 07:10:04.662,0.81555,0.8157,1.50,2.25
2012.04.04 07:10:05.135,0.81551,0.81569,3.00,3.38
2012.04.04 07:10:07.165,0.81553,0.81569,2.25,2.63
2012.04.04 07:10:07.668,0.81553,0.81569,2.25,1.88
2012.04.04 07:10:11.037,0.81551,0.81567,2.25,1.50
2012.04.04 07:10:11.573,0.81556,0.8157,1.50,2.63
2012.04.04 07:10:12.147,0.81554,0.8157,3.75,1.50
2012.04.04 07:10:12.690,0.81554,0.81572,3.75,3.00
2012.04.04 07:10:13.550,0.81551,0.81569,1.50,3.38
2012.04.04 07:10:13.640,0.81551,0.81569,1.50,3.38
2012.04.04 07:10:13.994,0.81549,0.81564,1.69,1.50
2012.04.04 07:10:14.498,0.81549,0.81567,3.19,2.25
2012.04.04 07:10:15.052,0.81549,0.81565,3.19,1.50
2012.04.04 07:10:15.713,0.81549,0.81567,3.19,2.25
2012.04.04 07:10:16.346,0.81549,0.81565,3.19,1.50
2012.04.04 07:10:18.456,0.81549,0.81564,1.69,1.50
2012.04.04 07:10:18.871,0.8155,0.81566,2.25,3.00
2012.04.04 07:10:19.397,0.81549,0.81565,1.69,1.50
2012.04.04 07:10:19.687,0.81549,0.81565,1.69,2.25
2012.04.04 07:10:19.896,0.81549,0.81565,1.69,1.50
2012.04.04 07:10:20.283,0.81549,0.81565,1.69,2.25
2012.04.04 07:10:20.510,0.81549,0.81565,1.69,1.50
2012.04.04 07:10:20.578,0.81549,0.81565,1.69,2.25
2012.04.04 07:10:24.876,0.81548,0.81564,4.50,3.38
2012.04.04 07:10:25.020,0.81542,0.81551,3.00,1.13
2012.04.04 07:10:25.115,0.81543,0.81548,3.00,1.50
2012.04.04 07:10:25.275,0.81534,0.81548,2.25,1.50
2012.04.04 07:10:25.444,0.81534,0.8155,3.00,1.88
2012.04.04 07:10:26.192,0.81534,0.81552,3.00,4.88
2012.04.04 07:10:27.331,0.81538,0.8155,1.50,3.00
2012.04.04 07:10:27.968,0.81535,0.8154,1.50,1.50
2012.04.04 07:10:28.571,0.81529,0.8154,1.50,2.25
2012.04.04 07:10:28.924,0.81526,0.81539,1.50,1.50
2012.04.04 07:10:29.352,0.81529,0.81535,1.50,1.50
2012.04.04 07:10:30.072,0.81529,0.81534,1.50,1.50
2012.04.04 07:10:30.166,0.81529,0.81537,1.50,1.50
2012.04.04 07:10:30.525,0.81528,0.81533,1.50,1.50
2012.04.04 07:10:30.678,0.81524,0.81533,1.50,1.50
2012.04.04 07:10:30.754,0.81524,0.81535,1.50,1.50
2012.04.04 07:10:31.595,0.81524,0.81536,1.50,1.50
2012.04.04 07:10:32.768,0.81525,0.81538,1.50,2.25
2012.04.04 07:10:33.784,0.81525,0.81536,1.50,1.50
2012.04.04 07:10:34.869,0.81524,0.81538,1.50,1.13
2012.04.04 07:10:34.943,0.81525,0.81538,1.50,1.13
2012.04.04 07:10:35.021,0.81525,0.8154,1.50,3.00
2012.04.04 07:10:35.094,0.81525,0.81541,2.25,4.50
2012.04.04 07:10:35.437,0.81525,0.81541,2.25,4.50
2012.04.04 07:10:37.294,0.81525,0.81541,3.00,4.50
2012.04.04 07:10:37.516,0.8153,0.81541,1.50,1.50
2012.04.04 07:10:37.677,0.8153,0.81543,1.50,1.88
2012.04.04 07:10:38.051,0.81527,0.81542,1.50,3.00
2012.04.04 07:10:38.341,0.81527,0.81545,3.00,2.33
2012.04.04 07:10:38.890,0.81529,0.81542,1.50,1.50
2012.04.04 07:10:39.771,0.81529,0.81544,1.50,2.25
2012.04.04 07:10:40.147,0.81529,0.8154,1.50,1.50
2012.04.04 07:10:40.503,0.81526,0.81541,1.50,4.88
2012.04.04 07:10:41.045,0.81526,0.81538,1.50,2.25
2012.04.04 07:10:41.195,0.81524,0.81538,1.50,2.25
2012.04.04 07:10:41.698,0.81524,0.8154,1.50,1.50
2012.04.04 07:10:43.123,0.81524,0.81539,1.50,1.50
2012.04.04 07:10:44.331,0.81526,0.81539,1.50,1.50
2012.04.04 07:10:44.682,0.81528,0.81542,1.50,1.50
2012.04.04 07:10:45.124,0.81528,0.81542,2.25,1.50
2012.04.04 07:10:45.206,0.81528,0.81544,2.25,2.25
2012.04.04 07:10:45.730,0.8153,0.81546,3.00,5.45
2012.04.04 07:10:46.011,0.81533,0.81547,2.25,1.88
2012.04.04 07:10:46.167,0.81534,0.81548,2.25,3.75
2012.04.04 07:10:47.063,0.81535,0.8155,1.50,2.25
2012.04.04 07:10:47.143,0.81537,0.8155,2.25,1.50
2012.04.04 07:10:47.450,0.81539,0.81555,1.50,2.63
2012.04.04 07:10:47.622,0.81541,0.81557,2.25,4.13
2012.04.04 07:10:48.361,0.81539,0.81554,3.00,2.33
2012.04.04 07:10:48.795,0.81538,0.81551,1.50,1.50
2012.04.04 07:10:49.300,0.81538,0.8155,1.50,1.50
2012.04.04 07:10:49.445,0.81538,0.81552,1.50,2.25
2012.04.04 07:10:49.591,0.81538,0.8155,1.50,1.50
2012.04.04 07:10:50.072,0.81538,0.81552,1.50,2.25
2012.04.04 07:10:50.605,0.81538,0.81552,1.50,2.25
2012.04.04 07:10:50.821,0.81534,0.81551,3.00,4.50
2012.04.04 07:10:50.967,0.81536,0.81551,2.25,3.38
2012.04.04 07:10:51.320,0.81538,0.81548,1.50,1.50
2012.04.04 07:10:51.399,0.81538,0.8155,1.50,2.25
2012.04.04 07:10:52.035,0.81538,0.81549,1.50,1.50
2012.04.04 07:10:53.921,0.81536,0.81549,1.50,1.50
2012.04.04 07:10:53.995,0.81533,0.81549,3.00,1.50
2012.04.04 07:10:54.519,0.81536,0.81552,2.25,5.25
2012.04.04 07:10:55.041,0.81537,0.81552,1.50,3.75
2012.04.04 07:10:55.593,0.81536,0.81552,2.25,5.25
2012.04.04 07:10:55.692,0.81532,0.81546,3.00,3.00
2012.04.04 07:10:56.049,0.81534,0.81548,1.50,1.50
2012.04.04 07:10:56.128,0.81536,0.81552,2.25,3.75
2012.04.04 07:10:56.482,0.81538,0.81552,1.50,2.25
2012.04.04 07:10:57.941,0.81537,0.81552,1.50,3.00
2012.04.04 07:11:01.364,0.81535,0.81552,2.25,3.00
2012.04.04 07:11:03.553,0.81534,0.81547,1.50,1.50
2012.04.04 07:11:03.897,0.81534,0.81549,1.50,1.50
2012.04.04 07:11:04.748,0.81534,0.81552,3.00,4.50
2012.04.04 07:11:07.338,0.81535,0.81551,2.25,2.25
2012.04.04 07:11:08.934,0.81535,0.81551,2.25,2.25
2012.04.04 07:11:12.773,0.81536,0.8155,1.50,2.25
2012.04.04 07:11:12.994,0.81539,0.8155,1.50,1.50
2012.04.04 07:11:13.356,0.81541,0.81557,2.25,4.69
2012.04.04 07:11:13.798,0.81544,0.81557,1.50,3.38
2012.04.04 07:11:14.310,0.81545,0.81557,1.50,3.38
2012.04.04 07:11:14.395,0.81542,0.81557,2.25,3.38
2012.04.04 07:11:14.614,0.81546,0.81557,1.50,3.38
2012.04.04 07:11:17.817,0.81547,0.81557,1.50,3.38
2012.04.04 07:11:18.543,0.81545,0.81557,1.50,3.38
2012.04.04 07:11:19.713,0.81542,0.81557,2.25,3.38
2012.04.04 07:11:20.136,0.81545,0.81557,1.50,3.38
2012.04.04 07:11:23.616,0.81543,0.81557,1.50,3.38
2012.04.04 07:11:24.110,0.81542,0.81557,2.25,3.38
2012.04.04 07:11:25.590,0.8154,0.81557,2.25,4.13
2012.04.04 07:11:26.006,0.81539,0.81555,4.50,1.50
2012.04.04 07:11:26.174,0.81539,0.81557,4.50,5.63
2012.04.04 07:11:27.424,0.81542,0.81557,1.50,4.13
2012.04.04 07:11:28.061,0.81544,0.81557,1.50,3.38
2012.04.04 07:11:28.400,0.81547,0.81557,1.50,3.38
2012.04.04 07:11:28.901,0.81543,0.81557,1.50,3.38
2012.04.04 07:11:28.969,0.81541,0.81557,3.75,3.38
2012.04.04 07:11:29.532,0.81539,0.81555,3.75,1.50
2012.04.04 07:11:30.386,0.8154,0.81556,2.25,1.50
2012.04.04 07:11:30.600,0.8154,0.81557,2.25,3.38
2012.04.04 07:11:31.113,0.81542,0.81557,1.50,3.38
2012.04.04 07:11:31.636,0.81544,0.81557,1.50,3.38
2012.04.04 07:11:32.117,0.81541,0.81557,1.50,4.88
2012.04.04 07:11:32.717,0.8154,0.81557,1.50,3.38
2012.04.04 07:11:33.067,0.81542,0.81557,1.50,3.38
2012.04.04 07:11:33.579,0.81543,0.81557,1.50,3.38
2012.04.04 07:11:33.847,0.81541,0.81557,1.50,4.88
2012.04.04 07:11:34.367,0.81542,0.81557,1.50,3.38
2012.04.04 07:11:34.601,0.8154,0.81557,1.50,3.38
2012.04.04 07:11:36.200,0.81541,0.81557,1.50,3.38
2012.04.04 07:11:37.288,0.81542,0.81557,1.50,3.38
2012.04.04 07:11:38.345,0.8154,0.81557,1.50,3.38
2012.04.04 07:11:38.898,0.81541,0.81557,1.50,3.38
2012.04.04 07:11:42.712,0.81541,0.81557,1.50,4.20
2012.04.04 07:11:43.219,0.81539,0.81553,2.25,1.88
2012.04.04 07:11:43.311,0.81535,0.81551,3.19,1.13
2012.04.04 07:11:43.651,0.81535,0.81548,1.50,1.50
2012.04.04 07:11:44.802,0.81535,0.8155,1.50,2.25
2012.04.04 07:11:45.098,0.81535,0.81551,1.50,2.63
2012.04.04 07:11:46.239,0.81535,0.81551,1.50,2.25
2012.04.04 07:11:46.309,0.81535,0.81551,1.50,2.25
2012.04.04 07:11:46.637,0.81533,0.81547,4.32,1.50
2012.04.04 07:11:47.185,0.81533,0.81548,4.13,2.25
2012.04.04 07:11:47.807,0.81534,0.81548,1.50,1.50
2012.04.04 07:11:48.102,0.81543,0.81557,1.50,4.13
2012.04.04 07:11:48.389,0.81547,0.81557,1.50,1.88
2012.04.04 07:11:48.467,0.81547,0.8156,1.50,2.07
2012.04.04 07:11:48.687,0.81545,0.81561,3.00,4.13
2012.04.04 07:11:48.900,0.81549,0.81561,1.50,3.94
2012.04.04 07:11:49.631,0.81546,0.81561,1.50,3.19
2012.04.04 07:11:52.154,0.81544,0.81559,1.50,1.50
2012.04.04 07:11:52.573,0.81541,0.81558,2.25,1.50
2012.04.04 07:11:53.114,0.81541,0.81557,2.25,2.25
2012.04.04 07:11:53.866,0.81541,0.81555,1.50,1.13
2012.04.04 07:11:53.947,0.81539,0.81555,1.50,1.13
2012.04.04 07:11:54.300,0.81542,0.81557,1.50,1.13
2012.04.04 07:11:54.433,0.81542,0.81557,1.50,1.13
2012.04.04 07:11:54.990,0.81543,0.81559,1.50,2.25
2012.04.04 07:11:55.204,0.81545,0.81561,1.50,2.44
2012.04.04 07:11:55.867,0.81544,0.8156,2.25,2.25
2012.04.04 07:11:56.227,0.81547,0.81562,1.50,3.94
2012.04.04 07:11:56.607,0.81545,0.81562,2.25,3.94
2012.04.04 07:11:56.818,0.81545,0.81562,2.25,3.94
2012.04.04 07:11:57.274,0.81545,0.81562,2.25,3.94
2012.04.04 07:11:57.792,0.81546,0.81562,1.50,3.19
2012.04.04 07:11:58.352,0.81547,0.81562,1.50,3.19
2012.04.04 07:11:59.125,0.81546,0.81562,1.50,4.69
2012.04.04 07:12:01.149,0.81545,0.81562,2.25,3.19
2012.04.04 07:12:01.637,0.81547,0.81562,1.50,3.19
2012.04.04 07:12:02.257,0.81547,0.81562,1.50,3.19
2012.04.04 07:12:02.528,0.81545,0.81562,2.25,3.19
2012.04.04 07:12:02.597,0.81547,0.81562,1.50,3.19
2012.04.04 07:12:02.831,0.81545,0.81562,2.25,3.19
2012.04.04 07:12:05.981,0.81549,0.81562,1.50,3.19
2012.04.04 07:12:06.062,0.81545,0.81562,2.25,3.19
2012.04.04 07:12:06.387,0.81547,0.81559,1.50,2.25
2012.04.04 07:12:07.488,0.81545,0.81559,2.25,2.25
2012.04.04 07:12:08.136,0.81547,0.81559,1.50,2.25
2012.04.04 07:12:08.619,0.81545,0.81559,3.75,2.25
2012.04.04 07:12:08.706,0.81548,0.81565,3.00,3.19
2012.04.04 07:12:09.269,0.81551,0.81565,2.25,2.25
2012.04.04 07:12:12.599,0.81552,0.81565,1.50,2.25
2012.04.04 07:12:13.288,0.8155,0.81565,2.25,2.25
2012.04.04 07:12:13.524,0.81554,0.8157,2.25,2.25
2012.04.04 07:12:14.998,0.81557,0.81571,1.50,1.13
2012.04.04 07:12:15.537,0.81557,0.81572,1.50,1.50
2012.04.04 07:12:15.883,0.81559,0.81572,1.50,1.50
2012.04.04 07:12:16.636,0.81558,0.81572,1.50,1.50
2012.04.04 07:12:17.467,0.81562,0.81576,1.13,5.63
2012.04.04 07:12:17.840,0.81569,0.81582,1.50,1.35
2012.04.04 07:12:18.402,0.81571,0.81584,1.50,1.50
2012.04.04 07:12:18.904,0.81571,0.81584,1.50,1.58
2012.04.04 07:12:19.592,0.8157,0.81584,2.25,1.58
2012.04.04 07:12:20.652,0.81571,0.81584,1.50,1.58
2012.04.04 07:12:21.455,0.81569,0.81586,4.50,3.83
2012.04.04 07:12:22.154,0.8157,0.81584,2.25,1.50
2012.04.04 07:12:22.873,0.81569,0.81585,1.50,1.58
2012.04.04 07:12:22.966,0.81569,0.81583,1.50,2.67
2012.04.04 07:12:23.320,0.81569,0.8158,2.25,2.25
2012.04.04 07:12:23.602,0.81565,0.8158,2.25,3.00
2012.04.04 07:12:23.750,0.81569,0.8158,1.50,3.00
2012.04.04 07:12:25.664,0.81569,0.8158,2.25,3.00
2012.04.04 07:12:25.817,0.81568,0.81584,3.00,3.27
2012.04.04 07:12:26.324,0.81571,0.81585,2.25,1.88
2012.04.04 07:12:27.090,0.81568,0.81584,3.00,1.50
2012.04.04 07:12:28.183,0.81569,0.81585,2.25,3.00
2012.04.04 07:12:28.262,0.81569,0.81585,2.25,3.00
2012.04.04 07:12:28.485,0.8157,0.81585,1.50,3.00
2012.04.04 07:12:28.560,0.81568,0.81585,1.50,3.00
2012.04.04 07:12:29.490,0.81568,0.81585,3.00,1.50
2012.04.04 07:12:30.038,0.81569,0.81586,2.25,3.75
2012.04.04 07:12:30.427,0.81568,0.81581,3.00,1.13
2012.04.04 07:12:30.812,0.81566,0.81579,2.25,2.44
2012.04.04 07:12:30.890,0.81568,0.81581,1.50,2.25
2012.04.04 07:12:30.959,0.81568,0.81581,1.50,1.50
2012.04.04 07:12:31.033,0.81564,0.81581,1.88,1.50
2012.04.04 07:12:31.117,0.81567,0.81579,1.50,2.25
2012.04.04 07:12:31.332,0.81569,0.81583,1.50,1.50
2012.04.04 07:12:31.889,0.81569,0.81585,1.50,5.25
2012.04.04 07:12:32.692,0.81569,0.81585,1.50,4.50
2012.04.04 07:12:33.230,0.81569,0.81585,1.50,5.25
2012.04.04 07:12:34.708,0.81569,0.81582,1.50,1.50
2012.04.04 07:12:36.209,0.81569,0.81583,1.50,2.25
2012.04.04 07:12:38.117,0.81569,0.81582,1.50,1.50
2012.04.04 07:12:38.911,0.81569,0.81583,1.50,2.25
2012.04.04 07:12:39.261,0.81566,0.81582,3.00,1.50
2012.04.04 07:12:39.329,0.81566,0.81579,2.25,2.25
2012.04.04 07:12:39.871,0.81565,0.81579,2.25,2.25
2012.04.04 07:12:40.938,0.81569,0.81579,1.50,2.25
2012.04.04 07:12:41.506,0.81568,0.81579,1.50,2.25
2012.04.04 07:12:42.140,0.81565,0.81579,2.25,3.00
2012.04.04 07:12:42.354,0.81565,0.81579,2.25,3.90
2012.04.04 07:12:42.741,0.81565,0.81579,2.25,3.90
2012.04.04 07:12:42.857,0.81562,0.81574,1.50,2.63
2012.04.04 07:12:42.957,0.81558,0.81572,2.25,1.50
2012.04.04 07:12:43.490,0.81558,0.81574,1.50,2.63
2012.04.04 07:12:45.133,0.81558,0.81569,1.50,1.50
2012.04.04 07:12:45.213,0.81555,0.81569,1.50,1.50
2012.04.04 07:12:45.366,0.81555,0.81571,1.13,1.50
2012.04.04 07:12:45.442,0.81556,0.81573,3.00,1.50
2012.04.04 07:12:45.744,0.81558,0.81573,1.50,2.25
2012.04.04 07:12:46.693,0.81558,0.81572,1.50,1.50
2012.04.04 07:12:47.050,0.81558,0.81574,1.50,1.50
2012.04.04 07:12:48.943,0.81558,0.81571,1.50,1.50
2012.04.04 07:12:49.251,0.81558,0.81564,1.50,1.50
2012.04.04 07:12:49.569,0.8155,0.81562,1.50,1.13
2012.04.04 07:12:50.073,0.81544,0.81554,1.50,1.50
2012.04.04 07:12:50.532,0.81541,0.81553,1.50,1.50
2012.04.04 07:12:50.614,0.81541,0.81551,1.50,1.50
2012.04.04 07:12:50.759,0.81541,0.81554,1.50,3.00
2012.04.04 07:12:51.973,0.81541,0.81552,1.50,1.50
2012.04.04 07:12:52.064,0.81541,0.81555,1.50,3.75
2012.04.04 07:12:52.214,0.81541,0.81553,1.50,1.50
2012.04.04 07:12:52.759,0.81541,0.81554,1.50,1.50
2012.04.04 07:12:53.320,0.81541,0.81555,1.50,3.75
2012.04.04 07:12:54.084,0.81541,0.81554,1.50,1.50
2012.04.04 07:12:57.485,0.81541,0.81555,1.50,2.25
2012.04.04 07:12:59.019,0.81542,0.81556,1.88,1.50
2012.04.04 07:12:59.594,0.81543,0.81559,2.25,1.69
2012.04.04 07:12:59.681,0.81545,0.81559,1.50,1.50
2012.04.04 07:13:00.157,0.81547,0.81562,1.13,3.94
2012.04.04 07:13:00.235,0.81552,0.81569,3.38,3.34
2012.04.04 07:13:00.595,0.81558,0.8157,2.25,2.25
2012.04.04 07:13:00.742,0.81559,0.81576,1.50,3.38
2012.04.04 07:13:01.300,0.8156,0.81576,1.50,3.38
2012.04.04 07:13:01.829,0.81561,0.81576,1.50,3.38
2012.04.04 07:13:02.604,0.81561,0.81579,1.50,2.82
2012.04.04 07:13:02.688,0.81563,0.81579,1.13,2.82
2012.04.04 07:13:03.235,0.81563,0.81577,1.13,2.25
2012.04.04 07:13:03.541,0.81563,0.81579,3.38,2.25
2012.04.04 07:13:04.845,0.81564,0.81579,1.50,1.13
2012.04.04 07:13:05.142,0.81567,0.81576,1.50,3.08
2012.04.04 07:13:05.212,0.81562,0.81576,1.50,3.08
2012.04.04 07:13:05.732,0.81562,0.81576,1.50,3.08
2012.04.04 07:13:06.548,0.81562,0.81576,1.50,3.08
2012.04.04 07:13:07.108,0.81562,0.81576,1.50,3.27
2012.04.04 07:13:07.672,0.81563,0.81576,1.50,3.08
2012.04.04 07:13:08.699,0.81564,0.81576,1.50,3.08
2012.04.04 07:13:09.078,0.81564,0.81576,2.25,2.25
2012.04.04 07:13:09.158,0.81564,0.8158,2.25,3.00
2012.04.04 07:13:09.954,0.81566,0.81582,2.25,1.50
2012.04.04 07:13:10.742,0.81567,0.81583,1.50,2.25
2012.04.04 07:13:12.197,0.81565,0.81583,3.00,2.25
2012.04.04 07:13:13.466,0.81566,0.81583,1.50,2.25
2012.04.04 07:13:14.136,0.81566,0.81584,4.50,2.25
2012.04.04 07:13:14.223,0.81569,0.81585,1.50,3.00
2012.04.04 07:13:14.770,0.81569,0.81585,1.50,3.00
2012.04.04 07:13:15.722,0.81568,0.81584,1.50,1.50
2012.04.04 07:13:16.267,0.81569,0.81585,1.50,3.00
2012.04.04 07:13:16.768,0.81568,0.81584,1.50,1.50
2012.04.04 07:13:17.419,0.81569,0.81585,1.50,3.00
2012.04.04 07:13:18.619,0.81567,0.81585,2.63,3.00
2012.04.04 07:13:19.390,0.81568,0.81585,1.50,1.50
2012.04.04 07:13:19.475,0.81564,0.81582,2.25,2.63
2012.04.04 07:13:20.128,0.81572,0.81584,1.50,1.13
2012.04.04 07:13:20.276,0.81573,0.81586,2.25,3.75
2012.04.04 07:13:20.810,0.81574,0.81586,1.50,3.00
2012.04.04 07:13:20.890,0.81575,0.81589,1.50,3.75
2012.04.04 07:13:21.606,0.81572,0.81587,1.50,1.88
2012.04.04 07:13:21.898,0.8157,0.81586,1.50,3.08
2012.04.04 07:13:22.043,0.8157,0.81584,1.50,1.50
2012.04.04 07:13:22.129,0.81565,0.81583,3.00,2.25
2012.04.04 07:13:22.274,0.81567,0.81583,2.25,1.50
2012.04.04 07:13:22.493,0.81569,0.81585,1.50,2.25
2012.04.04 07:13:23.029,0.81571,0.81586,1.50,3.00
2012.04.04 07:13:23.668,0.8157,0.81586,1.50,4.50
2012.04.04 07:13:24.160,0.81572,0.81586,1.50,3.00
2012.04.04 07:13:24.706,0.81571,0.81586,1.50,3.00
2012.04.04 07:13:25.981,0.81572,0.81586,1.50,3.19
2012.04.04 07:13:26.636,0.8157,0.81586,2.25,3.19
2012.04.04 07:13:27.377,0.81569,0.81586,2.25,3.00
2012.04.04 07:13:27.660,0.81575,0.81587,1.50,1.50
2012.04.04 07:13:27.803,0.81573,0.81585,1.50,2.25
2012.04.04 07:13:28.403,0.81577,0.81588,2.25,1.50
2012.04.04 07:13:28.700,0.81583,0.81593,1.50,1.66
2012.04.04 07:13:28.772,0.81582,0.81595,2.25,3.34
2012.04.04 07:13:28.992,0.8158,0.81595,2.25,3.34
2012.04.04 07:13:30.100,0.8158,0.81595,2.25,3.15
2012.04.04 07:13:32.749,0.81584,0.81594,1.50,2.25
2012.04.04 07:13:34.690,0.81584,0.81595,1.50,4.50
2012.04.04 07:13:34.905,0.81586,0.816,2.25,4.69
2012.04.04 07:13:35.191,0.81585,0.816,1.35,4.69
2012.04.04 07:13:35.832,0.81588,0.816,2.25,1.50
2012.04.04 07:13:36.043,0.81585,0.81599,3.00,2.25
2012.04.04 07:13:37.498,0.81585,0.81599,2.25,3.75
2012.04.04 07:13:37.578,0.81584,0.81599,1.50,3.83
2012.04.04 07:13:38.075,0.81584,0.81592,1.50,1.50
2012.04.04 07:13:40.763,0.81584,0.81593,1.50,1.50
2012.04.04 07:13:41.122,0.81584,0.81598,3.00,1.50
2012.04.04 07:13:41.931,0.81584,0.81599,1.50,4.50
2012.04.04 07:13:42.524,0.81584,0.81599,1.50,4.50
2012.04.04 07:13:44.445,0.81584,0.81599,1.50,4.50
2012.04.04 07:13:46.289,0.81584,0.81599,1.50,4.50
2012.04.04 07:13:46.630,0.81584,0.81599,1.50,4.58
2012.04.04 07:13:47.125,0.81584,0.81594,1.50,1.50
2012.04.04 07:13:47.992,0.81584,0.81598,1.50,1.20
2012.04.04 07:13:48.953,0.81584,0.81599,1.50,4.50
2012.04.04 07:13:50.070,0.81586,0.81599,1.50,3.00
2012.04.04 07:13:50.587,0.81584,0.81599,3.00,3.00
2012.04.04 07:13:51.282,0.81586,0.81599,1.50,3.00
2012.04.04 07:13:51.957,0.81585,0.81599,2.25,3.00
2012.04.04 07:13:54.892,0.81584,0.81599,1.50,3.00
2012.04.04 07:13:59.099,0.81586,0.81599,1.50,3.00
2012.04.04 07:13:59.608,0.81584,0.81599,3.00,3.00
2012.04.04 07:14:02.411,0.81584,0.81598,1.50,2.25
2012.04.04 07:14:02.760,0.81584,0.81599,3.00,3.00
2012.04.04 07:14:03.785,0.81584,0.81599,3.00,3.00
2012.04.04 07:14:04.295,0.81584,0.81599,1.50,4.50
2012.04.04 07:14:04.813,0.81585,0.81599,2.25,3.00
2012.04.04 07:14:06.290,0.81584,0.81599,3.00,4.32
2012.04.04 07:14:06.802,0.81587,0.81597,2.25,1.50
2012.04.04 07:14:07.222,0.81586,0.81594,1.50,1.50
2012.04.04 07:14:07.309,0.81583,0.81594,1.50,1.50
2012.04.04 07:14:07.861,0.81582,0.81594,1.50,1.50
2012.04.04 07:14:08.381,0.81583,0.81595,1.50,2.33
2012.04.04 07:14:08.464,0.81581,0.81594,1.50,3.00
2012.04.04 07:14:10.462,0.81581,0.81594,1.50,3.00
2012.04.04 07:14:12.271,0.81581,0.81594,1.50,3.00
2012.04.04 07:14:13.542,0.81581,0.81594,1.50,3.75
2012.04.04 07:14:16.289,0.81583,0.81594,1.50,3.75
2012.04.04 07:14:16.508,0.81579,0.81593,2.25,2.25
2012.04.04 07:14:16.586,0.81579,0.81594,1.50,4.13
2012.04.04 07:14:17.085,0.8158,0.81595,1.50,2.25
2012.04.04 07:14:17.523,0.81584,0.81595,1.50,2.25
2012.04.04 07:14:17.825,0.81586,0.81595,1.50,2.25
2012.04.04 07:14:18.446,0.81586,0.81599,1.50,3.00
2012.04.04 07:14:18.984,0.81587,0.81595,1.50,2.25
2012.04.04 07:14:26.170,0.81588,0.81597,1.50,1.88
2012.04.04 07:14:26.429,0.81587,0.81599,1.50,2.25
2012.04.04 07:14:26.990,0.81586,0.81599,2.25,3.00
2012.04.04 07:14:30.213,0.81584,0.81599,1.50,4.58
2012.04.04 07:14:30.529,0.81582,0.81595,1.50,1.50
2012.04.04 07:14:30.674,0.81582,0.81597,1.50,1.20
2012.04.04 07:14:31.182,0.81581,0.81596,3.00,2.33
2012.04.04 07:14:31.684,0.8158,0.81596,1.50,3.83
2012.04.04 07:14:32.191,0.81581,0.81596,1.50,2.33
2012.04.04 07:14:33.933,0.81579,0.81596,2.25,2.33
2012.04.04 07:14:34.606,0.81579,0.81596,2.25,2.33
2012.04.04 07:14:34.824,0.81581,0.81596,1.50,2.33
2012.04.04 07:14:35.619,0.8158,0.81596,1.50,3.83
2012.04.04 07:14:39.445,0.8158,0.81596,1.50,4.50
2012.04.04 07:14:39.666,0.81578,0.81594,2.25,2.25
2012.04.04 07:14:40.073,0.81576,0.81592,3.00,1.50
2012.04.04 07:14:40.170,0.81576,0.81589,1.50,2.25
2012.04.04 07:14:40.698,0.81576,0.81589,1.50,3.00
2012.04.04 07:14:40.899,0.81574,0.81589,1.50,3.00
2012.04.04 07:14:42.080,0.81576,0.81589,1.50,2.25
2012.04.04 07:14:43.291,0.81577,0.81589,1.50,2.25
2012.04.04 07:14:44.087,0.81576,0.81589,1.50,2.25
2012.04.04 07:14:48.618,0.81575,0.81589,1.50,2.25
2012.04.04 07:14:49.552,0.81576,0.81589,1.50,2.25
2012.04.04 07:14:49.632,0.81574,0.81589,1.50,2.25
2012.04.04 07:14:50.383,0.81576,0.81589,1.50,2.25
2012.04.04 07:14:50.918,0.81577,0.81589,1.50,2.25
2012.04.04 07:14:50.993,0.81577,0.81593,2.25,2.25
2012.04.04 07:14:55.289,0.81577,0.81593,1.50,3.00
2012.04.04 07:14:55.600,0.81579,0.81593,1.50,3.00
2012.04.04 07:14:57.242,0.81579,0.81592,1.50,2.33
2012.04.04 07:14:57.521,0.81573,0.81589,4.50,3.38
2012.04.04 07:14:57.591,0.81573,0.81587,3.75,1.50
2012.04.04 07:14:57.873,0.81569,0.81584,2.25,3.75
2012.04.04 07:14:57.953,0.81574,0.81584,1.50,3.75
2012.04.04 07:14:58.246,0.81569,0.8158,1.50,1.50
2012.04.04 07:14:58.612,0.81569,0.81582,1.50,1.50
2012.04.04 07:14:59.172,0.81569,0.81583,1.50,1.50
2012.04.04 07:15:05.622,0.81569,0.81584,1.50,3.00
2012.04.04 07:15:09.684,0.81568,0.81584,3.00,5.25
2012.04.04 07:15:14.682,0.81568,0.81583,1.50,2.25
2012.04.04 07:15:14.773,0.81568,0.81582,1.50,1.50
2012.04.04 07:15:14.859,0.81568,0.81579,1.50,1.50
2012.04.04 07:15:14.935,0.81566,0.81579,1.50,1.88
2012.04.04 07:15:15.088,0.81563,0.81579,3.75,4.20
2012.04.04 07:15:15.166,0.81562,0.81573,1.50,1.50
2012.04.04 07:15:15.308,0.81558,0.81573,6.23,1.50
2012.04.04 07:15:15.443,0.81558,0.81576,7.35,2.25
2012.04.04 07:15:16.167,0.81558,0.81575,5.48,1.50
2012.04.04 07:15:17.381,0.81559,0.81577,2.25,2.25
2012.04.04 07:15:18.101,0.81559,0.81575,2.25,1.50
2012.04.04 07:15:18.622,0.81558,0.81576,8.48,1.50
2012.04.04 07:15:19.169,0.81559,0.81577,3.00,2.25
2012.04.04 07:15:19.793,0.81561,0.81579,1.50,5.63
2012.04.04 07:15:22.718,0.81562,0.81578,1.50,2.25
2012.04.04 07:15:23.278,0.81561,0.81578,1.50,1.13
2012.04.04 07:15:23.639,0.81567,0.81579,2.63,2.25
2012.04.04 07:15:24.104,0.8157,0.8158,1.13,1.50
2012.04.04 07:15:24.251,0.8157,0.81585,1.13,1.50
2012.04.04 07:15:24.566,0.81574,0.81589,1.50,2.25
2012.04.04 07:15:24.716,0.81572,0.81589,3.38,3.00
2012.04.04 07:15:25.004,0.81573,0.81586,1.50,1.50
2012.04.04 07:15:25.841,0.81572,0.81587,1.50,1.50
2012.04.04 07:15:26.756,0.81572,0.81588,1.50,1.50
2012.04.04 07:15:27.622,0.81572,0.81587,1.50,1.50
2012.04.04 07:15:32.080,0.81572,0.81589,1.50,4.50
2012.04.04 07:15:32.609,0.81574,0.81589,1.13,3.75
2012.04.04 07:15:34.207,0.81575,0.81591,1.88,1.50
2012.04.04 07:15:34.294,0.81576,0.81591,1.88,1.50
2012.04.04 07:15:34.591,0.81581,0.81595,1.50,3.00
2012.04.04 07:15:36.164,0.81581,0.81593,1.50,1.50
2012.04.04 07:15:36.522,0.81578,0.8159,1.50,1.50
2012.04.04 07:15:37.085,0.81578,0.81589,1.50,1.50
2012.04.04 07:15:37.166,0.81578,0.81591,1.50,1.50
2012.04.04 07:15:37.727,0.81578,0.8159,1.50,1.50
2012.04.04 07:15:38.969,0.81578,0.81587,1.50,1.50
2012.04.04 07:15:39.496,0.81572,0.81586,1.50,1.50
2012.04.04 07:15:39.648,0.81572,0.81588,1.50,3.00
2012.04.04 07:15:40.021,0.8157,0.81585,3.00,2.25
2012.04.04 07:15:40.802,0.8157,0.81584,2.25,2.25
2012.04.04 07:15:41.959,0.81569,0.81584,2.25,1.50
2012.04.04 07:15:42.455,0.81568,0.81581,1.50,2.25
2012.04.04 07:15:43.129,0.81577,0.81585,1.50,3.00
2012.04.04 07:15:43.202,0.81572,0.81587,2.25,1.20
2012.04.04 07:15:43.274,0.81572,0.81585,1.50,3.00
2012.04.04 07:15:43.353,0.81572,0.81585,1.50,2.25
2012.04.04 07:15:43.444,0.8157,0.81583,1.35,1.50
2012.04.04 07:15:43.812,0.81567,0.81581,1.50,1.50
2012.04.04 07:15:44.942,0.81572,0.81581,2.63,3.00
2012.04.04 07:15:45.227,0.81572,0.81585,3.00,2.25
2012.04.04 07:15:45.311,0.81571,0.81585,1.50,2.25
2012.04.04 07:15:45.387,0.81569,0.81582,3.00,1.50
2012.04.04 07:15:45.743,0.81568,0.81584,3.00,1.50
2012.04.04 07:15:46.023,0.8157,0.81585,1.50,2.25
2012.04.04 07:15:47.416,0.81573,0.81586,3.00,1.50
2012.04.04 07:15:48.097,0.81574,0.81586,1.50,1.50
2012.04.04 07:15:48.589,0.81575,0.81587,1.50,3.38
2012.04.04 07:15:48.792,0.81572,0.81586,1.50,1.50
2012.04.04 07:15:49.341,0.81572,0.81587,1.50,1.88
2012.04.04 07:15:50.622,0.81572,0.81587,1.50,2.63
2012.04.04 07:15:52.428,0.81572,0.81586,1.50,1.50
2012.04.04 07:15:54.453,0.81572,0.81584,1.50,1.50
2012.04.04 07:15:54.926,0.81568,0.81582,1.50,1.50
2012.04.04 07:15:55.011,0.81564,0.81581,5.63,1.50
2012.04.04 07:15:55.152,0.81564,0.81578,1.50,1.50
2012.04.04 07:15:55.708,0.8156,0.81577,2.25,2.25
2012.04.04 07:15:55.778,0.81559,0.81577,4.50,2.25
2012.04.04 07:15:56.157,0.81561,0.81579,1.50,4.88
2012.04.04 07:15:56.313,0.81563,0.81579,1.50,3.38
2012.04.04 07:15:56.757,0.81563,0.81581,4.13,2.25
2012.04.04 07:15:57.409,0.81564,0.81578,1.50,1.50
2012.04.04 07:15:58.490,0.81563,0.81578,2.63,1.50
2012.04.04 07:15:59.042,0.81563,0.81579,2.63,1.50
2012.04.04 07:16:00.642,0.81564,0.81579,1.50,1.50
2012.04.04 07:16:00.995,0.81568,0.81579,1.50,1.50
2012.04.04 07:16:01.076,0.81568,0.81582,1.50,2.25
2012.04.04 07:16:01.234,0.8157,0.81583,1.50,1.50
2012.04.04 07:16:01.794,0.8157,0.81588,3.00,2.25
2012.04.04 07:16:01.873,0.81572,0.81588,1.50,2.25
2012.04.04 07:16:02.939,0.81576,0.81589,1.50,2.25
2012.04.04 07:16:03.605,0.81578,0.81591,1.50,2.25
2012.04.04 07:16:04.762,0.81578,0.8159,1.50,2.25
2012.04.04 07:16:05.357,0.81578,0.8159,1.50,2.33
2012.04.04 07:16:05.668,0.81569,0.81583,2.25,1.13
2012.04.04 07:16:05.746,0.81569,0.81583,1.50,1.13
2012.04.04 07:16:05.894,0.81564,0.81582,3.60,2.25
2012.04.04 07:16:05.974,0.81567,0.81582,2.63,2.25
2012.04.04 07:16:06.335,0.81571,0.81586,2.25,2.25
2012.04.04 07:16:06.860,0.81571,0.81586,1.50,2.25
2012.04.04 07:16:06.937,0.81573,0.81586,1.50,2.25
2012.04.04 07:16:07.235,0.81573,0.81589,3.00,2.25
2012.04.04 07:16:07.593,0.81574,0.8159,2.25,4.50
2012.04.04 07:16:07.740,0.81574,0.8159,2.25,3.75
2012.04.04 07:16:08.300,0.81578,0.81589,1.50,1.50
2012.04.04 07:16:09.201,0.81578,0.81588,1.50,1.50
2012.04.04 07:16:11.209,0.81578,0.81587,1.50,2.25
2012.04.04 07:16:11.283,0.81572,0.81587,1.50,3.00
2012.04.04 07:16:11.646,0.81572,0.81584,1.50,1.50
2012.04.04 07:16:12.250,0.81572,0.81585,1.50,1.50
2012.04.04 07:16:12.332,0.81572,0.81587,1.50,2.25
2012.04.04 07:16:15.672,0.81572,0.81587,1.50,3.00
2012.04.04 07:16:16.117,0.81572,0.81587,1.50,2.25
2012.04.04 07:16:17.549,0.81572,0.81581,1.50,1.50
2012.04.04 07:16:17.636,0.81568,0.81583,1.50,3.00
2012.04.04 07:16:18.683,0.8157,0.81583,1.50,1.50
2012.04.04 07:16:18.835,0.81573,0.81585,1.50,1.50
2012.04.04 07:16:19.613,0.81573,0.81586,1.50,1.50
2012.04.04 07:16:21.561,0.81573,0.81587,1.50,2.25
2012.04.04 07:16:23.771,0.81571,0.81587,2.63,1.50
2012.04.04 07:16:23.983,0.81573,0.81591,3.00,3.75
2012.04.04 07:16:24.794,0.81574,0.8159,1.88,1.50
2012.04.04 07:16:26.511,0.81574,0.8159,1.88,3.00
2012.04.04 07:16:27.174,0.81573,0.8159,1.13,3.00
2012.04.04 07:16:27.679,0.81572,0.81588,1.50,2.25
2012.04.04 07:16:28.019,0.8157,0.81586,2.25,1.50
2012.04.04 07:16:28.090,0.8157,0.81588,2.25,2.25
2012.04.04 07:16:30.830,0.8157,0.81586,2.25,1.50
2012.04.04 07:16:31.414,0.81571,0.81587,1.50,1.50
2012.04.04 07:16:34.067,0.81571,0.81589,1.50,2.25
2012.04.04 07:16:35.488,0.8157,0.81588,2.25,2.25
2012.04.04 07:16:38.853,0.8157,0.81586,2.25,1.50
2012.04.04 07:16:39.691,0.81569,0.81587,3.00,1.50
2012.04.04 07:16:40.260,0.8157,0.81588,2.25,2.25
2012.04.04 07:16:40.577,0.81569,0.81585,3.00,1.50
2012.04.04 07:16:41.559,0.8157,0.81587,2.25,1.50
2012.04.04 07:16:42.263,0.8157,0.81588,2.25,2.25
2012.04.04 07:16:42.812,0.81572,0.81588,1.50,2.25
2012.04.04 07:16:43.631,0.8157,0.81588,2.25,2.25
2012.04.04 07:16:44.286,0.81571,0.81589,1.50,2.25
2012.04.04 07:16:46.260,0.8157,0.81588,2.25,2.25
2012.04.04 07:16:46.462,0.81572,0.81588,1.50,2.25
2012.04.04 07:16:46.822,0.81574,0.8159,1.50,4.50
2012.04.04 07:16:47.335,0.81573,0.81588,2.63,1.50
2012.04.04 07:16:48.105,0.81573,0.81586,1.88,1.50
2012.04.04 07:16:48.256,0.8157,0.81586,1.88,1.50
2012.04.04 07:16:48.762,0.81569,0.81587,5.44,2.25
2012.04.04 07:16:49.917,0.81572,0.81588,1.50,3.75
2012.04.04 07:16:50.440,0.81571,0.81587,1.50,2.25
2012.04.04 07:16:53.650,0.8157,0.81588,1.50,2.25
2012.04.04 07:16:54.364,0.81571,0.81589,1.50,4.88
2012.04.04 07:16:58.297,0.8157,0.81586,1.50,2.25
2012.04.04 07:17:00.491,0.81571,0.81587,1.50,3.00
2012.04.04 07:17:01.608,0.8157,0.81586,1.50,1.50
2012.04.04 07:17:02.030,0.8157,0.81586,2.25,3.00
2012.04.04 07:17:02.137,0.81565,0.81581,2.25,1.50
2012.04.04 07:17:02.221,0.81565,0.8158,2.25,2.25
2012.04.04 07:17:02.367,0.81563,0.8158,1.50,2.25
2012.04.04 07:17:02.796,0.81563,0.81577,1.50,1.50
2012.04.04 07:17:02.877,0.81563,0.81579,1.50,2.25
2012.04.04 07:17:03.468,0.81564,0.8158,2.25,2.25
2012.04.04 07:17:07.578,0.81563,0.81578,1.50,1.50
2012.04.04 07:17:08.102,0.81564,0.8158,2.25,2.25
2012.04.04 07:17:08.700,0.81563,0.81579,3.75,2.25
2012.04.04 07:17:11.137,0.81563,0.81577,1.50,2.25
2012.04.04 07:17:11.703,0.81563,0.81578,1.50,1.50
2012.04.04 07:17:12.223,0.81563,0.8158,1.50,3.00
2012.04.04 07:17:12.749,0.81563,0.81578,1.50,1.50
2012.04.04 07:17:14.768,0.81563,0.81578,1.50,1.50
2012.04.04 07:17:15.304,0.81563,0.81581,3.00,2.25
2012.04.04 07:17:17.187,0.81565,0.81581,1.50,3.00
2012.04.04 07:17:17.818,0.81563,0.81581,3.00,4.50
2012.04.04 07:17:19.632,0.81564,0.8158,1.50,2.25
2012.04.04 07:17:20.134,0.81563,0.81579,3.00,2.25
2012.04.04 07:17:22.175,0.81565,0.81581,1.50,3.00
2012.04.04 07:17:22.781,0.81564,0.8158,1.50,2.25
2012.04.04 07:17:23.381,0.81563,0.81579,1.50,2.25
2012.04.04 07:17:23.722,0.81563,0.81577,1.50,1.50
2012.04.04 07:17:23.858,0.81564,0.8158,1.50,2.25
2012.04.04 07:17:25.035,0.81565,0.8158,1.50,1.13
2012.04.04 07:17:25.250,0.81563,0.81579,3.00,2.25
2012.04.04 07:17:29.449,0.81563,0.81579,2.25,2.25
2012.04.04 07:17:29.593,0.81565,0.8158,1.50,3.38
2012.04.04 07:17:29.741,0.81563,0.81581,2.25,3.00
2012.04.04 07:17:30.174,0.81567,0.81581,1.50,3.00
2012.04.04 07:17:30.393,0.81563,0.81581,3.00,3.00
2012.04.04 07:17:31.849,0.81565,0.81581,1.50,3.00
2012.04.04 07:17:32.408,0.81563,0.81581,3.00,3.00
2012.04.04 07:17:34.130,0.81565,0.81581,1.50,3.00
2012.04.04 07:17:34.678,0.81563,0.81581,3.00,3.19
2012.04.04 07:17:38.024,0.81563,0.81578,1.50,2.25
2012.04.04 07:17:39.740,0.81562,0.81575,1.88,1.50
2012.04.04 07:17:39.820,0.81562,0.81575,1.13,1.50
2012.04.04 07:17:39.966,0.81559,0.81573,1.50,1.50
2012.04.04 07:17:40.722,0.8156,0.81576,1.50,2.44
2012.04.04 07:17:41.313,0.81559,0.81575,2.25,2.44
2012.04.04 07:17:42.748,0.81558,0.81574,4.50,1.50
2012.04.04 07:17:43.643,0.81559,0.81575,2.25,1.50
2012.04.04 07:17:44.177,0.81558,0.81574,4.50,1.50
2012.04.04 07:17:44.992,0.8156,0.81576,1.50,1.69
2012.04.04 07:17:45.480,0.81562,0.81575,1.88,1.50
2012.04.04 07:17:45.693,0.81559,0.81575,3.38,1.50
2012.04.04 07:17:46.147,0.81559,0.81575,3.00,1.50
2012.04.04 07:17:46.442,0.81559,0.81575,1.50,2.25
2012.04.04 07:17:46.954,0.81558,0.81576,3.38,1.50
2012.04.04 07:17:47.490,0.81558,0.81576,3.38,1.50
2012.04.04 07:17:49.532,0.81558,0.81576,3.38,3.00
2012.04.04 07:17:50.197,0.81558,0.81574,3.38,1.50
2012.04.04 07:17:54.477,0.81558,0.81576,3.38,3.00
2012.04.04 07:17:55.021,0.81558,0.81576,2.63,3.00
2012.04.04 07:17:55.143,0.81558,0.81574,2.63,1.50
2012.04.04 07:17:55.445,0.81558,0.81566,1.50,2.25
2012.04.04 07:17:55.599,0.81549,0.81565,2.10,2.25
2012.04.04 07:17:56.414,0.81553,0.81563,1.50,1.50
2012.04.04 07:17:56.500,0.81551,0.81563,1.50,1.50
2012.04.04 07:17:56.575,0.8155,0.81563,1.50,1.50
2012.04.04 07:17:56.923,0.81549,0.81565,1.50,2.25
2012.04.04 07:17:57.707,0.81549,0.81565,1.50,2.25
2012.04.04 07:17:58.248,0.81552,0.81563,1.50,1.50
2012.04.04 07:17:58.328,0.8155,0.81563,1.50,1.50
2012.04.04 07:18:00.130,0.8155,0.81562,2.25,1.50
2012.04.04 07:18:00.485,0.81553,0.81564,1.50,1.50
2012.04.04 07:18:01.325,0.81553,0.81562,1.50,1.50
2012.04.04 07:18:01.798,0.81553,0.81564,1.50,2.25
2012.04.04 07:18:06.086,0.81553,0.81565,1.50,1.50
2012.04.04 07:18:06.637,0.81553,0.81569,3.00,3.57
2012.04.04 07:18:07.597,0.81555,0.81569,1.50,3.57
2012.04.04 07:18:07.682,0.81553,0.81569,1.50,3.57
2012.04.04 07:18:08.189,0.81553,0.81569,1.50,3.57
2012.04.04 07:18:09.278,0.81553,0.81564,1.50,1.50
2012.04.04 07:18:09.815,0.81551,0.81564,1.50,1.50
2012.04.04 07:18:09.894,0.81551,0.81564,1.50,1.50
2012.04.04 07:18:10.033,0.81552,0.81564,1.50,1.50
2012.04.04 07:18:10.534,0.81552,0.81565,1.50,1.50
2012.04.04 07:18:13.358,0.81552,0.81566,1.50,3.27
2012.04.04 07:18:14.040,0.81553,0.81566,1.50,2.52
2012.04.04 07:18:14.805,0.81549,0.81565,1.50,1.50
2012.04.04 07:18:15.357,0.81549,0.81566,1.50,2.33
2012.04.04 07:18:15.780,0.81549,0.81564,1.50,1.50
2012.04.04 07:18:16.339,0.81549,0.81566,1.50,4.02
2012.04.04 07:18:17.832,0.81549,0.81563,1.50,1.50
2012.04.04 07:18:18.040,0.81549,0.81563,1.50,1.50
2012.04.04 07:18:18.523,0.81553,0.81563,1.50,1.50
2012.04.04 07:18:20.095,0.81552,0.81563,1.50,1.50
2012.04.04 07:18:20.726,0.81552,0.81564,1.50,2.25
2012.04.04 07:18:22.793,0.8155,0.81565,2.25,1.17
2012.04.04 07:18:23.222,0.81553,0.81569,1.50,3.75
2012.04.04 07:18:24.611,0.81555,0.81569,1.50,3.75
2012.04.04 07:18:25.628,0.81553,0.81569,1.50,3.75
2012.04.04 07:18:26.287,0.81552,0.81569,1.50,3.75
2012.04.04 07:18:27.915,0.81553,0.81569,1.50,3.38
2012.04.04 07:18:27.996,0.81555,0.81569,1.50,3.38
2012.04.04 07:18:28.506,0.81558,0.81569,1.50,3.38
2012.04.04 07:18:29.434,0.81558,0.81569,1.50,3.38
2012.04.04 07:18:29.982,0.81559,0.81569,1.50,3.00
2012.04.04 07:18:30.543,0.81558,0.81569,1.50,2.25
2012.04.04 07:18:30.689,0.81555,0.81569,3.75,2.25
2012.04.04 07:18:31.587,0.81559,0.81573,2.25,1.13
2012.04.04 07:18:32.020,0.8156,0.81576,3.75,2.25
2012.04.04 07:18:32.094,0.81562,0.81578,1.50,3.20
2012.04.04 07:18:32.380,0.81563,0.81579,4.50,3.00
2012.04.04 07:18:32.594,0.81566,0.81579,1.50,3.00
2012.04.04 07:18:34.442,0.81564,0.81579,2.25,3.00
2012.04.04 07:18:34.730,0.81566,0.81579,1.50,3.00
2012.04.04 07:18:35.100,0.81566,0.81579,2.25,3.00
2012.04.04 07:18:44.439,0.81567,0.81582,1.50,2.63
2012.04.04 07:18:46.662,0.81567,0.81581,1.50,2.25
2012.04.04 07:18:48.568,0.81567,0.8158,1.50,1.50
2012.04.04 07:18:48.901,0.81567,0.81577,1.50,1.50
2012.04.04 07:18:48.975,0.81567,0.8158,1.50,1.50
2012.04.04 07:18:49.488,0.81567,0.81581,1.50,2.25
2012.04.04 07:18:49.906,0.81567,0.81578,1.50,1.50
2012.04.04 07:18:50.446,0.81567,0.81579,1.50,2.25
2012.04.04 07:18:50.991,0.81567,0.81578,1.50,1.50
2012.04.04 07:18:51.522,0.81567,0.81579,1.50,2.25
2012.04.04 07:18:53.645,0.81567,0.81582,1.50,2.25
2012.04.04 07:18:54.172,0.81568,0.8158,1.50,1.50
2012.04.04 07:18:54.683,0.81568,0.81581,1.50,2.25
2012.04.04 07:18:55.106,0.8157,0.81584,1.50,1.50
2012.04.04 07:18:55.566,0.81571,0.81585,2.25,2.25
2012.04.04 07:18:55.801,0.81574,0.81585,1.50,2.25
2012.04.04 07:18:56.162,0.81577,0.81585,1.50,2.44
2012.04.04 07:18:56.377,0.81579,0.8159,1.50,2.63
2012.04.04 07:18:56.830,0.81577,0.8159,1.50,2.63
2012.04.04 07:18:56.919,0.81578,0.81593,1.50,2.25
2012.04.04 07:18:57.024,0.8158,0.81593,1.13,2.25
2012.04.04 07:18:57.467,0.81582,0.81597,1.50,1.69
2012.04.04 07:18:58.055,0.81582,0.81597,1.50,1.77
2012.04.04 07:18:59.894,0.81579,0.8159,1.50,1.50
2012.04.04 07:18:59.991,0.81578,0.81589,1.50,2.25
2012.04.04 07:19:00.351,0.81578,0.81587,1.50,1.50
2012.04.04 07:19:00.634,0.81576,0.81589,2.25,2.25
2012.04.04 07:19:01.254,0.81572,0.8159,4.88,2.44
2012.04.04 07:19:01.757,0.81574,0.8159,3.00,2.63
2012.04.04 07:19:02.261,0.81577,0.81592,1.50,1.50
2012.04.04 07:19:02.707,0.81577,0.81594,1.50,2.25
2012.04.04 07:19:02.788,0.81577,0.81589,1.50,1.50
2012.04.04 07:19:02.933,0.81577,0.81592,1.50,1.50
2012.04.04 07:19:03.876,0.81577,0.81593,3.75,1.50
2012.04.04 07:19:04.393,0.81577,0.8159,1.50,1.50
2012.04.04 07:19:04.944,0.81577,0.81591,1.50,1.50
2012.04.04 07:19:05.664,0.81577,0.81593,1.50,2.25
2012.04.04 07:19:06.280,0.81577,0.81594,2.25,1.50
2012.04.04 07:19:06.550,0.81577,0.81592,2.25,1.50
2012.04.04 07:19:07.064,0.81577,0.81593,3.75,1.50
2012.04.04 07:19:07.574,0.81578,0.81595,2.25,3.00
2012.04.04 07:19:08.199,0.81578,0.81595,2.25,3.00
2012.04.04 07:19:08.413,0.81578,0.81593,2.25,1.50
2012.04.04 07:19:08.634,0.81575,0.81591,1.43,1.50
2012.04.04 07:19:08.712,0.81578,0.81593,1.50,1.50
2012.04.04 07:19:09.357,0.81575,0.81591,1.43,1.50
2012.04.04 07:19:09.436,0.81574,0.81587,1.50,1.13
2012.04.04 07:19:09.906,0.81573,0.81589,3.00,3.00
2012.04.04 07:19:10.451,0.81572,0.8159,3.68,1.69
2012.04.04 07:19:10.662,0.81574,0.8159,2.25,2.25
2012.04.04 07:19:11.083,0.81571,0.81586,1.50,2.25
2012.04.04 07:19:11.780,0.81569,0.81586,3.00,3.00
2012.04.04 07:19:12.318,0.8157,0.81586,1.50,3.00
2012.04.04 07:19:13.172,0.8157,0.81586,1.50,2.25
2012.04.04 07:19:14.434,0.81569,0.81585,1.50,1.50
2012.04.04 07:19:15.061,0.81568,0.81583,1.50,1.50
2012.04.04 07:19:15.664,0.81569,0.81584,1.50,1.50
2012.04.04 07:19:16.368,0.81569,0.81582,1.50,1.50
2012.04.04 07:19:16.895,0.81567,0.81584,2.25,3.00
2012.04.04 07:19:18.231,0.81567,0.81584,2.25,1.50
2012.04.04 07:19:18.771,0.8157,0.81586,1.50,6.00
2012.04.04 07:19:20.015,0.81569,0.81585,2.25,1.50
2012.04.04 07:19:21.855,0.81569,0.81585,2.25,2.25
2012.04.04 07:19:22.419,0.81568,0.81582,1.50,3.00
2012.04.04 07:19:23.695,0.81568,0.81582,1.50,2.25
2012.04.04 07:19:24.207,0.81568,0.81585,3.00,1.88
2012.04.04 07:19:28.222,0.81568,0.81585,3.00,1.88
2012.04.04 07:19:31.608,0.81568,0.81582,1.50,1.50
2012.04.04 07:19:32.256,0.81568,0.81585,1.50,2.63
2012.04.04 07:19:32.783,0.81569,0.81585,2.25,1.50
2012.04.04 07:19:33.862,0.81568,0.81584,2.63,1.50
2012.04.04 07:19:34.908,0.81569,0.81585,2.25,1.50
2012.04.04 07:19:37.529,0.81568,0.81584,3.38,1.50
2012.04.04 07:19:39.860,0.81569,0.81585,2.25,2.25
2012.04.04 07:19:40.382,0.81568,0.81584,3.38,1.50
2012.04.04 07:19:40.591,0.81568,0.81586,3.38,3.75
2012.04.04 07:19:41.687,0.81568,0.81585,1.88,1.50
2012.04.04 07:19:42.382,0.81568,0.81586,3.38,3.75
2012.04.04 07:19:43.354,0.81568,0.81584,3.38,1.50
2012.04.04 07:19:46.532,0.81568,0.81584,4.13,1.50
2012.04.04 07:19:46.953,0.81567,0.81582,1.50,1.50
2012.04.04 07:19:47.024,0.81565,0.81582,1.50,1.50
2012.04.04 07:19:47.104,0.81564,0.81582,2.33,1.50
2012.04.04 07:19:47.317,0.81565,0.81579,1.35,1.50
2012.04.04 07:19:47.668,0.81566,0.81582,2.25,1.50
2012.04.04 07:19:47.746,0.81567,0.81584,1.50,1.50
2012.04.04 07:19:48.279,0.81566,0.81584,2.25,1.50
2012.04.04 07:19:49.264,0.81569,0.81585,1.50,1.50
2012.04.04 07:19:49.621,0.81571,0.81586,1.50,3.00
2012.04.04 07:19:51.112,0.81567,0.81585,1.50,1.50
2012.04.04 07:19:51.253,0.81569,0.81585,1.50,1.50
2012.04.04 07:19:54.931,0.81567,0.81585,1.50,2.25
2012.04.04 07:19:57.058,0.81569,0.81585,1.50,1.50
2012.04.04 07:19:59.207,0.81568,0.81584,1.50,1.50
2012.04.04 07:19:59.767,0.81568,0.81586,1.50,4.58
2012.04.04 07:20:00.292,0.81568,0.81586,1.50,5.70
2012.04.04 07:20:10.000,0.81571,0.81586,1.50,3.45
2012.04.04 07:20:10.489,0.81569,0.81586,1.50,3.38
2012.04.04 07:20:11.640,0.81567,0.81585,1.50,2.25
2012.04.04 07:20:12.440,0.81565,0.81583,3.79,1.50
2012.04.04 07:20:12.646,0.81568,0.81586,1.50,5.63
2012.04.04 07:20:13.115,0.81572,0.81585,1.50,2.25
2012.04.04 07:20:13.334,0.8157,0.81585,1.50,2.25
2012.04.04 07:20:13.923,0.81571,0.81585,1.50,2.25
2012.04.04 07:20:14.072,0.81567,0.81585,2.63,3.75
2012.04.04 07:20:14.210,0.81567,0.81585,2.25,3.75
2012.04.04 07:20:14.890,0.81566,0.81583,2.07,1.50
2012.04.04 07:20:15.445,0.81566,0.81582,3.19,1.13
2012.04.04 07:20:15.736,0.81563,0.81581,5.03,2.63
2012.04.04 07:20:16.340,0.81563,0.81579,2.18,1.50
2012.04.04 07:20:16.620,0.81561,0.81578,1.65,2.25
2012.04.04 07:20:16.966,0.8156,0.81576,4.09,3.00
2012.04.04 07:20:17.327,0.81557,0.8157,1.35,1.50
2012.04.04 07:20:17.978,0.81555,0.81571,1.54,1.50
2012.04.04 07:20:18.334,0.81555,0.81569,1.54,1.50
2012.04.04 07:20:18.673,0.81555,0.81571,1.54,1.50
2012.04.04 07:20:19.264,0.81555,0.81572,1.54,1.50
2012.04.04 07:20:20.138,0.81555,0.81572,1.54,1.50
2012.04.04 07:20:20.648,0.81555,0.8157,1.54,1.50
2012.04.04 07:20:21.266,0.81555,0.8157,1.54,1.50
2012.04.04 07:20:22.934,0.81555,0.8157,1.54,1.50
2012.04.04 07:20:23.463,0.81555,0.8157,1.54,1.50
2012.04.04 07:20:23.606,0.81555,0.81572,1.54,1.50
2012.04.04 07:20:24.373,0.81555,0.81571,1.54,1.50
2012.04.04 07:20:24.909,0.81555,0.8157,1.54,1.50
2012.04.04 07:20:25.506,0.81555,0.8157,1.54,1.50
2012.04.04 07:20:25.631,0.81555,0.81572,1.54,1.50
2012.04.04 07:20:26.814,0.81555,0.81572,1.54,1.50
2012.04.04 07:20:27.351,0.81557,0.81573,2.85,1.50
2012.04.04 07:20:27.930,0.81557,0.81575,2.85,2.25
2012.04.04 07:20:28.745,0.81557,0.81572,1.35,1.50
2012.04.04 07:20:29.128,0.81559,0.81575,1.80,1.50
2012.04.04 07:20:29.413,0.81563,0.81578,1.58,1.50
2012.04.04 07:20:29.931,0.81565,0.81579,1.50,2.25
2012.04.04 07:20:30.335,0.81567,0.81579,1.50,2.25
2012.04.04 07:20:30.885,0.81568,0.81579,1.50,2.25
2012.04.04 07:20:33.761,0.81569,0.81579,1.50,2.25
2012.04.04 07:20:34.313,0.81568,0.81579,1.50,2.25
2012.04.04 07:20:34.611,0.81575,0.81585,1.13,1.50
2012.04.04 07:20:34.689,0.81578,0.81594,1.50,1.13
2012.04.04 07:20:34.832,0.81577,0.81595,2.25,3.00
2012.04.04 07:20:34.901,0.8158,0.81595,1.50,1.50
2012.04.04 07:20:35.456,0.81578,0.81594,3.00,2.25
2012.04.04 07:20:36.482,0.81577,0.81592,2.25,1.50
2012.04.04 07:20:36.555,0.81578,0.81594,1.50,2.25
2012.04.04 07:20:37.081,0.81579,0.81595,1.50,3.00
2012.04.04 07:20:37.612,0.81578,0.81594,1.50,2.25
2012.04.04 07:20:40.331,0.81581,0.81595,1.50,1.50
2012.04.04 07:20:40.893,0.81579,0.81595,1.50,1.50
2012.04.04 07:20:42.674,0.81578,0.81594,1.50,2.25
2012.04.04 07:20:43.312,0.81579,0.81595,1.50,3.00
2012.04.04 07:20:44.500,0.8158,0.81596,1.50,3.00
2012.04.04 07:20:45.050,0.81579,0.81596,1.50,3.00
2012.04.04 07:20:46.362,0.81579,0.81596,1.50,3.00
2012.04.04 07:20:46.511,0.81581,0.81596,1.88,3.00
2012.04.04 07:20:46.586,0.81582,0.81597,1.13,1.50
2012.04.04 07:20:46.809,0.81586,0.816,1.50,2.25
2012.04.04 07:20:47.110,0.81584,0.816,1.50,2.25
2012.04.04 07:20:47.722,0.81583,0.81599,2.25,1.50
2012.04.04 07:20:48.227,0.81584,0.816,1.50,3.75
2012.04.04 07:20:49.470,0.81582,0.816,2.63,3.75
2012.04.04 07:20:50.030,0.81583,0.81599,1.50,1.50
2012.04.04 07:20:51.234,0.81583,0.81599,1.50,2.25
2012.04.04 07:20:51.802,0.81581,0.81597,2.63,2.25
2012.04.04 07:20:53.490,0.81582,0.81598,1.88,1.50
2012.04.04 07:20:55.429,0.81582,0.81598,3.38,1.50
2012.04.04 07:20:56.227,0.81584,0.816,2.25,3.75
2012.04.04 07:21:01.732,0.81583,0.81599,3.00,1.50
2012.04.04 07:21:02.369,0.81584,0.816,2.25,3.75
2012.04.04 07:21:02.965,0.81584,0.816,2.25,4.50
2012.04.04 07:21:06.302,0.81584,0.816,2.25,4.50
2012.04.04 07:21:07.060,0.81586,0.816,1.50,2.25
2012.04.04 07:21:07.463,0.81587,0.816,1.88,2.25
2012.04.04 07:21:07.817,0.81597,0.81608,1.50,1.50
2012.04.04 07:21:08.040,0.81598,0.81612,1.50,2.25
2012.04.04 07:21:08.117,0.81602,0.81612,1.50,2.25
2012.04.04 07:21:08.609,0.81603,0.81614,1.50,2.25
2012.04.04 07:21:09.212,0.81603,0.81613,1.50,1.50
2012.04.04 07:21:09.830,0.81603,0.81615,1.50,2.25
2012.04.04 07:21:11.259,0.81603,0.81613,1.50,1.50
2012.04.04 07:21:14.141,0.81603,0.81613,1.50,1.50
2012.04.04 07:21:15.270,0.81602,0.81613,1.50,1.50
2012.04.04 07:21:15.790,0.81602,0.81613,1.50,1.50
2012.04.04 07:21:16.303,0.81602,0.81614,1.50,2.25
2012.04.04 07:21:21.157,0.81602,0.81615,1.50,2.25
2012.04.04 07:21:21.237,0.81607,0.81615,1.50,2.25
2012.04.04 07:21:21.601,0.81607,0.81622,1.50,2.44
2012.04.04 07:21:21.677,0.81607,0.81623,3.00,1.88
2012.04.04 07:21:22.209,0.81608,0.81623,1.50,1.88
2012.04.04 07:21:30.767,0.81608,0.81622,1.50,1.69
2012.04.04 07:21:31.329,0.81609,0.81624,2.25,1.13
2012.04.04 07:21:32.176,0.8161,0.81624,1.50,1.13
2012.04.04 07:21:32.747,0.81607,0.81623,3.00,2.44
2012.04.04 07:21:33.257,0.81607,0.8162,1.50,2.25
2012.04.04 07:21:33.779,0.81607,0.81619,1.50,1.50
2012.04.04 07:21:34.287,0.81607,0.81623,1.50,2.63
2012.04.04 07:21:34.902,0.81607,0.81623,3.00,2.63
2012.04.04 07:21:41.479,0.81608,0.81624,2.25,1.13
2012.04.04 07:21:46.604,0.81607,0.81624,1.50,2.63
2012.04.04 07:21:48.265,0.81607,0.81616,1.50,1.50
2012.04.04 07:21:48.485,0.81607,0.81619,1.50,3.75
2012.04.04 07:21:48.630,0.81604,0.81619,1.50,3.75
2012.04.04 07:21:48.704,0.81602,0.81619,3.00,3.75
2012.04.04 07:21:49.733,0.81602,0.81619,3.00,3.75
2012.04.04 07:21:50.319,0.81606,0.81619,1.50,3.00
2012.04.04 07:21:50.478,0.81606,0.81622,1.50,2.63
2012.04.04 07:21:50.552,0.81606,0.81622,2.25,2.25
2012.04.04 07:21:50.903,0.81605,0.81623,3.60,2.44
2012.04.04 07:21:52.386,0.81607,0.81622,1.50,1.13
2012.04.04 07:21:52.887,0.81608,0.81621,1.50,2.25
2012.04.04 07:21:53.455,0.81608,0.81621,1.50,1.50
2012.04.04 07:21:54.220,0.81608,0.81623,1.50,2.44
2012.04.04 07:21:57.402,0.81608,0.81622,1.50,2.07
2012.04.04 07:21:57.872,0.81608,0.81619,1.50,1.50
2012.04.04 07:21:58.192,0.81608,0.81621,1.50,4.13
2012.04.04 07:22:00.693,0.81608,0.81621,1.50,1.32
2012.04.04 07:22:01.742,0.81608,0.81621,1.50,1.32
2012.04.04 07:22:02.301,0.81607,0.8162,1.50,2.25
2012.04.04 07:22:02.516,0.81602,0.81617,2.63,1.50
2012.04.04 07:22:02.591,0.81602,0.81617,2.63,1.50
2012.04.04 07:22:03.252,0.81598,0.81614,4.92,1.50
2012.04.04 07:22:03.343,0.81598,0.81616,4.32,2.33
2012.04.04 07:22:03.425,0.81598,0.81616,3.57,2.33
2012.04.04 07:22:03.509,0.81598,0.81613,3.57,1.50
2012.04.04 07:22:03.723,0.81598,0.81615,3.38,1.50
2012.04.04 07:22:04.206,0.81598,0.81612,1.88,1.50
2012.04.04 07:22:04.666,0.81598,0.81609,1.88,1.50
2012.04.04 07:22:05.067,0.81598,0.81611,1.88,1.50
2012.04.04 07:22:05.147,0.81598,0.81613,1.88,1.50
2012.04.04 07:22:05.748,0.81598,0.81612,1.88,1.50
2012.04.04 07:22:07.241,0.816,0.81614,1.50,1.50
2012.04.04 07:22:07.762,0.81598,0.81613,1.88,1.50
2012.04.04 07:22:08.627,0.81598,0.81615,1.88,3.75
2012.04.04 07:22:09.554,0.81598,0.81614,1.88,1.50
2012.04.04 07:22:10.723,0.81599,0.81615,2.25,1.50
2012.04.04 07:22:10.808,0.81599,0.81617,2.25,3.00
2012.04.04 07:22:11.380,0.816,0.81617,1.50,1.50
2012.04.04 07:22:11.920,0.81599,0.81617,2.25,3.00
2012.04.04 07:22:12.472,0.816,0.81617,1.50,1.50
2012.04.04 07:22:13.192,0.81604,0.81618,1.50,1.13
2012.04.04 07:22:13.493,0.81607,0.81621,1.50,1.13
2012.04.04 07:22:13.983,0.81605,0.81621,1.50,2.63
2012.04.04 07:22:14.808,0.81605,0.81619,1.50,4.13
2012.04.04 07:22:14.892,0.81603,0.81619,1.50,4.13
2012.04.04 07:22:15.422,0.81601,0.81619,1.50,5.63
2012.04.04 07:22:15.558,0.81603,0.81619,1.50,5.63
2012.04.04 07:22:16.198,0.81602,0.81618,1.50,2.25
2012.04.04 07:22:16.794,0.81602,0.81618,1.50,1.50
2012.04.04 07:22:17.545,0.81602,0.81617,1.50,1.50
2012.04.04 07:22:18.301,0.81602,0.81618,1.50,3.00
2012.04.04 07:22:18.981,0.81599,0.81617,1.50,2.25
2012.04.04 07:22:20.365,0.81598,0.81614,2.25,2.25
2012.04.04 07:22:20.937,0.81597,0.81612,5.07,2.25
2012.04.04 07:22:21.300,0.81597,0.81603,2.44,1.50
2012.04.04 07:22:21.380,0.81594,0.81603,1.58,1.50
2012.04.04 07:22:21.456,0.81592,0.81606,1.39,1.58
2012.04.04 07:22:21.853,0.81589,0.81605,1.58,3.00
2012.04.04 07:22:22.213,0.81588,0.816,1.35,1.50
2012.04.04 07:22:23.085,0.81588,0.81601,1.35,1.50
2012.04.04 07:22:24.257,0.81586,0.81602,3.60,2.25
2012.04.04 07:22:24.768,0.81586,0.81601,1.58,3.00
2012.04.04 07:22:25.055,0.81584,0.81599,1.77,1.50
2012.04.04 07:22:25.533,0.81582,0.81595,1.88,1.50
2012.04.04 07:22:25.946,0.81579,0.81594,1.39,3.75
2012.04.04 07:22:26.358,0.81583,0.81594,1.50,1.50
2012.04.04 07:22:26.912,0.81582,0.81595,1.50,1.50
2012.04.04 07:22:27.464,0.81582,0.81595,1.50,1.50
2012.04.04 07:22:29.115,0.81584,0.81599,1.13,2.25
2012.04.04 07:22:30.690,0.81584,0.81599,1.13,3.75
2012.04.04 07:22:31.006,0.81584,0.816,3.38,1.50
2012.04.04 07:22:31.365,0.81587,0.81598,1.50,1.50
2012.04.04 07:22:31.518,0.81583,0.81599,1.88,1.50
2012.04.04 07:22:32.052,0.81583,0.81598,1.50,2.25
2012.04.04 07:22:32.195,0.81587,0.81597,1.50,1.50
2012.04.04 07:22:32.954,0.81584,0.81597,1.50,1.50
2012.04.04 07:22:33.031,0.81583,0.81597,1.50,2.25
2012.04.04 07:22:34.302,0.81582,0.81594,1.50,1.50
2012.04.04 07:22:34.959,0.81582,0.81595,1.50,1.50
2012.04.04 07:22:38.404,0.81582,0.81595,1.50,3.00
2012.04.04 07:22:38.556,0.81579,0.81594,2.25,1.13
2012.04.04 07:22:39.059,0.81579,0.81593,2.25,2.25
2012.04.04 07:22:39.588,0.81578,0.81592,1.50,3.00
2012.04.04 07:22:40.489,0.81576,0.81592,2.25,3.00
2012.04.04 07:22:40.566,0.81573,0.81589,3.19,2.25
2012.04.04 07:22:40.812,0.81573,0.8159,1.50,3.38
2012.04.04 07:22:41.413,0.81573,0.81584,1.50,2.25
2012.04.04 07:22:42.130,0.81573,0.81583,1.50,1.50
2012.04.04 07:22:43.175,0.81573,0.81584,1.50,1.50
2012.04.04 07:22:44.341,0.81574,0.81587,1.50,2.25
2012.04.04 07:22:44.626,0.81581,0.81598,5.25,1.13
2012.04.04 07:22:44.922,0.81581,0.81596,2.25,5.10
2012.04.04 07:22:44.997,0.81578,0.81591,1.50,2.25
2012.04.04 07:22:45.560,0.81578,0.81589,1.50,2.25
2012.04.04 07:22:46.146,0.81578,0.81587,1.50,1.50
2012.04.04 07:22:46.410,0.81578,0.81589,1.50,3.75
2012.04.04 07:22:48.219,0.81578,0.81587,1.50,1.50
2012.04.04 07:22:48.879,0.81578,0.81588,1.50,1.50
2012.04.04 07:22:50.033,0.81577,0.81588,1.50,1.50
2012.04.04 07:22:50.580,0.81577,0.81589,1.50,1.50
2012.04.04 07:22:53.081,0.81577,0.8159,1.50,1.50
2012.04.04 07:22:53.643,0.81578,0.81591,1.50,1.50
2012.04.04 07:22:53.956,0.81579,0.81589,1.13,1.50
2012.04.04 07:22:54.035,0.81579,0.81591,1.13,1.50
2012.04.04 07:22:54.119,0.81579,0.81591,1.13,1.50
2012.04.04 07:22:54.198,0.81579,0.81595,2.63,1.50
2012.04.04 07:22:54.271,0.81582,0.81598,2.25,2.25
2012.04.04 07:22:55.054,0.8158,0.81596,2.25,1.50
2012.04.04 07:23:00.256,0.81582,0.81598,1.50,2.25
2012.04.04 07:23:06.183,0.81583,0.81596,1.50,1.50
2012.04.04 07:23:07.732,0.81583,0.81596,1.50,1.50
2012.04.04 07:23:09.411,0.81584,0.81599,2.25,3.00
2012.04.04 07:23:09.483,0.81587,0.81599,1.13,3.00
2012.04.04 07:23:09.770,0.81587,0.81602,1.13,1.50
2012.04.04 07:23:10.055,0.81588,0.81604,2.25,3.75
2012.04.04 07:23:10.135,0.8159,0.81604,1.13,3.75
2012.04.04 07:23:10.496,0.81592,0.81604,1.50,1.50
2012.04.04 07:23:11.422,0.81593,0.81605,1.50,1.50
2012.04.04 07:23:12.182,0.81593,0.81605,1.50,1.50
2012.04.04 07:23:13.075,0.81593,0.81608,1.50,2.25
2012.04.04 07:23:13.712,0.81592,0.81606,1.50,2.25
2012.04.04 07:23:22.754,0.81593,0.81602,1.50,1.13
2012.04.04 07:23:22.911,0.81588,0.81598,3.00,1.13
2012.04.04 07:23:23.293,0.81583,0.81594,1.13,1.50
2012.04.04 07:23:23.891,0.81579,0.81591,1.50,1.50
2012.04.04 07:23:23.978,0.81577,0.81591,1.50,2.25
2012.04.04 07:23:24.128,0.81577,0.81589,1.50,1.50
2012.04.04 07:23:24.703,0.81577,0.8159,1.50,2.25
2012.04.04 07:23:27.608,0.81577,0.8159,1.50,2.25
2012.04.04 07:23:27.750,0.81573,0.8159,1.50,2.25
2012.04.04 07:23:27.824,0.81574,0.81592,2.25,2.25
2012.04.04 07:23:28.256,0.81572,0.8159,3.75,2.25
2012.04.04 07:23:28.653,0.81572,0.81586,3.00,2.25
2012.04.04 07:23:28.870,0.81569,0.81586,1.88,3.83
2012.04.04 07:23:29.012,0.81567,0.8158,1.50,1.50
2012.04.04 07:23:29.561,0.81567,0.8158,1.50,1.50
2012.04.04 07:23:38.345,0.81565,0.81581,2.25,2.25
2012.04.04 07:23:38.426,0.81565,0.81581,1.50,1.50
2012.04.04 07:23:38.642,0.81567,0.81583,1.50,1.50
2012.04.04 07:23:39.072,0.81568,0.81585,1.88,2.25
2012.04.04 07:23:39.615,0.81568,0.81586,5.44,1.50
2012.04.04 07:23:39.700,0.81571,0.81587,1.50,1.50
2012.04.04 07:23:40.051,0.81574,0.8159,1.50,2.25
2012.04.04 07:23:40.250,0.81573,0.8159,1.88,2.25
2012.04.04 07:23:40.394,0.81572,0.81588,3.00,1.50
2012.04.04 07:23:41.971,0.81574,0.8159,1.88,3.75
2012.04.04 07:23:42.314,0.81572,0.8159,5.25,2.25
2012.04.04 07:23:42.390,0.81574,0.8159,1.88,2.25
2012.04.04 07:23:44.989,0.81577,0.81593,1.50,2.25
2012.04.04 07:23:45.061,0.81577,0.81593,1.50,2.25
2012.04.04 07:23:45.588,0.81575,0.81592,1.13,1.50
2012.04.04 07:23:47.214,0.81574,0.81592,1.50,1.88
2012.04.04 07:23:47.736,0.81572,0.8159,1.50,2.25
2012.04.04 07:23:48.302,0.81573,0.8159,1.50,3.38
2012.04.04 07:23:50.074,0.81573,0.81588,1.50,1.50
2012.04.04 07:23:50.731,0.81573,0.8159,1.50,3.38
2012.04.04 07:23:51.261,0.81575,0.8159,1.50,3.38
2012.04.04 07:23:51.818,0.81574,0.81592,1.50,4.50
2012.04.04 07:23:52.821,0.81573,0.81591,2.63,2.25
2012.04.04 07:23:54.432,0.81572,0.8159,3.00,2.25
2012.04.04 07:23:55.318,0.81572,0.81587,1.50,1.50
2012.04.04 07:23:55.404,0.81572,0.81587,1.50,3.00
2012.04.04 07:24:00.671,0.81574,0.81589,2.25,3.00
2012.04.04 07:24:01.692,0.81577,0.81592,1.50,3.00
2012.04.04 07:24:02.221,0.81577,0.81591,1.50,2.25
2012.04.04 07:24:03.493,0.81576,0.81591,1.50,1.13
2012.04.04 07:24:03.631,0.81573,0.81589,3.00,2.25
2012.04.04 07:24:03.971,0.81573,0.81586,1.50,2.25
2012.04.04 07:24:11.619,0.81572,0.81588,3.00,1.50
2012.04.04 07:24:11.702,0.81572,0.81588,1.50,1.50
2012.04.04 07:24:12.124,0.81571,0.81584,1.50,2.63
2012.04.04 07:24:12.202,0.81568,0.81583,1.50,2.25
2012.04.04 07:24:12.774,0.81568,0.8158,1.50,1.50
2012.04.04 07:24:12.849,0.81568,0.81583,1.50,2.25
2012.04.04 07:24:12.924,0.81568,0.81583,1.50,2.25
2012.04.04 07:24:14.490,0.81568,0.81581,1.50,2.25
2012.04.04 07:24:25.060,0.81568,0.81583,1.50,1.50
2012.04.04 07:24:25.276,0.81566,0.81582,3.00,3.19
2012.04.04 07:24:25.682,0.81568,0.81582,2.25,2.82
2012.04.04 07:24:25.985,0.81568,0.81581,1.50,2.25
2012.04.04 07:24:26.856,0.81568,0.81581,1.50,2.25
2012.04.04 07:24:27.431,0.81563,0.81578,2.25,1.50
2012.04.04 07:24:27.729,0.81563,0.81577,1.50,2.25
2012.04.04 07:24:27.803,0.81562,0.81577,2.63,1.50
2012.04.04 07:24:28.436,0.81564,0.81578,2.25,2.25
2012.04.04 07:24:28.814,0.81567,0.81582,2.25,1.13
2012.04.04 07:24:29.173,0.81567,0.81581,1.50,1.50
2012.04.04 07:24:29.675,0.81568,0.81582,1.50,2.25
2012.04.04 07:24:29.755,0.81568,0.81582,1.50,3.75
2012.04.04 07:24:30.383,0.81568,0.81583,1.50,2.25
2012.04.04 07:24:31.631,0.81567,0.81583,3.00,2.25
2012.04.04 07:24:32.408,0.81577,0.81588,1.50,2.25
2012.04.04 07:24:32.911,0.81577,0.81588,1.50,1.13
2012.04.04 07:24:33.126,0.81577,0.81593,6.38,2.25
2012.04.04 07:24:33.204,0.81581,0.81594,1.50,1.50
2012.04.04 07:24:33.817,0.81583,0.81596,1.88,2.25
2012.04.04 07:24:33.983,0.81585,0.81601,2.25,1.50
2012.04.04 07:24:34.298,0.81587,0.81602,1.50,2.63
2012.04.04 07:24:34.574,0.81587,0.81602,1.50,2.63
2012.04.04 07:24:35.254,0.81584,0.81595,1.50,1.50
2012.04.04 07:24:35.345,0.81583,0.81595,1.50,1.50
2012.04.04 07:24:35.769,0.81582,0.81594,2.25,1.50
2012.04.04 07:24:36.192,0.81582,0.81594,1.50,1.50
2012.04.04 07:24:36.697,0.81583,0.81594,2.25,1.50
2012.04.04 07:24:37.295,0.81584,0.81594,1.50,1.50
2012.04.04 07:24:37.447,0.81579,0.81594,2.25,1.50
2012.04.04 07:24:37.533,0.81582,0.81594,1.50,1.50
2012.04.04 07:24:38.356,0.81584,0.81594,1.50,1.50
2012.04.04 07:24:38.550,0.81583,0.81598,1.50,1.88
2012.04.04 07:24:39.113,0.81583,0.81598,1.50,1.88
2012.04.04 07:24:39.852,0.81583,0.81598,2.25,1.50
2012.04.04 07:24:39.936,0.81585,0.81598,1.50,1.50
2012.04.04 07:24:41.999,0.81585,0.816,1.50,3.00
2012.04.04 07:24:42.082,0.81583,0.81598,1.13,2.25
2012.04.04 07:24:42.502,0.81588,0.81598,1.50,2.25
2012.04.04 07:24:46.847,0.81588,0.81598,1.50,1.50
2012.04.04 07:24:47.638,0.81582,0.81598,3.00,1.88
2012.04.04 07:24:51.273,0.81582,0.81598,1.50,1.88
2012.04.04 07:24:51.830,0.81581,0.81597,1.50,2.25
2012.04.04 07:24:52.367,0.81582,0.81598,1.50,3.38
2012.04.04 07:24:54.728,0.81581,0.81598,1.50,1.88
2012.04.04 07:24:57.767,0.81582,0.81598,1.50,1.88
2012.04.04 07:24:58.304,0.81583,0.81598,1.50,1.88
2012.04.04 07:24:59.934,0.81584,0.81598,1.50,1.88
2012.04.04 07:25:02.386,0.81583,0.81598,1.50,1.88
2012.04.04 07:25:02.844,0.81583,0.81598,1.50,2.63
2012.04.04 07:25:02.929,0.81578,0.81594,2.44,2.25
2012.04.04 07:25:03.514,0.81578,0.81596,2.25,2.25
2012.04.04 07:25:03.666,0.81577,0.81592,1.50,2.25
2012.04.04 07:25:04.029,0.81576,0.81586,1.69,1.50
2012.04.04 07:25:04.458,0.81574,0.81584,1.13,1.50
2012.04.04 07:25:04.755,0.81571,0.81582,1.35,2.25
2012.04.04 07:25:04.839,0.81564,0.81582,3.90,2.44
2012.04.04 07:25:05.197,0.81563,0.81579,4.28,3.00
2012.04.04 07:25:05.886,0.81563,0.81577,1.65,2.25
2012.04.04 07:25:05.971,0.81563,0.81578,1.88,2.25
2012.04.04 07:25:06.873,0.81563,0.81579,4.13,2.25
2012.04.04 07:25:07.027,0.81566,0.81582,3.38,3.75
2012.04.04 07:25:07.607,0.81568,0.81582,1.32,1.50
2012.04.04 07:25:07.761,0.8157,0.81582,1.88,1.50
2012.04.04 07:25:08.060,0.81573,0.81589,1.50,3.00
2012.04.04 07:25:08.141,0.81578,0.81589,1.13,3.00
2012.04.04 07:25:08.287,0.81578,0.8159,1.88,3.75
2012.04.04 07:25:08.367,0.8158,0.8159,1.50,3.75
2012.04.04 07:25:08.920,0.8158,0.81595,1.50,1.50
2012.04.04 07:25:09.003,0.81578,0.81595,1.88,2.25
2012.04.04 07:25:09.286,0.81576,0.81592,3.00,2.25
2012.04.04 07:25:09.623,0.81575,0.81591,1.50,2.25
2012.04.04 07:25:10.029,0.81579,0.81594,1.50,2.63
2012.04.04 07:25:10.313,0.81576,0.81594,1.50,2.63
2012.04.04 07:25:12.149,0.81577,0.81593,1.50,2.63
2012.04.04 07:25:12.603,0.81577,0.81593,1.50,2.63
2012.04.04 07:25:12.753,0.81579,0.81595,1.50,4.50
2012.04.04 07:25:13.308,0.81578,0.81594,1.50,2.25
2012.04.04 07:25:14.646,0.81579,0.81595,1.50,4.50
2012.04.04 07:25:14.864,0.81577,0.81593,1.50,2.25
2012.04.04 07:25:15.311,0.81577,0.81593,1.50,2.25
2012.04.04 07:25:16.235,0.81576,0.81592,1.50,1.50
2012.04.04 07:25:16.880,0.81576,0.81594,1.50,2.25
2012.04.04 07:25:17.529,0.81576,0.81592,2.25,1.50
2012.04.04 07:25:17.669,0.81578,0.81594,1.50,2.25
2012.04.04 07:25:18.780,0.81575,0.81593,2.63,2.25
2012.04.04 07:25:19.309,0.81575,0.81593,1.88,2.25
2012.04.04 07:25:19.652,0.81577,0.81593,1.50,2.25
2012.04.04 07:25:20.488,0.81576,0.81592,1.50,1.50
2012.04.04 07:25:21.076,0.81577,0.81593,1.50,2.25
2012.04.04 07:25:21.415,0.81574,0.81592,1.88,2.25
2012.04.04 07:25:22.252,0.81575,0.81593,2.63,2.25
2012.04.04 07:25:23.980,0.81575,0.81593,1.50,2.25
2012.04.04 07:25:24.331,0.81577,0.81593,1.50,2.25
2012.04.04 07:25:25.160,0.81577,0.81593,1.50,2.25
2012.04.04 07:25:25.508,0.81577,0.81593,3.00,2.25
2012.04.04 07:25:28.481,0.81577,0.81592,1.50,1.50
2012.04.04 07:25:28.765,0.81575,0.81588,1.50,2.25
2012.04.04 07:25:33.126,0.81575,0.8159,1.50,3.00
2012.04.04 07:25:33.199,0.81575,0.8159,2.25,3.00
2012.04.04 07:25:33.694,0.81579,0.81595,2.25,2.63
2012.04.04 07:25:35.267,0.81578,0.81594,2.25,2.44
2012.04.04 07:25:35.807,0.81578,0.81594,2.25,2.25
2012.04.04 07:25:36.033,0.81578,0.81594,2.63,1.50
2012.04.04 07:25:36.869,0.81582,0.81596,1.50,2.25
2012.04.04 07:25:37.862,0.81582,0.81594,1.50,1.50
2012.04.04 07:25:38.377,0.81582,0.81595,1.50,1.50
2012.04.04 07:25:41.055,0.81582,0.81596,1.50,2.25
2012.04.04 07:25:41.572,0.81583,0.81601,3.00,3.19
2012.04.04 07:25:42.134,0.81582,0.816,3.00,2.44
2012.04.04 07:25:43.406,0.81582,0.816,3.00,2.44
2012.04.04 07:25:43.953,0.81582,0.81599,1.50,2.25
2012.04.04 07:25:44.544,0.81583,0.81599,1.50,2.25
2012.04.04 07:25:44.625,0.81583,0.81597,1.50,1.50
2012.04.04 07:25:45.163,0.81583,0.81599,1.50,2.25
2012.04.04 07:25:46.100,0.81582,0.81598,3.00,2.25
2012.04.04 07:25:48.170,0.81583,0.81597,1.50,1.50
2012.04.04 07:25:48.713,0.81583,0.81598,1.50,2.25
2012.04.04 07:25:49.242,0.81582,0.81598,3.00,2.25
2012.04.04 07:25:50.828,0.81584,0.816,2.25,2.25
2012.04.04 07:25:51.422,0.81586,0.81601,1.50,1.69
2012.04.04 07:25:51.781,0.81586,0.81602,2.63,2.25
2012.04.04 07:25:52.146,0.81593,0.81609,2.25,4.13
2012.04.04 07:25:52.289,0.81597,0.81609,1.50,3.00
2012.04.04 07:25:53.160,0.81597,0.81609,1.50,1.50
2012.04.04 07:25:53.696,0.81597,0.81611,1.50,2.25
2012.04.04 07:25:53.836,0.81597,0.81608,1.50,1.50
2012.04.04 07:25:54.776,0.81597,0.81609,1.50,2.25
2012.04.04 07:25:57.356,0.81597,0.81613,3.00,3.00
2012.04.04 07:25:58.556,0.81597,0.81613,3.00,3.00
2012.04.04 07:25:59.108,0.81598,0.81613,1.50,3.00
2012.04.04 07:26:03.799,0.81597,0.81609,1.50,1.50
2012.04.04 07:26:04.336,0.81597,0.8161,1.50,2.25
2012.04.04 07:26:04.876,0.81597,0.81609,1.50,1.50
2012.04.04 07:26:05.792,0.81602,0.81615,1.50,2.25
2012.04.04 07:26:05.939,0.81602,0.81613,1.50,2.25
2012.04.04 07:26:07.953,0.81602,0.81617,1.50,2.25
2012.04.04 07:26:13.034,0.81602,0.81616,1.50,2.25
2012.04.04 07:26:13.693,0.81598,0.81607,3.00,1.50
2012.04.04 07:26:13.797,0.81598,0.81607,2.25,1.88
2012.04.04 07:26:13.952,0.81591,0.81605,3.75,1.13
2012.04.04 07:26:14.382,0.81585,0.81597,1.50,1.50
2012.04.04 07:26:15.150,0.81583,0.81597,1.88,2.25
2012.04.04 07:26:15.828,0.81583,0.81598,1.88,1.50
2012.04.04 07:26:17.645,0.81583,0.81596,1.88,1.50
2012.04.04 07:26:18.409,0.81583,0.81599,1.13,2.25
2012.04.04 07:26:18.961,0.81583,0.81597,1.88,1.50
2012.04.04 07:26:19.757,0.81583,0.81597,2.63,1.50
2012.04.04 07:26:20.315,0.81583,0.81598,2.63,1.50
2012.04.04 07:26:21.265,0.81583,0.81599,1.88,1.50
2012.04.04 07:26:21.809,0.81583,0.81598,1.88,1.50
2012.04.04 07:26:22.966,0.81583,0.81599,1.88,1.50
2012.04.04 07:26:23.732,0.81586,0.81602,1.50,2.25
2012.04.04 07:26:24.290,0.81585,0.81601,1.50,1.50
2012.04.04 07:26:24.814,0.81585,0.81603,1.50,2.25
2012.04.04 07:26:25.649,0.81585,0.81601,1.50,1.50
2012.04.04 07:26:26.221,0.81585,0.81603,1.50,2.25
2012.04.04 07:26:26.971,0.81585,0.81603,2.25,2.25
2012.04.04 07:26:29.893,0.81587,0.81605,1.50,5.44
2012.04.04 07:26:30.448,0.81588,0.81604,1.50,2.44
2012.04.04 07:26:31.024,0.81587,0.81603,1.50,2.25
2012.04.04 07:26:31.710,0.81588,0.81604,1.50,2.44
2012.04.04 07:26:32.273,0.81587,0.81605,1.50,5.44
2012.04.04 07:26:32.349,0.81587,0.81605,1.50,5.44
2012.04.04 07:26:32.885,0.81586,0.81604,1.50,2.44
2012.04.04 07:26:33.216,0.81585,0.81601,1.50,1.50
2012.04.04 07:26:33.804,0.81586,0.81602,1.50,1.50
2012.04.04 07:26:34.120,0.81586,0.81602,1.50,2.33
2012.04.04 07:26:34.480,0.81583,0.81596,2.25,2.25
2012.04.04 07:26:34.712,0.81576,0.81593,1.13,1.50
2012.04.04 07:26:35.328,0.81583,0.81595,1.50,2.25
2012.04.04 07:26:35.408,0.8158,0.81595,1.50,2.25
2012.04.04 07:26:35.685,0.81582,0.81595,1.50,2.25
2012.04.04 07:26:36.155,0.8158,0.81595,1.50,2.25
2012.04.04 07:26:36.861,0.81578,0.81594,1.88,1.50
2012.04.04 07:26:37.242,0.81581,0.81595,1.50,2.25
2012.04.04 07:26:37.459,0.81579,0.81595,3.00,2.25
2012.04.04 07:26:38.058,0.8158,0.81597,1.50,2.25
2012.04.04 07:26:38.616,0.81581,0.81599,1.50,3.94
2012.04.04 07:26:39.324,0.8158,0.81596,1.50,2.25
2012.04.04 07:26:39.554,0.81578,0.81595,1.50,1.50
2012.04.04 07:26:39.941,0.81581,0.81597,1.50,2.25
2012.04.04 07:26:40.158,0.81579,0.81597,3.00,2.25
2012.04.04 07:26:40.454,0.81578,0.81594,3.00,1.50
2012.04.04 07:26:41.260,0.81578,0.81596,3.00,2.25
2012.04.04 07:26:42.079,0.81579,0.81596,1.50,2.25
2012.04.04 07:26:42.160,0.81581,0.81597,1.50,2.25
2012.04.04 07:26:42.727,0.81582,0.81598,1.50,2.25
2012.04.04 07:26:43.375,0.8158,0.81598,1.50,2.25
2012.04.04 07:26:43.933,0.81581,0.81599,1.50,2.44
2012.04.04 07:26:44.007,0.81578,0.81596,3.00,2.25
2012.04.04 07:26:45.311,0.81576,0.81592,3.00,1.50
2012.04.04 07:26:45.877,0.81576,0.81592,1.50,2.25
2012.04.04 07:26:46.517,0.81577,0.81593,1.50,2.25
2012.04.04 07:26:47.006,0.81579,0.81594,1.50,1.50
2012.04.04 07:26:47.660,0.81577,0.81594,1.50,1.50
2012.04.04 07:26:48.154,0.81579,0.81594,1.50,1.50
2012.04.04 07:26:48.927,0.81578,0.81595,3.00,3.00
2012.04.04 07:26:49.003,0.8158,0.81594,1.50,1.50
2012.04.04 07:26:50.318,0.8158,0.81595,1.50,2.25
2012.04.04 07:26:50.534,0.81577,0.81595,1.50,3.75
2012.04.04 07:26:50.753,0.81579,0.81595,1.50,3.75
2012.04.04 07:26:51.809,0.8158,0.81595,1.50,2.25
2012.04.04 07:26:52.237,0.81579,0.81597,1.50,2.25
2012.04.04 07:26:52.329,0.81583,0.81597,1.50,2.25
2012.04.04 07:26:52.831,0.81586,0.816,1.50,1.69
2012.04.04 07:26:52.915,0.81584,0.816,1.50,1.50
2012.04.04 07:26:53.658,0.81585,0.816,1.50,1.50
2012.04.04 07:26:54.389,0.81585,0.816,1.50,1.50
2012.04.04 07:26:54.803,0.81582,0.816,1.50,3.38
2012.04.04 07:26:54.898,0.8158,0.81598,1.50,2.25
2012.04.04 07:26:55.046,0.81582,0.81598,1.50,2.25
2012.04.04 07:26:55.475,0.81582,0.81597,1.50,2.25
2012.04.04 07:26:56.042,0.81582,0.81598,3.00,2.25
2012.04.04 07:26:57.985,0.81582,0.81599,1.50,2.63
2012.04.04 07:27:03.311,0.81582,0.81597,1.50,2.25
2012.04.04 07:27:04.022,0.81583,0.81598,1.50,2.25
2012.04.04 07:27:04.587,0.81583,0.816,3.00,1.50
2012.04.04 07:27:04.881,0.81585,0.816,1.50,1.50
2012.04.04 07:27:05.456,0.81586,0.816,1.50,1.50
2012.04.04 07:27:09.138,0.81586,0.816,1.50,1.50
2012.04.04 07:27:09.512,0.81588,0.81604,1.50,2.25
2012.04.04 07:27:10.018,0.81587,0.81603,1.50,2.25
2012.04.04 07:27:11.483,0.81586,0.81604,3.00,2.25
2012.04.04 07:27:12.020,0.81587,0.81601,1.50,1.13
2012.04.04 07:27:12.522,0.81586,0.81604,1.50,2.25
2012.04.04 07:27:13.528,0.81587,0.81605,1.50,5.48
2012.04.04 07:27:14.332,0.81587,0.81605,3.00,4.35
2012.04.04 07:27:14.873,0.81586,0.81604,3.00,2.44
2012.04.04 07:27:16.049,0.81585,0.81601,2.25,2.25
2012.04.04 07:27:16.581,0.81586,0.81602,1.50,2.25
2012.04.04 07:27:18.203,0.81587,0.81605,1.50,4.35
2012.04.04 07:27:18.963,0.81588,0.81604,1.50,2.44
2012.04.04 07:27:19.884,0.81586,0.81604,1.50,2.82
2012.04.04 07:27:20.472,0.81585,0.81603,1.50,2.44
2012.04.04 07:27:22.077,0.81588,0.81603,1.50,2.07
2012.04.04 07:27:22.154,0.81588,0.81603,1.50,2.07
2012.04.04 07:27:22.898,0.81587,0.81603,1.50,2.07
2012.04.04 07:27:23.035,0.81584,0.816,2.25,2.25
2012.04.04 07:27:23.982,0.81585,0.81603,2.25,3.57
2012.04.04 07:27:26.582,0.81585,0.81601,2.25,2.25
2012.04.04 07:27:27.288,0.81582,0.81597,1.50,1.50
2012.04.04 07:27:28.248,0.81582,0.81596,1.50,1.50
2012.04.04 07:27:28.785,0.81582,0.81597,1.50,1.50
2012.04.04 07:27:29.304,0.81582,0.81598,3.00,1.50
2012.04.04 07:27:29.851,0.81582,0.81597,1.50,1.50
2012.04.04 07:27:32.432,0.81582,0.81599,1.50,2.25
2012.04.04 07:27:32.824,0.81582,0.81596,1.50,1.50
2012.04.04 07:27:34.257,0.81583,0.81596,1.50,1.50
2012.04.04 07:27:35.643,0.81583,0.81598,1.50,1.50
2012.04.04 07:27:36.897,0.81583,0.81597,1.50,1.50
2012.04.04 07:27:41.092,0.81583,0.81598,1.50,1.50
2012.04.04 07:27:41.379,0.81584,0.816,2.25,1.50
2012.04.04 07:27:41.538,0.81587,0.81603,1.50,3.57
2012.04.04 07:27:41.694,0.81584,0.81602,2.25,2.44
2012.04.04 07:27:42.306,0.81587,0.81602,1.50,1.50
2012.04.04 07:27:42.804,0.81588,0.81604,2.25,2.44
2012.04.04 07:27:44.993,0.81589,0.81603,1.50,2.07
2012.04.04 07:27:45.513,0.81588,0.81604,1.50,3.94
2012.04.04 07:27:46.004,0.81592,0.81605,1.88,5.25
2012.04.04 07:27:46.150,0.81598,0.81611,1.50,2.22
2012.04.04 07:27:46.714,0.81598,0.81612,1.50,2.44
2012.04.04 07:27:49.776,0.81597,0.81612,1.50,1.69
2012.04.04 07:27:49.848,0.81597,0.81609,1.50,1.50
2012.04.04 07:27:50.397,0.81592,0.81609,2.63,3.00
2012.04.04 07:27:50.548,0.8159,0.81607,5.25,1.50
2012.04.04 07:27:50.694,0.81592,0.81609,1.50,1.88
2012.04.04 07:27:50.826,0.8159,0.81608,2.25,1.50
2012.04.04 07:27:50.965,0.81593,0.81609,1.50,4.13
2012.04.04 07:27:51.110,0.81591,0.81609,1.50,4.13
2012.04.04 07:27:51.277,0.81591,0.81609,1.50,4.13
2012.04.04 07:27:51.582,0.81591,0.81607,3.00,1.50
2012.04.04 07:27:52.194,0.8159,0.81605,1.50,2.25
2012.04.04 07:27:52.739,0.81592,0.81604,1.50,2.25
2012.04.04 07:27:53.641,0.81592,0.81606,1.50,1.50
2012.04.04 07:27:53.937,0.81592,0.81609,3.00,1.88
2012.04.04 07:27:58.448,0.81593,0.81608,1.50,3.38
2012.04.04 07:27:58.820,0.8159,0.81607,1.50,3.00
2012.04.04 07:27:59.384,0.81588,0.81604,4.50,2.63
2012.04.04 07:27:59.654,0.81588,0.81604,3.00,3.38
2012.04.04 07:28:00.647,0.81588,0.81604,1.50,1.88
2012.04.04 07:28:01.215,0.81589,0.81604,1.50,1.88
2012.04.04 07:28:01.996,0.81588,0.81604,1.50,3.57
2012.04.04 07:28:04.496,0.81588,0.81604,1.50,3.57
2012.04.04 07:28:04.638,0.81583,0.81601,2.25,2.25
2012.04.04 07:28:04.713,0.81583,0.81601,2.25,2.25
2012.04.04 07:28:05.573,0.81582,0.81598,1.50,1.88
2012.04.04 07:28:05.927,0.81578,0.81594,3.00,1.50
2012.04.04 07:28:07.049,0.81578,0.81596,3.00,2.25
2012.04.04 07:28:07.904,0.81578,0.81595,1.50,1.50
2012.04.04 07:28:08.194,0.81578,0.81595,1.50,2.25
2012.04.04 07:28:08.928,0.81572,0.81589,2.07,2.25
2012.04.04 07:28:09.436,0.81572,0.81588,2.25,1.50
2012.04.04 07:28:09.906,0.81574,0.8159,1.50,2.25
2012.04.04 07:28:09.978,0.81574,0.8159,1.50,2.25
2012.04.04 07:28:10.256,0.81572,0.8159,3.75,2.25
2012.04.04 07:28:11.706,0.81574,0.8159,1.50,2.25
2012.04.04 07:28:12.057,0.81576,0.81592,1.50,2.25
2012.04.04 07:28:12.564,0.81575,0.81591,1.50,2.25
2012.04.04 07:28:12.647,0.81576,0.81594,1.50,2.44
2012.04.04 07:28:12.859,0.81578,0.81595,1.50,1.50
2012.04.04 07:28:13.216,0.81584,0.816,1.50,2.44
2012.04.04 07:28:13.769,0.81583,0.81601,1.50,2.25
2012.04.04 07:28:14.059,0.81588,0.81602,1.50,1.88
2012.04.04 07:28:15.010,0.81587,0.81602,1.50,1.88
2012.04.04 07:28:15.437,0.81589,0.81602,1.50,1.50
2012.04.04 07:28:15.574,0.81585,0.81601,1.50,2.25
2012.04.04 07:28:16.300,0.81586,0.81602,1.50,3.00
2012.04.04 07:28:17.212,0.81584,0.81602,1.50,3.00
2012.04.04 07:28:20.959,0.81585,0.81602,1.50,1.50
2012.04.04 07:28:22.062,0.81585,0.81602,1.50,1.50
2012.04.04 07:28:24.674,0.81584,0.81601,1.50,2.25
2012.04.04 07:28:25.193,0.81583,0.81601,3.38,2.25
2012.04.04 07:28:25.356,0.81583,0.81601,4.13,2.25
2012.04.04 07:28:31.853,0.81588,0.81602,2.25,1.50
2012.04.04 07:28:32.278,0.81588,0.81604,2.25,2.44
2012.04.04 07:28:37.913,0.81587,0.81603,3.00,3.19
2012.04.04 07:28:39.802,0.81587,0.81603,3.00,2.44
2012.04.04 07:28:40.467,0.81587,0.81605,3.00,5.44
2012.04.04 07:28:41.296,0.8159,0.81605,1.50,3.94
2012.04.04 07:28:41.622,0.81589,0.81605,2.25,3.94
2012.04.04 07:28:59.342,0.81588,0.81602,1.50,2.25
2012.04.04 07:29:04.778,0.81587,0.81604,1.50,2.44
2012.04.04 07:29:05.397,0.81587,0.81601,1.50,2.25
2012.04.04 07:29:08.762,0.81587,0.81602,1.50,2.44
2012.04.04 07:29:12.848,0.81587,0.81603,3.00,1.88
2012.04.04 07:29:15.063,0.81589,0.81603,2.25,1.69
2012.04.04 07:29:15.207,0.81589,0.81603,2.25,1.69
2012.04.04 07:29:20.974,0.81589,0.81603,2.25,1.69
2012.04.04 07:29:21.264,0.81587,0.81602,3.00,1.13
2012.04.04 07:29:26.053,0.81588,0.81602,1.50,1.13
2012.04.04 07:29:26.993,0.81588,0.81603,1.50,2.82
2012.04.04 07:29:27.137,0.81585,0.81599,1.50,2.25
2012.04.04 07:29:28.548,0.81584,0.81599,2.25,2.25
2012.04.04 07:29:29.127,0.81583,0.81598,1.50,1.50
2012.04.04 07:29:31.570,0.81586,0.81599,1.50,3.38
2012.04.04 07:29:31.653,0.81584,0.81599,2.25,3.38
2012.04.04 07:29:32.209,0.81584,0.81599,2.25,3.38
2012.04.04 07:29:35.790,0.81585,0.81599,1.50,3.38
2012.04.04 07:29:36.578,0.81587,0.81605,3.00,5.29
2012.04.04 07:29:36.740,0.81587,0.81605,3.00,5.29
2012.04.04 07:29:36.955,0.81585,0.81601,3.00,2.25
2012.04.04 07:29:39.158,0.81586,0.81603,1.50,2.25
2012.04.04 07:29:39.234,0.81588,0.81604,1.50,3.19
2012.04.04 07:29:40.112,0.81595,0.81605,1.50,3.00
2012.04.04 07:29:40.471,0.81595,0.81605,1.50,1.13
2012.04.04 07:29:40.618,0.81595,0.81606,1.50,3.00
2012.04.04 07:29:40.699,0.81602,0.81606,1.50,2.25
2012.04.04 07:29:40.775,0.8159,0.81606,1.50,3.00
2012.04.04 07:29:40.914,0.81595,0.81606,1.50,2.25
2012.04.04 07:29:42.046,0.81587,0.81601,1.50,1.13
2012.04.04 07:29:42.210,0.81585,0.816,1.50,3.00
2012.04.04 07:29:42.711,0.81585,0.816,1.50,2.25
2012.04.04 07:29:42.925,0.81585,0.81598,1.50,2.25
2012.04.04 07:29:44.157,0.81589,0.81598,1.50,2.25
2012.04.04 07:29:44.304,0.8159,0.81604,1.50,3.75
2012.04.04 07:29:44.446,0.81595,0.81604,1.50,3.75
2012.04.04 07:29:44.584,0.81595,0.81604,1.50,3.00
2012.04.04 07:29:45.399,0.81594,0.81604,1.50,2.25
2012.04.04 07:29:46.064,0.81592,0.81604,3.00,2.25
2012.04.04 07:29:48.512,0.81592,0.81604,1.50,3.00
2012.04.04 07:29:48.683,0.81589,0.81604,3.00,3.00
2012.04.04 07:29:48.771,0.81588,0.81601,1.69,1.13
2012.04.04 07:29:49.286,0.81585,0.81597,1.50,2.25
2012.04.04 07:29:50.116,0.81584,0.81597,1.69,2.25
2012.04.04 07:29:50.202,0.81586,0.81597,1.50,2.25
2012.04.04 07:29:51.946,0.81589,0.81602,1.50,1.13
2012.04.04 07:29:52.016,0.81589,0.81603,1.50,3.75
2012.04.04 07:29:52.966,0.81589,0.81602,1.50,1.50
2012.04.04 07:29:53.589,0.81582,0.816,2.25,2.25
2012.04.04 07:29:54.132,0.81583,0.81597,1.88,2.25
2012.04.04 07:29:55.777,0.81587,0.81597,1.50,2.25
2012.04.04 07:29:56.328,0.81589,0.81597,1.50,2.25
2012.04.04 07:29:56.735,0.81592,0.81603,1.50,1.88
2012.04.04 07:29:56.821,0.81595,0.81605,1.50,2.25
2012.04.04 07:29:56.901,0.81592,0.81605,1.69,2.25
2012.04.04 07:29:57.471,0.81595,0.81604,1.50,2.25
2012.04.04 07:29:57.548,0.8159,0.81604,1.13,2.25
2012.04.04 07:29:57.630,0.81589,0.81604,2.25,2.25
2012.04.04 07:29:57.775,0.81593,0.81605,1.50,2.25
2012.04.04 07:29:57.987,0.81589,0.81605,2.25,2.25
2012.04.04 07:29:58.585,0.81589,0.81605,2.25,3.00
2012.04.04 07:29:59.101,0.81589,0.81605,2.25,2.25
2012.04.04 07:30:00.504,0.81589,0.81605,2.25,3.00
2012.04.04 07:30:01.541,0.81589,0.81604,2.25,1.88
2012.04.04 07:30:02.316,0.81587,0.816,2.44,1.13
2012.04.04 07:30:02.618,0.81587,0.816,3.00,2.25
2012.04.04 07:30:03.162,0.81587,0.81601,1.50,1.13
2012.04.04 07:30:06.392,0.81587,0.81602,3.00,1.13
2012.04.04 07:30:07.031,0.81588,0.81602,1.50,1.13
2012.04.04 07:30:07.929,0.81588,0.81602,3.00,1.13
2012.04.04 07:30:08.240,0.81587,0.81597,1.50,2.03
2012.04.04 07:30:08.551,0.81582,0.81589,1.13,2.25
2012.04.04 07:30:09.207,0.81579,0.81588,1.50,2.63
2012.04.04 07:30:09.459,0.81578,0.81583,1.50,1.50
2012.04.04 07:30:09.542,0.81572,0.81583,1.13,1.50
2012.04.04 07:30:09.972,0.81572,0.81582,1.50,2.63
2012.04.04 07:30:10.051,0.81569,0.81581,1.50,1.50
2012.04.04 07:30:10.619,0.81569,0.81582,1.50,2.25
2012.04.04 07:30:10.707,0.81564,0.8158,2.25,2.25
2012.04.04 07:30:11.211,0.81567,0.81579,1.50,4.13
2012.04.04 07:30:11.953,0.81565,0.81575,1.50,1.50
2012.04.04 07:30:12.062,0.81562,0.81575,1.50,1.50
2012.04.04 07:30:12.774,0.81563,0.81574,1.50,1.50
2012.04.04 07:30:12.924,0.81563,0.81579,1.50,4.88
2012.04.04 07:30:13.845,0.81563,0.81576,1.50,1.50
2012.04.04 07:30:14.352,0.81563,0.81575,1.50,1.50
2012.04.04 07:30:15.037,0.81563,0.81574,1.50,1.50
2012.04.04 07:30:15.462,0.81563,0.81579,1.50,4.88
2012.04.04 07:30:17.328,0.81563,0.81574,1.13,1.50
2012.04.04 07:30:18.061,0.81562,0.81575,3.00,1.50
2012.04.04 07:30:18.494,0.81563,0.81572,1.50,1.50
2012.04.04 07:30:18.891,0.81563,0.81576,1.50,1.50
2012.04.04 07:30:19.433,0.81563,0.81575,1.50,1.50
2012.04.04 07:30:19.955,0.81563,0.81576,1.50,1.50
2012.04.04 07:30:20.840,0.81562,0.81578,1.69,2.25
2012.04.04 07:30:21.187,0.81567,0.81579,1.50,3.00
2012.04.04 07:30:22.166,0.81565,0.81579,1.50,2.25
2012.04.04 07:30:22.734,0.81566,0.81579,1.50,2.25
2012.04.04 07:30:23.264,0.81565,0.81579,1.50,2.25
2012.04.04 07:30:25.375,0.81563,0.81579,2.25,3.00
2012.04.04 07:30:26.310,0.81563,0.81579,2.25,3.00
2012.04.04 07:30:28.693,0.81566,0.81579,1.50,2.25
2012.04.04 07:30:29.195,0.81564,0.81579,2.25,2.25
2012.04.04 07:30:29.820,0.81564,0.81579,2.25,2.25
2012.04.04 07:30:30.035,0.81567,0.81579,1.50,2.25
2012.04.04 07:30:30.104,0.81565,0.81579,1.50,2.25
2012.04.04 07:30:30.791,0.81564,0.81579,2.25,2.25
2012.04.04 07:30:30.886,0.81566,0.81579,1.50,2.25
2012.04.04 07:30:31.409,0.81565,0.81579,1.50,2.25
2012.04.04 07:30:32.492,0.81566,0.81579,1.50,2.25
2012.04.04 07:30:33.214,0.81564,0.81579,2.25,2.25
2012.04.04 07:30:33.428,0.81566,0.81579,2.25,2.25
2012.04.04 07:30:33.581,0.81568,0.81582,1.88,1.50
2012.04.04 07:30:33.806,0.81569,0.81582,2.82,1.50
2012.04.04 07:30:34.173,0.81574,0.8159,2.44,4.50
2012.04.04 07:30:34.259,0.81576,0.8159,1.50,3.00
2012.04.04 07:30:34.824,0.81576,0.8159,1.50,3.00
2012.04.04 07:30:35.354,0.81575,0.8159,2.25,3.00
2012.04.04 07:30:36.657,0.81574,0.81589,2.44,1.50
2012.04.04 07:30:37.134,0.81572,0.81588,3.38,2.63
2012.04.04 07:30:39.218,0.81572,0.81588,3.38,1.50
2012.04.04 07:30:39.865,0.81577,0.8159,1.50,3.00
2012.04.04 07:30:40.003,0.81575,0.8159,3.75,3.00
2012.04.04 07:30:40.544,0.81576,0.8159,1.50,3.00
2012.04.04 07:30:42.618,0.81574,0.8159,2.25,3.38
2012.04.04 07:30:42.696,0.81577,0.8159,1.50,3.38
2012.04.04 07:30:43.654,0.81576,0.81588,1.50,1.50
2012.04.04 07:30:45.278,0.81574,0.81588,3.75,1.50
2012.04.04 07:30:45.896,0.81576,0.81588,1.50,1.88
2012.04.04 07:30:49.160,0.81574,0.81588,2.25,1.13
2012.04.04 07:30:52.245,0.81576,0.81588,1.50,1.13
2012.04.04 07:30:52.900,0.81579,0.81588,1.50,1.13
2012.04.04 07:30:53.045,0.81578,0.8159,1.50,3.00
2012.04.04 07:30:53.117,0.8158,0.8159,1.50,3.00
2012.04.04 07:30:54.123,0.81578,0.8159,1.50,2.25
2012.04.04 07:30:55.288,0.81578,0.8159,1.50,3.00
2012.04.04 07:30:55.364,0.81578,0.8159,1.50,2.25
2012.04.04 07:30:57.233,0.81578,0.8159,1.50,3.75
2012.04.04 07:30:57.306,0.81576,0.8159,3.00,3.75
2012.04.04 07:30:57.857,0.81574,0.81588,2.44,1.13
2012.04.04 07:30:59.416,0.81574,0.81588,2.25,1.50
2012.04.04 07:31:00.997,0.81573,0.81586,1.50,1.50
2012.04.04 07:31:01.165,0.81573,0.81588,1.50,1.50
2012.04.04 07:31:01.642,0.81572,0.81588,2.44,1.50
2012.04.04 07:31:02.173,0.81571,0.81587,1.69,1.50
2012.04.04 07:31:02.767,0.81571,0.81587,1.50,1.50
2012.04.04 07:31:02.993,0.81571,0.81586,1.50,1.13
2012.04.04 07:31:03.211,0.81568,0.81582,1.69,1.13
2012.04.04 07:31:03.613,0.81568,0.81582,1.69,1.50
2012.04.04 07:31:03.725,0.81563,0.81578,1.32,1.50
2012.04.04 07:31:04.222,0.81564,0.8158,1.50,2.25
2012.04.04 07:31:04.765,0.81562,0.8158,4.69,2.25
2012.04.04 07:31:05.150,0.81567,0.8158,2.25,1.50
2012.04.04 07:31:05.424,0.81567,0.81585,6.75,2.25
2012.04.04 07:31:05.558,0.81567,0.81582,5.25,1.50
2012.04.04 07:31:06.134,0.81567,0.81583,5.25,1.50
2012.04.04 07:31:07.991,0.81568,0.81583,1.13,1.50
2012.04.04 07:31:09.293,0.81569,0.81583,1.50,1.50
2012.04.04 07:31:09.367,0.81569,0.81586,2.10,2.25
2012.04.04 07:31:09.874,0.81573,0.81589,3.19,3.00
2012.04.04 07:31:18.426,0.81576,0.81589,1.50,3.75
2012.04.04 07:31:18.779,0.81576,0.81589,1.50,3.75
2012.04.04 07:31:18.932,0.81573,0.81589,1.50,3.75
2012.04.04 07:31:19.472,0.81572,0.81589,3.00,4.13
2012.04.04 07:31:19.553,0.81574,0.81589,1.50,4.13
2012.04.04 07:31:20.092,0.81573,0.81588,1.50,1.13
2012.04.04 07:31:21.253,0.81574,0.81588,1.50,1.50
2012.04.04 07:31:22.030,0.81572,0.81588,1.50,1.88
2012.04.04 07:31:25.317,0.81572,0.81586,2.25,1.13
2012.04.04 07:31:25.453,0.81568,0.81584,3.00,3.75
2012.04.04 07:31:27.116,0.81569,0.81585,1.50,3.00
2012.04.04 07:31:28.094,0.81569,0.81585,2.25,2.25
2012.04.04 07:31:28.596,0.81568,0.81584,4.50,1.50
2012.04.04 07:31:29.887,0.81568,0.81584,3.00,1.50
2012.04.04 07:31:30.301,0.81573,0.81582,1.50,1.50
2012.04.04 07:31:30.871,0.81573,0.81583,1.50,1.50
2012.04.04 07:31:31.017,0.81569,0.81585,3.38,1.50
2012.04.04 07:31:31.094,0.81569,0.81585,2.63,1.50
2012.04.04 07:31:31.172,0.81574,0.81588,1.50,2.25
2012.04.04 07:31:31.723,0.81575,0.81591,1.50,1.50
2012.04.04 07:31:31.819,0.81577,0.81591,3.00,1.50
2012.04.04 07:31:32.376,0.81577,0.81592,1.88,2.25
2012.04.04 07:31:33.057,0.81577,0.81593,2.63,1.50
2012.04.04 07:31:33.284,0.81577,0.81593,2.63,2.44
2012.04.04 07:31:33.503,0.81577,0.81593,1.50,1.69
2012.04.04 07:31:33.796,0.81574,0.81589,2.25,1.50
2012.04.04 07:31:34.328,0.81573,0.8159,1.50,1.50
2012.04.04 07:31:36.389,0.81572,0.8159,6.15,2.25
2012.04.04 07:31:38.818,0.81573,0.8159,1.50,1.50
2012.04.04 07:31:39.369,0.81575,0.81591,1.50,2.25
2012.04.04 07:31:39.886,0.81575,0.81591,1.50,2.25
2012.04.04 07:31:40.396,0.81574,0.8159,2.25,2.25
2012.04.04 07:31:42.119,0.81573,0.81591,2.25,2.25
2012.04.04 07:31:43.688,0.81573,0.81591,3.00,2.25
2012.04.04 07:31:43.909,0.81573,0.8159,2.25,1.50
2012.04.04 07:31:44.277,0.81573,0.81586,1.50,2.63
2012.04.04 07:31:44.771,0.81572,0.81583,1.50,1.88
2012.04.04 07:31:44.858,0.81567,0.81583,1.50,3.38
2012.04.04 07:31:46.837,0.81567,0.81579,1.50,1.50
2012.04.04 07:31:46.911,0.81567,0.81582,1.50,2.25
2012.04.04 07:31:47.452,0.81567,0.8158,1.50,1.50
2012.04.04 07:31:48.703,0.81568,0.8158,1.50,1.65
2012.04.04 07:31:48.822,0.81564,0.81577,1.50,1.50
2012.04.04 07:31:49.309,0.81563,0.81571,1.50,1.50
2012.04.04 07:31:49.993,0.8156,0.8157,1.50,1.50
2012.04.04 07:31:50.116,0.8155,0.81565,1.50,3.38
2012.04.04 07:31:50.326,0.81553,0.81562,1.50,1.50
2012.04.04 07:31:50.820,0.81553,0.81564,1.50,1.50
2012.04.04 07:31:51.613,0.81553,0.81565,1.50,1.50
2012.04.04 07:31:51.689,0.81553,0.81567,1.50,1.50
2012.04.04 07:31:52.196,0.81554,0.81569,2.25,3.75
2012.04.04 07:31:52.716,0.81554,0.81568,2.25,1.50
2012.04.04 07:31:53.296,0.81553,0.81567,1.50,1.50
2012.04.04 07:31:53.821,0.81553,0.81567,1.50,1.50
2012.04.04 07:31:54.649,0.81554,0.8157,2.25,1.50
2012.04.04 07:31:54.761,0.81561,0.81575,1.50,3.00
2012.04.04 07:31:54.838,0.81558,0.81575,1.88,2.25
2012.04.04 07:31:54.919,0.81563,0.81575,1.50,3.00
2012.04.04 07:31:55.071,0.81563,0.81575,1.50,2.25
2012.04.04 07:31:55.587,0.81561,0.81577,2.25,1.50
2012.04.04 07:31:56.168,0.81563,0.81574,3.00,1.50
2012.04.04 07:31:56.912,0.81563,0.81576,1.50,1.50
2012.04.04 07:31:57.483,0.81565,0.81579,3.00,3.00
2012.04.04 07:31:57.986,0.81564,0.8158,2.25,1.50
2012.04.04 07:31:58.486,0.81564,0.81579,2.25,1.50
2012.04.04 07:31:59.302,0.81567,0.81578,1.50,1.50
2012.04.04 07:31:59.458,0.81564,0.81578,2.25,1.50
2012.04.04 07:31:59.878,0.81567,0.8158,1.50,1.50
2012.04.04 07:32:00.431,0.81566,0.8158,1.50,1.50
2012.04.04 07:32:01.263,0.81567,0.8158,1.88,1.50
2012.04.04 07:32:01.405,0.81567,0.81583,2.63,1.50
2012.04.04 07:32:01.871,0.81573,0.81584,1.50,2.25
2012.04.04 07:32:02.096,0.81572,0.81588,2.25,3.00
2012.04.04 07:32:02.609,0.81574,0.81586,1.50,1.50
2012.04.04 07:32:03.201,0.81574,0.81585,2.25,1.50
2012.04.04 07:32:03.490,0.81572,0.81585,1.50,2.25
2012.04.04 07:32:05.010,0.81577,0.81588,1.50,1.50
2012.04.04 07:32:05.306,0.81577,0.81588,1.50,1.50
2012.04.04 07:32:05.525,0.81575,0.81588,2.25,1.50
2012.04.04 07:32:06.690,0.81574,0.81588,2.25,2.25
2012.04.04 07:32:07.055,0.81571,0.81582,1.50,1.33
2012.04.04 07:32:07.619,0.81562,0.81574,1.35,1.50
2012.04.04 07:32:08.011,0.81561,0.81574,2.10,2.63
2012.04.04 07:32:08.095,0.81556,0.81569,1.50,2.25
2012.04.04 07:32:08.164,0.81553,0.81566,2.85,1.50
2012.04.04 07:32:09.386,0.81553,0.81569,1.50,2.25
2012.04.04 07:32:10.125,0.81557,0.81569,1.50,1.50
2012.04.04 07:32:10.357,0.81566,0.81579,1.50,1.69
2012.04.04 07:32:10.507,0.81562,0.81579,3.38,1.69
2012.04.04 07:32:10.731,0.81565,0.81579,1.88,1.50
2012.04.04 07:32:11.087,0.8157,0.81582,1.50,1.50
2012.04.04 07:32:11.638,0.81571,0.81582,1.50,1.50
2012.04.04 07:32:11.860,0.81568,0.81582,1.50,1.50
2012.04.04 07:32:13.767,0.81567,0.81582,1.50,1.50
2012.04.04 07:32:14.167,0.81569,0.81582,1.50,1.50
2012.04.04 07:32:14.684,0.81568,0.81582,1.50,1.50
2012.04.04 07:32:16.842,0.81567,0.81582,1.88,1.50
2012.04.04 07:32:17.201,0.81569,0.81582,1.50,1.50
2012.04.04 07:32:17.911,0.81573,0.81586,3.00,2.25
2012.04.04 07:32:18.008,0.81576,0.81589,1.50,1.88
2012.04.04 07:32:18.230,0.81578,0.8159,1.50,1.13
2012.04.04 07:32:18.379,0.81576,0.81591,1.50,1.69
2012.04.04 07:32:18.657,0.81574,0.8159,1.50,2.25
2012.04.04 07:32:19.764,0.81573,0.81589,1.50,1.50
2012.04.04 07:32:21.773,0.8157,0.81588,2.70,2.25
2012.04.04 07:32:22.998,0.81572,0.81588,1.50,1.50
2012.04.04 07:32:25.006,0.81573,0.81591,1.50,2.44
2012.04.04 07:32:25.570,0.81572,0.8159,1.50,2.44
2012.04.04 07:32:26.173,0.81573,0.81591,1.50,2.44
2012.04.04 07:32:26.685,0.81575,0.81591,1.50,2.44
2012.04.04 07:32:27.190,0.81574,0.8159,1.50,2.44
2012.04.04 07:32:27.326,0.81572,0.8159,1.50,2.44
2012.04.04 07:32:27.704,0.81574,0.8159,1.50,2.44
2012.04.04 07:32:27.783,0.81572,0.8159,1.50,2.44
2012.04.04 07:32:28.543,0.8157,0.81586,1.88,1.50
2012.04.04 07:32:29.335,0.81571,0.81587,1.50,1.50
2012.04.04 07:32:29.971,0.8157,0.81588,1.88,1.50
2012.04.04 07:32:30.495,0.81571,0.81589,1.50,2.44
2012.04.04 07:32:31.284,0.81572,0.81588,1.50,1.50
2012.04.04 07:32:32.893,0.8157,0.81588,1.88,1.50
2012.04.04 07:32:33.169,0.8157,0.81586,1.88,1.50
2012.04.04 07:32:33.665,0.81568,0.81584,3.60,1.50
2012.04.04 07:32:33.743,0.81568,0.81584,3.23,1.50
2012.04.04 07:32:33.966,0.81567,0.81582,1.35,1.50
2012.04.04 07:32:34.245,0.81565,0.81583,2.25,1.50
2012.04.04 07:32:34.654,0.81565,0.81581,1.50,1.50
2012.04.04 07:32:34.727,0.81562,0.8158,4.69,1.50
2012.04.04 07:32:34.865,0.81566,0.81584,1.50,3.19
2012.04.04 07:32:35.009,0.81565,0.81583,1.50,2.25
2012.04.04 07:32:35.569,0.81565,0.81581,1.50,1.50
2012.04.04 07:32:36.245,0.81565,0.81581,1.50,2.25
2012.04.04 07:32:36.314,0.81563,0.81581,2.25,2.25
2012.04.04 07:32:36.863,0.81564,0.8158,1.50,2.25
2012.04.04 07:32:37.258,0.81566,0.81582,1.50,2.25
2012.04.04 07:32:37.844,0.81565,0.81581,1.88,2.25
2012.04.04 07:32:37.991,0.81568,0.81584,1.50,1.88
2012.04.04 07:32:39.431,0.81568,0.81584,1.50,3.19
2012.04.04 07:32:39.951,0.81568,0.81584,1.50,3.19
2012.04.04 07:32:40.096,0.81565,0.81583,1.50,2.44
2012.04.04 07:32:40.449,0.81569,0.81584,1.50,1.69
2012.04.04 07:32:40.739,0.81567,0.81584,1.50,1.69
2012.04.04 07:32:42.010,0.81568,0.81584,1.50,1.69
2012.04.04 07:32:42.980,0.81572,0.81585,1.50,3.00
2012.04.04 07:32:44.911,0.81573,0.81585,1.50,3.00
2012.04.04 07:32:45.453,0.81572,0.81585,1.50,3.00
2012.04.04 07:32:46.057,0.81574,0.81585,1.50,3.00
2012.04.04 07:32:46.768,0.81572,0.81585,1.50,3.00
2012.04.04 07:32:58.077,0.81571,0.81585,1.50,3.00
2012.04.04 07:33:04.064,0.8157,0.81585,1.50,3.00
2012.04.04 07:33:05.759,0.8157,0.81585,1.50,3.19
2012.04.04 07:33:05.845,0.81567,0.81585,2.25,4.69
2012.04.04 07:33:06.542,0.81565,0.81581,1.88,2.25
2012.04.04 07:33:06.647,0.81562,0.8158,3.00,2.25
2012.04.04 07:33:07.142,0.81562,0.81578,1.13,1.50
2012.04.04 07:33:07.312,0.81563,0.81581,1.50,2.25
2012.04.04 07:33:07.668,0.81566,0.81582,1.50,2.25
2012.04.04 07:33:08.192,0.81565,0.81583,1.50,3.00
2012.04.04 07:33:08.725,0.81566,0.81582,1.50,2.25
2012.04.04 07:33:09.397,0.81564,0.81582,1.88,2.25
2012.04.04 07:33:09.467,0.81564,0.8158,1.50,1.50
2012.04.04 07:33:09.603,0.81562,0.8158,3.38,1.50
2012.04.04 07:33:10.390,0.81564,0.8158,1.50,1.50
2012.04.04 07:33:10.745,0.81562,0.81578,1.50,1.50
2012.04.04 07:33:11.110,0.81564,0.81579,1.50,2.25
2012.04.04 07:33:11.190,0.81562,0.81579,2.63,1.50
2012.04.04 07:33:11.860,0.81562,0.8158,3.38,1.50
2012.04.04 07:33:12.004,0.81564,0.8158,1.50,1.50
2012.04.04 07:33:12.872,0.81565,0.81581,1.50,3.00
2012.04.04 07:33:14.154,0.81564,0.8158,1.50,1.50
2012.04.04 07:33:15.703,0.81565,0.81581,1.50,3.00
2012.04.04 07:33:15.833,0.81563,0.81581,1.50,3.00
2012.04.04 07:33:16.597,0.81564,0.81581,1.50,1.50
2012.04.04 07:33:16.681,0.81562,0.8158,4.13,1.50
2012.04.04 07:33:17.396,0.81563,0.81581,1.50,3.00
2012.04.04 07:33:19.634,0.81565,0.81581,1.50,3.00
2012.04.04 07:33:20.207,0.81566,0.81582,1.50,1.50
2012.04.04 07:33:21.085,0.81565,0.81581,2.25,2.25
2012.04.04 07:33:21.636,0.81566,0.81584,1.50,3.19
2012.04.04 07:33:21.718,0.81564,0.81582,1.50,2.25
2012.04.04 07:33:22.085,0.81567,0.81581,1.50,1.50
2012.04.04 07:33:22.602,0.81566,0.81581,1.50,1.50
2012.04.04 07:33:22.795,0.81564,0.81581,1.50,1.50
2012.04.04 07:33:23.353,0.81566,0.81581,1.50,1.50
2012.04.04 07:33:23.878,0.81566,0.81581,1.50,1.50
2012.04.04 07:33:24.977,0.81565,0.81581,1.50,3.00
2012.04.04 07:33:26.367,0.81566,0.81581,1.50,1.50
2012.04.04 07:33:27.245,0.81564,0.8158,1.50,2.25
2012.04.04 07:33:27.831,0.81565,0.81581,1.50,3.00
2012.04.04 07:33:28.531,0.81565,0.81581,1.50,3.00
2012.04.04 07:33:28.618,0.81563,0.81581,1.50,3.00
2012.04.04 07:33:28.702,0.81565,0.81581,1.50,3.00
2012.04.04 07:33:29.334,0.81565,0.8158,1.50,1.50
2012.04.04 07:33:30.107,0.81564,0.81582,1.50,3.00
2012.04.04 07:33:30.634,0.81565,0.81582,1.50,1.50
2012.04.04 07:33:31.200,0.81565,0.81582,2.25,1.50
2012.04.04 07:33:31.286,0.81565,0.81583,1.50,3.00
2012.04.04 07:33:31.569,0.81567,0.81582,1.50,3.00
2012.04.04 07:33:32.489,0.81567,0.81584,1.13,2.25
2012.04.04 07:33:32.897,0.8157,0.81585,1.50,3.19
2012.04.04 07:33:33.437,0.81569,0.81585,1.50,3.19
2012.04.04 07:33:35.414,0.81568,0.81584,1.50,2.25
2012.04.04 07:33:36.092,0.81565,0.81583,1.50,3.38
2012.04.04 07:33:36.656,0.81565,0.81583,1.50,4.13
2012.04.04 07:33:37.182,0.81565,0.81581,1.50,1.50
2012.04.04 07:33:37.524,0.81563,0.81581,1.50,1.50
2012.04.04 07:33:38.208,0.81565,0.81581,1.50,1.50
2012.04.04 07:33:38.740,0.81566,0.81582,1.50,2.25
2012.04.04 07:33:40.545,0.81567,0.81583,1.50,3.38
2012.04.04 07:33:42.549,0.81565,0.81583,3.00,3.38
2012.04.04 07:33:43.202,0.81566,0.81583,1.50,1.88
2012.04.04 07:33:43.965,0.81565,0.81581,1.50,1.50
2012.04.04 07:33:44.460,0.81564,0.8158,1.50,1.50
2012.04.04 07:33:44.824,0.81564,0.81578,1.50,1.50
2012.04.04 07:33:45.268,0.81564,0.81579,1.50,4.88
2012.04.04 07:33:45.412,0.81554,0.8157,1.80,1.50
2012.04.04 07:33:45.699,0.81553,0.81564,1.13,1.50
2012.04.04 07:33:46.379,0.81553,0.81565,1.13,1.50
2012.04.04 07:33:46.816,0.81553,0.81567,1.13,1.50
2012.04.04 07:33:46.895,0.81554,0.8157,1.50,2.25
2012.04.04 07:33:47.510,0.81553,0.8157,2.63,1.50
2012.04.04 07:33:48.020,0.81554,0.81572,1.50,2.25
2012.04.04 07:33:48.566,0.81553,0.81571,2.63,2.25
2012.04.04 07:33:50.106,0.81554,0.81572,1.50,2.25
2012.04.04 07:33:50.843,0.81553,0.81571,2.63,2.25
2012.04.04 07:33:51.379,0.81554,0.81572,1.50,2.25
2012.04.04 07:33:51.668,0.81557,0.81573,1.13,1.69
2012.04.04 07:33:52.232,0.81558,0.81574,1.13,2.44
2012.04.04 07:33:53.240,0.81562,0.81575,1.50,1.50
2012.04.04 07:33:53.483,0.81559,0.81574,1.50,2.25
2012.04.04 07:33:54.280,0.81558,0.81574,3.38,2.25
2012.04.04 07:33:55.801,0.81558,0.81575,3.75,1.50
2012.04.04 07:33:55.881,0.81562,0.81575,1.50,1.50
2012.04.04 07:33:56.157,0.81563,0.81577,1.50,1.50
2012.04.04 07:33:58.026,0.81561,0.81577,1.50,1.50
2012.04.04 07:33:58.583,0.8156,0.81577,1.50,1.50
2012.04.04 07:33:58.727,0.81562,0.81577,1.50,1.50
2012.04.04 07:33:59.278,0.81569,0.81579,1.50,3.00
2012.04.04 07:33:59.361,0.81566,0.8158,1.50,1.50
2012.04.04 07:33:59.899,0.81567,0.81583,1.50,2.07
2012.04.04 07:34:02.577,0.81569,0.81583,1.50,1.88
2012.04.04 07:34:03.224,0.81568,0.81583,1.50,1.88
2012.04.04 07:34:04.308,0.81567,0.81583,2.25,1.88
2012.04.04 07:34:06.441,0.8157,0.81585,1.50,1.69
2012.04.04 07:34:06.602,0.8157,0.81585,1.50,1.69
2012.04.04 07:34:07.135,0.81571,0.81586,1.50,3.38
2012.04.04 07:34:07.953,0.8157,0.81586,1.50,4.50
2012.04.04 07:34:08.822,0.81571,0.81586,1.50,3.00
2012.04.04 07:34:09.568,0.8157,0.81586,1.50,3.75
2012.04.04 07:34:10.173,0.81572,0.81586,2.25,3.00
2012.04.04 07:34:10.723,0.81573,0.81586,1.50,3.00
2012.04.04 07:34:10.801,0.81571,0.81586,1.50,3.00
2012.04.04 07:34:14.650,0.8157,0.81586,1.50,3.00
2012.04.04 07:34:14.864,0.81568,0.81586,1.50,3.75
2012.04.04 07:34:15.275,0.81571,0.81586,1.50,4.13
2012.04.04 07:34:16.779,0.81572,0.81583,1.50,1.13
2012.04.04 07:34:17.240,0.8157,0.81585,1.50,1.13
2012.04.04 07:34:19.044,0.81571,0.81586,1.50,4.13
2012.04.04 07:34:20.034,0.8157,0.81586,1.50,4.13
2012.04.04 07:34:21.056,0.8157,0.81583,1.50,1.13
2012.04.04 07:34:22.422,0.81569,0.81583,1.50,1.13
2012.04.04 07:34:22.905,0.81571,0.81583,1.50,1.13
2012.04.04 07:34:23.461,0.81571,0.81583,1.50,1.13
2012.04.04 07:34:26.088,0.81572,0.81586,1.50,3.00
2012.04.04 07:34:26.297,0.8157,0.81586,1.50,3.00
2012.04.04 07:34:26.799,0.81571,0.81586,1.50,3.00
2012.04.04 07:34:27.312,0.8157,0.81586,1.50,4.50
2012.04.04 07:34:29.033,0.81571,0.81586,1.50,3.00
2012.04.04 07:34:29.265,0.81569,0.81583,1.50,1.13
2012.04.04 07:34:30.084,0.81564,0.81582,1.50,2.63
2012.04.04 07:34:30.519,0.81566,0.81581,1.50,1.50
2012.04.04 07:34:31.559,0.81565,0.81581,1.50,1.50
2012.04.04 07:34:32.486,0.81566,0.81582,1.50,1.69
2012.04.04 07:34:32.837,0.81568,0.81582,1.50,1.32
2012.04.04 07:34:33.396,0.81566,0.81582,1.50,2.07
2012.04.04 07:34:35.898,0.81565,0.81582,1.50,1.88
2012.04.04 07:34:36.586,0.81566,0.81582,1.50,1.88
2012.04.04 07:34:39.968,0.81564,0.81581,1.50,1.13
2012.04.04 07:34:40.509,0.81565,0.81581,1.50,2.63
2012.04.04 07:34:41.297,0.81563,0.81579,1.50,1.50
2012.04.04 07:34:42.036,0.81564,0.8158,1.50,1.50
2012.04.04 07:34:42.400,0.81566,0.81581,1.50,1.13
2012.04.04 07:34:42.679,0.81564,0.81581,1.50,1.13
2012.04.04 07:34:43.227,0.81565,0.81581,1.50,2.63
2012.04.04 07:34:44.183,0.81566,0.81581,1.50,1.13
2012.04.04 07:34:47.176,0.81567,0.81583,2.25,1.50
2012.04.04 07:34:47.668,0.81566,0.81582,1.50,3.00
2012.04.04 07:34:47.888,0.81568,0.81582,1.50,1.50
2012.04.04 07:34:49.044,0.8157,0.81584,1.50,2.25
2012.04.04 07:34:49.186,0.8157,0.81586,1.50,3.19
2012.04.04 07:34:49.470,0.81574,0.81586,1.50,3.19
2012.04.04 07:34:49.552,0.81572,0.81586,1.50,3.19
2012.04.04 07:34:50.110,0.81573,0.81586,1.50,3.19
2012.04.04 07:34:50.852,0.81571,0.81586,1.50,3.19
2012.04.04 07:34:51.067,0.81572,0.81586,1.50,3.00
2012.04.04 07:34:51.441,0.8157,0.81586,1.50,3.00
2012.04.04 07:34:51.996,0.81571,0.81586,1.50,3.00
2012.04.04 07:34:52.699,0.81572,0.81586,1.50,3.00
2012.04.04 07:34:53.910,0.8157,0.81586,1.50,3.00
2012.04.04 07:34:56.347,0.81572,0.81586,1.50,3.00
2012.04.04 07:34:56.935,0.81571,0.81586,1.50,3.00
2012.04.04 07:34:57.486,0.81569,0.81586,2.25,3.00
2012.04.04 07:34:57.764,0.81571,0.81586,1.50,3.00
2012.04.04 07:34:59.777,0.8157,0.81586,1.50,3.00
2012.04.04 07:35:00.365,0.81572,0.81586,1.50,3.00
2012.04.04 07:35:01.004,0.8157,0.81586,1.50,3.00
2012.04.04 07:35:02.034,0.81571,0.81586,1.50,3.00
2012.04.04 07:35:02.304,0.81569,0.81586,2.25,3.00
2012.04.04 07:35:02.873,0.8157,0.81586,1.50,3.00
2012.04.04 07:35:03.370,0.81572,0.81586,1.50,3.00
2012.04.04 07:35:04.313,0.81571,0.81586,1.50,3.00
2012.04.04 07:35:05.489,0.81576,0.81589,1.50,3.38
2012.04.04 07:35:06.665,0.81575,0.81589,1.50,3.38
2012.04.04 07:35:07.548,0.81576,0.81589,1.50,3.38
2012.04.04 07:35:08.474,0.81574,0.81589,1.50,3.00
2012.04.04 07:35:09.449,0.81572,0.81589,1.50,3.00
2012.04.04 07:35:09.877,0.81575,0.81589,1.50,4.50
2012.04.04 07:35:13.752,0.81574,0.81589,3.00,3.00
2012.04.04 07:35:14.358,0.81575,0.81589,1.50,3.00
2012.04.04 07:35:17.433,0.81576,0.81589,1.50,3.00
2012.04.04 07:35:20.616,0.81577,0.81589,1.50,3.00
2012.04.04 07:35:21.838,0.81575,0.81589,1.50,3.00
2012.04.04 07:35:22.700,0.81576,0.81589,1.50,3.00
2012.04.04 07:35:23.803,0.81575,0.81589,1.50,3.00
2012.04.04 07:35:26.397,0.81574,0.81589,3.00,3.00
2012.04.04 07:35:28.644,0.81576,0.81589,1.50,3.00
2012.04.04 07:35:30.823,0.81574,0.81589,3.00,3.00
2012.04.04 07:35:34.061,0.8157,0.81586,2.25,1.50
2012.04.04 07:35:34.560,0.81569,0.81587,1.50,2.63
2012.04.04 07:35:35.628,0.81572,0.81587,1.50,1.13
2012.04.04 07:35:36.653,0.81571,0.81587,1.50,2.63
2012.04.04 07:35:37.190,0.81568,0.81582,1.88,1.50
2012.04.04 07:35:37.631,0.81569,0.81585,2.25,1.50
2012.04.04 07:35:41.094,0.81571,0.81587,1.50,3.38
2012.04.04 07:35:41.224,0.81569,0.81587,2.25,3.38
2012.04.04 07:35:42.038,0.81574,0.81589,1.50,3.38
2012.04.04 07:35:42.109,0.81572,0.81589,1.50,3.38
2012.04.04 07:35:42.645,0.81571,0.81587,1.50,2.25
2012.04.04 07:35:43.348,0.81572,0.81588,1.50,2.25
2012.04.04 07:35:44.231,0.81571,0.81587,1.50,2.25
2012.04.04 07:35:48.554,0.81572,0.81588,1.50,2.25
2012.04.04 07:35:49.122,0.81571,0.81587,1.50,2.25
2012.04.04 07:35:49.966,0.81572,0.81588,1.50,2.25
2012.04.04 07:35:50.893,0.81571,0.81587,1.50,2.25
2012.04.04 07:35:51.819,0.81572,0.81588,1.50,2.25
2012.04.04 07:35:51.968,0.8157,0.81588,1.88,2.25
2012.04.04 07:35:53.438,0.8157,0.81586,1.50,2.25
2012.04.04 07:35:53.987,0.81568,0.81586,3.38,2.25
2012.04.04 07:35:56.724,0.8157,0.81587,1.50,1.50
2012.04.04 07:35:57.254,0.81569,0.81585,2.25,1.50
2012.04.04 07:35:59.066,0.8157,0.81587,1.50,1.50
2012.04.04 07:36:01.041,0.81569,0.81587,2.25,3.00
2012.04.04 07:36:03.594,0.81571,0.81587,1.50,2.25
2012.04.04 07:36:04.203,0.81569,0.81587,2.25,2.25
2012.04.04 07:36:05.122,0.81571,0.81587,1.50,2.25
2012.04.04 07:36:05.205,0.81569,0.81587,2.25,2.25
2012.04.04 07:36:05.733,0.81574,0.81588,1.50,1.88
2012.04.04 07:36:05.948,0.81572,0.81589,1.50,4.13
2012.04.04 07:36:11.473,0.81572,0.81588,1.50,1.13
2012.04.04 07:36:12.086,0.81571,0.81588,1.50,1.13
2012.04.04 07:36:14.019,0.8157,0.81588,3.00,2.63
2012.04.04 07:36:14.524,0.81571,0.81587,1.50,2.25
2012.04.04 07:36:16.267,0.81572,0.81588,1.50,3.38
2012.04.04 07:36:16.496,0.8157,0.81588,1.50,2.63
2012.04.04 07:36:17.101,0.81568,0.81584,4.88,2.25
2012.04.04 07:36:18.137,0.81569,0.81585,1.50,2.25
2012.04.04 07:36:18.749,0.81568,0.81584,3.38,2.25
2012.04.04 07:36:20.492,0.81569,0.81586,1.50,1.88
2012.04.04 07:36:20.568,0.81575,0.81587,1.50,1.88
2012.04.04 07:36:20.847,0.81576,0.81587,1.50,1.50
2012.04.04 07:36:21.196,0.81574,0.81588,1.50,1.32
2012.04.04 07:36:21.393,0.81577,0.81589,1.50,3.00
2012.04.04 07:36:21.812,0.81575,0.81589,1.50,3.00
2012.04.04 07:36:22.638,0.81573,0.81588,1.50,1.50
2012.04.04 07:36:23.035,0.81571,0.81587,1.50,2.63
2012.04.04 07:36:25.694,0.81571,0.81586,1.50,1.13
2012.04.04 07:36:25.764,0.81569,0.81585,1.50,2.25
2012.04.04 07:36:26.323,0.81568,0.81584,3.38,2.25
2012.04.04 07:36:29.174,0.81569,0.81584,1.50,2.25
2012.04.04 07:36:29.823,0.81576,0.81589,1.50,4.13
2012.04.04 07:36:30.343,0.81574,0.81589,1.50,3.38
2012.04.04 07:36:31.451,0.81575,0.81589,1.50,3.38
2012.04.04 07:36:33.815,0.81573,0.81589,1.50,4.88
2012.04.04 07:36:34.737,0.81573,0.81589,1.50,3.00
2012.04.04 07:36:34.875,0.81575,0.81589,1.50,4.50
2012.04.04 07:36:35.647,0.81574,0.81588,1.50,1.13
2012.04.04 07:36:36.122,0.81574,0.81588,1.50,1.13
2012.04.04 07:36:39.218,0.81572,0.81588,1.50,1.13
2012.04.04 07:36:39.358,0.81574,0.81588,1.50,1.13
2012.04.04 07:36:39.958,0.81572,0.81588,1.50,1.13
2012.04.04 07:36:41.489,0.8157,0.81588,1.88,2.63
2012.04.04 07:36:42.238,0.81568,0.81584,4.88,1.50
2012.04.04 07:36:42.800,0.81569,0.81585,1.50,2.25
2012.04.04 07:36:43.292,0.81567,0.81585,1.50,2.44
2012.04.04 07:36:43.815,0.81566,0.81584,1.50,1.50
2012.04.04 07:36:44.446,0.81565,0.81583,2.63,1.50
2012.04.04 07:36:45.008,0.81565,0.81583,2.63,1.50
2012.04.04 07:36:45.216,0.81565,0.81581,2.25,1.50
2012.04.04 07:36:45.435,0.81565,0.81583,1.50,3.00
2012.04.04 07:36:45.699,0.81563,0.81581,2.25,1.50
2012.04.04 07:36:46.152,0.81564,0.81579,1.50,2.25
2012.04.04 07:36:46.707,0.81563,0.81579,2.25,2.25
2012.04.04 07:36:48.961,0.81565,0.81579,1.50,2.25
2012.04.04 07:36:49.636,0.81564,0.81579,1.50,2.25
2012.04.04 07:36:50.046,0.81566,0.81579,1.50,2.25
2012.04.04 07:36:50.437,0.81564,0.81579,1.50,2.25
2012.04.04 07:36:50.987,0.81565,0.81579,1.50,2.25
2012.04.04 07:36:51.643,0.81568,0.81579,1.50,2.25
2012.04.04 07:36:51.936,0.81564,0.81579,2.63,2.25
2012.04.04 07:36:52.490,0.81566,0.81579,1.50,2.25
2012.04.04 07:36:52.572,0.81564,0.81579,2.25,2.25
2012.04.04 07:37:00.504,0.81565,0.81579,1.50,2.25
2012.04.04 07:37:01.065,0.81564,0.81579,2.25,2.25
2012.04.04 07:37:02.214,0.81566,0.81579,1.50,2.25
2012.04.04 07:37:02.491,0.81564,0.81579,1.50,2.25
2012.04.04 07:37:02.716,0.81566,0.81579,1.50,2.25
2012.04.04 07:37:03.368,0.81567,0.81579,1.50,2.25
2012.04.04 07:37:03.912,0.81566,0.81579,1.50,2.25
2012.04.04 07:37:04.464,0.81567,0.81579,1.50,2.25
2012.04.04 07:37:04.828,0.81569,0.81579,1.50,2.25
2012.04.04 07:37:05.097,0.81569,0.81585,1.50,3.38
2012.04.04 07:37:05.313,0.81571,0.81585,1.50,3.00
2012.04.04 07:37:05.965,0.81569,0.81585,1.50,3.00
2012.04.04 07:37:07.632,0.81569,0.81585,2.25,2.25
2012.04.04 07:37:07.996,0.81575,0.81585,1.50,2.25
2012.04.04 07:37:08.545,0.81574,0.81585,3.00,2.25
2012.04.04 07:37:11.179,0.81576,0.81585,1.50,2.25
2012.04.04 07:37:11.325,0.81574,0.81585,3.00,2.25
2012.04.04 07:37:12.043,0.81571,0.81585,2.25,2.25
2012.04.04 07:37:12.595,0.8157,0.81585,3.75,2.25
2012.04.04 07:37:14.451,0.81571,0.81585,3.00,2.25
2012.04.04 07:37:15.013,0.81571,0.81585,2.25,2.25
2012.04.04 07:37:19.555,0.81572,0.81585,1.50,2.25
2012.04.04 07:37:20.082,0.8157,0.81585,2.25,2.25
2012.04.04 07:37:20.614,0.81572,0.81585,1.50,2.25
2012.04.04 07:37:21.397,0.81571,0.81585,2.25,2.25
2012.04.04 07:37:23.297,0.81568,0.81585,2.25,2.25
2012.04.04 07:37:24.248,0.81571,0.81585,1.50,2.25
2012.04.04 07:37:25.478,0.81571,0.81585,2.25,2.25
2012.04.04 07:37:26.327,0.8157,0.81585,2.25,2.25
2012.04.04 07:37:26.855,0.81571,0.81585,1.50,2.25
2012.04.04 07:37:27.414,0.81569,0.81585,2.25,2.25
2012.04.04 07:37:27.976,0.81571,0.81585,1.50,2.25
2012.04.04 07:37:28.714,0.8157,0.81585,2.25,2.25
2012.04.04 07:37:29.186,0.81572,0.81585,1.50,2.25
2012.04.04 07:37:29.394,0.8157,0.81585,2.25,2.25
2012.04.04 07:37:29.922,0.81571,0.81585,1.50,2.25
2012.04.04 07:37:30.801,0.8157,0.81585,2.25,2.25
2012.04.04 07:37:30.882,0.81572,0.81585,1.50,2.25
2012.04.04 07:37:31.363,0.8157,0.81585,2.25,2.25
2012.04.04 07:37:33.111,0.81569,0.81585,2.25,2.25
2012.04.04 07:37:33.634,0.8157,0.81585,1.50,2.25
2012.04.04 07:37:34.174,0.81571,0.81585,1.50,2.25
2012.04.04 07:37:34.243,0.81569,0.81585,2.25,2.25
2012.04.04 07:37:37.168,0.81571,0.81585,1.50,2.25
2012.04.04 07:37:37.244,0.81569,0.81585,2.25,2.25
2012.04.04 07:37:38.230,0.81568,0.81584,2.25,1.50
2012.04.04 07:37:39.071,0.8157,0.81585,3.75,2.25
2012.04.04 07:37:39.164,0.81571,0.81585,2.33,2.25
2012.04.04 07:37:41.088,0.81571,0.81585,1.50,2.25
2012.04.04 07:37:42.529,0.81572,0.81585,1.50,2.25
2012.04.04 07:37:43.104,0.81571,0.81585,1.50,2.25
2012.04.04 07:37:43.392,0.81575,0.81588,1.50,1.88
2012.04.04 07:37:45.846,0.81578,0.8159,1.50,3.00
2012.04.04 07:37:46.689,0.81576,0.8159,2.25,3.00
2012.04.04 07:37:47.773,0.81578,0.81589,1.50,3.00
2012.04.04 07:37:47.978,0.81578,0.81589,1.50,2.25
2012.04.04 07:37:48.532,0.81577,0.81592,1.50,2.63
2012.04.04 07:37:48.618,0.8158,0.8159,1.50,2.25
2012.04.04 07:37:49.178,0.8158,0.81595,1.58,3.19
2012.04.04 07:37:49.534,0.81582,0.81595,1.88,3.00
2012.04.04 07:37:50.040,0.81587,0.81598,1.50,2.25
2012.04.04 07:37:50.256,0.81589,0.81605,3.75,2.25
2012.04.04 07:37:50.823,0.81588,0.81604,2.25,1.50
2012.04.04 07:37:51.348,0.81587,0.81603,3.38,1.50
2012.04.04 07:37:51.876,0.81588,0.81604,2.25,1.50
2012.04.04 07:37:52.160,0.8159,0.81605,1.50,3.75
2012.04.04 07:37:52.669,0.81588,0.81605,2.25,2.25
2012.04.04 07:37:53.350,0.81588,0.81604,2.25,1.50
2012.04.04 07:37:53.864,0.81586,0.81602,1.88,1.50
2012.04.04 07:37:54.405,0.81586,0.81603,1.88,1.50
2012.04.04 07:37:54.993,0.81588,0.816,2.25,2.25
2012.04.04 07:37:55.074,0.81588,0.81604,1.50,1.50
2012.04.04 07:37:55.217,0.81587,0.81602,1.50,1.50
2012.04.04 07:37:55.978,0.81587,0.816,1.13,1.50
2012.04.04 07:37:56.755,0.81587,0.81602,1.88,1.50
2012.04.04 07:37:57.442,0.81588,0.81602,1.50,1.50
2012.04.04 07:37:57.592,0.81589,0.81605,2.25,3.75
2012.04.04 07:37:57.878,0.81594,0.81605,1.50,2.25
2012.04.04 07:37:58.177,0.81592,0.81605,1.50,2.25
2012.04.04 07:37:58.861,0.81594,0.81605,1.50,2.25
2012.04.04 07:37:58.936,0.81594,0.8161,1.50,1.50
2012.04.04 07:37:59.456,0.81592,0.8161,2.25,1.50
2012.04.04 07:37:59.979,0.81593,0.81611,2.25,1.88
2012.04.04 07:38:00.527,0.81592,0.8161,3.75,1.50
2012.04.04 07:38:01.128,0.81591,0.81609,2.25,1.50
2012.04.04 07:38:01.219,0.81591,0.81607,2.25,1.50
2012.04.04 07:38:01.721,0.81594,0.8161,2.25,1.50
2012.04.04 07:38:02.234,0.81594,0.81612,2.25,4.32
2012.04.04 07:38:02.766,0.81591,0.81607,2.25,1.50
2012.04.04 07:38:03.407,0.81593,0.81609,2.25,1.50
2012.04.04 07:38:03.971,0.81592,0.8161,2.25,1.50
2012.04.04 07:38:04.533,0.81591,0.81609,2.25,1.50
2012.04.04 07:38:05.371,0.81592,0.81608,2.25,1.50
2012.04.04 07:38:06.308,0.8159,0.81608,2.63,1.50
2012.04.04 07:38:07.925,0.8159,0.81606,2.63,1.50
2012.04.04 07:38:09.047,0.8159,0.81608,2.63,1.50
2012.04.04 07:38:10.085,0.81592,0.8161,2.25,1.50
2012.04.04 07:38:10.937,0.81592,0.8161,2.25,1.50
2012.04.04 07:38:11.534,0.81592,0.81608,2.25,1.50
2012.04.04 07:38:12.123,0.81592,0.81608,2.25,1.50
2012.04.04 07:38:13.013,0.81593,0.81609,1.50,1.50
2012.04.04 07:38:13.556,0.81592,0.81608,2.25,1.50
2012.04.04 07:38:14.316,0.81593,0.81609,1.50,1.50
2012.04.04 07:38:15.373,0.81592,0.81608,2.25,1.50
2012.04.04 07:38:20.735,0.81593,0.81609,1.50,1.50
2012.04.04 07:38:21.493,0.81591,0.81609,2.25,1.50
2012.04.04 07:38:22.296,0.8159,0.81607,1.13,1.50
2012.04.04 07:38:23.017,0.8159,0.81606,2.63,1.50
2012.04.04 07:38:23.419,0.8159,0.81608,2.63,3.00
2012.04.04 07:38:24.609,0.8159,0.81607,1.13,1.50
2012.04.04 07:38:26.446,0.8159,0.81608,2.63,1.50
2012.04.04 07:38:27.917,0.8159,0.81607,1.13,1.50
2012.04.04 07:38:29.206,0.8159,0.81608,2.63,1.50
2012.04.04 07:38:29.835,0.81591,0.81607,2.25,1.50
2012.04.04 07:38:31.044,0.8159,0.81606,2.63,1.50
2012.04.04 07:38:31.718,0.8159,0.81608,2.63,1.50
2012.04.04 07:38:32.570,0.8159,0.81606,2.63,1.50
2012.04.04 07:38:33.172,0.81591,0.81607,2.25,1.50
2012.04.04 07:38:34.153,0.8159,0.81606,2.63,1.50
2012.04.04 07:38:34.858,0.81591,0.81607,2.25,1.50
2012.04.04 07:38:37.134,0.8159,0.81606,2.63,1.50
2012.04.04 07:38:37.569,0.81591,0.81607,2.25,1.50
2012.04.04 07:38:37.736,0.81593,0.81609,2.25,1.50
2012.04.04 07:38:38.446,0.81594,0.8161,2.25,1.50
2012.04.04 07:38:40.426,0.81596,0.8161,1.13,1.50
2012.04.04 07:38:40.514,0.81597,0.81614,1.50,2.25
2012.04.04 07:38:41.051,0.81601,0.81616,2.25,3.00
2012.04.04 07:38:42.687,0.81601,0.81616,2.25,2.25
2012.04.04 07:38:45.633,0.81597,0.81615,3.00,1.50
2012.04.04 07:38:47.106,0.81598,0.81616,2.25,3.75
2012.04.04 07:38:50.053,0.81599,0.81616,2.25,2.25
2012.04.04 07:38:50.595,0.81601,0.81616,1.50,2.25
2012.04.04 07:38:53.434,0.81601,0.81616,1.50,3.75
2012.04.04 07:38:53.719,0.81602,0.81616,1.50,3.75
2012.04.04 07:38:54.335,0.81605,0.81618,1.50,1.50
2012.04.04 07:38:54.888,0.81605,0.81617,1.50,1.50
2012.04.04 07:38:55.346,0.81602,0.81617,1.50,1.50
2012.04.04 07:38:55.689,0.81603,0.81619,2.25,1.50
2012.04.04 07:38:56.228,0.81603,0.8162,2.25,2.25
2012.04.04 07:38:56.815,0.81605,0.81619,1.50,1.50
2012.04.04 07:38:57.122,0.81606,0.8162,1.50,2.25
2012.04.04 07:38:57.979,0.81607,0.81622,1.20,1.50
2012.04.04 07:38:58.069,0.81607,0.81625,2.70,1.69
2012.04.04 07:38:58.292,0.81614,0.81626,1.50,4.13
2012.04.04 07:38:59.436,0.81612,0.81626,1.50,2.63
2012.04.04 07:38:59.520,0.81609,0.81625,1.50,1.69
2012.04.04 07:39:00.211,0.81609,0.81625,2.33,1.69
2012.04.04 07:39:00.287,0.81612,0.81626,1.50,2.63
2012.04.04 07:39:01.709,0.81608,0.81626,3.00,4.13
2012.04.04 07:39:02.288,0.81607,0.81623,2.25,1.50
2012.04.04 07:39:03.147,0.81607,0.81625,2.25,1.69
2012.04.04 07:39:05.279,0.81608,0.81625,1.50,1.69
2012.04.04 07:39:05.776,0.8161,0.81626,1.50,2.63
2012.04.04 07:39:07.098,0.81608,0.81626,3.00,4.13
2012.04.04 07:39:07.780,0.81608,0.81626,3.08,4.13
2012.04.04 07:39:07.862,0.81612,0.81626,1.50,2.44
2012.04.04 07:39:08.706,0.81612,0.81626,2.25,2.44
2012.04.04 07:39:08.859,0.81613,0.8163,1.50,2.63
2012.04.04 07:39:08.937,0.81615,0.8163,2.25,1.13
2012.04.04 07:39:09.358,0.81616,0.81632,1.13,1.88
2012.04.04 07:39:09.502,0.81617,0.81631,1.13,1.50
2012.04.04 07:39:09.584,0.81618,0.81635,2.25,1.50
2012.04.04 07:39:09.734,0.81622,0.81636,1.50,2.25
2012.04.04 07:39:10.219,0.81622,0.81638,1.50,1.50
2012.04.04 07:39:10.315,0.81624,0.81637,1.13,1.50
2012.04.04 07:39:10.689,0.81623,0.81637,1.13,1.50
2012.04.04 07:39:10.855,0.81622,0.81638,2.63,1.50
2012.04.04 07:39:11.133,0.81623,0.81638,1.13,1.50
2012.04.04 07:39:11.774,0.81623,0.81638,1.50,1.50
2012.04.04 07:39:12.338,0.81623,0.81639,1.50,1.50
2012.04.04 07:39:13.172,0.81624,0.81639,1.50,1.50
2012.04.04 07:39:13.286,0.81625,0.81641,1.88,1.50
2012.04.04 07:39:13.508,0.81624,0.81641,1.50,1.50
2012.04.04 07:39:13.653,0.81624,0.81641,1.50,1.50
2012.04.04 07:39:13.735,0.81623,0.81641,3.00,1.50
2012.04.04 07:39:14.246,0.81625,0.81641,1.50,1.50
2012.04.04 07:39:14.790,0.81624,0.81642,2.25,1.69
2012.04.04 07:39:15.350,0.81623,0.81641,3.00,1.50
2012.04.04 07:39:15.575,0.81626,0.81641,1.50,1.50
2012.04.04 07:39:20.555,0.81625,0.8164,1.50,1.50
2012.04.04 07:39:21.353,0.81625,0.81642,1.50,3.00
2012.04.04 07:39:22.069,0.81625,0.81641,1.50,1.50
2012.04.04 07:39:22.352,0.81625,0.81641,1.50,1.50
2012.04.04 07:39:22.433,0.81625,0.81642,1.50,1.69
2012.04.04 07:39:22.963,0.81625,0.81641,1.50,1.50
2012.04.04 07:39:23.744,0.81625,0.8164,1.50,1.50
2012.04.04 07:39:24.535,0.81624,0.8164,1.50,1.50
2012.04.04 07:39:24.609,0.81623,0.81638,1.50,1.50
2012.04.04 07:39:25.000,0.81623,0.81638,1.50,1.50
2012.04.04 07:39:25.076,0.81623,0.8164,1.50,1.50
2012.04.04 07:39:25.937,0.81624,0.8164,2.25,1.50
2012.04.04 07:39:26.355,0.81624,0.8164,2.25,1.50
2012.04.04 07:39:27.460,0.81623,0.81639,1.50,1.50
2012.04.04 07:39:27.666,0.81622,0.81637,2.63,1.50
2012.04.04 07:39:28.089,0.8162,0.81638,2.25,1.50
2012.04.04 07:39:28.436,0.8162,0.81636,2.25,1.50
2012.04.04 07:39:29.009,0.81619,0.81637,3.75,1.50
2012.04.04 07:39:29.309,0.81619,0.81635,3.75,1.50
2012.04.04 07:39:31.646,0.81621,0.81637,2.25,2.25
2012.04.04 07:39:32.533,0.81621,0.81636,2.25,1.50
2012.04.04 07:39:33.036,0.81622,0.81639,1.50,3.38
2012.04.04 07:39:33.531,0.81622,0.81635,1.50,1.50
2012.04.04 07:39:33.684,0.81618,0.81633,3.60,1.50
2012.04.04 07:39:34.284,0.81618,0.81634,4.35,1.50
2012.04.04 07:39:34.861,0.81618,0.81633,2.85,1.50
2012.04.04 07:39:35.414,0.81618,0.81634,4.35,1.50
2012.04.04 07:39:37.613,0.81618,0.81634,4.13,1.50
2012.04.04 07:39:38.239,0.81618,0.81633,2.63,1.50
2012.04.04 07:39:38.785,0.81618,0.81633,1.13,1.50
2012.04.04 07:39:39.310,0.81617,0.81633,6.00,1.50
2012.04.04 07:39:39.404,0.81615,0.8163,2.25,1.50
2012.04.04 07:39:39.836,0.81617,0.81631,5.63,1.50
2012.04.04 07:39:40.586,0.81617,0.8163,5.63,1.50
2012.04.04 07:39:42.567,0.81617,0.81631,5.63,1.50
2012.04.04 07:39:48.975,0.81617,0.81632,5.63,1.50
2012.04.04 07:39:49.501,0.81617,0.81631,2.25,1.50
2012.04.04 07:39:49.863,0.8161,0.81626,3.38,1.88
2012.04.04 07:39:50.209,0.8161,0.8162,2.25,1.88
2012.04.04 07:39:50.721,0.81599,0.81614,1.69,1.50
2012.04.04 07:39:50.798,0.81601,0.81617,2.25,1.50
2012.04.04 07:39:51.068,0.81602,0.81619,2.25,2.63
2012.04.04 07:39:51.277,0.81601,0.81619,2.25,3.75
2012.04.04 07:39:52.333,0.81605,0.81621,3.00,1.50
2012.04.04 07:39:52.430,0.81604,0.81621,1.50,1.50
2012.04.04 07:39:52.847,0.81604,0.81622,3.00,2.25
2012.04.04 07:39:53.056,0.81604,0.81619,1.50,1.50
2012.04.04 07:39:53.532,0.81604,0.81621,1.50,3.00
2012.04.04 07:39:54.609,0.81604,0.81619,1.50,1.50
2012.04.04 07:39:55.346,0.81604,0.8162,3.00,1.50
2012.04.04 07:39:55.938,0.81604,0.81622,2.25,3.00
2012.04.04 07:39:56.471,0.81603,0.81621,3.00,1.50
2012.04.04 07:39:56.987,0.81604,0.8162,1.50,1.50
2012.04.04 07:39:57.545,0.81603,0.81617,1.88,1.50
2012.04.04 07:39:58.100,0.81603,0.81617,1.88,1.50
2012.04.04 07:39:58.669,0.81603,0.8162,1.88,1.50
2012.04.04 07:40:00.361,0.81603,0.81619,1.88,1.50
2012.04.04 07:40:01.069,0.81604,0.8162,2.25,3.00
2012.04.04 07:40:01.180,0.81602,0.81615,2.25,3.00
2012.04.04 07:40:01.698,0.81599,0.81615,2.25,4.50
2012.04.04 07:40:02.043,0.81599,0.81617,2.25,1.50
2012.04.04 07:40:02.616,0.81601,0.81617,2.25,1.50
2012.04.04 07:40:02.804,0.81602,0.8162,2.25,4.32
2012.04.04 07:40:02.955,0.81601,0.81618,2.25,2.25
2012.04.04 07:40:03.325,0.81601,0.81606,1.50,3.00
2012.04.04 07:40:03.455,0.81593,0.81604,1.50,2.25
2012.04.04 07:40:03.597,0.81592,0.81604,1.50,2.25
2012.04.04 07:40:03.809,0.81593,0.81608,1.50,2.25
2012.04.04 07:40:03.888,0.81596,0.81609,1.50,2.25
2012.04.04 07:40:04.362,0.81596,0.81605,1.50,2.25
2012.04.04 07:40:04.581,0.81596,0.81609,1.50,3.38
2012.04.04 07:40:04.657,0.81596,0.81609,1.50,2.25
2012.04.04 07:40:09.846,0.81593,0.81609,4.50,2.25
2012.04.04 07:40:10.277,0.816,0.81609,1.50,2.25
2012.04.04 07:40:10.838,0.81599,0.81609,1.50,2.25
2012.04.04 07:40:14.052,0.81599,0.81615,2.25,1.32
2012.04.04 07:40:14.198,0.81603,0.81616,1.50,3.75
2012.04.04 07:40:14.610,0.81603,0.81619,1.50,2.63
2012.04.04 07:40:15.128,0.81603,0.81621,2.25,2.44
2012.04.04 07:40:15.647,0.81605,0.81621,1.50,2.25
2012.04.04 07:40:15.787,0.81605,0.81619,1.50,1.88
2012.04.04 07:40:16.144,0.816,0.81616,1.50,1.88
2012.04.04 07:40:16.710,0.816,0.81615,1.50,2.25
2012.04.04 07:40:18.978,0.81602,0.81615,1.50,2.25
2012.04.04 07:40:19.784,0.81601,0.81615,1.50,2.25
2012.04.04 07:40:20.336,0.81599,0.81615,2.25,2.25
2012.04.04 07:40:20.855,0.81601,0.81615,1.50,2.25
2012.04.04 07:40:21.449,0.81603,0.81615,1.50,2.25
2012.04.04 07:40:21.956,0.81602,0.81612,2.25,1.13
2012.04.04 07:40:22.311,0.81592,0.81598,1.50,2.25
2012.04.04 07:40:22.456,0.81583,0.81595,1.13,2.25
2012.04.04 07:40:22.901,0.81586,0.81602,2.25,2.63
2012.04.04 07:40:23.175,0.81583,0.816,4.13,1.50
2012.04.04 07:40:23.766,0.81587,0.816,1.50,2.25
2012.04.04 07:40:24.401,0.81586,0.816,2.25,2.25
2012.04.04 07:40:27.870,0.81587,0.816,1.50,2.25
2012.04.04 07:40:28.755,0.81586,0.816,2.25,2.25
2012.04.04 07:40:29.114,0.81588,0.816,1.50,2.25
2012.04.04 07:40:29.245,0.81586,0.816,2.25,2.25
2012.04.04 07:40:31.848,0.81591,0.816,1.88,2.25
2012.04.04 07:40:32.340,0.81593,0.816,1.50,2.25
2012.04.04 07:40:32.422,0.81593,0.81605,1.50,2.25
2012.04.04 07:40:32.502,0.81593,0.81608,1.50,4.13
2012.04.04 07:40:32.721,0.81592,0.81606,1.50,2.25
2012.04.04 07:40:32.798,0.81593,0.81609,1.50,1.50
2012.04.04 07:40:33.316,0.81592,0.81608,1.50,1.69
2012.04.04 07:40:34.451,0.81592,0.81606,1.50,1.50
2012.04.04 07:40:37.216,0.81592,0.81606,1.50,1.88
2012.04.04 07:40:37.289,0.8159,0.81606,1.50,1.88
2012.04.04 07:40:37.782,0.81588,0.81603,2.25,1.50
2012.04.04 07:40:38.346,0.81588,0.81606,2.25,1.88
2012.04.04 07:40:40.019,0.81588,0.81605,1.50,2.82
2012.04.04 07:40:40.378,0.81588,0.816,1.50,2.63
2012.04.04 07:40:40.526,0.81586,0.816,2.25,2.25
2012.04.04 07:40:40.598,0.81586,0.81602,2.25,1.50
2012.04.04 07:40:42.157,0.81586,0.81599,2.25,2.25
2012.04.04 07:40:42.367,0.81584,0.816,2.25,1.50
2012.04.04 07:40:42.649,0.81586,0.81602,1.50,1.50
2012.04.04 07:40:43.398,0.81583,0.81599,3.00,1.50
2012.04.04 07:40:43.885,0.81584,0.81599,1.50,1.50
2012.04.04 07:40:44.364,0.81586,0.81602,2.25,1.50
2012.04.04 07:40:45.162,0.81585,0.81601,2.25,1.50
2012.04.04 07:40:45.904,0.81585,0.81603,3.00,2.07
2012.04.04 07:40:53.624,0.81585,0.816,1.50,1.50
2012.04.04 07:40:53.790,0.81585,0.81603,3.00,3.19
2012.04.04 07:40:54.221,0.81585,0.81602,2.25,1.14
2012.04.04 07:40:54.298,0.81585,0.81599,2.25,1.32
2012.04.04 07:40:54.651,0.81583,0.816,3.00,2.22
2012.04.04 07:40:55.193,0.81583,0.816,2.25,2.63
2012.04.04 07:40:55.341,0.81583,0.81597,1.50,1.50
2012.04.04 07:40:55.701,0.81583,0.81599,1.50,1.50
2012.04.04 07:40:56.265,0.81583,0.81596,1.50,1.50
2012.04.04 07:40:56.477,0.81583,0.816,1.50,1.50
2012.04.04 07:40:56.943,0.81587,0.816,1.88,1.50
2012.04.04 07:40:57.496,0.81587,0.816,2.63,1.50
2012.04.04 07:40:57.922,0.81587,0.816,2.63,1.50
2012.04.04 07:40:58.214,0.81589,0.81607,3.00,2.63
2012.04.04 07:40:58.360,0.81591,0.81607,1.50,2.63
2012.04.04 07:40:58.824,0.81589,0.81607,2.25,2.63
2012.04.04 07:40:58.927,0.81593,0.8161,3.00,1.50
2012.04.04 07:40:59.740,0.81593,0.8161,1.50,1.50
2012.04.04 07:41:00.830,0.81593,0.81608,1.50,1.50
2012.04.04 07:41:01.195,0.81594,0.8161,2.25,1.50
2012.04.04 07:41:02.939,0.81593,0.81609,3.00,1.50
2012.04.04 07:41:03.542,0.81594,0.8161,2.25,1.50
2012.04.04 07:41:05.811,0.81592,0.8161,4.73,1.50
2012.04.04 07:41:05.891,0.81592,0.81608,4.73,1.50
2012.04.04 07:41:07.878,0.81592,0.8161,3.38,1.50
2012.04.04 07:41:08.445,0.81594,0.8161,1.50,1.50
2012.04.04 07:41:09.140,0.81592,0.8161,3.38,1.50
2012.04.04 07:41:09.605,0.81592,0.81608,3.38,1.50
2012.04.04 07:41:11.845,0.81592,0.81608,3.38,1.50
2012.04.04 07:41:12.405,0.81592,0.81608,3.57,1.50
2012.04.04 07:41:19.043,0.81592,0.8161,4.32,1.50
2012.04.04 07:41:20.173,0.81592,0.81609,4.32,1.50
2012.04.04 07:41:20.773,0.81592,0.81606,1.13,1.50
2012.04.04 07:41:21.072,0.81589,0.81603,1.13,1.50
2012.04.04 07:41:21.434,0.81588,0.81606,4.13,1.50
2012.04.04 07:41:22.310,0.81588,0.81605,4.13,1.50
2012.04.04 07:41:22.832,0.81588,0.81604,2.63,1.50
2012.04.04 07:41:23.462,0.81588,0.81605,2.63,1.50
2012.04.04 07:41:24.118,0.81588,0.81604,4.13,1.50
2012.04.04 07:41:24.927,0.81588,0.81606,4.13,3.00
2012.04.04 07:41:26.356,0.81588,0.81604,4.13,1.50
2012.04.04 07:41:27.149,0.81588,0.81603,2.63,1.50
2012.04.04 07:41:27.625,0.81588,0.81605,2.63,1.50
2012.04.04 07:41:34.160,0.81589,0.81605,1.50,1.50
2012.04.04 07:41:34.730,0.8159,0.81606,2.25,1.50
2012.04.04 07:41:35.164,0.8159,0.81608,2.25,1.50
2012.04.04 07:41:35.446,0.81593,0.81608,1.50,1.50
2012.04.04 07:41:36.106,0.81595,0.81611,2.25,1.50
2012.04.04 07:41:36.461,0.81593,0.81609,1.88,1.50
2012.04.04 07:41:37.124,0.81593,0.8161,1.88,1.50
2012.04.04 07:41:40.165,0.81594,0.81612,2.25,2.25
2012.04.04 07:41:47.333,0.81594,0.81612,3.00,2.25
2012.04.04 07:41:47.883,0.81595,0.81612,1.50,1.50
2012.04.04 07:41:48.779,0.81595,0.81609,1.50,1.50
2012.04.04 07:41:49.568,0.81595,0.8161,1.50,1.50
2012.04.04 07:41:51.234,0.81595,0.81611,1.50,1.50
2012.04.04 07:41:52.115,0.81596,0.81611,1.88,1.50
2012.04.04 07:41:53.968,0.81596,0.81609,1.88,1.50
2012.04.04 07:41:54.048,0.81596,0.81611,1.88,1.50
2012.04.04 07:41:57.613,0.81596,0.81612,3.38,1.50
2012.04.04 07:42:00.531,0.81597,0.81612,2.25,1.50
2012.04.04 07:42:01.649,0.81597,0.81611,2.25,1.50
2012.04.04 07:42:01.724,0.81597,0.81613,2.25,1.50
2012.04.04 07:42:01.941,0.81597,0.81613,1.50,1.50
2012.04.04 07:42:02.453,0.81597,0.81612,1.50,1.50
2012.04.04 07:42:03.330,0.81597,0.81611,1.13,1.50
2012.04.04 07:42:03.415,0.81597,0.81608,1.13,1.50
2012.04.04 07:42:03.694,0.81594,0.81608,2.25,1.50
2012.04.04 07:42:04.296,0.81594,0.81608,1.50,1.50
2012.04.04 07:42:04.377,0.81594,0.81606,1.50,1.50
2012.04.04 07:42:04.986,0.81594,0.81607,1.50,1.50
2012.04.04 07:42:07.719,0.81594,0.81606,1.50,1.50
2012.04.04 07:42:11.887,0.81593,0.81603,1.88,1.50
2012.04.04 07:42:12.479,0.81593,0.81604,1.88,1.50
2012.04.04 07:42:13.016,0.81592,0.81605,1.50,1.50
2012.04.04 07:42:13.156,0.81591,0.81607,2.25,1.50
2012.04.04 07:42:13.366,0.8159,0.81603,1.50,1.50
2012.04.04 07:42:13.704,0.8159,0.816,1.50,1.50
2012.04.04 07:42:13.775,0.8159,0.81603,1.50,1.50
2012.04.04 07:42:14.779,0.81588,0.81603,1.50,2.85
2012.04.04 07:42:14.867,0.81586,0.81598,3.00,2.67
2012.04.04 07:42:15.012,0.81584,0.81596,1.13,1.50
2012.04.04 07:42:15.101,0.81582,0.81594,1.13,1.69
2012.04.04 07:42:15.183,0.81577,0.81594,2.48,1.69
2012.04.04 07:42:15.750,0.81577,0.81593,1.35,1.69
2012.04.04 07:42:16.037,0.81575,0.81593,2.25,1.69
2012.04.04 07:42:16.108,0.81579,0.81594,1.50,2.82
2012.04.04 07:42:16.176,0.81576,0.81592,3.75,1.50
2012.04.04 07:42:17.179,0.81577,0.81593,1.50,1.69
2012.04.04 07:42:18.141,0.81575,0.81593,2.25,1.69
2012.04.04 07:42:19.942,0.81575,0.81588,2.25,1.13
2012.04.04 07:42:20.244,0.81572,0.81588,2.25,2.25
2012.04.04 07:42:20.325,0.8157,0.81584,3.00,1.50
2012.04.04 07:42:20.872,0.81569,0.81579,1.50,1.50
2012.04.04 07:42:21.022,0.81569,0.81581,1.50,3.00
2012.04.04 07:42:21.846,0.81569,0.81582,1.50,1.50
2012.04.04 07:42:22.369,0.81569,0.81584,1.50,1.50
2012.04.04 07:42:22.536,0.81569,0.81581,1.50,1.50
2012.04.04 07:42:22.957,0.81569,0.81583,1.50,1.50
2012.04.04 07:42:28.598,0.81569,0.81582,1.50,1.50
2012.04.04 07:42:29.313,0.81569,0.81581,1.50,1.50
2012.04.04 07:42:30.470,0.81569,0.81582,1.50,1.50
2012.04.04 07:42:30.964,0.81569,0.81584,1.50,1.50
2012.04.04 07:42:32.508,0.81569,0.81583,1.50,1.50
2012.04.04 07:42:33.065,0.81569,0.81583,1.50,1.50
2012.04.04 07:42:34.052,0.81569,0.81582,1.50,1.50
2012.04.04 07:42:34.595,0.81569,0.81583,1.50,1.50
2012.04.04 07:42:34.832,0.81569,0.81581,1.50,1.50
2012.04.04 07:42:35.113,0.81569,0.81583,1.50,1.50
2012.04.04 07:42:36.565,0.81569,0.81582,1.50,1.50
2012.04.04 07:42:37.079,0.81569,0.81581,1.50,1.50
2012.04.04 07:42:38.096,0.81569,0.81583,1.50,3.00
2012.04.04 07:42:41.242,0.81569,0.81583,2.25,1.50
2012.04.04 07:42:41.774,0.8157,0.81584,1.50,1.50
2012.04.04 07:42:41.913,0.81569,0.81584,1.50,1.50
2012.04.04 07:42:43.375,0.81569,0.81582,1.50,1.50
2012.04.04 07:42:43.966,0.81568,0.81582,3.38,1.50
2012.04.04 07:42:44.690,0.81568,0.81583,3.38,1.50
2012.04.04 07:42:47.823,0.81568,0.81584,3.38,1.50
2012.04.04 07:42:48.575,0.81568,0.81582,3.38,1.50
2012.04.04 07:42:50.532,0.81568,0.81582,3.38,1.50
2012.04.04 07:42:51.763,0.81568,0.81584,3.38,1.50
2012.04.04 07:42:52.107,0.81568,0.81582,3.38,1.50
2012.04.04 07:42:52.203,0.8157,0.81586,2.25,1.50
2012.04.04 07:42:52.282,0.8157,0.81586,3.00,1.50
2012.04.04 07:42:52.777,0.81573,0.81589,1.50,3.00
2012.04.04 07:42:53.454,0.81573,0.81586,1.50,1.50
2012.04.04 07:42:54.053,0.81573,0.81587,1.50,1.50
2012.04.04 07:42:54.580,0.81569,0.81587,4.13,1.50
2012.04.04 07:42:55.114,0.81569,0.81587,3.75,1.50
2012.04.04 07:43:03.377,0.8157,0.81588,2.25,3.38
2012.04.04 07:43:05.014,0.8157,0.81586,2.25,1.50
2012.04.04 07:43:06.842,0.81569,0.81584,1.50,1.50
2012.04.04 07:43:08.251,0.81569,0.81585,3.75,1.50
2012.04.04 07:43:10.625,0.81569,0.81585,3.00,1.50
2012.04.04 07:43:10.848,0.81569,0.81583,1.50,1.50
2012.04.04 07:43:11.252,0.81568,0.81581,1.88,1.50
2012.04.04 07:43:11.338,0.81566,0.81582,2.25,2.25
2012.04.04 07:43:11.420,0.81566,0.81581,2.25,3.00
2012.04.04 07:43:11.764,0.81566,0.81575,2.25,2.07
2012.04.04 07:43:12.043,0.81562,0.81575,2.25,5.07
2012.04.04 07:43:12.256,0.81555,0.81569,3.60,1.50
2012.04.04 07:43:12.341,0.81555,0.81569,2.10,1.50
2012.04.04 07:43:12.805,0.81555,0.81571,1.35,1.50
2012.04.04 07:43:13.904,0.81555,0.81571,3.60,1.50
2012.04.04 07:43:14.191,0.81555,0.81571,2.85,1.50
2012.04.04 07:43:14.742,0.81554,0.8157,3.75,1.50
2012.04.04 07:43:15.582,0.81554,0.8157,3.00,1.50
2012.04.04 07:43:16.163,0.81555,0.81571,1.50,1.50
2012.04.04 07:43:16.652,0.81555,0.81571,2.25,1.50
2012.04.04 07:43:17.195,0.81556,0.81573,2.25,1.32
2012.04.04 07:43:21.874,0.81556,0.81573,1.50,1.32
2012.04.04 07:43:21.949,0.81556,0.81573,2.25,1.32
2012.04.04 07:43:24.580,0.81555,0.81573,3.00,2.82
2012.04.04 07:43:25.668,0.81555,0.81573,2.25,2.82
2012.04.04 07:43:25.804,0.81557,0.81573,1.50,2.82
2012.04.04 07:43:26.874,0.81555,0.81573,3.75,2.82
2012.04.04 07:43:27.645,0.81554,0.8157,3.75,1.50
2012.04.04 07:43:27.712,0.81554,0.81572,2.25,1.69
2012.04.04 07:43:28.909,0.81553,0.81571,3.75,1.50
2012.04.04 07:43:29.194,0.81552,0.81569,2.25,1.50
2012.04.04 07:43:29.975,0.81553,0.81567,2.63,1.50
2012.04.04 07:43:30.584,0.81553,0.81568,2.63,1.50
2012.04.04 07:43:36.449,0.81553,0.8157,4.13,1.50
2012.04.04 07:43:37.364,0.81553,0.81569,4.13,1.50
2012.04.04 07:43:37.603,0.81553,0.81569,6.23,1.50
2012.04.04 07:43:37.958,0.81558,0.81569,1.13,1.50
2012.04.04 07:43:38.265,0.81558,0.81572,2.25,1.50
2012.04.04 07:43:38.724,0.81562,0.81575,1.13,1.50
2012.04.04 07:43:38.843,0.81564,0.81579,3.00,2.25
2012.04.04 07:43:38.927,0.81567,0.81579,1.50,2.25
2012.04.04 07:43:39.003,0.81567,0.81582,1.50,2.82
2012.04.04 07:43:39.146,0.81564,0.81579,1.50,1.50
2012.04.04 07:43:39.505,0.81564,0.81581,1.88,1.50
2012.04.04 07:43:39.581,0.81567,0.81583,1.50,3.94
2012.04.04 07:43:39.745,0.81565,0.81583,3.00,2.44
2012.04.04 07:43:40.489,0.81564,0.8158,1.88,1.50
2012.04.04 07:43:41.433,0.81562,0.81579,1.88,1.50
2012.04.04 07:43:42.691,0.81562,0.81575,1.88,1.50
2012.04.04 07:43:43.479,0.81562,0.81577,1.88,1.50
2012.04.04 07:43:50.291,0.81562,0.81579,1.88,1.50
2012.04.04 07:43:50.819,0.81562,0.81578,1.88,1.50
2012.04.04 07:43:52.929,0.81562,0.81578,2.63,1.50
2012.04.04 07:43:54.956,0.81562,0.81578,3.38,1.50
2012.04.04 07:43:55.491,0.81562,0.81579,1.88,1.50
2012.04.04 07:43:56.923,0.81562,0.81579,2.63,1.50
2012.04.04 07:43:59.060,0.81562,0.81579,1.88,1.50
2012.04.04 07:44:00.962,0.81562,0.81579,2.63,1.50
2012.04.04 07:44:01.633,0.81562,0.8158,4.13,1.50
2012.04.04 07:44:06.544,0.81563,0.81581,2.25,3.19
2012.04.04 07:44:07.340,0.81564,0.8158,2.25,1.50
2012.04.04 07:44:14.248,0.81564,0.81579,1.50,1.50
2012.04.04 07:44:15.111,0.81566,0.8158,1.50,1.50
2012.04.04 07:44:15.251,0.81564,0.8158,3.00,1.50
2012.04.04 07:44:15.322,0.81564,0.81579,1.50,1.50
2012.04.04 07:44:16.666,0.81564,0.81579,1.50,1.50
2012.04.04 07:44:19.015,0.81564,0.81579,1.50,1.50
2012.04.04 07:44:20.876,0.81564,0.81577,1.50,1.50
2012.04.04 07:44:21.025,0.81564,0.8158,3.00,3.00
2012.04.04 07:44:21.622,0.81564,0.81579,1.50,1.50
2012.04.04 07:44:21.705,0.81562,0.81577,1.88,1.50
2012.04.04 07:44:22.592,0.81562,0.81576,1.88,1.50
2012.04.04 07:44:23.019,0.81561,0.81576,3.00,3.00
2012.04.04 07:44:23.097,0.81559,0.81576,2.85,3.00
2012.04.04 07:44:23.569,0.81559,0.81571,1.35,1.50
2012.04.04 07:44:24.189,0.81558,0.8157,1.88,1.50
2012.04.04 07:44:29.127,0.81558,0.81574,1.88,1.50
2012.04.04 07:44:30.581,0.81558,0.81572,1.88,1.50
2012.04.04 07:44:33.380,0.81558,0.81574,1.88,1.50
2012.04.04 07:44:35.735,0.81558,0.81573,1.88,1.50
2012.04.04 07:44:36.662,0.81558,0.81574,1.88,1.50
2012.04.04 07:44:37.406,0.81558,0.81573,1.88,1.50
2012.04.04 07:44:39.930,0.81559,0.81574,1.50,1.50
2012.04.04 07:44:40.563,0.8156,0.81576,2.85,1.50
2012.04.04 07:44:40.640,0.8156,0.81576,2.85,1.50
2012.04.04 07:44:40.718,0.81563,0.81579,3.38,2.25
2012.04.04 07:44:40.795,0.81565,0.81579,1.50,2.25
2012.04.04 07:44:41.147,0.81563,0.81577,1.88,1.50
2012.04.04 07:44:41.435,0.81561,0.81577,3.00,1.50
2012.04.04 07:44:41.520,0.81561,0.81579,3.00,3.75
2012.04.04 07:44:42.015,0.81562,0.81579,2.63,1.50
2012.04.04 07:44:43.657,0.81563,0.81578,1.50,1.50
2012.04.04 07:44:45.730,0.81563,0.81579,1.50,1.50
2012.04.04 07:44:46.851,0.81563,0.81578,1.50,1.50
2012.04.04 07:44:47.410,0.81563,0.81579,1.50,3.00
2012.04.04 07:44:50.462,0.81562,0.81578,1.88,1.50
2012.04.04 07:44:51.732,0.81563,0.81579,1.50,1.50
2012.04.04 07:44:59.804,0.81563,0.8158,3.00,1.50
2012.04.04 07:45:00.550,0.81563,0.81579,3.00,1.50
2012.04.04 07:45:04.982,0.81563,0.81578,1.50,1.50
2012.04.04 07:45:05.411,0.81562,0.81578,1.13,1.50
2012.04.04 07:45:06.023,0.81562,0.81575,1.13,1.50
2012.04.04 07:45:06.865,0.81562,0.81577,1.13,3.00
2012.04.04 07:45:09.145,0.81562,0.81577,1.88,1.50
2012.04.04 07:45:10.583,0.81562,0.81578,3.38,1.50
2012.04.04 07:45:11.616,0.81562,0.81577,1.88,1.50
2012.04.04 07:45:13.670,0.81562,0.81577,1.88,1.50
2012.04.04 07:45:13.818,0.81562,0.81577,1.50,1.50
2012.04.04 07:45:15.250,0.81561,0.81577,3.00,1.50
2012.04.04 07:45:15.770,0.81563,0.81577,1.88,1.50
2012.04.04 07:45:16.558,0.81563,0.81577,2.63,1.50
2012.04.04 07:45:17.062,0.81563,0.81578,2.63,1.50
2012.04.04 07:45:17.657,0.81563,0.81577,2.63,1.50
2012.04.04 07:45:20.075,0.81563,0.81581,4.13,2.25
2012.04.04 07:45:20.228,0.81563,0.81579,4.13,1.50
2012.04.04 07:45:20.742,0.81563,0.81577,2.63,1.50
2012.04.04 07:45:21.095,0.81563,0.81575,1.88,1.50
2012.04.04 07:45:21.603,0.81563,0.81577,1.13,3.00
2012.04.04 07:45:25.747,0.8156,0.81577,3.38,1.50
2012.04.04 07:45:25.828,0.8156,0.81574,3.38,1.50
2012.04.04 07:45:26.046,0.81557,0.81572,2.63,1.50
2012.04.04 07:45:26.605,0.81558,0.81573,1.50,1.13
2012.04.04 07:45:27.170,0.81553,0.81571,2.33,1.50
2012.04.04 07:45:27.255,0.81552,0.81568,2.63,1.50
2012.04.04 07:45:27.469,0.81552,0.81568,3.38,2.25
2012.04.04 07:45:27.814,0.8155,0.81566,2.25,3.00
2012.04.04 07:45:28.342,0.81549,0.81564,1.69,2.25
2012.04.04 07:45:30.425,0.81549,0.81564,1.50,1.50
2012.04.04 07:45:30.760,0.81549,0.81567,3.00,1.50
2012.04.04 07:45:31.141,0.81549,0.81565,2.25,1.50
2012.04.04 07:45:31.708,0.81552,0.81566,1.50,1.50
2012.04.04 07:45:32.240,0.81552,0.81566,1.50,1.50
2012.04.04 07:45:32.871,0.81554,0.81566,1.50,1.50
2012.04.04 07:45:33.297,0.81555,0.81568,2.25,1.50
2012.04.04 07:45:33.389,0.81558,0.81572,2.63,1.50
2012.04.04 07:45:33.538,0.81558,0.81575,2.25,1.50
2012.04.04 07:45:33.684,0.81553,0.81571,4.32,1.50
2012.04.04 07:45:33.757,0.81554,0.81571,1.50,1.50
2012.04.04 07:45:34.114,0.81554,0.81569,1.50,1.50
2012.04.04 07:45:34.737,0.81553,0.81569,3.38,1.50
2012.04.04 07:45:35.375,0.81554,0.8157,2.25,1.50
2012.04.04 07:45:36.112,0.81553,0.81571,3.38,2.25
2012.04.04 07:45:37.335,0.81555,0.81571,1.50,2.25
2012.04.04 07:45:40.644,0.81553,0.81571,3.38,2.25
2012.04.04 07:45:42.603,0.81553,0.8157,1.88,1.50
2012.04.04 07:45:43.457,0.81553,0.81571,3.38,2.25
2012.04.04 07:45:43.744,0.81553,0.81569,3.38,1.50
2012.04.04 07:45:43.904,0.81555,0.81571,1.50,2.25
2012.04.04 07:45:43.980,0.81553,0.81569,4.13,1.50
2012.04.04 07:45:44.301,0.81554,0.81572,2.25,3.94
2012.04.04 07:45:45.164,0.81555,0.81571,1.50,1.50
2012.04.04 07:45:45.786,0.81554,0.8157,2.25,1.50
2012.04.04 07:45:46.546,0.81553,0.8157,1.50,4.13
2012.04.04 07:45:46.625,0.81553,0.81567,1.50,1.50
2012.04.04 07:45:46.828,0.81553,0.81569,1.50,1.88
2012.04.04 07:45:47.463,0.81553,0.81568,1.50,1.88
2012.04.04 07:45:48.015,0.81552,0.81568,1.50,1.88
2012.04.04 07:45:50.475,0.81554,0.8157,1.50,1.50
2012.04.04 07:45:51.512,0.81553,0.81569,3.00,1.50
2012.04.04 07:45:52.224,0.81553,0.81571,3.00,1.69
2012.04.04 07:45:53.449,0.81553,0.81569,3.00,1.50
2012.04.04 07:45:53.985,0.81553,0.81571,3.00,1.69
2012.04.04 07:45:54.166,0.81553,0.81571,3.00,1.69
2012.04.04 07:45:54.703,0.81553,0.8157,1.50,1.50
2012.04.04 07:45:55.209,0.81557,0.81573,2.25,3.38
2012.04.04 07:45:56.306,0.81557,0.81573,2.25,3.19
2012.04.04 07:45:56.866,0.8156,0.81572,1.50,1.50
2012.04.04 07:45:56.946,0.81562,0.81574,1.50,1.88
2012.04.04 07:45:57.307,0.81565,0.81579,1.50,3.00
2012.04.04 07:45:57.603,0.81565,0.81579,1.50,3.00
2012.04.04 07:45:58.098,0.81566,0.81582,1.50,2.44
2012.04.04 07:45:58.389,0.81565,0.8158,1.13,1.50
2012.04.04 07:45:58.912,0.81565,0.81583,2.63,1.88
2012.04.04 07:45:59.605,0.81564,0.81581,1.13,1.69
2012.04.04 07:46:00.137,0.81563,0.8158,2.25,1.50
2012.04.04 07:46:00.686,0.81562,0.81578,3.38,1.50
2012.04.04 07:46:00.834,0.81564,0.8158,1.50,1.50
2012.04.04 07:46:01.542,0.81562,0.8158,3.38,1.50
2012.04.04 07:46:02.404,0.81562,0.81578,1.88,1.50
2012.04.04 07:46:02.955,0.8156,0.81578,2.25,1.88
2012.04.04 07:46:03.485,0.81562,0.81578,1.50,1.88
2012.04.04 07:46:05.843,0.81561,0.81577,2.25,1.50
2012.04.04 07:46:06.878,0.81562,0.81578,1.50,1.88
2012.04.04 07:46:15.690,0.8156,0.81578,3.75,1.88
2012.04.04 07:46:16.163,0.81559,0.81575,2.25,1.50
2012.04.04 07:46:16.754,0.81558,0.81574,3.00,1.50
2012.04.04 07:46:17.559,0.81554,0.8157,6.38,1.50
2012.04.04 07:46:18.071,0.81554,0.81569,1.13,1.50
2012.04.04 07:46:18.747,0.81553,0.8157,1.50,1.50
2012.04.04 07:46:19.323,0.81553,0.81569,3.00,1.50
2012.04.04 07:46:19.871,0.81558,0.8157,1.88,1.50
2012.04.04 07:46:20.000,0.81558,0.81572,1.88,3.00
2012.04.04 07:46:20.725,0.81558,0.81574,1.88,3.00
2012.04.04 07:46:21.381,0.81559,0.81575,3.00,2.25
2012.04.04 07:46:21.731,0.8156,0.81576,2.25,2.25
2012.04.04 07:46:22.019,0.81561,0.81577,2.25,1.50
2012.04.04 07:46:22.665,0.81563,0.81578,1.50,1.50
2012.04.04 07:46:23.167,0.81562,0.81579,1.50,1.13
2012.04.04 07:46:26.631,0.8156,0.81578,2.25,1.50
2012.04.04 07:46:27.012,0.8156,0.81576,2.25,1.50
2012.04.04 07:46:27.558,0.81559,0.81575,1.50,1.50
2012.04.04 07:46:27.704,0.81558,0.81575,1.88,1.50
2012.04.04 07:46:27.777,0.81558,0.81573,1.88,1.50
2012.04.04 07:46:28.076,0.81558,0.81569,1.13,1.50
2012.04.04 07:46:28.215,0.81558,0.81572,1.13,1.50
2012.04.04 07:46:29.008,0.81558,0.81573,1.13,1.50
2012.04.04 07:46:42.636,0.81558,0.81574,1.13,1.50
2012.04.04 07:46:43.009,0.81559,0.81574,1.50,1.50
2012.04.04 07:46:43.546,0.81564,0.81579,1.50,1.13
2012.04.04 07:46:44.113,0.81563,0.81579,1.50,1.13
2012.04.04 07:46:45.108,0.81561,0.81577,2.25,1.50
2012.04.04 07:46:45.614,0.8156,0.81576,2.25,1.50
2012.04.04 07:46:45.755,0.81562,0.81578,1.50,4.13
2012.04.04 07:46:46.843,0.8156,0.81578,3.75,3.00
2012.04.04 07:46:47.352,0.8156,0.81578,2.25,3.75
2012.04.04 07:46:47.423,0.8156,0.81576,2.25,1.50
2012.04.04 07:46:47.492,0.8156,0.81578,2.25,5.25
2012.04.04 07:46:47.900,0.81559,0.81574,1.50,1.50
2012.04.04 07:46:47.978,0.8156,0.81576,2.25,1.50
2012.04.04 07:46:54.012,0.81562,0.81578,1.50,2.63
2012.04.04 07:46:54.534,0.81559,0.81575,1.50,1.50
2012.04.04 07:46:55.052,0.81559,0.81575,3.00,1.50
2012.04.04 07:46:56.980,0.81559,0.81576,1.50,2.25
2012.04.04 07:46:58.955,0.81559,0.81575,1.50,1.50
2012.04.04 07:47:04.136,0.81558,0.81574,1.50,1.50
2012.04.04 07:47:04.558,0.81557,0.81572,1.50,1.50
2012.04.04 07:47:05.222,0.81557,0.81571,1.50,1.50
2012.04.04 07:47:07.509,0.81557,0.81573,3.00,1.50
2012.04.04 07:47:07.737,0.81557,0.8157,1.50,1.50
2012.04.04 07:47:07.957,0.81557,0.81572,1.50,1.50
2012.04.04 07:47:09.721,0.81557,0.81569,1.50,1.13
2012.04.04 07:47:10.014,0.81549,0.81563,1.88,1.50
2012.04.04 07:47:10.202,0.81549,0.81563,1.13,1.50
2012.04.04 07:47:10.380,0.81547,0.81561,3.19,1.50
2012.04.04 07:47:10.807,0.8155,0.81567,1.50,1.50
2012.04.04 07:47:11.659,0.81548,0.81564,3.00,1.50
2012.04.04 07:47:11.735,0.81548,0.81566,3.00,1.50
2012.04.04 07:47:11.810,0.81548,0.81564,3.00,1.50
2012.04.04 07:47:12.733,0.81553,0.81564,1.13,1.50
2012.04.04 07:47:12.879,0.81553,0.81566,1.32,1.50
2012.04.04 07:47:13.235,0.81553,0.81569,1.13,1.50
2012.04.04 07:47:13.377,0.81553,0.81565,1.13,1.50
2012.04.04 07:47:13.733,0.81553,0.81567,1.13,1.50
2012.04.04 07:47:14.922,0.81553,0.81567,1.88,1.50
2012.04.04 07:47:15.300,0.81557,0.81571,1.50,1.13
2012.04.04 07:47:17.456,0.81553,0.81568,1.88,1.50
2012.04.04 07:47:20.159,0.81553,0.8157,3.38,2.25
2012.04.04 07:47:21.270,0.81554,0.8157,1.13,1.50
2012.04.04 07:47:21.818,0.81553,0.81567,1.88,1.50
2012.04.04 07:47:23.072,0.81553,0.81568,1.88,1.50
2012.04.04 07:47:25.863,0.81553,0.81567,1.13,1.50
2012.04.04 07:47:25.934,0.81553,0.81569,1.13,2.25
2012.04.04 07:47:27.047,0.81553,0.81568,1.13,1.50
2012.04.04 07:47:27.681,0.81553,0.81569,1.13,2.25
2012.04.04 07:47:28.464,0.81553,0.81569,1.88,2.25
2012.04.04 07:47:29.109,0.81553,0.81568,1.13,1.50
2012.04.04 07:47:29.721,0.81553,0.81569,1.13,2.25
2012.04.04 07:47:29.931,0.81553,0.81567,1.13,1.50
2012.04.04 07:47:30.600,0.81553,0.81568,1.13,1.50
2012.04.04 07:47:34.340,0.81553,0.81567,1.13,1.50
2012.04.04 07:47:34.490,0.81551,0.81567,4.50,1.50
2012.04.04 07:47:34.635,0.81549,0.81567,2.25,1.50
2012.04.04 07:47:34.773,0.81549,0.81565,1.50,1.50
2012.04.04 07:47:35.104,0.81547,0.8156,2.25,1.50
2012.04.04 07:47:35.318,0.81548,0.81562,2.63,1.50
2012.04.04 07:47:35.398,0.81548,0.81566,3.38,2.25
2012.04.04 07:47:36.020,0.81551,0.81564,1.50,1.13
2012.04.04 07:47:36.169,0.81549,0.81564,1.50,1.13
2012.04.04 07:47:36.387,0.81545,0.81563,3.75,1.50
2012.04.04 07:47:36.956,0.81547,0.81563,1.50,1.50
2012.04.04 07:47:37.037,0.81549,0.81565,1.50,4.50
2012.04.04 07:47:37.187,0.81547,0.81565,1.50,4.50
2012.04.04 07:47:38.178,0.81547,0.81565,3.00,4.50
2012.04.04 07:47:38.540,0.81554,0.81566,1.50,3.00
2012.04.04 07:47:38.884,0.81554,0.81569,1.50,1.50
2012.04.04 07:47:39.559,0.81554,0.8157,1.50,3.75
2012.04.04 07:47:39.647,0.81551,0.81569,1.50,2.25
2012.04.04 07:47:40.245,0.81553,0.81568,1.13,1.50
2012.04.04 07:47:40.641,0.81554,0.8157,1.50,2.25
2012.04.04 07:47:41.885,0.81553,0.8157,1.13,2.25
2012.04.04 07:47:42.453,0.81552,0.81567,1.50,1.50
2012.04.04 07:47:42.984,0.81553,0.81567,1.13,1.50
2012.04.04 07:47:43.053,0.81553,0.81569,1.13,1.50
2012.04.04 07:47:43.707,0.81553,0.81571,2.63,2.25
2012.04.04 07:47:47.196,0.81554,0.8157,1.50,2.25
2012.04.04 07:47:48.109,0.81555,0.81571,1.50,2.25
2012.04.04 07:47:48.701,0.81554,0.8157,1.50,1.50
2012.04.04 07:47:50.157,0.81553,0.81569,1.50,1.50
2012.04.04 07:47:50.576,0.8155,0.81566,2.25,1.50
2012.04.04 07:47:50.703,0.81552,0.81569,1.32,1.50
2012.04.04 07:47:51.213,0.81551,0.81568,5.33,1.50
2012.04.04 07:47:51.351,0.81551,0.81566,3.83,1.50
2012.04.04 07:47:51.723,0.81552,0.81568,1.50,1.50
2012.04.04 07:47:52.406,0.81551,0.81567,6.08,1.50
2012.04.04 07:47:52.970,0.81551,0.81569,6.08,3.00
2012.04.04 07:47:53.268,0.81552,0.81569,1.13,1.50
2012.04.04 07:47:53.563,0.81554,0.81571,1.88,1.50
2012.04.04 07:47:54.177,0.81558,0.81575,1.50,2.25
2012.04.04 07:47:54.325,0.81562,0.81575,1.50,2.25
2012.04.04 07:47:54.534,0.8156,0.81576,1.88,1.69
2012.04.04 07:47:55.162,0.81559,0.81573,1.13,1.50
2012.04.04 07:47:55.462,0.81559,0.81576,1.13,1.69
2012.04.04 07:47:56.025,0.8156,0.81576,1.13,1.50
2012.04.04 07:47:57.148,0.8156,0.81576,1.20,1.50
2012.04.04 07:47:57.303,0.81565,0.81583,1.50,3.57
2012.04.04 07:47:57.824,0.81566,0.81582,1.50,2.07
2012.04.04 07:48:01.677,0.81567,0.81583,1.50,1.69
2012.04.04 07:48:03.089,0.81567,0.81583,1.50,2.63
2012.04.04 07:48:11.509,0.81567,0.81583,1.50,1.69
2012.04.04 07:48:12.010,0.81568,0.81585,1.50,4.50
2012.04.04 07:48:12.471,0.81575,0.81591,1.88,2.63
2012.04.04 07:48:12.753,0.81573,0.81589,2.63,1.50
2012.04.04 07:48:13.314,0.81574,0.81589,1.50,1.50
2012.04.04 07:48:13.877,0.81574,0.8159,1.50,1.50
2012.04.04 07:48:14.402,0.81574,0.8159,3.75,1.50
2012.04.04 07:48:14.973,0.81575,0.8159,1.13,1.50
2012.04.04 07:48:15.042,0.81576,0.81592,1.88,4.13
2012.04.04 07:48:15.584,0.81575,0.81591,2.63,1.50
2012.04.04 07:48:16.463,0.81576,0.81592,1.88,1.88
2012.04.04 07:48:16.975,0.81577,0.81593,1.50,1.88
2012.04.04 07:48:17.559,0.81575,0.81592,1.13,1.88
2012.04.04 07:48:17.805,0.81575,0.8159,2.25,2.25
2012.04.04 07:48:18.333,0.81576,0.8159,1.50,2.25
2012.04.04 07:48:21.899,0.81575,0.8159,2.25,2.25
2012.04.04 07:48:24.206,0.81574,0.8159,2.25,2.25
2012.04.04 07:48:24.567,0.81573,0.81588,1.13,1.50
2012.04.04 07:48:29.539,0.81573,0.81588,1.13,1.50
2012.04.04 07:48:29.614,0.81573,0.8159,2.63,2.25
2012.04.04 07:48:33.066,0.81576,0.8159,1.50,2.25
2012.04.04 07:48:34.575,0.81575,0.8159,2.25,2.25
2012.04.04 07:48:39.117,0.81576,0.8159,1.50,2.25
2012.04.04 07:48:40.922,0.81575,0.8159,2.25,2.25
2012.04.04 07:49:00.932,0.81573,0.81589,2.63,1.50
2012.04.04 07:49:01.984,0.81574,0.8159,2.25,3.75
2012.04.04 07:49:02.449,0.81575,0.8159,2.43,2.25
2012.04.04 07:49:02.743,0.81583,0.8159,1.88,2.25
2012.04.04 07:49:02.818,0.81583,0.81598,2.25,2.23
2012.04.04 07:49:02.968,0.81589,0.81599,1.13,2.41
2012.04.04 07:49:03.359,0.81594,0.81599,1.13,1.50
2012.04.04 07:49:03.452,0.81594,0.81605,2.63,1.50
2012.04.04 07:49:03.526,0.81592,0.81607,2.25,1.13
2012.04.04 07:49:03.677,0.81592,0.81605,2.25,1.50
2012.04.04 07:49:04.011,0.81596,0.81605,1.50,3.75
2012.04.04 07:49:04.377,0.81591,0.81605,1.50,3.75
2012.04.04 07:49:05.178,0.81588,0.81603,3.75,1.13
2012.04.04 07:49:05.734,0.81588,0.81603,1.50,1.13
2012.04.04 07:49:08.039,0.81588,0.81603,2.25,1.69
2012.04.04 07:49:08.115,0.81584,0.81599,2.25,2.25
2012.04.04 07:49:08.187,0.81584,0.81599,2.25,2.25
2012.04.04 07:49:17.078,0.81586,0.81599,1.50,3.00
2012.04.04 07:49:17.154,0.81584,0.81599,2.25,3.00
2012.04.04 07:49:23.972,0.81584,0.81599,2.25,2.25
2012.04.04 07:49:24.133,0.81587,0.81599,1.50,2.25
2012.04.04 07:49:24.490,0.81588,0.81599,1.95,2.25
2012.04.04 07:49:24.574,0.8159,0.81604,1.95,1.13
2012.04.04 07:49:25.272,0.81592,0.81607,1.13,3.19
2012.04.04 07:49:25.359,0.81595,0.81607,1.88,1.69
2012.04.04 07:49:25.716,0.81599,0.81609,1.50,1.50
2012.04.04 07:49:25.795,0.81599,0.81612,1.50,1.13
2012.04.04 07:49:26.005,0.81601,0.81615,1.50,6.00
2012.04.04 07:49:26.142,0.81597,0.81613,1.13,1.50
2012.04.04 07:49:27.176,0.81597,0.81612,1.13,1.50
2012.04.04 07:49:27.269,0.81597,0.81612,1.20,1.50
2012.04.04 07:49:27.627,0.81604,0.81612,1.13,1.50
2012.04.04 07:49:27.713,0.81604,0.81614,1.13,1.50
2012.04.04 07:49:28.212,0.81604,0.81622,3.38,4.33
2012.04.04 07:49:28.296,0.81604,0.81622,3.75,3.58
2012.04.04 07:49:28.664,0.81604,0.81622,3.75,2.25
2012.04.04 07:49:28.822,0.81604,0.81619,1.88,1.50
2012.04.04 07:49:29.180,0.81602,0.81616,1.50,2.25
2012.04.04 07:49:29.555,0.81606,0.81616,1.50,2.25
2012.04.04 07:49:30.542,0.81603,0.81616,1.50,2.25
2012.04.04 07:49:30.903,0.81597,0.81615,3.00,1.50
2012.04.04 07:49:31.126,0.81602,0.81616,1.50,2.63
2012.04.04 07:49:31.814,0.816,0.81616,2.25,3.75
2012.04.04 07:49:32.520,0.81599,0.81616,2.25,3.00
2012.04.04 07:49:35.071,0.81598,0.81614,2.25,2.25
2012.04.04 07:49:37.040,0.81596,0.81608,1.50,1.13
2012.04.04 07:49:37.399,0.81594,0.81607,1.13,1.88
2012.04.04 07:49:37.757,0.81594,0.81605,1.13,1.50
2012.04.04 07:49:38.754,0.81589,0.81605,3.38,2.63
2012.04.04 07:49:39.107,0.81589,0.81599,2.63,1.13
2012.04.04 07:49:39.332,0.81579,0.81593,1.50,1.50
2012.04.04 07:49:39.756,0.81579,0.81593,1.13,1.50
2012.04.04 07:49:40.269,0.81579,0.81593,1.13,1.50
2012.04.04 07:49:40.793,0.81576,0.81592,3.75,1.50
2012.04.04 07:49:40.862,0.81576,0.81592,2.25,1.50
2012.04.04 07:49:40.935,0.81577,0.81594,2.25,1.50
2012.04.04 07:49:41.330,0.81579,0.81595,1.13,2.25
2012.04.04 07:49:42.498,0.81579,0.81593,1.13,1.50
2012.04.04 07:49:42.860,0.81579,0.81591,1.13,1.50
2012.04.04 07:49:43.357,0.81577,0.81591,1.50,1.50
2012.04.04 07:49:43.712,0.81577,0.81593,1.50,1.50
2012.04.04 07:49:44.370,0.81579,0.81595,2.25,1.50
2012.04.04 07:49:44.905,0.81578,0.81594,2.25,1.50
2012.04.04 07:49:45.562,0.81579,0.81595,2.25,1.50
2012.04.04 07:49:46.153,0.81578,0.81594,2.25,1.50
2012.04.04 07:49:47.957,0.81579,0.81595,2.25,1.50
2012.04.04 07:49:48.858,0.81579,0.81595,2.25,1.50
2012.04.04 07:49:49.367,0.81579,0.81596,2.25,2.25
2012.04.04 07:49:50.037,0.8158,0.81595,1.13,1.50
2012.04.04 07:49:50.172,0.81581,0.81593,1.13,1.50
2012.04.04 07:49:50.665,0.81582,0.81595,1.13,1.50
2012.04.04 07:49:51.232,0.81582,0.81596,1.13,1.50
2012.04.04 07:49:51.301,0.81582,0.81596,1.13,1.50
2012.04.04 07:49:51.412,0.81582,0.81598,1.13,1.50
2012.04.04 07:49:51.925,0.81582,0.81597,1.13,1.50
2012.04.04 07:49:52.607,0.81582,0.81599,1.13,1.50
2012.04.04 07:49:54.684,0.81582,0.81599,1.13,1.50
2012.04.04 07:49:55.485,0.81581,0.81599,2.63,1.50
2012.04.04 07:49:57.621,0.81582,0.816,2.25,1.50
2012.04.04 07:49:58.164,0.81583,0.81601,2.25,2.25
2012.04.04 07:50:00.395,0.81586,0.81601,2.25,2.25
2012.04.04 07:50:00.757,0.81594,0.81607,1.50,2.63
2012.04.04 07:50:00.908,0.81594,0.81607,1.50,1.88
2012.04.04 07:50:01.425,0.81592,0.81607,1.50,1.13
2012.04.04 07:50:03.367,0.81593,0.81607,1.50,1.13
2012.04.04 07:50:03.864,0.81593,0.81609,1.50,2.63
2012.04.04 07:50:04.193,0.81593,0.8161,1.50,3.00
2012.04.04 07:50:04.694,0.81594,0.8161,1.50,4.50
2012.04.04 07:50:05.189,0.81592,0.8161,1.50,4.50
2012.04.04 07:50:06.375,0.81593,0.8161,1.50,3.00
2012.04.04 07:50:07.423,0.81596,0.8161,1.50,3.00
2012.04.04 07:50:08.082,0.81595,0.8161,1.50,2.25
2012.04.04 07:50:09.322,0.81592,0.8161,2.25,3.75
2012.04.04 07:50:13.097,0.81594,0.8161,1.50,3.75
2012.04.04 07:50:13.390,0.81596,0.8161,1.50,2.25
2012.04.04 07:50:13.613,0.81596,0.81612,1.50,2.25
2012.04.04 07:50:14.147,0.81594,0.81609,1.50,2.25
2012.04.04 07:50:14.651,0.81593,0.81609,2.25,2.25
2012.04.04 07:50:17.074,0.81593,0.81611,4.50,1.50
2012.04.04 07:50:17.413,0.81598,0.81614,1.50,2.25
2012.04.04 07:50:18.225,0.81597,0.81613,1.50,1.50
2012.04.04 07:50:21.414,0.81598,0.81614,2.25,1.50
2012.04.04 07:50:21.893,0.81598,0.81612,1.88,1.50
2012.04.04 07:50:22.434,0.81598,0.81613,1.88,2.25
2012.04.04 07:50:22.765,0.81594,0.81611,2.44,2.25
2012.04.04 07:50:23.151,0.81593,0.8161,2.25,3.00
2012.04.04 07:50:26.956,0.81593,0.81609,2.25,1.50
2012.04.04 07:50:27.462,0.81593,0.8161,2.25,3.00
2012.04.04 07:50:28.487,0.81593,0.81609,2.25,1.50
2012.04.04 07:50:29.452,0.81593,0.81609,2.25,2.25
2012.04.04 07:50:29.527,0.81593,0.81606,2.25,2.25
2012.04.04 07:50:29.820,0.81591,0.81606,3.00,2.25
2012.04.04 07:50:30.034,0.81593,0.81606,1.50,2.25
2012.04.04 07:50:30.504,0.81591,0.81607,2.25,1.50
2012.04.04 07:50:40.749,0.81592,0.81607,1.50,1.50
2012.04.04 07:50:41.044,0.81596,0.8161,1.88,3.00
2012.04.04 07:50:41.409,0.81596,0.81612,1.88,2.44
2012.04.04 07:50:42.038,0.81597,0.81615,2.25,2.25
2012.04.04 07:50:43.053,0.81595,0.81611,2.25,1.50
2012.04.04 07:50:44.038,0.81596,0.81612,2.25,1.50
2012.04.04 07:50:44.525,0.81594,0.81612,2.25,2.25
2012.04.04 07:50:44.598,0.81594,0.81609,2.25,2.25
2012.04.04 07:50:45.188,0.81593,0.81609,2.25,2.25
2012.04.04 07:50:45.912,0.81593,0.81609,2.25,2.25
2012.04.04 07:50:47.661,0.8159,0.81606,2.25,1.50
2012.04.04 07:50:47.869,0.8159,0.81606,2.25,1.50
2012.04.04 07:50:48.131,0.8159,0.81608,2.25,1.50
2012.04.04 07:50:48.664,0.81589,0.81607,3.38,1.88
2012.04.04 07:50:50.532,0.81589,0.81607,3.38,1.50
2012.04.04 07:50:53.106,0.81592,0.81609,1.50,3.00
2012.04.04 07:50:53.635,0.81592,0.81609,1.50,2.25
2012.04.04 07:50:54.428,0.81591,0.81609,2.25,4.50
2012.04.04 07:50:56.045,0.81589,0.81607,4.95,1.50
2012.04.04 07:50:56.345,0.81593,0.81609,1.50,4.50
2012.04.04 07:50:59.002,0.81596,0.81609,1.50,2.25
2012.04.04 07:50:59.546,0.81592,0.81608,2.25,1.50
2012.04.04 07:50:59.694,0.8159,0.81606,2.33,1.50
2012.04.04 07:51:00.223,0.81591,0.81607,2.33,1.50
2012.04.04 07:51:01.217,0.81589,0.81604,2.44,1.50
2012.04.04 07:51:01.709,0.81592,0.81608,2.25,3.00
2012.04.04 07:51:02.468,0.81593,0.81609,1.50,3.00
2012.04.04 07:51:03.041,0.81594,0.81609,1.50,3.00
2012.04.04 07:51:11.081,0.81593,0.81609,1.50,4.50
2012.04.04 07:51:11.648,0.81594,0.81609,1.13,1.50
2012.04.04 07:51:12.009,0.81592,0.81609,1.50,4.50
2012.04.04 07:51:12.156,0.81589,0.81607,3.94,1.50
2012.04.04 07:51:13.714,0.81593,0.81607,1.13,1.50
2012.04.04 07:51:14.143,0.81593,0.81609,2.63,1.50
2012.04.04 07:51:14.662,0.81593,0.81608,1.13,1.50
2012.04.04 07:51:14.944,0.8159,0.81606,2.25,1.50
2012.04.04 07:51:15.890,0.81588,0.81606,4.69,1.50
2012.04.04 07:51:16.559,0.81591,0.81609,2.33,3.75
2012.04.04 07:51:16.702,0.81594,0.81609,1.50,2.25
2012.04.04 07:51:16.845,0.81594,0.81612,1.50,3.19
2012.04.04 07:51:16.921,0.81596,0.81612,1.50,3.19
2012.04.04 07:51:17.478,0.81595,0.81611,1.50,2.25
2012.04.04 07:51:18.336,0.81593,0.8161,1.13,1.50
2012.04.04 07:51:20.673,0.81593,0.81608,1.13,1.50
2012.04.04 07:51:22.442,0.81593,0.81609,2.63,1.50
2012.04.04 07:51:23.073,0.81594,0.8161,1.50,1.50
2012.04.04 07:51:23.612,0.81593,0.8161,1.13,1.50
2012.04.04 07:51:26.492,0.81593,0.81609,1.13,1.50
2012.04.04 07:51:27.933,0.81593,0.8161,1.13,3.00
2012.04.04 07:51:30.530,0.81593,0.81608,1.13,1.50
2012.04.04 07:51:31.074,0.81593,0.81609,2.63,1.50
2012.04.04 07:51:32.877,0.81593,0.81609,2.63,2.25
2012.04.04 07:51:33.387,0.81591,0.81608,2.25,1.13
2012.04.04 07:51:34.092,0.81588,0.81603,2.97,1.50
2012.04.04 07:51:34.304,0.81591,0.81607,1.50,1.50
2012.04.04 07:51:37.222,0.81592,0.81608,1.50,1.88
2012.04.04 07:51:37.292,0.81594,0.81608,1.50,1.88
2012.04.04 07:51:37.481,0.81592,0.81608,1.50,1.88
2012.04.04 07:51:38.190,0.81591,0.81608,1.50,1.88
2012.04.04 07:51:39.549,0.81589,0.81605,1.50,1.50
2012.04.04 07:51:39.880,0.81591,0.81607,1.50,1.50
2012.04.04 07:51:41.757,0.81593,0.81608,1.50,1.50
2012.04.04 07:51:42.236,0.81595,0.81609,1.50,4.13
2012.04.04 07:51:43.634,0.81592,0.81609,3.00,4.13
2012.04.04 07:51:44.051,0.81594,0.81609,1.50,4.13
2012.04.04 07:51:48.428,0.81594,0.81607,1.50,2.25
2012.04.04 07:51:54.562,0.81596,0.81607,1.50,2.25
2012.04.04 07:51:54.782,0.81598,0.81612,1.50,1.69
2012.04.04 07:51:55.202,0.81598,0.81614,1.50,2.25
2012.04.04 07:51:55.348,0.81596,0.8161,1.13,1.50
2012.04.04 07:51:55.829,0.81597,0.81615,2.25,4.50
2012.04.04 07:51:55.922,0.81599,0.81615,1.58,3.00
2012.04.04 07:51:56.295,0.81602,0.81615,1.50,3.00
2012.04.04 07:51:56.578,0.81602,0.81618,1.50,1.50
2012.04.04 07:51:56.731,0.81604,0.81621,1.13,2.25
2012.04.04 07:51:57.415,0.81609,0.81623,2.63,1.50
2012.04.04 07:51:57.730,0.81616,0.81626,1.50,1.50
2012.04.04 07:51:57.808,0.81613,0.81626,1.50,1.50
2012.04.04 07:51:57.955,0.81613,0.81628,1.50,3.00
2012.04.04 07:51:58.644,0.81611,0.81628,3.83,3.00
2012.04.04 07:51:59.393,0.81613,0.81628,1.50,3.00
2012.04.04 07:52:00.203,0.81612,0.81628,1.50,4.50
2012.04.04 07:52:00.552,0.8161,0.81626,2.25,1.50
2012.04.04 07:52:01.447,0.8161,0.81626,2.25,2.25
2012.04.04 07:52:02.006,0.81605,0.81621,2.63,1.50
2012.04.04 07:52:02.095,0.81604,0.8162,2.63,1.50
2012.04.04 07:52:02.175,0.81604,0.81618,1.13,1.50
2012.04.04 07:52:02.388,0.81604,0.8162,1.88,1.50
2012.04.04 07:52:02.540,0.81605,0.81623,2.25,1.50
2012.04.04 07:52:02.684,0.81604,0.8162,3.38,1.50
2012.04.04 07:52:03.374,0.81608,0.81622,1.50,1.50
2012.04.04 07:52:03.561,0.81606,0.81624,1.50,4.13
2012.04.04 07:52:04.224,0.81606,0.81624,1.50,3.38
2012.04.04 07:52:04.742,0.81607,0.81624,1.50,1.50
2012.04.04 07:52:06.066,0.81606,0.81624,3.75,2.25
2012.04.04 07:52:11.403,0.81607,0.81625,1.50,2.44
2012.04.04 07:52:12.046,0.81605,0.81623,2.25,1.50
2012.04.04 07:52:13.336,0.81605,0.81623,2.25,1.50
2012.04.04 07:52:13.417,0.81605,0.81619,2.25,1.13
2012.04.04 07:52:13.717,0.81605,0.81616,1.50,2.25
2012.04.04 07:52:14.082,0.81594,0.81608,1.84,1.50
2012.04.04 07:52:14.662,0.81595,0.81609,1.50,1.50
2012.04.04 07:52:14.738,0.81595,0.81611,1.50,1.50
2012.04.04 07:52:17.418,0.81593,0.81609,3.53,1.50
2012.04.04 07:52:17.900,0.81591,0.81604,1.13,1.50
2012.04.04 07:52:18.264,0.81586,0.81601,2.82,1.50
2012.04.04 07:52:18.335,0.81586,0.81601,1.88,1.50
2012.04.04 07:52:18.485,0.81585,0.81603,1.50,3.75
2012.04.04 07:52:20.264,0.81584,0.81602,2.63,2.25
2012.04.04 07:52:20.338,0.81586,0.81602,1.50,2.25
2012.04.04 07:52:21.576,0.81587,0.81605,1.50,7.69
2012.04.04 07:52:22.212,0.81587,0.81605,2.25,5.44
2012.04.04 07:52:22.800,0.81587,0.81603,2.25,1.69
2012.04.04 07:52:26.384,0.81586,0.81601,2.40,1.50
2012.04.04 07:52:26.739,0.81595,0.81601,1.13,1.50
2012.04.04 07:52:27.304,0.81595,0.81604,1.50,1.50
2012.04.04 07:52:27.390,0.81599,0.81615,1.50,1.69
2012.04.04 07:52:27.605,0.81596,0.81613,1.13,1.50
2012.04.04 07:52:28.181,0.81598,0.81614,1.50,1.50
2012.04.04 07:52:28.753,0.81596,0.81614,2.63,1.50
2012.04.04 07:52:30.241,0.81598,0.81614,1.50,1.50
2012.04.04 07:52:30.755,0.81596,0.81614,2.63,2.25
2012.04.04 07:52:30.896,0.81595,0.8161,3.00,1.50
2012.04.04 07:52:31.463,0.81595,0.8161,1.13,2.25
2012.04.04 07:52:32.042,0.81595,0.81609,1.13,1.50
2012.04.04 07:52:35.613,0.81595,0.81611,1.13,2.25
2012.04.04 07:52:36.176,0.81595,0.81613,2.63,2.44
2012.04.04 07:52:36.315,0.81595,0.81613,3.75,2.44
2012.04.04 07:52:36.810,0.816,0.81616,1.50,4.50
2012.04.04 07:52:36.944,0.816,0.81616,1.50,3.75
2012.04.04 07:52:37.526,0.816,0.81616,2.25,2.25
2012.04.04 07:52:37.615,0.81601,0.81618,1.13,1.50
2012.04.04 07:52:37.828,0.81601,0.81615,1.20,1.50
2012.04.04 07:52:38.579,0.81604,0.81613,1.50,1.50
2012.04.04 07:52:38.668,0.81604,0.81622,1.50,2.25
2012.04.04 07:52:38.758,0.81606,0.81622,1.50,2.25
2012.04.04 07:52:38.968,0.81604,0.81622,1.50,2.25
2012.04.04 07:52:39.497,0.81603,0.81621,2.25,1.50
2012.04.04 07:52:40.704,0.81606,0.81622,1.13,1.50
2012.04.04 07:52:40.844,0.81607,0.81625,2.25,3.94
2012.04.04 07:52:41.272,0.81609,0.81624,3.00,1.50
2012.04.04 07:52:41.557,0.81611,0.81626,1.13,1.50
2012.04.04 07:52:42.201,0.81611,0.81626,1.13,1.50
2012.04.04 07:52:42.347,0.81611,0.81624,1.13,1.50
2012.04.04 07:52:46.187,0.8161,0.81624,1.41,1.50
2012.04.04 07:52:46.693,0.8161,0.81623,2.16,1.50
2012.04.04 07:52:46.765,0.8161,0.81625,2.16,1.50
2012.04.04 07:52:48.452,0.81609,0.81625,2.63,1.50
2012.04.04 07:52:48.961,0.81607,0.81624,1.50,1.50
2012.04.04 07:52:49.573,0.81607,0.81625,3.00,3.75
2012.04.04 07:52:51.499,0.81607,0.81623,2.25,1.50
2012.04.04 07:52:52.375,0.81606,0.81622,1.50,1.50
2012.04.04 07:52:52.571,0.81605,0.8162,1.50,1.50
2012.04.04 07:52:52.759,0.81605,0.81622,1.50,1.50
2012.04.04 07:52:53.643,0.81605,0.8162,1.50,1.50
2012.04.04 07:52:53.993,0.81605,0.81617,1.50,1.50
2012.04.04 07:52:54.061,0.81602,0.81617,2.25,1.50
2012.04.04 07:52:54.666,0.81602,0.81616,2.25,1.50
2012.04.04 07:52:54.754,0.81603,0.81619,1.50,1.50
2012.04.04 07:52:55.179,0.81603,0.81621,2.25,1.50
2012.04.04 07:52:55.395,0.81603,0.81619,2.25,1.50
2012.04.04 07:52:55.734,0.81602,0.81617,1.50,1.50
2012.04.04 07:52:56.067,0.81602,0.81619,1.50,1.50
2012.04.04 07:52:57.178,0.81602,0.8162,3.00,1.50
2012.04.04 07:52:57.404,0.81602,0.81618,3.00,1.50
2012.04.04 07:52:58.318,0.81602,0.81619,1.50,1.50
2012.04.04 07:52:59.056,0.81603,0.81619,2.25,1.50
2012.04.04 07:52:59.135,0.81603,0.81621,2.25,1.50
2012.04.04 07:52:59.323,0.81603,0.81621,2.25,1.50
2012.04.04 07:53:00.119,0.81607,0.81619,1.13,1.50
2012.04.04 07:53:00.409,0.81607,0.81623,1.88,1.50
2012.04.04 07:53:01.158,0.81608,0.81622,1.13,1.50
2012.04.04 07:53:01.312,0.81608,0.81624,2.63,3.00
2012.04.04 07:53:03.403,0.81607,0.81623,2.25,1.50
2012.04.04 07:53:03.833,0.81607,0.81625,2.25,2.25
2012.04.04 07:53:04.588,0.81607,0.81623,1.50,1.50
2012.04.04 07:53:07.986,0.81605,0.81621,3.00,1.50
2012.04.04 07:53:09.186,0.81605,0.81622,1.50,1.50
2012.04.04 07:53:09.789,0.81606,0.81622,1.50,1.50
2012.04.04 07:53:10.485,0.81605,0.81621,3.00,1.50
2012.04.04 07:53:11.074,0.81606,0.81622,1.50,1.50
2012.04.04 07:53:11.142,0.81607,0.81625,1.50,2.25
2012.04.04 07:53:11.932,0.81606,0.81624,2.25,1.50
2012.04.04 07:53:12.917,0.81606,0.81622,2.25,1.50
2012.04.04 07:53:13.415,0.81606,0.81622,1.50,2.25
2012.04.04 07:53:13.628,0.81604,0.81621,1.13,2.25
2012.04.04 07:53:13.717,0.81604,0.81615,1.13,1.50
2012.04.04 07:53:15.888,0.81604,0.81613,1.13,1.50
2012.04.04 07:53:16.103,0.81604,0.81615,1.13,1.50
2012.04.04 07:53:16.621,0.81604,0.81614,1.13,1.50
2012.04.04 07:53:17.251,0.81604,0.81616,1.13,1.50
2012.04.04 07:53:18.001,0.81604,0.81614,1.13,1.50
2012.04.04 07:53:19.822,0.81604,0.81615,1.13,1.50
2012.04.04 07:53:24.410,0.81604,0.81614,1.13,1.50
2012.04.04 07:53:24.492,0.81604,0.81616,1.13,1.50
2012.04.04 07:53:30.295,0.81604,0.81618,1.13,1.50
2012.04.04 07:53:30.503,0.81604,0.8162,1.13,1.50
2012.04.04 07:53:31.191,0.81604,0.8162,5.25,1.50
2012.04.04 07:53:31.266,0.81607,0.81624,1.13,1.50
2012.04.04 07:53:31.500,0.81607,0.81621,1.13,1.50
2012.04.04 07:53:34.002,0.81607,0.81622,1.13,1.50
2012.04.04 07:53:37.904,0.81607,0.81621,1.13,1.50
2012.04.04 07:53:39.170,0.81607,0.81622,1.13,1.50
2012.04.04 07:53:40.215,0.81607,0.8162,1.13,1.50
2012.04.04 07:53:41.903,0.81607,0.8162,1.13,1.50
2012.04.04 07:53:43.142,0.8161,0.8162,1.13,1.50
2012.04.04 07:53:43.426,0.81611,0.81629,1.50,2.25
2012.04.04 07:53:43.506,0.81614,0.81629,1.13,2.25
2012.04.04 07:53:43.842,0.81614,0.81626,1.13,1.50
2012.04.04 07:53:44.222,0.81614,0.81628,1.13,3.00
2012.04.04 07:53:44.779,0.81612,0.81628,1.50,2.25
2012.04.04 07:53:45.004,0.81615,0.81623,1.13,1.50
2012.04.04 07:53:45.216,0.8161,0.81623,1.50,1.50
2012.04.04 07:53:45.297,0.81609,0.81623,1.88,1.50
2012.04.04 07:53:46.174,0.81609,0.81624,1.88,1.50
2012.04.04 07:53:47.163,0.81615,0.81624,1.13,1.50
2012.04.04 07:53:47.371,0.81615,0.81626,1.13,1.50
2012.04.04 07:53:47.647,0.81615,0.81629,1.13,3.75
2012.04.04 07:53:53.145,0.81611,0.81629,2.25,2.25
2012.04.04 07:53:53.284,0.8161,0.81625,1.50,1.50
2012.04.04 07:53:53.623,0.81607,0.81621,1.50,1.50
2012.04.04 07:53:53.694,0.81607,0.81623,1.50,3.00
2012.04.04 07:53:53.919,0.81606,0.81619,1.13,1.50
2012.04.04 07:53:54.335,0.81603,0.81621,4.88,3.75
2012.04.04 07:53:56.193,0.81605,0.81621,1.50,3.75
2012.04.04 07:53:58.396,0.81603,0.81621,3.38,3.75
2012.04.04 07:53:59.146,0.81603,0.81617,1.13,1.50
2012.04.04 07:53:59.646,0.81601,0.81618,1.58,3.00
2012.04.04 07:54:00.007,0.81603,0.81616,1.50,2.25
2012.04.04 07:54:00.521,0.81602,0.81616,2.25,2.25
2012.04.04 07:54:06.710,0.81603,0.81616,1.50,2.25
2012.04.04 07:54:09.920,0.81601,0.81616,3.00,2.25
2012.04.04 07:54:17.692,0.81599,0.81612,3.00,1.50
2012.04.04 07:54:17.911,0.81599,0.81611,1.50,1.50
2012.04.04 07:54:18.065,0.81597,0.81611,1.50,1.50
2012.04.04 07:54:18.418,0.81592,0.81605,1.50,1.50
2012.04.04 07:54:18.763,0.81594,0.81605,1.13,1.50
2012.04.04 07:54:19.293,0.81594,0.81606,1.13,1.50
2012.04.04 07:54:19.907,0.81594,0.81607,1.13,1.50
2012.04.04 07:54:19.983,0.81594,0.8161,1.13,3.00
2012.04.04 07:54:20.541,0.81594,0.81611,1.13,1.50
2012.04.04 07:54:20.613,0.81594,0.81609,1.13,1.50
2012.04.04 07:54:21.326,0.81594,0.8161,1.13,3.00
2012.04.04 07:54:21.687,0.81599,0.8161,1.13,1.50
2012.04.04 07:54:21.887,0.81599,0.81612,1.13,2.25
2012.04.04 07:54:22.165,0.81599,0.8161,1.88,1.50
2012.04.04 07:54:22.712,0.81599,0.81611,1.88,1.50
2012.04.04 07:54:23.370,0.81599,0.81612,1.88,1.50
2012.04.04 07:54:23.450,0.81599,0.81615,1.88,1.50
2012.04.04 07:54:23.533,0.81599,0.8161,1.88,1.50
2012.04.04 07:54:23.906,0.81599,0.81612,1.88,3.00
2012.04.04 07:54:25.941,0.81596,0.81612,2.44,1.50
2012.04.04 07:54:26.357,0.81595,0.81612,3.00,1.50
2012.04.04 07:54:27.739,0.81595,0.81612,3.18,1.50
2012.04.04 07:54:27.886,0.81601,0.81614,1.50,2.25
2012.04.04 07:54:28.097,0.81604,0.81619,1.50,1.50
2012.04.04 07:54:28.836,0.81604,0.8162,3.00,4.32
2012.04.04 07:54:29.353,0.81603,0.8162,1.50,2.25
2012.04.04 07:54:29.939,0.81603,0.8162,2.25,2.25
2012.04.04 07:54:30.487,0.81605,0.8162,1.50,2.25
2012.04.04 07:54:31.546,0.81603,0.8162,2.25,2.25
2012.04.04 07:54:31.686,0.81606,0.8162,1.50,2.25
2012.04.04 07:54:34.531,0.81604,0.8162,3.75,2.25
2012.04.04 07:54:34.943,0.81606,0.8162,1.50,2.25
2012.04.04 07:54:35.707,0.81604,0.8162,3.75,2.25
2012.04.04 07:54:36.211,0.81605,0.8162,1.50,2.25
2012.04.04 07:54:36.358,0.81606,0.81622,2.63,2.25
2012.04.04 07:54:36.912,0.81605,0.81623,3.38,1.50
2012.04.04 07:54:37.056,0.81605,0.81621,1.88,1.50
2012.04.04 07:54:38.872,0.81604,0.81621,1.88,1.50
2012.04.04 07:54:39.743,0.81606,0.81621,1.50,1.50
2012.04.04 07:54:39.873,0.81607,0.81625,1.50,4.50
2012.04.04 07:54:40.104,0.81605,0.81622,2.63,1.50
2012.04.04 07:54:41.211,0.81605,0.81622,2.63,1.50
2012.04.04 07:54:42.118,0.81605,0.81621,2.63,1.50
2012.04.04 07:54:43.825,0.81605,0.81619,2.63,1.50
2012.04.04 07:54:44.534,0.81606,0.8162,2.25,2.25
2012.04.04 07:54:45.412,0.81605,0.8162,1.50,4.50
2012.04.04 07:54:45.774,0.81599,0.81615,3.38,2.25
2012.04.04 07:54:45.934,0.81599,0.81615,1.50,2.25
2012.04.04 07:54:46.819,0.81597,0.81615,3.00,2.25
2012.04.04 07:54:49.204,0.81595,0.81612,1.88,1.50
2012.04.04 07:54:49.578,0.816,0.81614,1.13,1.50
2012.04.04 07:54:49.922,0.816,0.81612,1.13,1.50
2012.04.04 07:54:54.412,0.81597,0.81612,1.50,1.50
2012.04.04 07:54:54.556,0.81597,0.81615,2.25,3.94
2012.04.04 07:54:54.693,0.816,0.81615,1.50,3.19
2012.04.04 07:54:55.297,0.81598,0.81615,2.25,3.19
2012.04.04 07:54:55.544,0.81598,0.81615,2.25,2.25
2012.04.04 07:54:56.763,0.81598,0.81615,2.25,3.00
2012.04.04 07:54:57.046,0.81594,0.8161,1.13,1.50
2012.04.04 07:54:57.241,0.81594,0.81608,1.13,1.50
2012.04.04 07:54:57.316,0.81594,0.81611,1.13,1.50
2012.04.04 07:54:57.522,0.81594,0.81609,1.13,1.50
2012.04.04 07:54:57.864,0.81594,0.81611,1.13,1.50
2012.04.04 07:54:58.417,0.81594,0.81611,1.88,1.50
2012.04.04 07:54:58.872,0.81599,0.81611,1.13,1.50
2012.04.04 07:54:59.077,0.81599,0.81614,1.13,2.25
2012.04.04 07:54:59.431,0.81599,0.81616,1.13,3.00
2012.04.04 07:55:00.008,0.81599,0.81614,1.13,1.50
2012.04.04 07:55:00.505,0.81599,0.81616,1.20,3.00
2012.04.04 07:55:01.618,0.81599,0.81615,1.20,1.50
2012.04.04 07:55:05.846,0.81599,0.81616,1.95,1.50
2012.04.04 07:55:08.802,0.81599,0.81616,1.88,1.50
2012.04.04 07:55:08.946,0.81599,0.81614,1.88,1.50
2012.04.04 07:55:09.622,0.81599,0.81615,3.38,1.50
2012.04.04 07:55:10.411,0.81599,0.81613,1.13,1.50
2012.04.04 07:55:10.774,0.81599,0.81615,2.63,1.50
2012.04.04 07:55:11.576,0.81599,0.81616,1.13,1.50
2012.04.04 07:55:12.022,0.81601,0.81617,1.50,1.50
2012.04.04 07:55:13.038,0.816,0.81616,1.50,1.50
2012.04.04 07:55:14.705,0.81601,0.81617,1.50,3.00
2012.04.04 07:55:15.525,0.81602,0.81618,1.50,1.50
2012.04.04 07:55:15.953,0.81599,0.81617,3.38,1.50
2012.04.04 07:55:16.497,0.816,0.81618,2.25,1.50
2012.04.04 07:55:17.003,0.816,0.81618,3.00,1.50
2012.04.04 07:55:17.076,0.81605,0.8162,1.50,2.25
2012.04.04 07:55:17.263,0.81603,0.8162,1.50,2.25
2012.04.04 07:55:17.619,0.81606,0.8162,3.00,2.25
2012.04.04 07:55:17.905,0.81606,0.81624,1.88,1.50
2012.04.04 07:55:18.046,0.81609,0.81625,1.50,4.50
2012.04.04 07:55:18.117,0.81606,0.81623,1.88,1.50
2012.04.04 07:55:18.642,0.81605,0.81622,1.88,1.50
2012.04.04 07:55:20.997,0.81605,0.81621,1.88,1.50
2012.04.04 07:55:22.535,0.81605,0.8162,1.88,1.50
2012.04.04 07:55:23.205,0.81605,0.8162,1.50,1.50
2012.04.04 07:55:23.716,0.81603,0.81619,3.00,1.50
2012.04.04 07:55:27.712,0.81603,0.81617,1.50,1.50
2012.04.04 07:55:29.890,0.81603,0.8162,1.50,3.75
2012.04.04 07:55:32.095,0.81603,0.81618,1.50,1.50
2012.04.04 07:55:32.774,0.81604,0.8162,2.07,3.75
2012.04.04 07:55:33.413,0.81605,0.8162,1.50,1.50
2012.04.04 07:55:34.111,0.81605,0.81619,1.50,1.50
2012.04.04 07:55:34.791,0.81605,0.8162,1.50,1.50
2012.04.04 07:55:35.642,0.81605,0.81619,1.50,1.50
2012.04.04 07:55:36.329,0.81603,0.81619,3.00,1.50
2012.04.04 07:55:36.404,0.81605,0.81621,1.50,3.75
2012.04.04 07:55:37.023,0.81606,0.81621,1.50,2.25
2012.04.04 07:55:38.131,0.8161,0.81621,1.58,2.25
2012.04.04 07:55:38.426,0.81611,0.81627,1.88,1.50
2012.04.04 07:55:38.587,0.81616,0.81628,1.50,3.00
2012.04.04 07:55:38.732,0.81613,0.81625,1.50,2.25
2012.04.04 07:55:38.810,0.81609,0.81625,2.55,3.75
2012.04.04 07:55:39.342,0.81611,0.81625,1.50,2.25
2012.04.04 07:55:41.596,0.81614,0.81629,1.13,2.25
2012.04.04 07:55:41.817,0.81616,0.81634,2.25,3.00
2012.04.04 07:55:41.964,0.81618,0.81634,1.50,3.00
2012.04.04 07:55:42.171,0.81619,0.81635,1.50,3.19
2012.04.04 07:55:42.675,0.81618,0.81634,1.50,2.25
2012.04.04 07:55:43.088,0.81618,0.8163,1.50,2.25
2012.04.04 07:55:43.243,0.81613,0.81629,2.25,1.50
2012.04.04 07:55:43.855,0.81612,0.81626,1.50,2.63
2012.04.04 07:55:44.142,0.81608,0.81626,2.25,4.88
2012.04.04 07:55:44.737,0.81609,0.81626,1.50,3.38
2012.04.04 07:55:45.715,0.81608,0.81624,1.50,1.13
2012.04.04 07:55:46.273,0.81608,0.81624,1.50,1.32
2012.04.04 07:55:49.170,0.81609,0.81624,1.50,1.88
2012.04.04 07:55:50.023,0.8161,0.81624,1.50,1.88
2012.04.04 07:55:50.962,0.81609,0.81624,1.50,1.13
2012.04.04 07:55:52.473,0.81608,0.81624,3.00,1.13
2012.04.04 07:55:54.237,0.81604,0.81614,1.13,1.50
2012.04.04 07:55:54.384,0.81604,0.81616,1.13,1.50
2012.04.04 07:55:54.824,0.81604,0.81618,1.13,1.50
2012.04.04 07:55:58.974,0.81602,0.81618,1.50,2.25
2012.04.04 07:55:59.189,0.81599,0.81617,5.07,1.50
2012.04.04 07:55:59.264,0.81599,0.81615,2.07,1.50
2012.04.04 07:55:59.796,0.81599,0.81611,2.07,1.50
2012.04.04 07:55:59.945,0.81599,0.81613,2.07,1.50
2012.04.04 07:56:00.636,0.81599,0.81608,1.13,1.50
2012.04.04 07:56:00.727,0.81599,0.8161,1.13,1.50
2012.04.04 07:56:01.022,0.81591,0.81608,2.25,1.50
2012.04.04 07:56:01.099,0.81591,0.81605,2.25,2.63
2012.04.04 07:56:01.390,0.8159,0.81605,1.50,2.63
2012.04.04 07:56:01.473,0.81588,0.81604,1.50,1.88
2012.04.04 07:56:02.233,0.8159,0.81604,1.50,1.13
2012.04.04 07:56:02.589,0.8159,0.81603,1.50,1.88
2012.04.04 07:56:02.810,0.81587,0.816,1.50,1.50
2012.04.04 07:56:02.891,0.81581,0.81598,1.88,1.50
2012.04.04 07:56:03.164,0.81583,0.81601,1.50,2.63
2012.04.04 07:56:05.403,0.81585,0.81601,1.50,1.13
2012.04.04 07:56:05.952,0.81586,0.81601,1.50,1.13
2012.04.04 07:56:07.258,0.81585,0.81601,1.50,2.63
2012.04.04 07:56:07.805,0.81585,0.81601,1.50,1.13
2012.04.04 07:56:08.321,0.81584,0.81601,1.50,1.13
2012.04.04 07:56:09.735,0.81582,0.816,1.50,2.25
2012.04.04 07:56:10.076,0.8158,0.81598,3.38,1.50
2012.04.04 07:56:11.124,0.81581,0.81599,1.50,1.50
2012.04.04 07:56:11.653,0.81581,0.81597,1.50,1.50
2012.04.04 07:56:12.300,0.81582,0.81598,1.50,1.50
2012.04.04 07:56:12.819,0.8158,0.81596,3.38,1.50
2012.04.04 07:56:12.985,0.8158,0.81598,3.38,1.50
2012.04.04 07:56:13.055,0.8158,0.81598,3.38,1.50
2012.04.04 07:56:13.522,0.81585,0.816,1.50,2.25
2012.04.04 07:56:13.604,0.81585,0.81603,1.50,3.23
2012.04.04 07:56:13.944,0.81587,0.81604,1.50,1.13
2012.04.04 07:56:14.364,0.81591,0.81605,1.50,4.13
2012.04.04 07:56:14.567,0.81591,0.81605,1.50,3.00
2012.04.04 07:56:15.042,0.81589,0.81605,1.50,3.00
2012.04.04 07:56:18.825,0.81591,0.81605,1.50,3.00
2012.04.04 07:56:20.159,0.8159,0.81605,1.50,3.00
2012.04.04 07:56:21.702,0.8159,0.81605,1.50,3.00
2012.04.04 07:56:21.787,0.81587,0.81603,1.50,1.88
2012.04.04 07:56:22.294,0.81588,0.81604,1.50,1.13
2012.04.04 07:56:23.224,0.81585,0.81603,2.25,2.63
2012.04.04 07:56:24.068,0.81585,0.81603,1.50,2.63
2012.04.04 07:56:24.155,0.81588,0.81603,1.50,1.88
2012.04.04 07:56:25.626,0.81584,0.81599,1.88,1.50
2012.04.04 07:56:25.907,0.81584,0.81597,1.13,1.50
2012.04.04 07:56:26.802,0.81584,0.81598,1.13,1.50
2012.04.04 07:56:26.885,0.81584,0.81601,1.13,2.25
2012.04.04 07:56:28.233,0.81584,0.81601,1.13,2.25
2012.04.04 07:56:28.438,0.81584,0.81599,1.13,1.50
2012.04.04 07:56:28.911,0.81581,0.81589,2.25,1.88
2012.04.04 07:56:29.043,0.81575,0.81585,1.13,1.50
2012.04.04 07:56:29.116,0.81569,0.81585,1.88,1.50
2012.04.04 07:56:29.184,0.81569,0.81579,1.88,1.50
2012.04.04 07:56:29.251,0.81569,0.81579,1.13,1.50
2012.04.04 07:56:29.466,0.81569,0.81581,1.13,1.50
2012.04.04 07:56:30.008,0.81569,0.81582,1.88,1.50
2012.04.04 07:56:30.570,0.8157,0.81586,1.50,2.25
2012.04.04 07:56:30.786,0.81569,0.81583,1.88,1.50
2012.04.04 07:56:31.135,0.81566,0.81582,2.25,1.88
2012.04.04 07:56:31.479,0.81565,0.81575,1.50,1.50
2012.04.04 07:56:31.562,0.81558,0.81574,1.88,1.50
2012.04.04 07:56:31.640,0.81557,0.81572,3.00,1.50
2012.04.04 07:56:32.240,0.81557,0.8157,2.25,1.50
2012.04.04 07:56:32.794,0.81557,0.81572,2.25,3.00
2012.04.04 07:56:33.281,0.81557,0.81572,2.25,1.50
2012.04.04 07:56:33.754,0.81557,0.8157,1.13,2.25
2012.04.04 07:56:33.831,0.81554,0.8157,2.63,2.25
2012.04.04 07:56:34.254,0.81555,0.81571,3.75,1.50
2012.04.04 07:56:34.549,0.81557,0.81571,1.88,3.00
2012.04.04 07:56:35.081,0.81557,0.81571,1.13,1.50
2012.04.04 07:56:35.784,0.81557,0.81572,1.13,1.50
2012.04.04 07:56:36.546,0.81558,0.81573,1.13,1.50
2012.04.04 07:56:38.303,0.81558,0.81572,1.13,1.50
2012.04.04 07:56:39.622,0.81559,0.81575,2.25,1.50
2012.04.04 07:56:40.721,0.81561,0.81579,1.50,2.25
2012.04.04 07:56:44.504,0.81561,0.81577,1.50,1.50
2012.04.04 07:56:46.395,0.81561,0.81579,2.25,2.25
2012.04.04 07:56:46.982,0.8156,0.81578,2.63,1.50
2012.04.04 07:56:47.672,0.81563,0.81579,1.50,1.50
2012.04.04 07:56:48.296,0.81564,0.8158,1.50,1.50
2012.04.04 07:56:48.919,0.81563,0.81579,1.88,1.50
2012.04.04 07:56:49.844,0.81564,0.8158,1.50,1.50
2012.04.04 07:56:50.420,0.81563,0.8158,1.13,1.50
2012.04.04 07:56:50.984,0.81564,0.8158,1.50,1.50
2012.04.04 07:56:52.475,0.81564,0.8158,2.25,1.50
2012.04.04 07:56:55.384,0.81563,0.81581,3.38,2.25
2012.04.04 07:56:57.603,0.81563,0.81579,3.38,1.50
2012.04.04 07:57:19.464,0.81563,0.81579,2.63,1.50
2012.04.04 07:57:19.742,0.81563,0.81579,3.38,1.50
2012.04.04 07:57:22.898,0.81563,0.81579,1.13,1.50
2012.04.04 07:57:23.732,0.81563,0.81579,1.88,1.50
2012.04.04 07:57:24.435,0.81566,0.81582,2.25,2.25
2012.04.04 07:57:26.388,0.81564,0.81581,1.50,1.50
2012.04.04 07:57:26.541,0.81563,0.81579,3.38,3.00
2012.04.04 07:57:27.402,0.81563,0.81579,1.13,1.50
2012.04.04 07:57:31.684,0.81563,0.81581,2.63,1.50
2012.04.04 07:57:31.753,0.81565,0.81581,1.50,1.50
2012.04.04 07:57:32.154,0.81565,0.81581,2.25,1.50
2012.04.04 07:57:34.126,0.81565,0.81581,1.50,1.50
2012.04.04 07:57:34.193,0.81563,0.81581,2.63,1.50
2012.04.04 07:57:34.929,0.81562,0.8158,1.88,1.50
2012.04.04 07:57:35.583,0.81563,0.81581,2.63,2.25
2012.04.04 07:57:36.096,0.81563,0.81579,1.88,1.50
2012.04.04 07:57:36.513,0.81562,0.81577,1.13,1.50
2012.04.04 07:57:36.992,0.81563,0.81581,1.88,3.75
2012.04.04 07:57:37.461,0.81564,0.81582,2.63,2.25
2012.04.04 07:57:39.549,0.81564,0.8158,2.63,1.50
2012.04.04 07:57:40.573,0.81564,0.81582,2.63,3.75
2012.04.04 07:57:43.577,0.81564,0.8158,1.88,1.50
2012.04.04 07:57:44.821,0.81563,0.81579,1.88,1.50
2012.04.04 07:57:45.397,0.81563,0.81581,1.88,2.25
2012.04.04 07:57:45.952,0.81563,0.81579,1.50,1.50
2012.04.04 07:57:46.975,0.81564,0.8158,1.50,2.25
2012.04.04 07:57:47.818,0.81562,0.81579,4.50,1.50
2012.04.04 07:57:48.388,0.81562,0.81579,3.20,1.50
2012.04.04 07:57:48.523,0.81563,0.81581,2.25,2.25
2012.04.04 07:57:49.245,0.81562,0.8158,4.70,1.50
2012.04.04 07:57:52.456,0.81563,0.8158,1.50,1.50
2012.04.04 07:57:53.124,0.81563,0.81581,3.00,3.75
2012.04.04 07:57:53.639,0.81564,0.8158,2.25,1.50
2012.04.04 07:57:56.468,0.81562,0.8158,2.63,1.50
2012.04.04 07:57:57.365,0.81562,0.81579,1.13,1.50
2012.04.04 07:57:57.665,0.81563,0.81581,2.25,3.75
2012.04.04 07:57:58.166,0.81563,0.81579,2.25,1.50
2012.04.04 07:57:59.051,0.81565,0.81581,1.50,2.25
2012.04.04 07:57:59.557,0.81564,0.8158,1.50,1.50
2012.04.04 07:58:00.074,0.81563,0.81581,1.50,2.25
2012.04.04 07:58:01.676,0.81564,0.81582,1.50,2.25
2012.04.04 07:58:02.465,0.81565,0.81581,1.50,2.25
2012.04.04 07:58:03.350,0.81566,0.81582,1.50,1.50
2012.04.04 07:58:05.262,0.81567,0.81583,1.50,2.25
2012.04.04 07:58:05.598,0.81565,0.81581,1.88,1.50
2012.04.04 07:58:06.352,0.81563,0.8158,1.13,3.75
2012.04.04 07:58:08.457,0.81566,0.8158,1.50,2.25
2012.04.04 07:58:09.078,0.81564,0.8158,1.88,2.25
2012.04.04 07:58:09.902,0.81566,0.8158,1.50,2.25
2012.04.04 07:58:10.442,0.81567,0.8158,1.50,2.25
2012.04.04 07:58:11.411,0.81566,0.8158,1.50,2.25
2012.04.04 07:58:11.606,0.81564,0.8158,1.88,2.25
2012.04.04 07:58:12.193,0.81565,0.8158,1.50,2.25
2012.04.04 07:58:13.844,0.81566,0.8158,1.50,2.25
2012.04.04 07:58:14.048,0.81564,0.8158,3.38,2.25
2012.04.04 07:58:14.391,0.81566,0.8158,1.50,2.25
2012.04.04 07:58:15.052,0.81564,0.8158,3.00,2.25
2012.04.04 07:58:15.125,0.81567,0.8158,1.50,2.25
2012.04.04 07:58:15.341,0.81565,0.8158,1.50,2.25
2012.04.04 07:58:15.848,0.81567,0.8158,1.50,2.25
2012.04.04 07:58:16.217,0.81569,0.8158,1.50,2.25
2012.04.04 07:58:16.490,0.81567,0.8158,1.50,2.25
2012.04.04 07:58:17.887,0.81565,0.8158,1.50,2.25
2012.04.04 07:58:18.533,0.81564,0.8158,2.25,2.25
2012.04.04 07:58:19.445,0.81565,0.8158,1.50,2.25
2012.04.04 07:58:20.706,0.81568,0.8158,1.50,2.25
2012.04.04 07:58:21.394,0.81568,0.8158,1.58,2.25
2012.04.04 07:58:21.493,0.81568,0.81586,3.08,4.50
2012.04.04 07:58:22.051,0.81571,0.81586,1.50,3.00
2012.04.04 07:58:22.654,0.8157,0.81583,1.50,1.13
2012.04.04 07:58:22.994,0.81569,0.8158,1.50,2.25
2012.04.04 07:58:23.575,0.81568,0.8158,1.50,2.25
2012.04.04 07:58:25.694,0.81569,0.8158,1.50,2.25
2012.04.04 07:58:31.223,0.81566,0.8158,2.25,2.25
2012.04.04 07:58:31.761,0.81569,0.8158,1.50,2.25
2012.04.04 07:58:32.553,0.81567,0.8158,1.50,2.25
2012.04.04 07:58:36.644,0.81563,0.8158,2.63,2.25
2012.04.04 07:58:37.659,0.81565,0.8158,1.50,2.25
2012.04.04 07:58:39.802,0.81566,0.8158,1.50,2.25
2012.04.04 07:58:40.366,0.81569,0.8158,1.50,2.25
2012.04.04 07:58:40.882,0.81568,0.8158,1.50,2.25
2012.04.04 07:58:45.297,0.8157,0.8158,1.50,2.25
2012.04.04 07:58:45.596,0.81567,0.8158,1.50,3.00
2012.04.04 07:58:45.670,0.81563,0.81579,3.00,2.25
2012.04.04 07:58:46.926,0.81564,0.8158,1.50,5.25
2012.04.04 07:58:51.502,0.81564,0.8158,1.50,4.50
2012.04.04 07:58:51.786,0.81563,0.81579,1.50,2.63
2012.04.04 07:58:51.857,0.81559,0.81575,3.00,1.88
2012.04.04 07:58:53.136,0.81561,0.81577,1.50,1.88
2012.04.04 07:58:55.868,0.81559,0.81575,3.00,1.88
2012.04.04 07:58:56.391,0.8156,0.81576,2.25,1.50
2012.04.04 07:58:57.350,0.81559,0.81575,3.00,1.50
2012.04.04 07:58:57.844,0.81559,0.81577,3.00,1.50
2012.04.04 07:58:58.132,0.81559,0.81575,3.00,1.50
2012.04.04 07:58:59.271,0.81559,0.81577,3.00,1.50
2012.04.04 07:58:59.485,0.81559,0.81577,3.00,2.25
2012.04.04 07:59:00.050,0.81555,0.81572,2.63,1.50
2012.04.04 07:59:00.123,0.81555,0.8157,1.13,1.50
2012.04.04 07:59:00.195,0.81556,0.81572,2.25,1.50
2012.04.04 07:59:00.484,0.81558,0.81572,2.63,3.00
2012.04.04 07:59:01.060,0.81558,0.81571,2.63,1.50
2012.04.04 07:59:01.137,0.81558,0.81575,2.63,2.25
2012.04.04 07:59:01.737,0.81558,0.81575,2.63,2.25
2012.04.04 07:59:02.062,0.81559,0.81575,1.13,1.50
2012.04.04 07:59:02.204,0.81563,0.81579,1.50,2.25
2012.04.04 07:59:04.479,0.8156,0.81578,2.25,1.50
2012.04.04 07:59:10.781,0.81559,0.81575,2.63,1.50
2012.04.04 07:59:11.400,0.8156,0.81578,2.25,1.50
2012.04.04 07:59:15.886,0.81562,0.81578,1.50,1.50
2012.04.04 07:59:17.582,0.81562,0.81577,1.50,1.50
2012.04.04 07:59:17.907,0.81559,0.81574,1.50,1.50
2012.04.04 07:59:18.619,0.81559,0.81575,3.00,1.50
2012.04.04 07:59:24.071,0.81558,0.81575,1.88,1.50
2012.04.04 07:59:24.310,0.81558,0.81575,1.88,1.50
2012.04.04 07:59:26.013,0.81558,0.81575,1.13,1.50
2012.04.04 07:59:26.227,0.81557,0.81575,4.13,3.19
2012.04.04 07:59:26.382,0.81556,0.81571,1.50,4.88
2012.04.04 07:59:26.599,0.81555,0.81569,1.50,1.13
2012.04.04 07:59:26.684,0.8155,0.81567,1.50,1.50
2012.04.04 07:59:26.757,0.81549,0.81564,1.54,1.50
2012.04.04 07:59:27.209,0.81553,0.81567,1.13,1.50
2012.04.04 07:59:27.418,0.81553,0.81567,1.13,2.25
2012.04.04 07:59:27.498,0.81551,0.81567,4.50,2.07
2012.04.04 07:59:27.714,0.81553,0.81565,1.13,2.25
2012.04.04 07:59:27.786,0.81553,0.81569,1.13,2.63
2012.04.04 07:59:27.858,0.81553,0.81564,1.13,1.50
2012.04.04 07:59:28.067,0.81553,0.81566,1.13,1.50
2012.04.04 07:59:28.144,0.81553,0.81569,1.13,2.25
2012.04.04 07:59:28.288,0.81553,0.81567,1.13,1.50
2012.04.04 07:59:30.664,0.81551,0.81567,5.25,1.50
2012.04.04 07:59:31.173,0.81551,0.81569,3.75,3.38
2012.04.04 07:59:32.100,0.81552,0.81569,1.50,1.88
2012.04.04 07:59:32.459,0.81549,0.81566,1.50,1.88
2012.04.04 07:59:33.397,0.81549,0.81566,2.10,1.88
2012.04.04 07:59:33.877,0.81552,0.81567,1.50,1.88
2012.04.04 07:59:34.030,0.8155,0.81567,2.10,1.50
2012.04.04 07:59:34.101,0.81553,0.81569,1.50,3.00
2012.04.04 07:59:35.081,0.81553,0.81569,1.50,3.38
2012.04.04 07:59:35.438,0.81541,0.81555,1.50,2.25
2012.04.04 07:59:35.517,0.81543,0.81555,1.88,2.25
2012.04.04 07:59:35.596,0.81543,0.81555,1.13,3.75
2012.04.04 07:59:35.947,0.81541,0.81557,2.25,1.50
2012.04.04 07:59:36.020,0.81541,0.81557,2.25,2.63
2012.04.04 07:59:36.233,0.81541,0.81557,2.25,2.25
2012.04.04 07:59:36.380,0.81543,0.81559,1.50,4.88
2012.04.04 07:59:37.008,0.81544,0.81559,1.50,1.13
2012.04.04 07:59:37.696,0.81544,0.8156,1.50,4.50
2012.04.04 07:59:37.917,0.81544,0.81559,1.50,1.88
2012.04.04 07:59:38.432,0.81544,0.81555,1.50,2.25
2012.04.04 07:59:38.658,0.81539,0.81554,1.13,2.25
2012.04.04 07:59:38.813,0.81536,0.8155,1.43,1.50
2012.04.04 07:59:38.892,0.81538,0.81552,1.88,1.50
2012.04.04 07:59:39.190,0.8154,0.81557,1.50,1.69
2012.04.04 07:59:39.339,0.81542,0.81557,1.50,1.69
2012.04.04 07:59:39.890,0.81541,0.81557,1.50,1.50
2012.04.04 07:59:40.395,0.81542,0.81557,1.50,1.50
2012.04.04 07:59:41.242,0.81543,0.81557,1.50,1.50
2012.04.04 07:59:41.947,0.81542,0.81557,1.50,1.50
2012.04.04 07:59:42.863,0.81543,0.81557,1.50,1.50
2012.04.04 07:59:43.435,0.81542,0.81557,1.50,2.25
2012.04.04 07:59:43.577,0.81542,0.81557,1.50,1.50
2012.04.04 07:59:43.757,0.81542,0.81557,1.50,2.25
2012.04.04 07:59:45.360,0.81542,0.81558,1.50,3.38
2012.04.04 07:59:45.510,0.81544,0.81558,1.50,1.88
2012.04.04 07:59:46.026,0.81545,0.81558,1.50,1.88
2012.04.04 07:59:46.418,0.81543,0.81558,1.50,1.88
2012.04.04 07:59:47.132,0.81545,0.81558,1.50,1.88
2012.04.04 07:59:47.727,0.81544,0.81558,1.50,1.88
2012.04.04 07:59:48.695,0.81542,0.81558,1.50,1.88
2012.04.04 07:59:50.192,0.81545,0.81558,1.50,2.63
2012.04.04 07:59:51.124,0.81543,0.81558,1.50,1.88
2012.04.04 07:59:52.027,0.81542,0.81558,3.00,3.38
2012.04.04 07:59:53.475,0.81543,0.81558,1.50,1.88
2012.04.04 07:59:53.850,0.81545,0.81558,1.50,1.88
2012.04.04 07:59:54.348,0.81549,0.81562,1.50,1.50
2012.04.04 07:59:55.196,0.81549,0.81564,1.50,1.69
2012.04.04 07:59:57.188,0.81549,0.81562,1.50,1.13
2012.04.04 07:59:57.411,0.81547,0.81562,1.50,1.13
2012.04.04 07:59:59.179,0.81547,0.81562,2.25,1.13
2012.04.04 07:59:59.466,0.8155,0.81564,1.50,1.13
2012.04.04 07:59:59.675,0.8155,0.81565,1.50,2.25
2012.04.04 07:59:59.885,0.81551,0.81564,1.50,1.50
