2008.07.17 06:00:02.235,0.7724,0.7727,3.90,2.40
2008.07.17 06:01:15.524,0.7724,0.77265,3.90,1.40
2008.07.17 06:01:15.701,0.7724,0.77265,1.00,1.40
2008.07.17 06:01:32.403,0.7723,0.77265,5.90,1.40
2008.07.17 06:01:41.984,0.77235,0.77265,1.00,1.00
2008.07.17 06:01:42.198,0.77235,0.7727,1.60,4.70
2008.07.17 06:01:42.307,0.77235,0.7727,4.80,1.40
2008.07.17 06:01:46.189,0.77245,0.7727,1.00,4.40
2008.07.17 06:01:47.054,0.77245,0.77275,1.00,5.20
2008.07.17 06:01:52.028,0.7725,0.77275,1.00,1.40
2008.07.17 06:01:52.198,0.7725,0.77275,1.00,1.00
2008.07.17 06:01:55.517,0.77255,0.77275,1.00,1.00
2008.07.17 06:01:55.702,0.77255,0.7728,1.00,5.80
2008.07.17 06:01:55.886,0.77255,0.7728,1.00,2.50
2008.07.17 06:02:06.117,0.77255,0.77275,1.00,1.00
2008.07.17 06:02:07.704,0.77255,0.7728,1.00,2.50
2008.07.17 06:02:31.731,0.7726,0.7728,1.70,1.70
2008.07.17 06:02:31.995,0.7726,0.7728,1.00,1.00
2008.07.17 06:02:32.283,0.7726,0.7728,1.40,1.00
2008.07.17 06:02:38.278,0.77255,0.7728,4.00,1.80
2008.07.17 06:02:38.536,0.77255,0.7728,3.20,2.50
2008.07.17 06:02:39.066,0.7725,0.7728,3.90,2.50
2008.07.17 06:02:42.656,0.7725,0.77275,1.00,1.40
2008.07.17 06:02:47.105,0.7724,0.77265,3.20,1.00
2008.07.17 06:02:47.297,0.7723,0.7726,4.00,1.00
2008.07.17 06:02:47.663,0.7723,0.7726,3.20,1.40
2008.07.17 06:02:47.900,0.77225,0.7726,4.80,1.60
2008.07.17 06:02:50.123,0.77225,0.7726,5.40,1.60
2008.07.17 06:02:50.263,0.7723,0.7726,3.90,1.00
2008.07.17 06:02:50.403,0.7723,0.7726,4.80,1.00
2008.07.17 06:02:50.541,0.7723,0.7726,5.50,1.00
2008.07.17 06:02:50.682,0.7723,0.77265,5.50,1.40
2008.07.17 06:02:58.624,0.7723,0.77265,6.60,1.40
2008.07.17 06:02:58.813,0.7724,0.7727,5.60,4.80
2008.07.17 06:02:58.991,0.7724,0.7726,4.00,1.00
2008.07.17 06:02:59.170,0.7724,0.7726,4.80,1.00
2008.07.17 06:03:04.435,0.7724,0.7727,4.80,1.80
2008.07.17 06:03:21.277,0.7724,0.7727,3.90,2.50
2008.07.17 06:03:21.467,0.7724,0.77265,6.00,1.00
2008.07.17 06:03:26.169,0.77235,0.7726,3.20,2.40
2008.07.17 06:03:26.624,0.77235,0.7726,3.20,2.50
2008.07.17 06:03:26.934,0.7723,0.7726,3.90,2.50
2008.07.17 06:03:40.295,0.7723,0.7726,5.50,2.50
2008.07.17 06:03:40.346,0.7723,0.7726,4.70,2.50
2008.07.17 06:03:40.616,0.7723,0.7726,5.50,1.80
2008.07.17 06:03:42.533,0.7723,0.7726,4.80,1.80
2008.07.17 06:03:42.725,0.7723,0.7726,3.90,2.50
2008.07.17 06:03:49.643,0.7723,0.7726,1.00,2.50
2008.07.17 06:03:49.823,0.7722,0.77255,5.50,1.40
2008.07.17 06:03:51.698,0.77225,0.77255,1.00,1.40
2008.07.17 06:04:09.327,0.7722,0.77255,5.50,1.40
2008.07.17 06:04:09.526,0.7722,0.7725,4.70,1.20
2008.07.17 06:04:09.636,0.7722,0.7725,1.40,1.20
2008.07.17 06:04:09.719,0.7722,0.7725,1.40,1.40
2008.07.17 06:04:15.923,0.7722,0.7725,3.90,2.40
2008.07.17 06:04:16.143,0.7722,0.77245,3.90,1.00
2008.07.17 06:04:22.164,0.7722,0.7724,3.90,5.90
2008.07.17 06:04:22.326,0.7722,0.7724,1.00,5.90
2008.07.17 06:04:22.472,0.77215,0.7724,1.00,1.80
2008.07.17 06:04:22.781,0.77205,0.77235,4.80,1.00
2008.07.17 06:04:23.011,0.77205,0.77235,1.60,1.00
2008.07.17 06:04:23.913,0.7721,0.7724,1.00,4.80
2008.07.17 06:04:24.102,0.7721,0.7724,1.00,1.60
2008.07.17 06:04:25.933,0.7721,0.7724,1.00,1.40
2008.07.17 06:04:35.482,0.7721,0.77235,1.00,1.00
2008.07.17 06:04:35.557,0.77205,0.77235,1.00,1.40
2008.07.17 06:04:39.289,0.77205,0.77235,4.80,1.40
2008.07.17 06:04:39.468,0.7721,0.77235,1.00,1.00
2008.07.17 06:04:39.648,0.7721,0.7724,1.00,1.40
2008.07.17 06:04:41.269,0.77205,0.77235,4.00,1.00
2008.07.17 06:04:41.417,0.77205,0.77235,1.00,1.00
2008.07.17 06:04:41.955,0.77205,0.77235,1.60,1.00
2008.07.17 06:05:03.546,0.7721,0.7724,1.00,1.00
2008.07.17 06:05:05.653,0.7721,0.7724,1.00,1.40
2008.07.17 06:05:07.534,0.77205,0.77235,3.20,1.40
2008.07.17 06:05:07.752,0.77205,0.77235,4.00,1.40
2008.07.17 06:05:07.960,0.77205,0.77235,1.00,1.40
2008.07.17 06:05:16.017,0.77205,0.77235,1.60,1.00
2008.07.17 06:05:16.452,0.77215,0.7724,1.00,1.00
2008.07.17 06:05:16.668,0.77215,0.77245,1.00,4.70
2008.07.17 06:05:16.889,0.77215,0.77245,1.00,1.40
2008.07.17 06:05:21.406,0.7721,0.77245,5.50,1.40
2008.07.17 06:05:32.153,0.77215,0.77245,1.00,1.00
2008.07.17 06:05:36.405,0.77215,0.77245,1.60,1.00
2008.07.17 06:05:37.804,0.7722,0.77245,1.00,1.00
2008.07.17 06:05:38.012,0.7722,0.7725,1.00,4.80
2008.07.17 06:05:38.093,0.77215,0.7725,1.60,4.80
2008.07.17 06:05:38.176,0.77215,0.7725,4.80,1.60
2008.07.17 06:05:39.044,0.77215,0.7725,4.80,1.40
2008.07.17 06:05:41.763,0.77215,0.7725,4.00,1.40
2008.07.17 06:05:42.191,0.77215,0.77245,1.00,1.00
2008.07.17 06:05:42.342,0.77215,0.77245,1.00,1.40
2008.07.17 06:05:58.682,0.77215,0.7725,4.80,1.40
2008.07.17 06:06:01.759,0.77215,0.7725,4.00,1.40
2008.07.17 06:06:02.010,0.77215,0.77245,1.00,1.40
2008.07.17 06:06:03.306,0.7721,0.77245,5.50,1.40
2008.07.17 06:06:16.929,0.77215,0.77245,1.00,1.40
2008.07.17 06:06:17.153,0.77215,0.77245,1.60,1.40
2008.07.17 06:06:22.836,0.77215,0.7724,1.00,1.00
2008.07.17 06:06:23.572,0.7721,0.7724,1.60,1.40
2008.07.17 06:06:23.820,0.7721,0.77235,3.90,1.00
2008.07.17 06:06:53.414,0.7721,0.7723,3.90,1.00
2008.07.17 06:06:55.113,0.7721,0.7723,1.40,1.00
2008.07.17 06:06:55.423,0.7721,0.7723,6.60,1.00
2008.07.17 06:06:55.484,0.7721,0.7723,1.00,1.00
2008.07.17 06:06:55.587,0.7721,0.7723,1.60,1.00
2008.07.17 06:06:55.744,0.7721,0.7723,1.00,1.00
2008.07.17 06:06:57.664,0.7721,0.7723,1.40,1.00
2008.07.17 06:06:57.753,0.7721,0.77235,1.40,1.00
2008.07.17 06:06:58.595,0.7721,0.77235,1.00,1.00
2008.07.17 06:07:00.823,0.7721,0.7723,1.00,1.00
2008.07.17 06:07:13.032,0.7721,0.7723,1.40,1.00
2008.07.17 06:07:13.151,0.7721,0.7723,2.20,1.00
2008.07.17 06:07:13.374,0.7721,0.7724,2.20,1.40
2008.07.17 06:07:31.848,0.7721,0.7724,1.40,1.40
2008.07.17 06:07:32.236,0.7721,0.7724,1.00,2.40
2008.07.17 06:07:32.599,0.77205,0.77235,2.70,1.00
2008.07.17 06:07:33.345,0.7721,0.77235,1.00,1.00
2008.07.17 06:07:36.096,0.7721,0.7724,1.40,4.70
2008.07.17 06:07:36.426,0.7721,0.7724,1.40,1.40
2008.07.17 06:07:36.756,0.77205,0.7722,1.00,5.90
2008.07.17 06:07:37.265,0.77205,0.77225,1.00,1.00
2008.07.17 06:07:37.524,0.77195,0.77225,1.00,1.40
2008.07.17 06:07:37.944,0.7719,0.77225,4.00,1.40
2008.07.17 06:07:41.689,0.7719,0.7722,4.00,1.00
2008.07.17 06:07:42.092,0.77185,0.77215,2.70,1.00
2008.07.17 06:07:45.163,0.7719,0.77215,3.20,1.40
2008.07.17 06:07:45.365,0.77185,0.77215,1.00,1.40
2008.07.17 06:07:45.563,0.7718,0.77215,4.80,1.40
2008.07.17 06:07:45.764,0.77185,0.7721,1.00,1.00
2008.07.17 06:07:47.794,0.7719,0.7721,1.00,1.00
2008.07.17 06:07:49.864,0.77185,0.77215,1.00,3.90
2008.07.17 06:07:50.242,0.77185,0.7721,1.00,1.40
2008.07.17 06:07:50.770,0.7718,0.7721,1.60,1.40
2008.07.17 06:07:51.221,0.7718,0.77205,3.90,1.00
2008.07.17 06:07:52.042,0.7718,0.7721,3.90,1.40
2008.07.17 06:07:54.481,0.7718,0.7721,3.90,1.70
2008.07.17 06:07:58.634,0.7718,0.7721,3.90,1.40
2008.07.17 06:08:08.398,0.7718,0.772,3.20,1.00
2008.07.17 06:08:08.694,0.7717,0.772,6.60,1.40
2008.07.17 06:08:08.974,0.7717,0.772,3.30,1.40
2008.07.17 06:08:09.236,0.77175,0.772,1.00,1.40
2008.07.17 06:08:09.712,0.77185,0.772,1.00,1.40
2008.07.17 06:08:09.832,0.77185,0.772,1.00,1.00
2008.07.17 06:08:10.156,0.77185,0.7721,1.00,1.00
2008.07.17 06:08:10.286,0.7719,0.7721,1.00,1.00
2008.07.17 06:08:10.416,0.7719,0.77215,1.00,1.00
2008.07.17 06:08:11.248,0.7719,0.7721,1.00,1.00
2008.07.17 06:08:11.728,0.7719,0.7721,1.00,1.20
2008.07.17 06:08:12.007,0.77185,0.77205,1.00,3.20
2008.07.17 06:08:12.287,0.7719,0.77205,1.00,3.20
2008.07.17 06:08:12.567,0.7719,0.772,1.00,1.00
2008.07.17 06:08:12.732,0.7719,0.7721,1.00,1.00
2008.07.17 06:08:20.994,0.77185,0.77215,1.00,1.00
2008.07.17 06:08:21.566,0.7719,0.77215,1.00,1.00
2008.07.17 06:08:21.643,0.7719,0.7721,1.00,1.00
2008.07.17 06:08:23.398,0.77185,0.7721,1.00,1.00
2008.07.17 06:08:23.748,0.77185,0.77215,1.00,1.00
2008.07.17 06:08:24.156,0.77185,0.7721,1.00,1.00
2008.07.17 06:08:27.635,0.77185,0.7721,1.00,1.20
2008.07.17 06:08:27.731,0.7718,0.7721,3.90,1.20
2008.07.17 06:08:27.831,0.7718,0.77205,3.90,1.00
2008.07.17 06:08:28.642,0.77185,0.77205,1.00,1.00
2008.07.17 06:08:29.012,0.7718,0.7721,3.90,1.40
2008.07.17 06:08:29.815,0.77185,0.7721,1.00,1.40
2008.07.17 06:08:29.969,0.77185,0.7721,1.00,4.70
2008.07.17 06:08:30.105,0.77185,0.77205,1.00,1.00
2008.07.17 06:08:30.350,0.7718,0.77205,3.90,1.00
2008.07.17 06:08:30.582,0.7718,0.7721,3.90,4.70
2008.07.17 06:08:30.756,0.7718,0.7721,3.90,1.40
2008.07.17 06:08:31.153,0.77185,0.7721,1.00,1.40
2008.07.17 06:08:31.346,0.77185,0.77205,1.00,1.00
2008.07.17 06:08:33.113,0.7718,0.77205,3.90,1.00
2008.07.17 06:08:33.203,0.7718,0.7721,3.90,1.40
2008.07.17 06:08:35.249,0.7718,0.7721,1.60,1.40
2008.07.17 06:08:35.379,0.7718,0.7721,2.20,1.40
2008.07.17 06:08:35.524,0.77185,0.7721,1.00,1.40
2008.07.17 06:08:35.820,0.7719,0.7721,1.00,1.40
2008.07.17 06:08:36.433,0.7719,0.7721,1.00,1.00
2008.07.17 06:08:36.823,0.7719,0.7722,1.00,4.40
2008.07.17 06:08:37.075,0.7719,0.7722,1.00,3.90
2008.07.17 06:08:37.324,0.7719,0.77215,1.00,1.00
2008.07.17 06:08:38.349,0.77185,0.77215,1.60,1.00
2008.07.17 06:08:38.672,0.77185,0.7721,1.00,1.00
2008.07.17 06:08:39.591,0.7719,0.77215,1.00,3.90
2008.07.17 06:08:39.899,0.7719,0.77215,1.00,1.00
2008.07.17 06:08:44.035,0.77185,0.77215,1.60,3.90
2008.07.17 06:08:44.289,0.7719,0.77215,8.20,3.90
2008.07.17 06:08:44.640,0.77195,0.7722,1.00,3.90
2008.07.17 06:08:45.521,0.77195,0.7722,1.00,1.00
2008.07.17 06:08:46.090,0.77195,0.77225,1.00,1.00
2008.07.17 06:08:46.291,0.77195,0.7722,1.00,1.00
2008.07.17 06:09:14.814,0.77195,0.7722,1.00,2.10
2008.07.17 06:09:35.646,0.77195,0.7722,1.00,1.00
2008.07.17 06:09:36.962,0.7719,0.7722,2.20,1.00
2008.07.17 06:09:37.606,0.77195,0.7722,1.00,5.20
2008.07.17 06:09:37.852,0.77195,0.7721,1.00,1.00
2008.07.17 06:09:38.087,0.77185,0.77215,1.00,3.90
2008.07.17 06:09:38.313,0.7718,0.77215,1.60,3.90
2008.07.17 06:09:38.736,0.7718,0.77215,4.80,1.40
2008.07.17 06:09:39.403,0.7718,0.7721,4.80,1.20
2008.07.17 06:09:39.914,0.7718,0.77215,4.80,1.40
2008.07.17 06:09:40.175,0.77185,0.77215,1.00,1.40
2008.07.17 06:09:40.405,0.77185,0.77215,1.60,1.40
2008.07.17 06:09:41.612,0.77185,0.7721,4.80,1.00
2008.07.17 06:09:41.836,0.7719,0.7722,1.00,2.80
2008.07.17 06:09:48.338,0.77185,0.7721,3.90,1.60
2008.07.17 06:09:48.439,0.77185,0.7721,3.20,1.40
2008.07.17 06:09:48.535,0.7718,0.7721,1.60,1.40
2008.07.17 06:09:48.977,0.7718,0.7721,5.40,1.40
2008.07.17 06:09:49.306,0.77195,0.7721,3.20,1.00
2008.07.17 06:09:49.712,0.77195,0.7721,1.00,1.00
2008.07.17 06:09:50.695,0.77195,0.7722,1.00,1.20
2008.07.17 06:09:50.942,0.7719,0.7722,4.80,1.20
2008.07.17 06:10:03.279,0.7719,0.7722,4.00,1.20
2008.07.17 06:10:03.429,0.7719,0.7721,3.20,1.00
2008.07.17 06:10:03.563,0.7718,0.7721,1.60,6.40
2008.07.17 06:10:03.934,0.7718,0.772,6.20,1.00
2008.07.17 06:10:21.480,0.7718,0.772,5.10,1.30
2008.07.17 06:10:21.647,0.7717,0.772,1.60,1.40
2008.07.17 06:10:22.577,0.77165,0.772,5.90,2.40
2008.07.17 06:10:28.786,0.7717,0.772,1.00,2.40
2008.07.17 06:10:29.432,0.77165,0.772,5.90,2.40
2008.07.17 06:10:32.682,0.77165,0.772,4.00,2.40
2008.07.17 06:10:33.022,0.77165,0.7719,4.00,1.00
2008.07.17 06:10:33.621,0.77165,0.7719,3.90,1.00
2008.07.17 06:10:33.760,0.77165,0.7719,1.00,1.00
2008.07.17 06:10:35.410,0.7717,0.77195,1.00,1.00
2008.07.17 06:10:35.540,0.7717,0.772,1.60,4.50
2008.07.17 06:10:35.779,0.7717,0.772,4.80,4.50
2008.07.17 06:10:37.050,0.7717,0.7719,3.20,7.60
2008.07.17 06:10:37.270,0.7716,0.7719,1.40,9.80
2008.07.17 06:10:37.498,0.7716,0.7718,10.80,1.00
2008.07.17 06:10:37.723,0.7716,0.7718,11.30,1.00
2008.07.17 06:10:37.967,0.7716,0.7718,10.80,1.00
2008.07.17 06:10:38.051,0.7716,0.7718,1.60,1.00
2008.07.17 06:10:38.431,0.7716,0.7718,4.80,1.00
2008.07.17 06:10:38.519,0.7716,0.7718,3.90,1.00
2008.07.17 06:10:38.820,0.7716,0.7718,9.30,1.00
2008.07.17 06:10:49.586,0.7716,0.7718,1.60,1.00
2008.07.17 06:10:49.768,0.7716,0.7718,4.80,1.00
2008.07.17 06:10:49.946,0.7716,0.7719,5.50,7.80
2008.07.17 06:10:50.129,0.77165,0.7719,1.00,1.40
2008.07.17 06:10:50.228,0.77165,0.7719,1.00,1.00
2008.07.17 06:10:55.286,0.77165,0.7719,1.00,1.20
2008.07.17 06:11:00.850,0.77165,0.7719,4.80,1.20
2008.07.17 06:11:03.847,0.77165,0.7719,1.60,1.20
2008.07.17 06:11:04.021,0.77165,0.7719,1.00,1.20
2008.07.17 06:11:04.594,0.77165,0.7719,1.60,1.20
2008.07.17 06:11:04.882,0.77165,0.7719,4.80,1.20
2008.07.17 06:11:05.554,0.77165,0.7719,3.90,1.20
2008.07.17 06:11:05.737,0.77165,0.7719,1.00,1.20
2008.07.17 06:11:13.655,0.77165,0.7719,1.60,1.20
2008.07.17 06:11:13.873,0.77165,0.7719,4.80,1.20
2008.07.17 06:11:19.894,0.77165,0.7719,1.60,1.20
2008.07.17 06:11:20.249,0.77165,0.7719,1.00,1.20
2008.07.17 06:11:26.717,0.7716,0.7719,5.50,1.20
2008.07.17 06:11:32.897,0.7716,0.7719,6.60,1.00
2008.07.17 06:11:33.168,0.7718,0.772,13.90,4.00
2008.07.17 06:11:33.437,0.7718,0.772,1.60,1.00
2008.07.17 06:11:33.541,0.7718,0.772,14.00,1.60
2008.07.17 06:11:33.678,0.7718,0.772,2.90,1.60
2008.07.17 06:11:33.805,0.77175,0.772,4.00,1.60
2008.07.17 06:11:33.876,0.77175,0.772,3.20,2.40
2008.07.17 06:11:34.097,0.7717,0.772,3.90,2.40
2008.07.17 06:11:36.076,0.7717,0.772,1.60,2.40
2008.07.17 06:11:36.145,0.7717,0.772,1.60,1.40
2008.07.17 06:11:37.065,0.7717,0.772,1.60,1.30
2008.07.17 06:11:37.365,0.7717,0.772,4.80,1.30
2008.07.17 06:11:37.795,0.7717,0.772,4.80,1.40
2008.07.17 06:11:38.016,0.7717,0.772,1.60,1.40
2008.07.17 06:11:39.127,0.7717,0.772,1.60,1.30
2008.07.17 06:11:39.444,0.7717,0.772,4.80,1.30
2008.07.17 06:11:40.743,0.77175,0.772,1.00,1.30
2008.07.17 06:11:43.103,0.77175,0.772,1.70,1.30
2008.07.17 06:11:43.422,0.77175,0.772,1.70,1.00
2008.07.17 06:11:43.581,0.77175,0.77205,1.70,1.00
2008.07.17 06:11:43.646,0.7718,0.77205,1.00,1.00
2008.07.17 06:11:43.709,0.7719,0.7721,1.00,3.20
2008.07.17 06:11:43.750,0.7719,0.7722,1.00,1.40
2008.07.17 06:11:46.154,0.77185,0.7722,4.00,1.40
2008.07.17 06:11:47.653,0.7719,0.7722,7.60,1.00
2008.07.17 06:11:47.873,0.772,0.77225,1.00,1.00
2008.07.17 06:11:49.213,0.772,0.77225,1.00,1.30
2008.07.17 06:11:49.623,0.772,0.7722,1.00,1.00
2008.07.17 06:11:49.804,0.77195,0.7722,4.00,1.00
2008.07.17 06:11:49.985,0.7719,0.7722,4.00,1.00
2008.07.17 06:11:50.220,0.7719,0.77225,4.80,2.00
2008.07.17 06:11:50.573,0.7719,0.77215,3.90,1.00
2008.07.17 06:11:50.792,0.7719,0.77215,3.20,1.40
2008.07.17 06:11:51.012,0.77185,0.77215,1.60,1.40
2008.07.17 06:11:52.204,0.77185,0.77215,1.60,1.00
2008.07.17 06:11:52.393,0.77195,0.77225,4.00,1.30
2008.07.17 06:11:52.765,0.77195,0.7722,1.00,1.00
2008.07.17 06:11:53.134,0.77195,0.7722,1.00,1.60
2008.07.17 06:12:01.557,0.77195,0.7722,1.00,1.00
2008.07.17 06:12:01.644,0.772,0.7722,1.00,1.00
2008.07.17 06:12:01.673,0.772,0.7722,1.30,1.00
2008.07.17 06:12:01.790,0.772,0.7723,1.30,4.00
2008.07.17 06:12:01.830,0.772,0.7723,4.00,1.00
2008.07.17 06:12:02.059,0.772,0.7723,4.00,1.40
2008.07.17 06:12:02.731,0.772,0.7723,4.00,2.40
2008.07.17 06:12:03.251,0.77195,0.77225,4.00,1.20
2008.07.17 06:12:03.669,0.77195,0.77225,4.00,2.00
2008.07.17 06:12:04.081,0.7719,0.7722,4.00,1.40
2008.07.17 06:12:04.240,0.77185,0.7721,3.90,1.00
2008.07.17 06:12:04.529,0.77185,0.7721,1.00,1.00
2008.07.17 06:12:04.678,0.77185,0.77215,1.00,4.70
2008.07.17 06:12:05.124,0.77185,0.77215,1.00,1.40
2008.07.17 06:12:08.485,0.7719,0.77215,1.00,1.40
2008.07.17 06:12:08.598,0.7719,0.77215,1.00,2.00
2008.07.17 06:12:08.630,0.7719,0.77215,1.60,1.30
2008.07.17 06:12:08.810,0.7719,0.77215,1.60,1.00
2008.07.17 06:12:08.849,0.7719,0.77215,4.80,1.00
2008.07.17 06:12:09.250,0.77195,0.77215,1.00,1.00
2008.07.17 06:12:12.984,0.7719,0.77215,4.80,1.00
2008.07.17 06:12:13.177,0.7719,0.77215,3.90,1.20
2008.07.17 06:12:13.377,0.77185,0.77215,1.60,2.00
2008.07.17 06:12:13.636,0.77185,0.7721,1.60,1.00
2008.07.17 06:12:22.339,0.77185,0.7721,1.00,1.00
2008.07.17 06:12:22.618,0.7718,0.7721,4.80,1.00
2008.07.17 06:12:23.535,0.7718,0.77215,4.80,2.00
2008.07.17 06:12:23.705,0.77185,0.77215,1.00,1.20
2008.07.17 06:12:23.887,0.7719,0.77215,1.00,1.00
2008.07.17 06:12:24.209,0.7719,0.7722,1.30,2.10
2008.07.17 06:12:24.495,0.77195,0.7722,1.00,2.10
2008.07.17 06:12:24.782,0.77195,0.7722,1.60,1.40
2008.07.17 06:12:25.708,0.77195,0.7722,1.60,1.00
2008.07.17 06:12:25.934,0.772,0.77225,1.00,1.00
2008.07.17 06:12:27.693,0.77195,0.77225,4.80,1.00
2008.07.17 06:12:29.117,0.772,0.77225,1.00,1.00
2008.07.17 06:12:32.090,0.772,0.7723,1.00,2.40
2008.07.17 06:12:44.333,0.772,0.77225,1.00,1.00
2008.07.17 06:12:44.606,0.77195,0.77225,1.00,1.40
2008.07.17 06:12:44.901,0.77195,0.7722,1.60,1.00
2008.07.17 06:12:50.690,0.772,0.77225,1.00,1.00
2008.07.17 06:12:50.840,0.772,0.7723,1.00,2.40
2008.07.17 06:12:51.268,0.77195,0.7723,4.80,2.40
2008.07.17 06:12:54.260,0.77195,0.77225,4.80,1.00
2008.07.17 06:12:54.311,0.77195,0.77225,1.00,1.40
2008.07.17 06:12:54.726,0.77195,0.7722,1.00,1.00
2008.07.17 06:13:23.815,0.77195,0.77225,1.00,1.40
2008.07.17 06:13:24.511,0.7719,0.7722,1.60,1.40
2008.07.17 06:13:25.207,0.7719,0.7722,1.60,2.40
2008.07.17 06:13:27.739,0.7719,0.77215,3.90,1.00
2008.07.17 06:13:27.962,0.77185,0.77215,1.60,1.00
2008.07.17 06:13:28.390,0.77185,0.7721,1.60,1.00
2008.07.17 06:13:54.223,0.77185,0.772,1.60,1.00
2008.07.17 06:14:11.436,0.77185,0.772,1.00,8.30
2008.07.17 06:14:11.545,0.7718,0.7719,1.00,1.00
2008.07.17 06:14:12.068,0.7718,0.772,1.00,1.40
2008.07.17 06:14:12.298,0.7718,0.7719,1.00,1.00
2008.07.17 06:14:22.929,0.7718,0.772,1.00,1.00
2008.07.17 06:14:23.085,0.7718,0.772,2.40,1.00
2008.07.17 06:14:54.501,0.7718,0.772,1.00,1.00
2008.07.17 06:15:06.937,0.7718,0.772,1.00,6.70
2008.07.17 06:15:07.010,0.7718,0.7719,1.00,1.00
2008.07.17 06:15:19.007,0.7718,0.772,1.00,1.40
2008.07.17 06:15:23.254,0.7718,0.7719,1.00,1.00
2008.07.17 06:15:36.939,0.7717,0.7718,3.00,1.00
2008.07.17 06:15:54.663,0.7715,0.7718,7.10,1.30
2008.07.17 06:15:54.826,0.7718,0.77185,1.00,3.10
2008.07.17 06:15:55.387,0.7718,0.77185,1.00,6.00
2008.07.17 06:16:02.545,0.7718,0.77185,1.00,2.90
2008.07.17 06:16:14.271,0.7718,0.77185,1.00,1.00
2008.07.17 06:16:16.163,0.7718,0.77185,1.00,2.90
2008.07.17 06:16:18.340,0.7715,0.77185,4.80,2.90
2008.07.17 06:16:22.220,0.7715,0.7718,4.80,1.30
2008.07.17 06:16:24.871,0.7716,0.77185,1.00,1.00
2008.07.17 06:16:25.229,0.77165,0.7719,1.00,3.20
2008.07.17 06:16:25.589,0.77165,0.77195,4.00,1.00
2008.07.17 06:16:27.588,0.77165,0.772,4.00,1.40
2008.07.17 06:16:28.279,0.7716,0.77195,4.80,1.40
2008.07.17 06:16:33.767,0.77165,0.77195,1.00,1.00
2008.07.17 06:16:35.763,0.77165,0.77195,1.00,1.40
2008.07.17 06:16:58.783,0.7716,0.7719,4.00,1.00
2008.07.17 06:16:58.841,0.7716,0.7719,1.00,4.00
2008.07.17 06:16:59.143,0.77155,0.77185,1.00,1.00
2008.07.17 06:16:59.202,0.77155,0.7718,1.00,1.00
2008.07.17 06:17:07.199,0.7715,0.7718,6.60,1.00
2008.07.17 06:17:09.178,0.7715,0.7718,5.50,1.00
2008.07.17 06:17:09.346,0.7715,0.7718,4.00,1.60
2008.07.17 06:17:09.642,0.77145,0.7718,5.90,2.40
2008.07.17 06:17:09.763,0.7715,0.7718,3.90,2.40
2008.07.17 06:17:12.865,0.7715,0.7718,4.70,1.40
2008.07.17 06:17:13.180,0.7715,0.7718,5.50,1.00
2008.07.17 06:17:14.040,0.7715,0.7718,7.10,2.40
2008.07.17 06:17:14.644,0.77145,0.7717,5.90,1.00
2008.07.17 06:17:14.954,0.77145,0.7717,4.80,1.00
2008.07.17 06:17:15.285,0.7715,0.7718,3.90,1.40
2008.07.17 06:17:15.962,0.7716,0.77185,1.60,3.20
2008.07.17 06:17:16.120,0.7716,0.77195,4.80,2.00
2008.07.17 06:17:16.406,0.7716,0.7718,3.20,1.00
2008.07.17 06:17:16.562,0.77155,0.7718,1.00,1.00
2008.07.17 06:17:16.710,0.7716,0.77185,1.00,1.00
2008.07.17 06:17:16.868,0.7716,0.7719,1.60,3.20
2008.07.17 06:17:17.392,0.7716,0.77195,4.80,1.40
2008.07.17 06:17:20.733,0.77165,0.77195,1.00,1.00
2008.07.17 06:17:49.032,0.77165,0.77195,3.90,1.00
2008.07.17 06:17:49.108,0.7717,0.772,1.00,1.00
2008.07.17 06:17:49.274,0.7717,0.772,1.60,1.00
2008.07.17 06:18:00.917,0.77175,0.772,1.00,1.00
2008.07.17 06:18:01.047,0.77175,0.77205,4.80,1.00
2008.07.17 06:18:20.289,0.77175,0.7721,4.80,1.40
2008.07.17 06:18:20.782,0.77175,0.77195,3.20,1.00
2008.07.17 06:18:20.999,0.7717,0.77195,1.00,1.00
2008.07.17 06:18:32.875,0.77165,0.77195,1.00,1.00
2008.07.17 06:18:33.276,0.7716,0.77195,4.80,1.00
2008.07.17 06:18:33.533,0.7716,0.77195,4.80,1.40
2008.07.17 06:18:41.049,0.7716,0.7719,1.60,4.50
2008.07.17 06:18:41.688,0.7716,0.7719,1.00,2.40
2008.07.17 06:18:42.500,0.77155,0.77185,3.90,1.00
2008.07.17 06:18:42.671,0.77155,0.77185,1.00,1.00
2008.07.17 06:18:43.051,0.77155,0.7718,1.00,1.00
2008.07.17 06:19:00.271,0.77155,0.77185,1.00,1.00
2008.07.17 06:19:00.541,0.7716,0.77185,1.00,1.00
2008.07.17 06:19:00.840,0.77165,0.7719,1.00,2.40
2008.07.17 06:19:01.081,0.77165,0.77195,1.00,1.00
2008.07.17 06:19:25.265,0.7717,0.77195,1.00,1.00
2008.07.17 06:19:25.642,0.7717,0.772,1.60,4.70
2008.07.17 06:19:25.912,0.7717,0.772,1.60,1.40
2008.07.17 06:19:37.487,0.7717,0.772,1.00,1.40
2008.07.17 06:19:37.780,0.77165,0.772,4.80,1.40
2008.07.17 06:19:40.026,0.7717,0.772,1.00,1.40
2008.07.17 06:19:40.572,0.7717,0.772,1.60,1.00
2008.07.17 06:19:48.252,0.7717,0.772,4.80,1.00
2008.07.17 06:19:48.482,0.77175,0.77205,1.60,1.40
2008.07.17 06:19:48.761,0.77175,0.77205,1.60,1.00
2008.07.17 06:19:48.978,0.77175,0.7721,4.80,1.40
2008.07.17 06:19:49.468,0.77175,0.772,3.90,1.00
2008.07.17 06:19:49.777,0.77175,0.772,1.00,1.00
2008.07.17 06:19:50.397,0.77175,0.772,3.90,1.00
2008.07.17 06:19:50.784,0.77175,0.7721,4.80,1.40
2008.07.17 06:19:53.985,0.7718,0.7721,1.00,1.40
2008.07.17 06:19:54.166,0.7718,0.7721,1.60,1.00
2008.07.17 06:19:54.435,0.7718,0.7721,1.60,1.40
2008.07.17 06:19:59.075,0.7718,0.7721,1.00,2.00
2008.07.17 06:19:59.254,0.77175,0.772,3.90,1.40
2008.07.17 06:19:59.455,0.77175,0.772,1.00,1.40
2008.07.17 06:20:17.433,0.77175,0.772,1.00,1.20
2008.07.17 06:20:17.752,0.77175,0.772,1.00,1.00
2008.07.17 06:20:18.240,0.77175,0.77205,1.60,1.40
2008.07.17 06:20:25.123,0.77175,0.77205,1.00,1.40
2008.07.17 06:20:25.237,0.7717,0.77205,4.80,1.40
2008.07.17 06:20:28.027,0.7717,0.77205,4.80,2.00
2008.07.17 06:20:28.178,0.7717,0.7719,3.20,6.60
2008.07.17 06:20:28.457,0.77165,0.77185,1.00,1.00
2008.07.17 06:20:28.607,0.77165,0.7718,1.00,1.00
2008.07.17 06:20:29.916,0.7716,0.7718,8.20,1.00
2008.07.17 06:20:30.517,0.7716,0.7719,8.20,1.40
2008.07.17 06:20:30.697,0.7716,0.7719,7.10,1.40
2008.07.17 06:20:31.060,0.7716,0.7719,1.40,1.40
2008.07.17 06:20:31.236,0.7716,0.7719,4.70,1.40
2008.07.17 06:20:31.326,0.7716,0.7719,5.50,1.00
2008.07.17 06:20:31.415,0.7716,0.77195,5.50,1.40
2008.07.17 06:20:31.505,0.7717,0.77195,1.00,1.40
2008.07.17 06:20:31.686,0.7717,0.77195,1.60,1.00
2008.07.17 06:20:31.858,0.7717,0.772,1.00,3.20
2008.07.17 06:20:31.947,0.7717,0.77205,4.00,1.40
2008.07.17 06:20:32.115,0.7717,0.772,4.00,1.00
2008.07.17 06:20:32.205,0.7717,0.772,4.00,4.40
2008.07.17 06:20:32.296,0.7717,0.772,1.00,1.40
2008.07.17 06:20:32.506,0.7717,0.772,1.00,2.40
2008.07.17 06:20:41.132,0.7717,0.77195,1.00,1.00
2008.07.17 06:20:41.362,0.77165,0.77195,4.80,1.00
2008.07.17 06:20:47.194,0.77165,0.772,4.80,2.40
2008.07.17 06:20:47.618,0.7717,0.772,1.00,2.40
2008.07.17 06:20:48.924,0.7717,0.772,1.60,2.40
2008.07.17 06:20:49.204,0.7717,0.772,1.60,4.50
2008.07.17 06:20:49.482,0.7717,0.772,4.80,4.50
2008.07.17 06:20:53.122,0.7718,0.772,1.00,4.50
2008.07.17 06:20:53.283,0.77175,0.772,4.80,1.00
2008.07.17 06:20:53.741,0.7718,0.772,1.00,1.00
2008.07.17 06:20:54.210,0.77175,0.772,1.00,1.30
2008.07.17 06:20:54.389,0.7717,0.772,4.00,1.40
2008.07.17 06:20:54.763,0.7717,0.772,1.60,1.40
2008.07.17 06:20:56.660,0.7717,0.772,4.00,2.40
2008.07.17 06:20:57.051,0.77165,0.772,5.90,2.40
2008.07.17 06:20:58.119,0.7717,0.772,4.00,2.40
2008.07.17 06:20:58.460,0.7717,0.772,1.60,1.40
2008.07.17 06:20:59.181,0.7717,0.772,4.00,2.40
2008.07.17 06:20:59.340,0.7717,0.77195,3.20,1.00
2008.07.17 06:20:59.654,0.7717,0.7719,3.20,1.00
2008.07.17 06:21:00.016,0.77165,0.7719,4.80,1.00
2008.07.17 06:21:02.873,0.7717,0.772,1.00,1.40
2008.07.17 06:21:03.191,0.7717,0.772,1.60,1.40
2008.07.17 06:21:04.167,0.7717,0.772,1.60,2.40
2008.07.17 06:21:05.132,0.7717,0.772,1.00,2.40
2008.07.17 06:21:05.760,0.77165,0.7719,4.80,1.00
2008.07.17 06:21:06.564,0.77165,0.772,4.80,2.40
2008.07.17 06:21:06.721,0.7717,0.772,1.00,1.40
2008.07.17 06:21:07.188,0.7717,0.772,1.60,1.40
2008.07.17 06:21:08.359,0.7717,0.772,1.60,2.40
2008.07.17 06:21:18.841,0.7717,0.772,1.00,5.60
2008.07.17 06:21:19.143,0.77165,0.77195,1.00,1.00
2008.07.17 06:21:19.293,0.77165,0.7719,1.00,1.00
2008.07.17 06:21:25.875,0.7716,0.7718,4.80,1.00
2008.07.17 06:21:26.175,0.7716,0.7718,4.00,1.00
2008.07.17 06:21:26.474,0.77155,0.7718,5.90,1.00
2008.07.17 06:21:39.114,0.7716,0.7718,3.90,1.00
2008.07.17 06:21:42.180,0.77155,0.7718,4.80,1.00
2008.07.17 06:21:42.280,0.77155,0.7718,3.90,1.00
2008.07.17 06:21:42.411,0.7716,0.7718,3.20,1.00
2008.07.17 06:21:43.415,0.77155,0.7718,1.00,1.00
2008.07.17 06:21:43.801,0.77155,0.7718,4.80,1.00
2008.07.17 06:21:44.374,0.77155,0.7718,1.60,1.00
2008.07.17 06:21:44.718,0.77155,0.7718,1.00,1.00
2008.07.17 06:21:44.838,0.77155,0.7718,1.00,1.00
2008.07.17 06:21:49.808,0.7716,0.7718,1.00,1.00
2008.07.17 06:22:11.034,0.7716,0.7717,1.00,1.00
2008.07.17 06:22:13.103,0.7716,0.7718,1.00,1.00
2008.07.17 06:22:15.246,0.7716,0.7718,1.00,8.10
2008.07.17 06:22:15.507,0.77155,0.7718,4.10,1.40
2008.07.17 06:22:15.763,0.77155,0.7717,1.00,1.00
2008.07.17 06:22:27.272,0.77155,0.7717,1.00,1.00
2008.07.17 06:22:29.138,0.77155,0.7716,1.00,1.00
2008.07.17 06:22:29.279,0.7715,0.7716,1.70,1.00
2008.07.17 06:22:31.927,0.7715,0.7717,1.70,1.00
2008.07.17 06:22:32.272,0.7715,0.7717,2.70,1.00
2008.07.17 06:22:32.477,0.7715,0.7717,5.90,1.00
2008.07.17 06:22:51.589,0.7715,0.7717,4.10,1.00
2008.07.17 06:22:51.734,0.7715,0.7717,1.00,1.00
2008.07.17 06:23:08.769,0.7715,0.7716,1.00,1.00
2008.07.17 06:23:13.777,0.7714,0.7716,5.90,1.00
2008.07.17 06:23:14.439,0.7714,0.7715,4.80,1.00
2008.07.17 06:23:14.521,0.7714,0.7715,1.00,1.00
2008.07.17 06:23:14.819,0.7713,0.7715,4.80,1.00
2008.07.17 06:23:15.079,0.7713,0.7715,3.90,1.00
2008.07.17 06:23:15.157,0.7713,0.7715,1.00,1.00
2008.07.17 06:23:15.717,0.7713,0.7714,1.00,1.00
2008.07.17 06:23:15.968,0.7713,0.7715,1.00,1.00
2008.07.17 06:23:16.259,0.7713,0.7715,1.70,1.00
2008.07.17 06:23:16.654,0.7713,0.7715,1.00,1.00
2008.07.17 06:23:16.868,0.7713,0.7714,1.00,1.00
2008.07.17 06:23:20.017,0.7713,0.7715,1.00,1.00
2008.07.17 06:23:24.645,0.7713,0.7715,4.10,1.00
2008.07.17 06:23:25.042,0.7713,0.7715,5.10,1.00
2008.07.17 06:23:25.165,0.7713,0.7715,5.90,1.00
2008.07.17 06:23:31.116,0.7713,0.7715,1.00,1.00
2008.07.17 06:23:50.457,0.77135,0.7715,1.00,1.00
2008.07.17 06:23:50.662,0.77135,0.7715,1.70,1.00
2008.07.17 06:23:51.072,0.7714,0.7715,1.60,1.00
2008.07.17 06:23:51.589,0.7714,0.7715,4.80,1.00
2008.07.17 06:23:52.247,0.77145,0.7715,1.00,1.00
2008.07.17 06:23:57.601,0.77145,0.7716,1.00,1.00
2008.07.17 06:23:57.767,0.77135,0.7716,1.70,1.00
2008.07.17 06:23:58.077,0.77135,0.7715,1.70,1.00
2008.07.17 06:24:00.144,0.77135,0.7716,1.70,1.00
2008.07.17 06:24:01.365,0.77135,0.7716,1.70,1.00
2008.07.17 06:24:01.606,0.77135,0.7717,2.70,5.80
2008.07.17 06:24:01.666,0.7714,0.7717,1.00,4.90
2008.07.17 06:24:01.761,0.7714,0.7717,1.00,1.70
2008.07.17 06:24:01.819,0.7714,0.7716,1.00,1.00
2008.07.17 06:24:01.930,0.77145,0.7716,1.00,1.00
2008.07.17 06:24:27.876,0.77145,0.7715,1.00,1.00
2008.07.17 06:24:36.510,0.7714,0.7715,4.80,1.00
2008.07.17 06:24:37.148,0.7714,0.7715,4.00,1.00
2008.07.17 06:24:37.348,0.7714,0.7715,3.20,1.00
2008.07.17 06:24:37.804,0.77135,0.7715,5.90,1.00
2008.07.17 06:24:38.028,0.77135,0.7715,4.00,1.00
2008.07.17 06:24:38.255,0.77135,0.7715,3.20,1.00
2008.07.17 06:24:38.487,0.7713,0.7715,1.70,1.00
2008.07.17 06:24:38.730,0.7713,0.7715,1.00,1.00
2008.07.17 06:24:52.047,0.7713,0.7715,1.00,1.60
2008.07.17 06:25:09.422,0.7713,0.7715,1.00,1.00
2008.07.17 06:26:01.818,0.7713,0.7715,1.00,1.60
2008.07.17 06:26:02.309,0.77125,0.7714,1.00,1.00
2008.07.17 06:26:06.871,0.7712,0.7714,1.80,1.00
2008.07.17 06:26:07.592,0.7712,0.7714,1.00,1.00
2008.07.17 06:26:07.918,0.7712,0.7715,1.70,1.70
2008.07.17 06:26:08.248,0.7712,0.7715,2.00,1.70
2008.07.17 06:26:09.296,0.7712,0.7715,5.20,1.40
2008.07.17 06:26:09.952,0.7712,0.7715,2.00,1.40
2008.07.17 06:26:25.246,0.77125,0.7715,1.00,1.40
2008.07.17 06:26:25.956,0.77125,0.7715,1.70,1.40
2008.07.17 06:26:26.204,0.77125,0.7715,1.70,4.30
2008.07.17 06:26:41.413,0.77125,0.7715,2.70,4.30
2008.07.17 06:26:41.695,0.77125,0.7715,5.90,4.30
2008.07.17 06:26:48.050,0.77125,0.7715,4.90,4.30
2008.07.17 06:26:48.209,0.77125,0.7715,1.70,4.30
2008.07.17 06:26:55.280,0.7713,0.77155,6.20,1.00
2008.07.17 06:26:55.692,0.7713,0.77155,4.10,1.00
2008.07.17 06:26:55.846,0.7713,0.7716,4.10,2.40
2008.07.17 06:26:56.132,0.7713,0.7716,6.20,2.40
2008.07.17 06:27:21.681,0.7713,0.7716,4.90,1.40
2008.07.17 06:27:22.043,0.77135,0.7716,5.90,6.40
2008.07.17 06:27:22.430,0.77135,0.7716,5.90,1.00
2008.07.17 06:27:35.566,0.77135,0.7716,2.70,1.00
2008.07.17 06:27:36.044,0.77135,0.7716,1.70,1.00
2008.07.17 06:27:52.529,0.77135,0.7716,1.00,1.40
2008.07.17 06:27:53.101,0.77135,0.7716,1.00,2.40
2008.07.17 06:27:55.543,0.77135,0.7716,1.00,2.50
2008.07.17 06:27:58.701,0.77135,0.7716,1.00,2.40
2008.07.17 06:28:00.476,0.7713,0.77155,1.00,1.00
2008.07.17 06:28:01.057,0.7713,0.7715,1.00,1.00
2008.07.17 06:28:02.041,0.7713,0.77155,1.00,1.00
2008.07.17 06:28:02.161,0.7713,0.7716,1.00,2.40
2008.07.17 06:28:04.021,0.7713,0.7716,1.00,5.60
2008.07.17 06:28:04.269,0.7713,0.77155,1.00,1.00
2008.07.17 06:28:04.583,0.7713,0.7715,1.00,1.00
2008.07.17 06:28:06.028,0.7713,0.77155,1.00,1.00
2008.07.17 06:28:07.307,0.7713,0.7716,1.00,2.40
2008.07.17 06:28:07.681,0.7713,0.77155,1.00,1.00
2008.07.17 06:28:07.876,0.7713,0.7715,1.00,1.00
2008.07.17 06:28:08.477,0.7713,0.77155,7.80,1.00
2008.07.17 06:28:08.765,0.7713,0.77155,6.30,1.00
2008.07.17 06:28:08.925,0.77135,0.77155,3.20,1.00
2008.07.17 06:28:09.133,0.77135,0.7715,4.10,1.00
2008.07.17 06:28:09.329,0.7714,0.7716,1.00,2.40
2008.07.17 06:28:09.569,0.7714,0.7716,4.10,1.40
2008.07.17 06:28:09.766,0.77135,0.7716,4.10,1.40
2008.07.17 06:28:09.967,0.77135,0.7716,4.10,1.70
2008.07.17 06:28:10.086,0.77135,0.7716,4.10,2.50
2008.07.17 06:28:10.424,0.7714,0.7716,4.10,2.40
2008.07.17 06:28:10.547,0.77135,0.7716,1.70,1.40
2008.07.17 06:28:10.968,0.77135,0.7716,4.90,1.40
2008.07.17 06:28:11.100,0.77135,0.7716,4.10,2.40
2008.07.17 06:28:11.435,0.7714,0.7716,4.30,1.40
2008.07.17 06:28:11.767,0.77135,0.7716,5.10,1.00
2008.07.17 06:28:12.121,0.77135,0.7716,5.10,1.00
2008.07.17 06:28:12.520,0.77135,0.7716,1.80,1.60
2008.07.17 06:28:12.913,0.77135,0.7716,1.00,2.40
2008.07.17 06:28:14.656,0.7713,0.77155,4.80,1.00
2008.07.17 06:28:14.957,0.7713,0.7715,10.10,1.00
2008.07.17 06:28:16.519,0.77135,0.7716,1.00,1.40
2008.07.17 06:28:16.800,0.77135,0.7716,1.00,1.00
2008.07.17 06:28:18.394,0.77135,0.7716,1.00,1.60
2008.07.17 06:28:18.665,0.77135,0.7716,1.00,2.20
2008.07.17 06:28:24.797,0.77135,0.7715,1.00,1.00
2008.07.17 06:28:24.915,0.7713,0.7715,2.00,1.00
2008.07.17 06:28:25.172,0.7713,0.7715,1.20,1.00
2008.07.17 06:28:25.293,0.7713,0.7715,1.20,1.00
2008.07.17 06:28:27.303,0.7713,0.7715,2.00,1.00
2008.07.17 06:28:41.059,0.77135,0.7716,1.00,2.40
2008.07.17 06:28:41.374,0.77135,0.7716,1.70,1.40
2008.07.17 06:28:41.670,0.77135,0.7716,2.70,1.00
2008.07.17 06:28:41.975,0.77135,0.7716,5.90,1.00
2008.07.17 06:28:43.533,0.7714,0.7716,2.70,1.00
2008.07.17 06:28:43.688,0.7714,0.7716,1.70,1.00
2008.07.17 06:28:43.982,0.7714,0.7716,4.90,1.00
2008.07.17 06:28:44.339,0.7714,0.7716,1.70,1.00
2008.07.17 06:28:48.986,0.77145,0.7717,1.70,1.40
2008.07.17 06:28:49.199,0.77145,0.7717,1.70,1.00
2008.07.17 06:28:49.608,0.7715,0.7718,2.50,4.10
2008.07.17 06:28:49.816,0.7715,0.7717,6.60,1.00
2008.07.17 06:28:50.225,0.7715,0.7718,5.60,1.60
2008.07.17 06:28:50.432,0.7715,0.7718,2.40,1.60
2008.07.17 06:28:50.516,0.7715,0.7718,2.40,2.50
2008.07.17 06:28:53.403,0.7715,0.7718,2.40,3.30
2008.07.17 06:28:53.643,0.7715,0.7717,1.60,1.00
2008.07.17 06:28:57.112,0.7715,0.7718,1.60,6.60
2008.07.17 06:28:57.856,0.7715,0.7718,1.60,3.30
2008.07.17 06:29:03.078,0.7715,0.7717,1.60,1.00
2008.07.17 06:29:03.489,0.7715,0.77175,1.60,1.40
2008.07.17 06:29:09.106,0.7715,0.7717,1.60,1.00
2008.07.17 06:29:09.577,0.7715,0.77175,1.60,1.40
2008.07.17 06:29:23.149,0.7715,0.7717,1.60,1.00
2008.07.17 06:29:23.280,0.7715,0.7717,1.00,1.60
2008.07.17 06:29:23.825,0.77145,0.7717,1.00,2.40
2008.07.17 06:29:24.359,0.77145,0.7717,1.00,1.60
2008.07.17 06:29:27.157,0.77145,0.7717,1.00,1.00
2008.07.17 06:29:28.098,0.77145,0.7717,1.00,1.60
2008.07.17 06:29:28.586,0.77145,0.7717,1.00,1.00
2008.07.17 06:29:28.782,0.77145,0.7717,1.00,1.60
2008.07.17 06:29:28.976,0.77145,0.7717,1.00,1.40
2008.07.17 06:29:29.188,0.77145,0.7717,1.00,1.60
2008.07.17 06:29:36.553,0.77145,0.7717,1.00,7.00
2008.07.17 06:29:36.923,0.7714,0.7717,1.20,4.80
2008.07.17 06:29:37.295,0.7714,0.77165,1.00,1.00
2008.07.17 06:29:38.995,0.7714,0.77165,1.00,1.40
2008.07.17 06:29:58.208,0.7714,0.7716,1.00,7.90
2008.07.17 06:29:58.421,0.7714,0.7716,1.00,1.60
2008.07.17 06:29:58.653,0.7714,0.77155,1.00,1.00
2008.07.17 06:29:58.847,0.7714,0.7715,1.00,1.00
2008.07.17 06:30:05.377,0.7714,0.7715,1.00,1.00
2008.07.17 06:30:17.655,0.7714,0.7715,1.00,1.60
2008.07.17 06:30:17.896,0.77125,0.7715,1.00,1.60
2008.07.17 06:30:21.996,0.77125,0.7715,1.00,2.20
2008.07.17 06:30:23.604,0.77125,0.7715,1.70,2.20
2008.07.17 06:30:23.716,0.77125,0.7715,1.70,1.40
2008.07.17 06:30:23.824,0.77125,0.7715,1.00,1.00
2008.07.17 06:30:29.131,0.77125,0.7715,1.70,1.00
2008.07.17 06:30:29.393,0.77125,0.7715,5.90,1.00
2008.07.17 06:30:34.722,0.7713,0.7715,1.00,1.00
2008.07.17 06:30:34.984,0.7713,0.7715,3.10,1.00
2008.07.17 06:30:38.113,0.77135,0.7715,1.00,1.00
2008.07.17 06:30:38.330,0.77135,0.7716,1.00,1.70
2008.07.17 06:30:38.516,0.77135,0.7716,1.00,1.00
2008.07.17 06:30:40.306,0.77135,0.7716,1.00,1.80
2008.07.17 06:30:41.652,0.7713,0.7716,5.10,2.40
2008.07.17 06:30:41.932,0.7713,0.7716,1.80,2.90
2008.07.17 06:30:42.212,0.7713,0.7715,1.00,1.00
2008.07.17 06:30:49.257,0.77125,0.7715,5.90,1.00
2008.07.17 06:30:49.702,0.77125,0.7715,2.70,3.20
2008.07.17 06:30:49.895,0.77125,0.7715,2.70,1.00
2008.07.17 06:30:50.082,0.77125,0.7715,5.90,1.00
2008.07.17 06:30:51.262,0.7713,0.7715,1.70,1.00
2008.07.17 06:30:52.319,0.77125,0.7715,4.10,3.20
2008.07.17 06:30:52.520,0.77125,0.7715,4.10,5.10
2008.07.17 06:30:52.716,0.77125,0.7715,1.70,5.10
2008.07.17 06:30:52.918,0.77125,0.7715,1.70,1.00
2008.07.17 06:30:53.183,0.77125,0.7715,4.90,1.00
2008.07.17 06:30:53.706,0.77125,0.7715,5.90,1.00
2008.07.17 06:30:54.093,0.7713,0.7715,1.00,1.00
2008.07.17 06:30:54.386,0.7713,0.7715,1.70,1.00
2008.07.17 06:31:00.834,0.7713,0.7715,1.00,1.00
2008.07.17 06:31:01.715,0.7713,0.7715,1.70,1.00
2008.07.17 06:31:04.173,0.7713,0.7715,1.00,1.00
2008.07.17 06:31:05.415,0.7713,0.7715,1.70,1.00
2008.07.17 06:31:07.395,0.77135,0.7716,1.00,2.20
2008.07.17 06:31:07.767,0.77135,0.7716,1.00,1.00
2008.07.17 06:31:09.807,0.7714,0.7716,1.00,1.00
2008.07.17 06:31:10.036,0.7714,0.7716,6.20,1.00
2008.07.17 06:31:17.522,0.7714,0.7716,1.70,1.00
2008.07.17 06:31:17.850,0.7714,0.7717,3.30,2.10
2008.07.17 06:31:18.128,0.77145,0.7717,1.70,6.40
2008.07.17 06:31:18.411,0.77145,0.7717,2.70,6.40
2008.07.17 06:31:18.589,0.77145,0.7717,5.90,6.40
2008.07.17 06:31:19.097,0.77145,0.7717,1.70,6.40
2008.07.17 06:31:20.898,0.77145,0.7717,1.70,1.00
2008.07.17 06:31:22.109,0.77145,0.7717,1.70,6.40
2008.07.17 06:31:27.224,0.77145,0.7717,1.70,8.60
2008.07.17 06:31:27.460,0.77145,0.7717,1.00,9.70
2008.07.17 06:31:27.909,0.77145,0.7717,1.70,9.70
2008.07.17 06:31:28.029,0.77145,0.7717,1.70,1.00
2008.07.17 06:31:28.369,0.77145,0.7717,1.70,6.40
2008.07.17 06:31:30.792,0.7715,0.7717,1.00,6.40
2008.07.17 06:31:31.082,0.7715,0.7717,6.20,6.20
2008.07.17 06:31:31.392,0.7715,0.7718,1.60,7.80
2008.07.17 06:31:31.704,0.7715,0.7718,1.60,2.50
2008.07.17 06:31:32.033,0.7715,0.7718,1.60,7.90
2008.07.17 06:31:35.049,0.7715,0.7718,2.40,1.40
2008.07.17 06:31:35.193,0.7715,0.7718,5.60,1.40
2008.07.17 06:31:35.475,0.7715,0.7718,2.40,1.40
2008.07.17 06:31:35.615,0.7715,0.7718,2.40,2.40
2008.07.17 06:31:39.979,0.7715,0.7717,1.60,5.40
2008.07.17 06:31:40.262,0.7715,0.77175,1.60,1.40
2008.07.17 06:31:41.567,0.7716,0.77175,5.90,1.00
2008.07.17 06:31:41.858,0.77155,0.77185,5.90,1.00
2008.07.17 06:31:42.221,0.77155,0.7718,5.10,1.00
2008.07.17 06:31:42.514,0.77155,0.77185,1.00,1.40
2008.07.17 06:31:44.794,0.7716,0.77185,6.00,1.00
2008.07.17 06:31:45.073,0.77155,0.7719,2.70,5.60
2008.07.17 06:31:45.354,0.77155,0.7719,5.90,2.40
2008.07.17 06:31:45.638,0.77155,0.7718,1.80,5.50
2008.07.17 06:31:45.812,0.77155,0.77185,1.00,1.40
2008.07.17 06:31:45.913,0.77155,0.7718,1.00,6.20
2008.07.17 06:31:46.440,0.77155,0.77185,1.00,4.70
2008.07.17 06:31:46.694,0.77155,0.77185,1.00,1.40
2008.07.17 06:31:48.342,0.77155,0.7718,1.00,6.30
2008.07.17 06:31:48.493,0.77155,0.7718,1.00,1.00
2008.07.17 06:31:48.783,0.77155,0.7718,1.00,1.40
2008.07.17 06:31:49.063,0.77155,0.7718,1.00,2.40
2008.07.17 06:31:50.814,0.7715,0.7718,1.60,2.40
2008.07.17 06:31:51.042,0.7715,0.7718,1.60,7.80
2008.07.17 06:31:51.502,0.7715,0.7718,1.60,2.40
2008.07.17 06:31:52.024,0.7715,0.7718,1.60,7.80
2008.07.17 06:32:06.410,0.7715,0.7718,2.40,6.80
2008.07.17 06:32:06.665,0.7715,0.7718,5.60,6.80
2008.07.17 06:32:06.869,0.7715,0.7718,6.60,6.20
2008.07.17 06:32:07.234,0.7715,0.7717,1.00,8.60
2008.07.17 06:32:07.591,0.77145,0.7717,1.00,8.60
2008.07.17 06:32:07.948,0.77145,0.7717,1.70,6.40
2008.07.17 06:32:08.178,0.77145,0.7717,4.90,6.40
2008.07.17 06:32:08.468,0.77145,0.7717,5.90,6.40
2008.07.17 06:32:10.368,0.77145,0.7717,5.90,8.60
2008.07.17 06:32:10.527,0.77145,0.7717,4.90,1.40
2008.07.17 06:32:10.619,0.77145,0.77165,4.90,1.00
2008.07.17 06:32:10.664,0.77145,0.77165,1.70,1.00
2008.07.17 06:32:13.810,0.77145,0.7717,1.70,8.60
2008.07.17 06:32:16.497,0.77145,0.7717,1.70,3.20
2008.07.17 06:32:17.528,0.77145,0.7717,4.90,1.00
2008.07.17 06:32:18.019,0.77145,0.7717,4.90,6.40
2008.07.17 06:32:18.244,0.77145,0.7717,5.90,6.40
2008.07.17 06:32:28.854,0.77145,0.7717,4.80,6.40
2008.07.17 06:32:35.840,0.77145,0.7717,4.80,1.00
2008.07.17 06:32:37.111,0.77145,0.7717,4.80,6.40
2008.07.17 06:32:39.041,0.77145,0.7717,4.80,1.00
2008.07.17 06:32:39.503,0.77145,0.7717,4.80,6.40
2008.07.17 06:32:46.518,0.77145,0.7717,3.90,6.40
2008.07.17 06:32:46.871,0.77145,0.7717,1.00,6.40
2008.07.17 06:32:47.095,0.77145,0.7717,4.80,6.40
2008.07.17 06:32:48.937,0.7715,0.7717,3.20,6.40
2008.07.17 06:32:49.008,0.7715,0.7717,4.00,1.00
2008.07.17 06:32:49.266,0.7715,0.7717,4.80,1.00
2008.07.17 06:32:49.498,0.7715,0.7718,5.50,6.20
2008.07.17 06:32:49.690,0.7715,0.7718,5.50,6.40
2008.07.17 06:32:50.087,0.7715,0.7718,2.20,6.40
2008.07.17 06:32:50.319,0.7715,0.7718,2.20,7.50
2008.07.17 06:32:50.566,0.7715,0.7718,5.50,6.40
2008.07.17 06:32:56.436,0.7715,0.7718,4.70,1.40
2008.07.17 06:32:56.537,0.7715,0.7718,4.70,7.10
2008.07.17 06:32:56.666,0.7715,0.7718,4.70,7.80
2008.07.17 06:32:56.736,0.7715,0.7718,1.40,7.80
2008.07.17 06:32:57.287,0.7715,0.7718,1.40,7.90
2008.07.17 06:32:58.376,0.7715,0.7718,1.40,8.20
2008.07.17 06:33:00.899,0.7715,0.7718,2.20,7.40
2008.07.17 06:33:01.017,0.7715,0.7718,2.20,1.20
2008.07.17 06:33:01.183,0.7715,0.7718,5.50,1.20
2008.07.17 06:33:09.870,0.7715,0.7718,1.40,2.00
2008.07.17 06:33:14.282,0.7715,0.7718,4.70,2.00
2008.07.17 06:33:14.722,0.7715,0.7718,5.50,1.20
2008.07.17 06:33:32.649,0.7715,0.7718,5.50,4.40
2008.07.17 06:33:33.977,0.7715,0.7718,5.50,1.00
2008.07.17 06:33:40.305,0.7715,0.7718,5.50,2.00
2008.07.17 06:33:40.656,0.7715,0.7718,3.90,2.80
2008.07.17 06:33:41.012,0.7715,0.7718,2.80,2.80
2008.07.17 06:33:41.146,0.7715,0.7718,1.00,2.40
2008.07.17 06:33:41.276,0.7715,0.7718,1.00,2.50
2008.07.17 06:33:41.597,0.7715,0.7718,1.00,2.80
2008.07.17 06:34:21.197,0.7715,0.7718,1.00,8.20
2008.07.17 06:34:22.805,0.7715,0.7718,1.00,2.80
2008.07.17 06:34:23.382,0.7715,0.7717,1.00,1.00
2008.07.17 06:34:27.820,0.7715,0.7717,1.00,5.50
2008.07.17 06:34:27.949,0.7715,0.7718,1.00,8.20
2008.07.17 06:34:28.120,0.7715,0.7718,1.00,2.80
2008.07.17 06:34:34.489,0.7715,0.7718,1.00,2.50
2008.07.17 06:34:37.833,0.7715,0.7718,1.00,7.90
2008.07.17 06:34:39.924,0.7715,0.7718,1.00,7.80
2008.07.17 06:34:40.056,0.7715,0.7717,1.00,5.50
2008.07.17 06:34:40.277,0.7715,0.7717,1.00,1.00
2008.07.17 06:34:40.795,0.7715,0.7717,1.00,5.50
2008.07.17 06:34:45.644,0.7715,0.7717,1.00,1.00
2008.07.17 06:34:47.342,0.7715,0.77175,1.00,1.00
2008.07.17 06:34:47.441,0.7715,0.7717,1.00,7.50
2008.07.17 06:34:47.662,0.7715,0.77175,1.00,1.40
2008.07.17 06:34:49.983,0.7715,0.77175,1.00,1.00
2008.07.17 06:34:50.336,0.7715,0.7718,1.00,3.20
2008.07.17 06:35:00.657,0.7715,0.7718,1.00,8.60
2008.07.17 06:35:02.816,0.7715,0.7718,1.00,3.20
2008.07.17 06:35:05.683,0.7715,0.77175,1.00,1.00
2008.07.17 06:35:07.885,0.7715,0.7717,1.00,5.40
2008.07.17 06:35:16.756,0.7715,0.77165,1.00,1.00
2008.07.17 06:35:19.735,0.7715,0.77175,1.00,3.90
2008.07.17 06:35:20.041,0.7715,0.77175,1.00,1.00
2008.07.17 06:35:30.351,0.7715,0.77175,1.00,1.40
2008.07.17 06:35:51.847,0.7715,0.7717,1.00,1.00
2008.07.17 06:35:52.455,0.7715,0.77175,1.40,1.00
2008.07.17 06:35:52.713,0.7715,0.77175,4.70,1.00
2008.07.17 06:35:53.074,0.7715,0.7718,5.50,3.30
2008.07.17 06:35:53.509,0.7715,0.7718,2.20,3.30
2008.07.17 06:35:53.697,0.7715,0.7718,1.40,1.70
2008.07.17 06:36:06.327,0.7715,0.7718,1.00,2.50
2008.07.17 06:36:06.435,0.7715,0.7718,1.00,2.40
2008.07.17 06:36:06.571,0.7715,0.7718,1.00,2.50
2008.07.17 06:36:54.805,0.7715,0.7718,1.00,2.40
2008.07.17 06:37:01.018,0.7715,0.7718,1.00,2.50
2008.07.17 06:37:26.673,0.7715,0.7718,1.00,2.40
2008.07.17 06:37:28.755,0.7715,0.7718,1.60,2.40
2008.07.17 06:37:31.183,0.7715,0.7718,1.60,2.50
2008.07.17 06:37:47.727,0.7715,0.7718,1.60,7.90
2008.07.17 06:37:52.030,0.7715,0.7718,1.60,2.50
2008.07.17 06:37:53.247,0.7715,0.77175,1.00,1.40
2008.07.17 06:37:53.458,0.77145,0.7717,1.70,9.90
2008.07.17 06:37:53.580,0.77145,0.7717,1.70,1.00
2008.07.17 06:37:53.840,0.77145,0.7717,5.90,1.00
2008.07.17 06:37:59.514,0.77145,0.7717,5.90,9.90
2008.07.17 06:37:59.586,0.77145,0.7717,4.90,9.90
2008.07.17 06:37:59.654,0.77145,0.7717,4.10,9.90
2008.07.17 06:37:59.753,0.77145,0.7717,1.00,1.00
2008.07.17 06:38:00.236,0.77145,0.7716,5.90,1.00
2008.07.17 06:38:04.404,0.77145,0.7717,5.90,1.00
2008.07.17 06:38:06.542,0.77145,0.7717,5.10,1.00
2008.07.17 06:38:06.692,0.77145,0.7717,4.10,1.00
2008.07.17 06:38:06.841,0.77145,0.7717,1.00,4.50
2008.07.17 06:38:07.132,0.77145,0.7717,2.70,1.00
2008.07.17 06:38:07.281,0.77145,0.7717,5.90,1.00
2008.07.17 06:38:14.009,0.77145,0.7717,5.10,1.00
2008.07.17 06:38:14.130,0.77145,0.7717,1.80,1.00
2008.07.17 06:38:14.251,0.77145,0.7717,1.00,4.00
2008.07.17 06:38:14.585,0.77145,0.7717,2.70,1.00
2008.07.17 06:38:14.955,0.77145,0.7717,5.90,1.00
2008.07.17 06:38:15.649,0.77145,0.7717,5.90,6.20
2008.07.17 06:38:17.138,0.77145,0.7717,5.90,1.00
2008.07.17 06:38:27.986,0.7715,0.7717,1.00,1.00
2008.07.17 06:38:28.229,0.7715,0.7718,2.40,2.50
2008.07.17 06:38:29.037,0.7715,0.7718,2.40,7.90
2008.07.17 06:38:29.147,0.7715,0.7717,1.60,5.40
2008.07.17 06:38:29.287,0.7715,0.7718,1.60,7.90
2008.07.17 06:38:29.827,0.7715,0.7718,1.60,2.50
2008.07.17 06:38:32.169,0.7715,0.7718,1.60,7.90
2008.07.17 06:38:35.546,0.7715,0.7718,2.40,7.90
2008.07.17 06:38:35.866,0.7715,0.7718,2.40,1.70
2008.07.17 06:38:36.186,0.7715,0.7718,1.60,7.90
2008.07.17 06:39:13.197,0.7715,0.7718,1.60,7.80
2008.07.17 06:39:14.902,0.7715,0.7718,1.60,7.90
2008.07.17 06:39:30.426,0.7715,0.7718,1.60,2.50
2008.07.17 06:39:34.608,0.7715,0.77175,1.60,1.00
2008.07.17 06:39:34.827,0.7715,0.77175,1.60,1.40
2008.07.17 06:39:35.140,0.7715,0.77175,1.60,1.00
2008.07.17 06:39:35.250,0.7715,0.7718,1.60,5.80
2008.07.17 06:39:35.395,0.7715,0.7718,1.60,2.50
2008.07.17 06:39:57.806,0.7715,0.77175,1.60,1.00
2008.07.17 06:39:58.414,0.7715,0.7718,1.60,2.50
2008.07.17 06:40:00.195,0.7715,0.77175,1.60,1.00
2008.07.17 06:40:01.304,0.7715,0.7718,1.60,2.50
2008.07.17 06:40:03.803,0.7715,0.77175,1.60,1.00
2008.07.17 06:40:13.873,0.7715,0.77175,1.60,1.40
2008.07.17 06:41:27.710,0.7715,0.7717,1.60,1.00
2008.07.17 06:41:28.909,0.7715,0.7717,1.60,5.50
2008.07.17 06:41:29.025,0.7715,0.7716,1.60,1.00
2008.07.17 06:41:38.312,0.7715,0.7718,1.60,2.40
2008.07.17 06:41:38.600,0.7715,0.7717,1.60,5.40
2008.07.17 06:41:38.889,0.7715,0.77175,1.60,1.40
2008.07.17 06:42:30.251,0.7715,0.77175,1.00,1.40
2008.07.17 06:42:30.649,0.7714,0.7716,4.00,1.00
2008.07.17 06:42:30.918,0.7714,0.7716,1.00,1.00
2008.07.17 06:42:31.444,0.7714,0.7716,1.00,1.40
2008.07.17 06:42:36.688,0.7714,0.7716,1.00,1.00
2008.07.17 06:42:37.008,0.7714,0.7716,1.70,1.00
2008.07.17 06:42:37.352,0.7714,0.7716,1.00,1.00
2008.07.17 06:42:37.446,0.7714,0.7716,5.40,1.00
2008.07.17 06:42:37.546,0.7714,0.7716,1.00,1.00
2008.07.17 06:42:37.678,0.7714,0.7716,1.00,1.60
2008.07.17 06:42:37.777,0.7714,0.7716,1.00,2.40
2008.07.17 06:42:40.655,0.7714,0.7716,1.00,1.40
2008.07.17 06:42:40.887,0.7714,0.7716,5.40,1.00
2008.07.17 06:42:41.121,0.7714,0.7716,1.00,1.00
2008.07.17 06:42:41.358,0.7714,0.7716,1.00,1.40
2008.07.17 06:42:44.763,0.7714,0.7716,1.00,1.00
2008.07.17 06:42:51.213,0.7714,0.7716,1.00,1.40
2008.07.17 06:42:52.643,0.7714,0.7716,5.40,1.40
2008.07.17 06:42:52.733,0.7714,0.7716,5.40,1.00
2008.07.17 06:42:53.063,0.7714,0.7716,1.00,1.00
2008.07.17 06:42:53.464,0.7714,0.7716,1.00,1.40
2008.07.17 06:43:02.646,0.7714,0.7716,1.00,1.00
2008.07.17 06:43:07.261,0.7714,0.7716,1.00,1.40
2008.07.17 06:43:08.088,0.7714,0.7716,1.00,1.00
2008.07.17 06:43:08.174,0.7714,0.7716,2.20,1.00
2008.07.17 06:43:08.447,0.7714,0.77165,2.90,1.00
2008.07.17 06:43:18.442,0.7714,0.7716,2.20,1.00
2008.07.17 06:43:18.609,0.7714,0.7716,1.00,1.40
2008.07.17 06:43:19.455,0.7714,0.7716,1.00,2.40
2008.07.17 06:43:24.647,0.7714,0.7716,1.00,1.40
2008.07.17 06:43:24.824,0.7714,0.7716,1.00,1.00
2008.07.17 06:43:30.332,0.7714,0.7716,2.20,1.00
2008.07.17 06:43:31.118,0.7714,0.7716,1.00,1.00
2008.07.17 06:43:33.295,0.7714,0.7716,2.20,1.00
2008.07.17 06:43:33.628,0.7714,0.7716,1.00,1.00
2008.07.17 06:43:34.242,0.7714,0.7716,4.80,1.00
2008.07.17 06:43:34.611,0.7714,0.77165,5.50,1.00
2008.07.17 06:43:34.841,0.7714,0.7717,5.50,2.40
2008.07.17 06:43:35.842,0.7714,0.7717,7.10,2.40
2008.07.17 06:43:37.227,0.77145,0.7717,3.20,1.40
2008.07.17 06:43:37.711,0.77145,0.7717,4.00,4.00
2008.07.17 06:43:37.942,0.77145,0.7717,1.00,4.00
2008.07.17 06:43:38.170,0.7714,0.7717,5.80,4.00
2008.07.17 06:43:38.677,0.7714,0.7717,5.80,5.10
2008.07.17 06:43:38.950,0.7714,0.7717,4.90,1.60
2008.07.17 06:43:39.677,0.77145,0.7717,3.20,1.60
2008.07.17 06:43:39.912,0.77145,0.7717,4.00,1.00
2008.07.17 06:43:40.336,0.77145,0.7717,1.00,1.00
2008.07.17 06:43:40.759,0.7714,0.7717,5.80,1.00
2008.07.17 06:43:41.639,0.7714,0.7717,6.70,1.00
2008.07.17 06:43:41.872,0.77145,0.7717,3.90,1.00
2008.07.17 06:43:42.124,0.77145,0.7717,4.80,1.00
2008.07.17 06:43:42.380,0.77145,0.7717,4.00,1.00
2008.07.17 06:43:42.569,0.77145,0.7717,1.00,1.00
2008.07.17 06:43:42.725,0.7714,0.7717,6.70,1.00
2008.07.17 06:43:47.956,0.77145,0.7717,3.20,1.00
2008.07.17 06:43:48.154,0.77145,0.7717,4.00,1.00
2008.07.17 06:43:48.729,0.77145,0.7717,3.20,1.00
2008.07.17 06:43:48.937,0.7714,0.7717,6.70,1.00
2008.07.17 06:43:55.771,0.7715,0.7717,2.10,1.00
2008.07.17 06:43:56.030,0.77145,0.7717,3.90,1.00
2008.07.17 06:43:56.338,0.77145,0.7717,4.00,1.60
2008.07.17 06:43:56.437,0.77145,0.7717,1.00,1.60
2008.07.17 06:43:56.704,0.7714,0.7717,4.90,1.60
2008.07.17 06:43:57.219,0.77145,0.7717,1.00,1.60
2008.07.17 06:43:57.312,0.77145,0.7717,3.20,1.00
2008.07.17 06:43:57.888,0.77145,0.7717,4.00,1.00
2008.07.17 06:44:01.337,0.77145,0.7717,4.80,1.00
2008.07.17 06:44:02.100,0.7715,0.7717,1.00,1.00
2008.07.17 06:44:02.318,0.7715,0.7717,2.80,1.00
2008.07.17 06:44:02.535,0.77145,0.7717,4.80,1.00
2008.07.17 06:44:02.894,0.7715,0.7718,2.80,2.40
2008.07.17 06:44:05.265,0.7715,0.77175,1.00,1.00
2008.07.17 06:44:05.894,0.7715,0.7718,1.00,2.40
2008.07.17 06:44:06.734,0.7715,0.7718,1.00,1.40
2008.07.17 06:44:06.804,0.7715,0.7718,2.80,1.40
2008.07.17 06:44:07.270,0.7715,0.7718,2.80,2.40
2008.07.17 06:44:17.981,0.7715,0.7718,1.40,2.40
2008.07.17 06:44:34.320,0.7715,0.7718,1.00,2.40
2008.07.17 06:44:34.829,0.7715,0.7718,1.40,1.40
2008.07.17 06:44:37.656,0.77155,0.7718,1.00,1.40
2008.07.17 06:44:37.749,0.7716,0.7718,1.00,1.00
2008.07.17 06:44:38.045,0.7716,0.7719,1.00,2.40
2008.07.17 06:44:38.891,0.77155,0.7719,4.80,2.40
2008.07.17 06:44:41.455,0.77155,0.77185,3.90,1.00
2008.07.17 06:44:41.593,0.77155,0.77185,1.00,1.00
2008.07.17 06:44:51.118,0.7716,0.77185,1.00,1.00
2008.07.17 06:44:51.341,0.7716,0.7719,1.00,5.60
2008.07.17 06:44:51.557,0.77155,0.7719,1.60,5.60
2008.07.17 06:44:51.775,0.77155,0.7719,4.80,2.40
2008.07.17 06:44:51.993,0.7716,0.7719,1.00,2.40
2008.07.17 06:45:01.962,0.7716,0.77185,1.00,1.00
2008.07.17 06:45:02.201,0.7716,0.77185,1.00,1.40
2008.07.17 06:46:06.324,0.77129,0.77163,1.00,1.30
2008.07.17 06:46:06.730,0.77135,0.7717,1.00,4.00
2008.07.17 06:46:06.903,0.77138,0.77173,1.70,1.00
2008.07.17 06:46:07.225,0.77137,0.77177,1.70,1.00
2008.07.17 06:46:07.404,0.77141,0.77171,1.00,3.70
2008.07.17 06:46:07.735,0.77138,0.77173,1.00,1.00
2008.07.17 06:46:07.930,0.77149,0.77164,1.40,3.70
2008.07.17 06:46:08.295,0.77147,0.77172,1.00,1.30
2008.07.17 06:46:08.657,0.77148,0.77178,1.40,1.00
2008.07.17 06:46:09.024,0.77148,0.77183,1.60,1.00
2008.07.17 06:46:11.364,0.77149,0.77184,1.00,1.00
2008.07.17 06:46:11.654,0.77153,0.77188,1.00,1.00
2008.07.17 06:46:11.914,0.77157,0.77192,1.00,1.00
2008.07.17 06:46:12.209,0.77165,0.77195,1.00,1.00
2008.07.17 06:46:12.399,0.77159,0.77195,1.00,1.30
2008.07.17 06:46:13.729,0.7715,0.77185,3.90,1.00
2008.07.17 06:46:16.584,0.77142,0.77177,1.70,1.00
2008.07.17 06:46:16.771,0.7714,0.77175,3.90,1.30
2008.07.17 06:46:24.770,0.77141,0.77176,1.40,3.70
2008.07.17 06:46:25.250,0.77144,0.77179,1.60,1.00
2008.07.17 06:46:25.348,0.77148,0.77183,1.40,1.00
2008.07.17 06:46:25.456,0.77148,0.77183,1.40,3.70
2008.07.17 06:46:25.775,0.77145,0.7718,1.00,4.00
2008.07.17 06:46:25.881,0.77143,0.77163,1.40,5.90
2008.07.17 06:46:26.039,0.77131,0.77151,1.00,1.00
2008.07.17 06:46:26.210,0.77132,0.77142,3.90,1.30
2008.07.17 06:46:26.289,0.77141,0.77151,1.70,1.00
2008.07.17 06:46:26.368,0.77146,0.77156,1.00,1.30
2008.07.17 06:46:26.451,0.77153,0.77158,1.00,1.00
2008.07.17 06:46:26.531,0.77152,0.77162,1.00,1.00
2008.07.17 06:46:26.646,0.7714,0.77175,1.70,1.00
2008.07.17 06:46:34.244,0.77142,0.77177,1.40,1.00
2008.07.17 06:46:34.818,0.7714,0.77175,1.00,4.00
2008.07.17 06:46:34.939,0.7714,0.77175,1.70,4.00
2008.07.17 06:46:35.055,0.77139,0.77174,1.00,1.00
2008.07.17 06:46:57.270,0.77138,0.77173,1.00,4.00
2008.07.17 06:46:57.341,0.77139,0.77174,1.00,2.00
2008.07.17 06:46:57.630,0.77143,0.77173,2.00,4.00
2008.07.17 06:46:57.900,0.77143,0.77173,2.40,1.00
2008.07.17 06:47:12.152,0.7716,0.77185,1.00,1.00
2008.07.17 06:47:18.108,0.7716,0.77185,1.00,1.40
2008.07.17 06:47:21.283,0.7716,0.77185,1.00,1.00
2008.07.17 06:47:21.788,0.7716,0.77185,1.00,1.40
2008.07.17 06:47:24.349,0.7716,0.77185,1.00,1.00
2008.07.17 06:47:24.657,0.7716,0.7719,1.00,2.40
2008.07.17 06:47:25.619,0.7716,0.7719,1.00,3.50
2008.07.17 06:47:27.767,0.7716,0.77185,1.00,1.40
2008.07.17 06:47:43.685,0.7717,0.7719,4.50,5.90
2008.07.17 06:47:43.913,0.77165,0.7719,4.00,1.60
2008.07.17 06:47:44.332,0.77165,0.7719,3.20,2.40
2008.07.17 06:47:44.436,0.7716,0.7719,6.00,2.40
2008.07.17 06:47:44.770,0.7716,0.77185,6.00,1.00
2008.07.17 06:47:45.155,0.7716,0.77185,3.90,1.40
2008.07.17 06:47:51.668,0.7716,0.77185,3.90,1.00
2008.07.17 06:47:53.959,0.7716,0.77185,3.90,1.40
2008.07.17 06:48:09.876,0.7716,0.77185,3.90,1.00
2008.07.17 06:48:17.347,0.7716,0.77185,3.90,1.40
2008.07.17 06:48:46.167,0.7716,0.77185,3.90,1.00
2008.07.17 06:48:49.211,0.7716,0.77185,3.90,1.40
2008.07.17 06:48:57.730,0.7716,0.77185,6.00,1.40
2008.07.17 06:48:57.776,0.7716,0.77185,6.00,1.00
2008.07.17 06:48:57.963,0.7716,0.7719,6.00,6.70
2008.07.17 06:48:58.361,0.7716,0.7719,7.00,6.70
2008.07.17 06:48:58.599,0.7716,0.7719,7.00,3.50
2008.07.17 06:48:58.763,0.7716,0.7719,7.00,2.40
2008.07.17 06:49:05.833,0.7716,0.7719,1.60,1.60
2008.07.17 06:49:06.281,0.7716,0.7719,4.80,1.60
2008.07.17 06:49:09.111,0.7716,0.7719,5.50,1.60
2008.07.17 06:49:09.349,0.7716,0.7719,5.50,2.90
2008.07.17 06:49:09.670,0.7716,0.7719,4.80,2.90
2008.07.17 06:49:09.749,0.7716,0.7719,4.80,1.80
2008.07.17 06:49:09.889,0.7716,0.7719,4.80,1.60
2008.07.17 06:49:13.637,0.7716,0.7719,5.50,1.60
2008.07.17 06:49:13.858,0.7716,0.7719,5.50,1.00
2008.07.17 06:49:18.119,0.77165,0.7719,1.00,1.00
2008.07.17 06:49:18.349,0.77165,0.7719,1.60,1.00
2008.07.17 06:49:18.593,0.77165,0.7719,4.80,1.00
2008.07.17 06:49:18.830,0.7717,0.772,5.90,2.40
2008.07.17 06:49:24.497,0.7717,0.772,4.90,2.40
2008.07.17 06:49:24.828,0.7717,0.772,1.00,2.40
2008.07.17 06:49:24.946,0.7717,0.77195,1.00,1.40
2008.07.17 06:49:29.378,0.7716,0.7719,5.50,3.50
2008.07.17 06:49:36.833,0.7716,0.7719,4.70,1.40
2008.07.17 06:49:37.075,0.7716,0.7719,1.40,1.40
2008.07.17 06:49:37.315,0.77165,0.7719,1.00,4.00
2008.07.17 06:49:37.355,0.77165,0.7719,1.00,1.00
2008.07.17 06:49:37.514,0.7716,0.7719,2.20,1.00
2008.07.17 06:49:37.672,0.7716,0.7719,5.50,1.00
2008.07.17 06:49:40.240,0.7716,0.7719,6.60,1.00
2008.07.17 06:49:40.472,0.77165,0.7719,1.60,1.00
2008.07.17 06:49:40.702,0.77165,0.7719,4.80,1.00
2008.07.17 06:49:40.929,0.77165,0.7719,4.00,1.00
2008.07.17 06:49:41.153,0.77165,0.7719,3.20,1.00
2008.07.17 06:49:41.374,0.7716,0.7719,6.60,1.00
2008.07.17 06:49:41.993,0.7716,0.7719,6.60,1.60
2008.07.17 06:49:43.577,0.7716,0.7719,6.60,1.00
2008.07.17 06:49:47.683,0.77165,0.7719,1.00,1.00
2008.07.17 06:49:47.885,0.77165,0.7719,1.60,1.00
2008.07.17 06:49:48.086,0.77165,0.7719,4.80,1.00
2008.07.17 06:49:48.483,0.77165,0.7719,3.20,1.00
2008.07.17 06:49:48.685,0.7716,0.7719,6.60,1.00
2008.07.17 06:49:54.353,0.7717,0.7719,2.10,1.00
2008.07.17 06:49:54.689,0.7717,0.7719,5.20,1.00
2008.07.17 06:49:54.972,0.7717,0.772,5.90,2.40
2008.07.17 06:49:55.552,0.7717,0.772,2.20,1.40
2008.07.17 06:49:56.094,0.77175,0.772,4.80,4.00
2008.07.17 06:49:56.652,0.7718,0.772,2.80,1.00
2008.07.17 06:49:57.129,0.7719,0.7721,3.90,1.20
2008.07.17 06:49:57.262,0.7719,0.7721,4.70,1.00
2008.07.17 06:49:57.392,0.7719,0.77225,5.50,1.40
2008.07.17 06:49:57.752,0.7719,0.7721,4.80,1.00
2008.07.17 06:49:58.004,0.7719,0.7721,4.00,1.60
2008.07.17 06:49:58.307,0.7718,0.77205,4.90,1.00
2008.07.17 06:49:58.563,0.7718,0.77205,3.90,1.00
2008.07.17 06:49:58.851,0.7718,0.7721,3.90,2.40
2008.07.17 06:49:59.949,0.7718,0.7721,3.90,3.50
2008.07.17 06:50:05.981,0.7718,0.77205,4.90,1.00
2008.07.17 06:50:06.279,0.7718,0.77205,4.90,1.40
2008.07.17 06:50:08.914,0.7718,0.77205,3.90,1.00
2008.07.17 06:50:11.439,0.7718,0.77205,4.90,1.00
2008.07.17 06:50:11.676,0.7718,0.77205,4.90,1.40
2008.07.17 06:50:11.920,0.7718,0.77205,1.40,1.00
2008.07.17 06:50:12.061,0.7718,0.77205,1.00,1.00
2008.07.17 06:50:12.178,0.7718,0.7721,4.80,1.80
2008.07.17 06:50:12.288,0.7718,0.7721,12.40,1.80
2008.07.17 06:50:12.476,0.772,0.7721,1.00,1.00
2008.07.17 06:50:12.579,0.772,0.7723,1.60,2.40
2008.07.17 06:50:12.925,0.772,0.7723,2.20,2.40
2008.07.17 06:50:13.057,0.772,0.7723,1.60,2.40
2008.07.17 06:50:13.295,0.772,0.7723,1.00,2.40
2008.07.17 06:50:13.452,0.772,0.7723,1.00,3.50
2008.07.17 06:50:15.863,0.772,0.7723,1.00,4.00
2008.07.17 06:50:15.966,0.77195,0.7722,3.90,1.00
2008.07.17 06:50:16.066,0.77195,0.77215,3.20,1.00
2008.07.17 06:50:16.167,0.7719,0.77215,4.00,1.00
2008.07.17 06:50:16.617,0.7719,0.7721,4.00,1.00
2008.07.17 06:50:16.849,0.7719,0.7721,1.00,1.00
2008.07.17 06:50:17.076,0.7718,0.7721,1.00,1.40
2008.07.17 06:50:21.924,0.7718,0.77205,1.00,1.00
2008.07.17 06:50:22.183,0.77175,0.77205,1.00,1.40
2008.07.17 06:50:22.326,0.77175,0.772,1.00,1.00
2008.07.17 06:50:23.412,0.7717,0.772,2.20,1.70
2008.07.17 06:50:23.534,0.7717,0.772,2.20,2.50
2008.07.17 06:50:23.668,0.77175,0.772,1.00,2.50
2008.07.17 06:50:24.919,0.77175,0.772,1.00,3.50
2008.07.17 06:50:26.462,0.77175,0.772,1.00,2.50
2008.07.17 06:50:26.814,0.77175,0.772,1.80,1.80
2008.07.17 06:50:27.164,0.77175,0.772,1.80,1.00
2008.07.17 06:50:27.966,0.77175,0.772,2.70,1.00
2008.07.17 06:50:29.053,0.77175,0.772,5.90,1.00
2008.07.17 06:50:29.326,0.7718,0.772,1.00,1.00
2008.07.17 06:50:29.573,0.7718,0.772,2.70,1.00
2008.07.17 06:50:30.271,0.7718,0.7721,3.30,1.40
2008.07.17 06:50:30.512,0.7718,0.7721,2.40,1.40
2008.07.17 06:50:30.602,0.7718,0.7721,1.60,2.40
2008.07.17 06:50:33.881,0.7718,0.7721,2.40,2.40
2008.07.17 06:50:34.121,0.7718,0.7721,3.30,1.40
2008.07.17 06:50:34.401,0.77185,0.7721,1.00,1.40
2008.07.17 06:50:34.550,0.77185,0.7721,1.00,6.70
2008.07.17 06:50:36.299,0.7718,0.7721,6.60,6.70
2008.07.17 06:50:37.189,0.7718,0.7721,6.60,7.80
2008.07.17 06:50:37.381,0.7718,0.7721,3.30,7.80
2008.07.17 06:50:37.608,0.7718,0.7721,3.30,1.40
2008.07.17 06:50:38.022,0.7718,0.7721,6.60,1.40
2008.07.17 06:50:38.324,0.7718,0.7721,6.60,6.70
2008.07.17 06:50:38.613,0.7718,0.7721,3.30,1.40
2008.07.17 06:50:39.697,0.7718,0.7721,6.60,6.70
2008.07.17 06:50:41.581,0.7718,0.772,1.00,1.00
2008.07.17 06:50:42.160,0.77175,0.772,1.00,1.40
2008.07.17 06:50:44.482,0.7717,0.772,1.60,1.40
2008.07.17 06:50:44.693,0.7717,0.77195,3.90,1.00
2008.07.17 06:50:47.108,0.7717,0.772,1.60,4.70
2008.07.17 06:50:47.428,0.7717,0.772,1.60,1.40
2008.07.17 06:50:47.527,0.7717,0.772,2.20,1.40
2008.07.17 06:50:57.028,0.7717,0.772,2.20,2.40
2008.07.17 06:51:00.343,0.7717,0.772,2.20,1.40
2008.07.17 06:51:00.528,0.77175,0.772,1.00,1.00
2008.07.17 06:51:00.722,0.77175,0.772,1.70,1.00
2008.07.17 06:51:01.087,0.7718,0.7721,1.00,1.40
2008.07.17 06:51:01.440,0.7718,0.7721,1.00,1.40
2008.07.17 06:51:01.809,0.7718,0.7721,1.60,1.40
2008.07.17 06:51:04.882,0.7718,0.7721,4.80,1.00
2008.07.17 06:51:05.065,0.7718,0.77215,4.80,1.40
2008.07.17 06:51:05.473,0.7718,0.77215,5.90,1.40
2008.07.17 06:51:05.590,0.77185,0.77215,1.00,1.00
2008.07.17 06:51:05.705,0.7719,0.77215,5.40,1.00
2008.07.17 06:51:05.967,0.7719,0.77215,3.20,1.00
2008.07.17 06:51:06.351,0.7719,0.77215,4.70,1.00
2008.07.17 06:51:06.683,0.77195,0.7722,1.00,1.60
2008.07.17 06:51:07.027,0.77195,0.7722,1.00,1.00
2008.07.17 06:51:07.445,0.77195,0.7722,4.00,1.00
2008.07.17 06:51:07.673,0.77195,0.7722,4.80,1.00
2008.07.17 06:51:08.238,0.772,0.7723,1.60,2.40
2008.07.17 06:51:08.494,0.77205,0.7723,1.00,2.40
2008.07.17 06:51:08.746,0.7721,0.7723,1.00,1.40
2008.07.17 06:51:08.997,0.7721,0.7722,5.50,1.00
2008.07.17 06:51:09.355,0.7721,0.7724,4.80,2.10
2008.07.17 06:51:09.704,0.7721,0.7724,1.60,2.90
2008.07.17 06:51:10.063,0.7721,0.77235,1.60,1.00
2008.07.17 06:51:11.600,0.77215,0.7724,1.70,1.40
2008.07.17 06:51:11.954,0.7722,0.7724,8.70,4.00
2008.07.17 06:51:12.305,0.7723,0.77255,2.20,3.20
2008.07.17 06:51:12.422,0.7723,0.7726,5.50,9.40
2008.07.17 06:51:12.542,0.7723,0.7726,4.70,1.40
2008.07.17 06:51:12.662,0.7723,0.7726,4.70,2.40
2008.07.17 06:51:12.790,0.7723,0.7726,1.40,2.40
2008.07.17 06:51:12.932,0.7723,0.7726,2.40,1.40
2008.07.17 06:51:13.153,0.77235,0.77265,1.60,3.20
2008.07.17 06:51:13.524,0.77235,0.7727,4.80,2.40
2008.07.17 06:51:14.519,0.77235,0.77265,4.00,1.00
2008.07.17 06:51:14.932,0.77235,0.77265,1.00,1.00
2008.07.17 06:51:15.182,0.7723,0.77265,6.60,1.40
2008.07.17 06:51:15.302,0.7723,0.77265,3.30,4.70
2008.07.17 06:51:15.617,0.7723,0.7726,2.40,11.40
2008.07.17 06:51:15.930,0.7723,0.7726,2.40,1.40
2008.07.17 06:51:19.582,0.7723,0.7726,1.60,2.40
2008.07.17 06:51:22.430,0.7723,0.7726,1.00,2.40
2008.07.17 06:51:22.792,0.7723,0.7726,1.00,5.60
2008.07.17 06:51:23.101,0.7723,0.77255,1.00,1.00
2008.07.17 06:51:25.452,0.7723,0.77255,1.00,1.40
2008.07.17 06:51:26.468,0.7723,0.77255,1.00,1.00
2008.07.17 06:51:27.097,0.7723,0.7726,1.00,2.40
2008.07.17 06:51:28.205,0.7723,0.7726,1.00,1.40
2008.07.17 06:51:28.562,0.7723,0.7726,1.00,2.40
2008.07.17 06:51:41.985,0.7723,0.77255,1.00,1.00
2008.07.17 06:51:42.164,0.7723,0.77255,1.00,1.40
2008.07.17 06:51:42.623,0.7723,0.7726,1.00,5.60
2008.07.17 06:51:42.785,0.7723,0.7726,1.00,2.40
2008.07.17 06:51:44.884,0.7723,0.77255,1.00,1.00
2008.07.17 06:51:45.245,0.7723,0.77255,1.00,1.40
2008.07.17 06:51:45.683,0.7723,0.77255,1.00,1.00
2008.07.17 06:51:45.876,0.7723,0.7726,1.00,2.40
2008.07.17 06:51:49.160,0.77225,0.7725,4.80,1.00
2008.07.17 06:51:55.248,0.77225,0.7725,4.00,1.00
2008.07.17 06:52:00.092,0.77225,0.7725,4.80,1.00
2008.07.17 06:52:06.131,0.77225,0.7725,1.60,1.00
2008.07.17 06:52:06.531,0.77225,0.7725,1.00,1.00
2008.07.17 06:52:08.993,0.77225,0.7725,4.80,1.00
2008.07.17 06:52:10.620,0.77225,0.7725,4.00,1.00
2008.07.17 06:52:10.850,0.77225,0.7725,1.00,1.00
2008.07.17 06:52:11.488,0.77225,0.7725,4.00,1.00
2008.07.17 06:52:11.807,0.77225,0.7725,4.00,6.20
2008.07.17 06:52:12.352,0.77225,0.7725,4.80,6.20
2008.07.17 06:52:17.050,0.77225,0.7724,1.00,5.40
2008.07.17 06:52:17.248,0.77215,0.77245,1.00,1.40
2008.07.17 06:52:17.426,0.77215,0.7724,1.00,6.20
2008.07.17 06:52:17.778,0.7721,0.7723,4.00,1.00
2008.07.17 06:52:17.957,0.7721,0.7723,3.20,1.00
2008.07.17 06:52:18.148,0.772,0.7723,1.00,4.00
2008.07.17 06:52:18.376,0.7719,0.77225,4.80,1.00
2008.07.17 06:52:18.963,0.7719,0.77225,4.00,1.00
2008.07.17 06:52:21.747,0.7719,0.77225,4.80,1.00
2008.07.17 06:52:22.010,0.772,0.7723,4.00,1.00
2008.07.17 06:52:22.488,0.7719,0.77225,4.00,1.00
2008.07.17 06:52:23.247,0.7719,0.77225,4.80,1.00
2008.07.17 06:52:23.354,0.772,0.7723,1.00,4.00
2008.07.17 06:52:23.614,0.772,0.7723,4.00,1.00
2008.07.17 06:52:24.882,0.772,0.77225,4.00,1.00
2008.07.17 06:52:25.125,0.772,0.77225,1.00,1.00
2008.07.17 06:52:25.760,0.77195,0.77225,4.00,1.00
2008.07.17 06:52:26.185,0.77195,0.7722,4.00,1.00
2008.07.17 06:52:27.916,0.77195,0.7722,5.10,1.00
2008.07.17 06:52:30.668,0.77195,0.7722,4.00,1.00
2008.07.17 06:52:30.783,0.77195,0.77215,4.00,1.00
2008.07.17 06:52:30.894,0.77195,0.77215,1.00,1.00
2008.07.17 06:52:31.103,0.77185,0.77215,4.00,1.00
2008.07.17 06:52:37.634,0.7719,0.77215,1.00,1.00
2008.07.17 06:52:37.744,0.7719,0.7722,1.00,1.00
2008.07.17 06:52:37.851,0.7719,0.7722,4.00,1.00
2008.07.17 06:52:40.796,0.772,0.77225,4.00,1.00
2008.07.17 06:52:41.847,0.772,0.77225,1.80,1.00
2008.07.17 06:52:42.397,0.772,0.7722,1.80,1.00
2008.07.17 06:52:42.727,0.772,0.7722,1.00,6.20
2008.07.17 06:52:43.053,0.77185,0.77215,5.10,1.00
2008.07.17 06:52:43.383,0.77185,0.77215,5.90,1.00
2008.07.17 06:52:46.884,0.77195,0.7722,3.20,1.00
2008.07.17 06:52:47.665,0.77195,0.77225,4.00,1.00
2008.07.17 06:52:48.819,0.772,0.7722,1.00,5.40
2008.07.17 06:52:49.169,0.772,0.7722,1.00,6.20
2008.07.17 06:52:49.533,0.772,0.7722,1.00,1.60
2008.07.17 06:52:49.660,0.77195,0.7722,1.00,7.00
2008.07.17 06:52:49.907,0.77195,0.7721,1.00,5.40
2008.07.17 06:52:50.395,0.77185,0.77215,1.80,1.40
2008.07.17 06:52:50.746,0.77185,0.77215,1.00,1.40
2008.07.17 06:52:55.309,0.7718,0.7721,4.00,6.20
2008.07.17 06:52:55.637,0.7718,0.7721,1.00,6.20
2008.07.17 06:52:55.726,0.77175,0.7721,5.90,1.40
2008.07.17 06:53:00.769,0.7718,0.7721,1.00,6.00
2008.07.17 06:53:00.895,0.7718,0.7721,3.90,6.00
2008.07.17 06:53:01.243,0.7718,0.7721,3.90,1.40
2008.07.17 06:53:01.619,0.7718,0.77205,3.90,1.00
2008.07.17 06:53:05.678,0.77185,0.77205,1.00,1.00
2008.07.17 06:53:05.995,0.77185,0.7721,1.00,1.00
2008.07.17 06:53:06.359,0.77185,0.7721,1.70,1.00
2008.07.17 06:53:10.138,0.77185,0.7721,1.00,1.00
2008.07.17 06:53:10.398,0.7719,0.77205,1.00,1.00
2008.07.17 06:53:11.540,0.7719,0.77205,1.60,1.00
2008.07.17 06:53:11.793,0.7719,0.77205,2.40,1.00
2008.07.17 06:53:12.054,0.7719,0.77215,2.40,1.00
2008.07.17 06:53:12.315,0.7719,0.7721,1.00,6.20
2008.07.17 06:53:12.573,0.7719,0.77205,1.00,1.00
2008.07.17 06:53:12.712,0.77185,0.77205,1.00,1.00
2008.07.17 06:53:13.152,0.7718,0.77205,2.40,1.00
2008.07.17 06:53:14.572,0.77185,0.77205,1.00,1.00
2008.07.17 06:53:14.841,0.77185,0.7721,1.00,1.00
2008.07.17 06:53:18.984,0.77185,0.77215,1.60,1.00
2008.07.17 06:53:19.140,0.77185,0.7721,1.00,1.00
2008.07.17 06:53:23.344,0.7718,0.7721,1.40,1.00
2008.07.17 06:53:23.549,0.7718,0.77205,1.40,3.20
2008.07.17 06:53:23.832,0.7718,0.772,1.40,1.00
2008.07.17 06:53:24.036,0.7718,0.772,8.20,1.40
2008.07.17 06:53:25.350,0.7718,0.772,3.20,1.40
2008.07.17 06:53:25.531,0.77175,0.772,1.00,1.40
2008.07.17 06:53:25.886,0.7717,0.77195,2.40,1.00
2008.07.17 06:53:28.389,0.7717,0.77195,4.90,1.00
2008.07.17 06:53:28.508,0.7717,0.77195,3.90,1.00
2008.07.17 06:53:31.441,0.77165,0.7719,1.00,7.50
2008.07.17 06:53:31.761,0.77165,0.77185,1.00,3.20
2008.07.17 06:53:32.461,0.7717,0.7719,1.40,1.00
2008.07.17 06:53:33.696,0.7717,0.7719,5.90,1.00
2008.07.17 06:53:33.872,0.77165,0.7719,1.70,1.00
2008.07.17 06:53:34.537,0.7717,0.77195,2.80,1.00
2008.07.17 06:53:35.753,0.7717,0.77195,1.00,1.00
2008.07.17 06:53:35.919,0.77165,0.77195,1.70,1.00
2008.07.17 06:53:36.147,0.77165,0.77195,1.70,4.70
2008.07.17 06:53:36.326,0.77165,0.7719,1.70,1.00
2008.07.17 06:53:37.908,0.7716,0.7718,1.40,1.00
2008.07.17 06:53:38.594,0.7716,0.7718,3.90,1.40
2008.07.17 06:53:38.803,0.7716,0.7718,1.40,1.00
2008.07.17 06:53:39.047,0.77165,0.7718,1.00,1.00
2008.07.17 06:53:39.835,0.77165,0.7719,1.00,1.00
2008.07.17 06:53:40.847,0.7716,0.7719,1.40,1.40
2008.07.17 06:53:41.340,0.7716,0.7718,3.90,1.00
2008.07.17 06:53:41.698,0.7716,0.7718,1.40,1.00
2008.07.17 06:53:42.390,0.7716,0.7718,2.80,1.00
2008.07.17 06:53:42.706,0.7716,0.7718,1.40,1.00
2008.07.17 06:53:42.837,0.7716,0.7718,2.80,1.40
2008.07.17 06:53:42.941,0.7716,0.7718,3.90,1.40
2008.07.17 06:53:43.193,0.7716,0.7718,1.40,1.00
2008.07.17 06:53:43.357,0.77165,0.7718,1.00,1.00
2008.07.17 06:53:43.517,0.7716,0.77185,1.40,3.90
2008.07.17 06:53:43.674,0.7716,0.77185,1.40,1.00
2008.07.17 06:53:43.838,0.7715,0.7716,4.40,6.20
2008.07.17 06:53:43.995,0.7715,0.7716,5.10,6.20
2008.07.17 06:53:44.167,0.7714,0.77155,14.10,1.00
2008.07.17 06:53:44.328,0.7714,0.7715,14.10,1.00
2008.07.17 06:53:44.694,0.7714,0.7715,1.00,1.40
2008.07.17 06:53:45.394,0.7714,0.7715,1.00,1.00
2008.07.17 06:53:48.125,0.7714,0.77155,1.00,3.20
2008.07.17 06:53:48.429,0.7714,0.7716,1.00,2.40
2008.07.17 06:53:48.806,0.7714,0.7716,1.00,1.60
2008.07.17 06:53:53.257,0.7714,0.7716,1.00,2.40
2008.07.17 06:53:55.660,0.7714,0.7716,1.00,1.40
2008.07.17 06:53:55.868,0.7714,0.7716,1.00,3.90
2008.07.17 06:53:56.184,0.7714,0.77165,1.00,2.00
2008.07.17 06:54:00.411,0.7714,0.77165,1.00,1.40
2008.07.17 06:54:00.501,0.7714,0.7717,1.00,4.70
2008.07.17 06:54:00.591,0.7714,0.7717,1.00,1.40
2008.07.17 06:54:13.530,0.7714,0.7717,6.30,1.00
2008.07.17 06:54:13.810,0.77145,0.77175,1.00,4.00
2008.07.17 06:54:14.238,0.7715,0.77175,1.00,1.00
2008.07.17 06:54:17.280,0.7715,0.77175,1.00,1.40
2008.07.17 06:54:17.569,0.7714,0.7717,6.70,1.00
2008.07.17 06:54:22.999,0.7715,0.77175,1.00,1.00
2008.07.17 06:54:23.339,0.7715,0.7718,1.00,2.40
2008.07.17 06:54:23.451,0.7715,0.77175,1.00,1.00
2008.07.17 06:54:25.528,0.7715,0.77175,1.00,1.40
2008.07.17 06:54:27.516,0.7715,0.77175,1.00,1.00
2008.07.17 06:54:31.925,0.77145,0.7715,4.80,11.60
2008.07.17 06:54:32.185,0.7714,0.7715,1.00,2.40
2008.07.17 06:54:32.487,0.7714,0.7715,1.00,2.90
2008.07.17 06:54:32.574,0.7713,0.77155,1.60,3.20
2008.07.17 06:54:32.916,0.7713,0.7716,3.90,1.40
2008.07.17 06:54:33.277,0.7713,0.7716,1.00,1.40
2008.07.17 06:54:40.633,0.7713,0.7716,1.00,2.40
2008.07.17 06:54:42.883,0.7713,0.7716,1.00,5.60
2008.07.17 06:54:43.078,0.7713,0.77155,1.00,1.00
2008.07.17 06:54:43.165,0.7713,0.7715,1.00,1.00
2008.07.17 06:54:43.579,0.7712,0.7715,2.40,1.40
2008.07.17 06:54:45.031,0.7712,0.7715,1.40,2.40
2008.07.17 06:54:45.280,0.7712,0.77145,1.40,1.00
2008.07.17 06:54:48.019,0.77115,0.7714,1.60,1.00
2008.07.17 06:54:48.191,0.77115,0.7714,4.80,1.00
2008.07.17 06:54:48.369,0.77115,0.7714,1.60,1.00
2008.07.17 06:54:48.553,0.7712,0.7714,3.20,1.40
2008.07.17 06:54:50.562,0.7711,0.7714,2.20,1.40
2008.07.17 06:54:50.698,0.7711,0.7714,1.40,1.40
2008.07.17 06:54:51.499,0.7711,0.7714,1.40,4.70
2008.07.17 06:54:51.782,0.7711,0.77135,1.40,1.00
2008.07.17 06:54:53.252,0.7711,0.7714,1.40,1.40
2008.07.17 06:54:53.470,0.7711,0.7714,1.40,4.70
2008.07.17 06:54:53.722,0.7711,0.7714,1.40,5.60
2008.07.17 06:54:54.199,0.7711,0.77135,1.40,1.00
2008.07.17 06:54:54.671,0.7711,0.77135,1.00,1.00
2008.07.17 06:54:55.148,0.7711,0.77135,1.00,3.90
2008.07.17 06:54:55.407,0.7711,0.7713,1.00,1.00
2008.07.17 06:54:55.547,0.771,0.7713,3.30,1.40
2008.07.17 06:54:55.687,0.77105,0.7713,1.00,1.40
2008.07.17 06:55:03.976,0.771,0.7713,3.30,1.40
2008.07.17 06:55:05.314,0.7711,0.7713,1.00,1.00
2008.07.17 06:55:08.220,0.77105,0.7713,3.20,1.40
2008.07.17 06:55:08.512,0.771,0.7713,3.30,1.40
2008.07.17 06:55:08.916,0.771,0.7713,2.20,1.40
2008.07.17 06:55:09.069,0.771,0.7713,2.20,5.60
2008.07.17 06:55:09.505,0.771,0.77125,1.40,1.00
2008.07.17 06:55:14.903,0.771,0.7712,1.00,1.00
2008.07.17 06:55:15.175,0.77085,0.77115,1.00,1.00
2008.07.17 06:55:15.445,0.7709,0.77115,1.00,1.00
2008.07.17 06:55:15.614,0.7709,0.77115,1.00,4.70
2008.07.17 06:55:15.776,0.7709,0.77115,1.00,4.00
2008.07.17 06:55:15.932,0.7709,0.77115,1.60,4.00
2008.07.17 06:55:16.025,0.7709,0.7712,1.60,2.40
2008.07.17 06:55:18.492,0.7709,0.77115,1.00,1.00
2008.07.17 06:55:19.082,0.7709,0.77115,1.00,3.90
2008.07.17 06:55:19.274,0.7709,0.7711,1.00,1.00
2008.07.17 06:55:19.645,0.7709,0.7711,1.00,1.40
2008.07.17 06:55:21.479,0.7709,0.7711,1.80,1.00
2008.07.17 06:55:21.661,0.77095,0.7711,1.00,1.00
2008.07.17 06:55:22.423,0.77095,0.7712,1.00,2.40
2008.07.17 06:55:22.611,0.77095,0.7712,1.00,1.40
2008.07.17 06:55:22.732,0.77095,0.7712,1.00,4.00
2008.07.17 06:55:23.122,0.771,0.7712,1.00,4.00
2008.07.17 06:55:23.591,0.771,0.7712,1.60,4.00
2008.07.17 06:55:23.958,0.7711,0.7712,1.00,1.00
2008.07.17 06:55:24.313,0.7711,0.7713,1.00,1.60
2008.07.17 06:55:24.675,0.77105,0.77125,1.00,1.00
2008.07.17 06:55:24.781,0.771,0.7712,3.20,1.00
2008.07.17 06:55:24.895,0.77095,0.7712,1.00,1.00
2008.07.17 06:55:25.001,0.77095,0.77125,1.00,1.40
2008.07.17 06:55:26.879,0.77095,0.7712,1.00,1.00
2008.07.17 06:55:27.130,0.7709,0.7712,1.00,1.40
2008.07.17 06:55:28.930,0.7709,0.7712,1.00,6.80
2008.07.17 06:55:29.259,0.7709,0.7711,1.00,5.40
2008.07.17 06:55:29.532,0.771,0.77105,1.00,1.00
2008.07.17 06:55:29.811,0.771,0.7712,1.00,1.40
2008.07.17 06:55:30.470,0.771,0.77115,1.00,1.00
2008.07.17 06:55:30.699,0.771,0.77115,1.00,1.40
2008.07.17 06:55:32.958,0.771,0.77115,1.00,1.00
2008.07.17 06:55:33.068,0.771,0.7712,1.00,3.20
2008.07.17 06:55:33.314,0.771,0.77125,1.00,1.40
2008.07.17 06:55:36.681,0.771,0.77125,1.60,1.00
2008.07.17 06:55:38.967,0.771,0.77125,4.80,1.00
2008.07.17 06:55:39.107,0.77105,0.77125,1.00,1.00
2008.07.17 06:55:39.481,0.77105,0.7713,1.00,1.60
2008.07.17 06:55:42.449,0.771,0.77125,3.90,1.00
2008.07.17 06:55:42.926,0.771,0.77125,1.00,1.00
2008.07.17 06:55:54.845,0.771,0.7713,1.60,2.40
2008.07.17 06:56:27.052,0.771,0.7713,2.20,2.40
2008.07.17 06:56:28.793,0.7712,0.7713,6.00,1.00
2008.07.17 06:56:29.008,0.7712,0.7714,6.20,1.00
2008.07.17 06:56:29.240,0.7712,0.7714,4.00,1.60
2008.07.17 06:56:29.455,0.7712,0.7714,1.00,1.60
2008.07.17 06:56:29.668,0.77105,0.77135,2.70,1.00
2008.07.17 06:56:30.799,0.77105,0.77135,5.90,1.00
2008.07.17 06:56:30.927,0.77105,0.7714,5.90,1.40
2008.07.17 06:56:31.161,0.77115,0.7714,1.00,1.00
2008.07.17 06:56:31.325,0.77115,0.77145,4.80,1.00
2008.07.17 06:56:31.554,0.77115,0.77145,4.80,1.40
2008.07.17 06:56:31.674,0.7712,0.77145,1.00,1.40
2008.07.17 06:56:32.356,0.77115,0.7714,1.80,1.00
2008.07.17 06:56:36.710,0.7712,0.77145,1.60,1.00
2008.07.17 06:56:36.976,0.7712,0.7715,1.60,2.40
2008.07.17 06:56:37.611,0.77125,0.7715,1.00,2.40
2008.07.17 06:56:37.926,0.7713,0.7715,12.80,1.40
2008.07.17 06:56:38.162,0.7713,0.7715,1.40,1.00
2008.07.17 06:56:38.805,0.7713,0.7716,1.40,1.40
2008.07.17 06:56:39.376,0.77125,0.7715,5.10,1.00
2008.07.17 06:56:39.735,0.77125,0.7715,1.00,1.40
2008.07.17 06:56:40.110,0.77125,0.7715,1.00,1.00
2008.07.17 06:56:40.536,0.77125,0.7715,1.00,1.40
2008.07.17 06:56:47.543,0.77125,0.7715,1.00,2.40
2008.07.17 06:56:47.815,0.7712,0.7715,1.60,5.60
2008.07.17 06:56:48.118,0.7712,0.77145,1.60,1.00
2008.07.17 06:56:48.389,0.7712,0.7714,4.10,1.00
2008.07.17 06:56:55.791,0.7712,0.7714,7.10,1.00
2008.07.17 06:56:55.998,0.7712,0.7714,8.10,1.00
2008.07.17 06:56:56.201,0.7712,0.7714,5.90,1.00
2008.07.17 06:56:56.428,0.7712,0.7714,5.10,1.00
2008.07.17 06:56:56.629,0.7712,0.7714,1.00,1.00
2008.07.17 06:56:57.763,0.7712,0.7714,7.10,1.00
2008.07.17 06:56:58.354,0.7712,0.7714,6.30,1.00
2008.07.17 06:56:58.566,0.7712,0.7714,11.70,1.00
2008.07.17 06:56:59.189,0.7712,0.7714,1.00,1.00
2008.07.17 06:57:00.208,0.7712,0.7714,7.00,1.00
2008.07.17 06:57:00.483,0.7712,0.7714,11.30,1.00
2008.07.17 06:57:00.764,0.7712,0.7714,5.20,1.00
2008.07.17 06:57:01.141,0.7712,0.7714,1.00,1.00
2008.07.17 06:57:02.672,0.7712,0.77145,1.60,1.00
2008.07.17 06:57:03.533,0.7712,0.7715,1.60,1.40
2008.07.17 06:57:04.386,0.7712,0.7715,1.60,2.40
2008.07.17 06:57:05.739,0.7712,0.7715,1.60,5.60
2008.07.17 06:57:06.159,0.7712,0.77145,1.60,1.00
2008.07.17 06:57:06.325,0.7712,0.7714,4.10,1.00
2008.07.17 06:57:10.115,0.7712,0.77145,2.40,1.00
2008.07.17 06:57:10.363,0.7712,0.77145,1.60,1.00
2008.07.17 06:57:10.577,0.7712,0.7715,1.60,1.40
2008.07.17 06:57:12.356,0.7712,0.7715,1.60,2.40
2008.07.17 06:57:17.734,0.7712,0.7715,3.90,2.40
2008.07.17 06:57:17.937,0.7712,0.77145,1.00,3.20
2008.07.17 06:57:18.055,0.7712,0.7714,1.00,2.80
2008.07.17 06:57:18.265,0.7712,0.7715,1.00,1.40
2008.07.17 06:57:18.836,0.7712,0.7715,1.00,2.40
2008.07.17 06:57:23.133,0.7712,0.7715,1.60,2.40
2008.07.17 06:57:23.297,0.7712,0.77145,1.60,1.00
2008.07.17 06:57:23.624,0.7712,0.7714,1.00,1.00
2008.07.17 06:57:30.667,0.7712,0.77145,2.40,1.00
2008.07.17 06:57:30.792,0.7712,0.7715,2.40,1.40
2008.07.17 06:57:31.400,0.7712,0.7715,2.40,2.40
2008.07.17 06:57:34.562,0.7712,0.7715,2.40,4.50
2008.07.17 06:57:34.589,0.7712,0.7715,1.60,4.50
2008.07.17 06:57:34.861,0.7712,0.7714,1.00,2.80
2008.07.17 06:57:35.129,0.77115,0.7714,1.70,1.40
2008.07.17 06:57:41.708,0.77115,0.7713,1.00,1.40
2008.07.17 06:57:41.870,0.7711,0.7713,1.00,1.00
2008.07.17 06:57:42.028,0.77105,0.7713,1.70,1.40
2008.07.17 06:57:42.753,0.7711,0.7713,1.00,1.00
2008.07.17 06:57:42.901,0.7711,0.77135,1.60,3.20
2008.07.17 06:57:43.308,0.7711,0.7714,1.00,1.40
2008.07.17 06:57:44.378,0.7711,0.77135,1.00,1.00
2008.07.17 06:57:44.562,0.771,0.7713,1.60,1.00
2008.07.17 06:57:44.878,0.771,0.7713,1.00,1.40
2008.07.17 06:57:49.693,0.771,0.7713,1.80,1.40
2008.07.17 06:57:49.945,0.7711,0.7713,9.30,1.00
2008.07.17 06:57:50.253,0.7712,0.7713,1.00,1.00
2008.07.17 06:57:50.563,0.7712,0.77145,1.00,1.00
2008.07.17 06:57:51.255,0.77115,0.77145,4.80,1.00
2008.07.17 06:57:51.432,0.77115,0.77135,4.00,1.00
2008.07.17 06:57:51.746,0.77115,0.77135,1.00,1.00
2008.07.17 06:57:52.247,0.77105,0.77135,1.00,1.40
2008.07.17 06:57:56.367,0.77115,0.7714,1.00,1.00
2008.07.17 06:57:56.886,0.77115,0.7714,1.00,4.00
2008.07.17 06:57:57.351,0.7711,0.7714,1.60,2.40
2008.07.17 06:58:02.355,0.7711,0.77135,1.00,1.00
2008.07.17 06:58:02.786,0.7711,0.77135,1.00,4.00
2008.07.17 06:58:03.015,0.771,0.7713,1.60,1.40
2008.07.17 06:58:04.137,0.7711,0.7713,1.00,1.40
2008.07.17 06:58:04.510,0.77115,0.77145,4.00,1.00
2008.07.17 06:58:04.862,0.7712,0.77145,1.00,1.00
2008.07.17 06:58:07.491,0.77115,0.77135,3.20,1.00
2008.07.17 06:58:07.808,0.77105,0.7713,3.90,1.00
2008.07.17 06:58:07.891,0.7711,0.7713,1.00,1.00
2008.07.17 06:58:08.125,0.7711,0.7713,3.90,1.00
2008.07.17 06:58:08.286,0.7711,0.7714,4.80,1.00
2008.07.17 06:58:08.442,0.7711,0.7714,4.80,1.40
2008.07.17 06:58:08.833,0.7711,0.7714,1.60,1.40
2008.07.17 06:58:09.991,0.77105,0.7713,3.20,1.00
2008.07.17 06:58:10.304,0.771,0.7713,1.00,1.00
2008.07.17 06:58:10.648,0.771,0.7713,1.60,1.40
2008.07.17 06:58:11.302,0.77095,0.7713,4.80,1.40
2008.07.17 06:58:13.375,0.77105,0.7713,1.00,1.00
2008.07.17 06:58:13.611,0.77105,0.7713,3.90,1.00
2008.07.17 06:58:13.759,0.77105,0.77135,4.80,1.00
2008.07.17 06:58:13.882,0.7711,0.7714,1.00,1.40
2008.07.17 06:58:14.860,0.7711,0.7714,1.00,1.00
2008.07.17 06:58:15.149,0.7711,0.7714,4.00,1.00
2008.07.17 06:58:15.569,0.7711,0.7714,1.00,1.00
2008.07.17 06:58:16.492,0.7711,0.7714,1.00,1.40
2008.07.17 06:58:16.960,0.7711,0.77145,1.60,4.70
2008.07.17 06:58:17.250,0.7711,0.77145,4.80,1.40
2008.07.17 06:58:18.087,0.7711,0.7714,4.80,1.00
2008.07.17 06:58:18.298,0.7711,0.7714,1.60,1.00
2008.07.17 06:58:19.001,0.7711,0.77145,1.60,4.70
2008.07.17 06:58:19.218,0.7711,0.77145,4.80,1.40
2008.07.17 06:58:21.733,0.7711,0.77145,1.60,4.70
2008.07.17 06:58:21.918,0.7711,0.7714,1.60,1.00
2008.07.17 06:58:23.379,0.7711,0.77145,1.60,4.70
2008.07.17 06:58:23.587,0.7711,0.77145,4.80,1.40
2008.07.17 06:58:24.669,0.7711,0.7714,1.60,1.00
2008.07.17 06:58:27.532,0.7711,0.77145,4.80,1.40
2008.07.17 06:58:27.781,0.7711,0.77145,5.90,1.40
2008.07.17 06:58:28.029,0.7711,0.7714,5.80,1.00
2008.07.17 06:58:28.337,0.7711,0.7714,2.50,1.40
2008.07.17 06:58:28.498,0.7711,0.7714,2.50,2.40
2008.07.17 06:58:36.691,0.77115,0.7714,1.00,2.40
2008.07.17 06:58:36.957,0.77115,0.7714,1.00,1.40
2008.07.17 06:58:37.228,0.77115,0.7714,4.10,1.40
2008.07.17 06:58:37.525,0.77115,0.7714,5.90,1.00
2008.07.17 06:58:37.723,0.77115,0.7714,2.70,1.00
2008.07.17 06:58:42.144,0.77115,0.7714,1.60,1.00
2008.07.17 06:58:44.103,0.77115,0.7714,4.80,1.00
2008.07.17 06:58:45.572,0.77115,0.7714,4.00,1.00
2008.07.17 06:58:45.914,0.77115,0.7714,1.00,1.00
2008.07.17 06:58:47.302,0.7711,0.77135,3.90,1.00
2008.07.17 06:58:47.554,0.7711,0.77135,3.20,1.00
2008.07.17 06:58:47.823,0.7711,0.77135,1.00,1.00
2008.07.17 06:58:48.161,0.7711,0.7714,1.60,4.70
2008.07.17 06:58:48.282,0.7711,0.7714,1.60,1.40
2008.07.17 06:58:48.431,0.77115,0.77145,1.00,4.70
2008.07.17 06:58:48.702,0.77115,0.77145,1.00,1.40
2008.07.17 06:58:49.559,0.7711,0.77145,5.50,1.40
2008.07.17 06:58:58.215,0.7711,0.7714,1.60,1.40
2008.07.17 06:58:58.579,0.7711,0.7714,1.60,2.40
2008.07.17 06:59:05.910,0.77115,0.7714,1.00,2.40
2008.07.17 06:59:12.489,0.77115,0.7714,1.80,1.00
2008.07.17 06:59:30.578,0.77115,0.7714,1.80,1.60
2008.07.17 06:59:30.804,0.77105,0.77135,2.70,1.00
2008.07.17 06:59:31.034,0.7711,0.77135,1.00,1.00
2008.07.17 06:59:31.263,0.7711,0.7714,1.60,1.00
2008.07.17 06:59:44.988,0.7711,0.7714,4.80,1.00
2008.07.17 06:59:45.914,0.7711,0.77145,4.80,1.40
2008.07.17 06:59:47.619,0.77115,0.77145,1.00,1.00
2008.07.17 06:59:48.098,0.7712,0.77145,1.00,1.00
2008.07.17 06:59:48.426,0.7712,0.7715,1.00,2.40
2008.07.17 06:59:57.540,0.77125,0.7715,1.00,2.40
2008.07.17 06:59:57.810,0.77125,0.7715,4.10,1.40
2008.07.17 06:59:58.109,0.7714,0.7716,1.00,3.90
2008.07.17 06:59:58.388,0.7714,0.7716,1.00,1.00
2008.07.17 06:59:58.585,0.77135,0.7716,4.00,1.00
2008.07.17 06:59:58.890,0.77135,0.77155,3.20,1.00
2008.07.17 06:59:59.046,0.77125,0.77155,3.90,1.00
2008.07.17 06:59:59.346,0.77125,0.77155,1.00,1.00
2008.07.17 06:59:59.867,0.77125,0.77155,3.90,1.00
