2017.07.06 21:00:00.026,0.72738,0.7277,1.50,0.75
2017.07.06 21:00:00.202,0.72738,0.72772,0.75,0.75
2017.07.06 21:00:00.394,0.72736,0.72774,0.75,1.12
2017.07.06 21:00:11.350,0.72741,0.72766,0.60,0.60
2017.07.06 21:00:16.311,0.72742,0.72767,0.60,0.60
2017.07.06 21:00:17.612,0.72739,0.7277,0.60,0.60
2017.07.06 21:01:00.518,0.7274,0.7277,0.37,0.60
2017.07.06 21:01:01.029,0.72739,0.72769,0.60,0.37
2017.07.06 21:02:00.118,0.72739,0.7277,0.60,0.60
2017.07.06 21:02:00.697,0.72739,0.72769,0.60,0.75
2017.07.06 21:02:40.707,0.72739,0.7277,0.60,1.35
2017.07.06 21:03:06.343,0.72739,0.72769,0.60,0.37
2017.07.06 21:03:35.726,0.72739,0.72764,0.60,0.75
2017.07.06 21:03:41.727,0.7274,0.72764,0.60,0.75
2017.07.06 21:04:12.016,0.72737,0.72764,1.60,1.00
2017.07.06 21:04:23.947,0.72738,0.72767,1.60,1.00
2017.07.06 21:04:56.478,0.72739,0.72768,1.35,1.00
2017.07.06 21:05:01.991,0.72739,0.72767,1.35,1.00
2017.07.06 21:05:02.092,0.72739,0.72767,1.00,1.60
2017.07.06 21:05:02.317,0.72739,0.72767,1.60,1.00
2017.07.06 21:05:02.549,0.72739,0.72767,1.00,1.60
2017.07.06 21:05:02.800,0.72739,0.72767,1.60,1.00
2017.07.06 21:05:03.048,0.72739,0.72767,1.00,1.60
2017.07.06 21:05:03.303,0.72739,0.72767,1.35,1.00
2017.07.06 21:05:03.455,0.72739,0.72767,1.00,1.60
2017.07.06 21:05:03.700,0.72739,0.72767,1.35,1.00
2017.07.06 21:05:03.964,0.72739,0.72767,1.00,1.60
2017.07.06 21:05:04.201,0.72739,0.72767,1.35,1.00
2017.07.06 21:05:04.451,0.72739,0.72767,1.00,1.60
2017.07.06 21:05:04.718,0.72739,0.72767,1.35,1.00
2017.07.06 21:05:04.972,0.72739,0.72767,1.00,1.60
2017.07.06 21:05:05.203,0.72739,0.72767,1.35,1.00
2017.07.06 21:05:05.355,0.72739,0.72767,1.00,1.60
2017.07.06 21:05:05.609,0.72737,0.72766,1.60,1.00
2017.07.06 21:05:05.710,0.72738,0.72768,1.60,1.00
2017.07.06 21:05:05.849,0.72738,0.72768,1.00,1.60
2017.07.06 21:05:06.124,0.72737,0.72766,1.00,1.60
2017.07.06 21:05:06.281,0.72738,0.72768,1.35,1.00
2017.07.06 21:05:06.332,0.72738,0.72765,1.42,1.00
2017.07.06 21:05:06.637,0.7275,0.72772,1.00,1.60
2017.07.06 21:05:06.748,0.7275,0.72772,1.00,1.00
2017.07.06 21:05:07.280,0.7275,0.72774,1.00,2.47
2017.07.06 21:05:07.788,0.72749,0.72773,1.00,1.12
2017.07.06 21:05:08.298,0.7275,0.72772,1.00,1.00
2017.07.06 21:05:08.800,0.72749,0.72772,1.00,1.35
2017.07.06 21:05:09.344,0.72749,0.72773,1.00,1.72
2017.07.06 21:05:09.998,0.7275,0.72774,1.00,1.87
2017.07.06 21:05:10.514,0.72749,0.72773,1.00,1.12
2017.07.06 21:05:11.149,0.7275,0.72774,1.00,1.87
2017.07.06 21:05:11.659,0.72751,0.72773,1.00,1.12
2017.07.06 21:05:12.202,0.72749,0.72773,1.00,1.12
2017.07.06 21:05:12.805,0.72751,0.72773,1.00,1.12
2017.07.06 21:05:13.273,0.72749,0.72773,1.00,1.12
2017.07.06 21:05:13.803,0.7275,0.72774,1.00,1.87
2017.07.06 21:05:14.351,0.72749,0.72773,1.00,1.12
2017.07.06 21:05:14.999,0.7275,0.72774,1.00,2.62
2017.07.06 21:05:15.503,0.72749,0.72773,1.00,1.12
2017.07.06 21:05:16.007,0.7275,0.72774,1.00,1.87
2017.07.06 21:05:16.651,0.72749,0.72773,1.00,1.12
2017.07.06 21:05:17.171,0.7275,0.72774,1.00,2.62
2017.07.06 21:05:17.779,0.72749,0.72773,1.00,1.87
2017.07.06 21:05:18.394,0.7275,0.72774,1.00,1.87
2017.07.06 21:05:18.621,0.7275,0.72769,1.00,1.00
2017.07.06 21:05:19.902,0.72749,0.72769,1.50,1.00
2017.07.06 21:05:20.353,0.72751,0.72769,1.00,1.00
2017.07.06 21:05:21.001,0.7275,0.72769,1.00,1.00
2017.07.06 21:05:22.119,0.72751,0.72769,1.00,1.00
2017.07.06 21:05:22.448,0.72749,0.72769,1.50,1.00
2017.07.06 21:05:22.960,0.7275,0.72769,1.00,1.00
2017.07.06 21:05:23.464,0.72751,0.72769,1.00,1.00
2017.07.06 21:05:24.019,0.72749,0.72769,1.50,1.00
2017.07.06 21:05:24.319,0.72751,0.72769,1.00,1.00
2017.07.06 21:05:24.848,0.72751,0.72768,1.00,1.00
2017.07.06 21:05:25.350,0.7275,0.72769,1.50,1.00
2017.07.06 21:05:25.921,0.7275,0.72768,1.00,1.00
2017.07.06 21:05:26.952,0.7275,0.72769,1.00,1.00
2017.07.06 21:05:27.574,0.72751,0.72768,1.00,1.00
2017.07.06 21:05:28.064,0.72749,0.72769,2.25,1.00
2017.07.06 21:05:28.699,0.7275,0.72768,1.50,1.00
2017.07.06 21:05:29.250,0.7275,0.72769,1.00,1.00
2017.07.06 21:05:29.827,0.72751,0.72769,1.00,1.00
2017.07.06 21:05:30.360,0.7275,0.72769,1.00,1.00
2017.07.06 21:05:31.070,0.72749,0.72769,1.50,1.00
2017.07.06 21:05:31.604,0.7275,0.72769,1.00,1.00
2017.07.06 21:05:35.107,0.72751,0.72768,1.00,1.00
2017.07.06 21:05:35.642,0.72751,0.72769,1.00,1.00
2017.07.06 21:05:36.152,0.72751,0.72768,1.00,1.00
2017.07.06 21:05:36.656,0.7275,0.72769,1.50,1.00
2017.07.06 21:05:39.278,0.7275,0.72768,1.00,1.00
2017.07.06 21:05:39.787,0.72751,0.72769,1.00,1.00
2017.07.06 21:05:40.307,0.7275,0.72769,1.00,1.00
2017.07.06 21:05:41.343,0.72749,0.72769,1.00,1.00
2017.07.06 21:05:41.903,0.7275,0.72769,1.00,1.00
2017.07.06 21:05:42.406,0.72749,0.72768,1.50,1.00
2017.07.06 21:05:43.554,0.7275,0.72768,1.00,1.00
2017.07.06 21:05:44.103,0.7275,0.72769,1.00,1.00
2017.07.06 21:05:44.850,0.72749,0.72769,1.00,1.00
2017.07.06 21:05:45.448,0.7275,0.72769,1.00,1.00
2017.07.06 21:05:46.149,0.72749,0.72769,1.00,1.00
2017.07.06 21:05:46.762,0.7275,0.72769,1.00,1.00
2017.07.06 21:05:47.294,0.72749,0.72769,1.00,1.00
2017.07.06 21:05:47.802,0.7275,0.72769,1.00,1.00
2017.07.06 21:05:48.350,0.72749,0.72769,1.00,1.00
2017.07.06 21:05:48.852,0.7275,0.72769,1.00,1.00
2017.07.06 21:05:49.354,0.72751,0.72769,1.00,1.00
2017.07.06 21:05:49.954,0.72749,0.72769,1.50,1.00
2017.07.06 21:05:50.493,0.7275,0.72769,1.50,1.00
2017.07.06 21:05:51.005,0.72751,0.72768,1.00,1.00
2017.07.06 21:05:51.200,0.72749,0.72769,1.50,1.00
2017.07.06 21:05:51.703,0.7275,0.72769,1.00,1.00
2017.07.06 21:05:52.299,0.72749,0.72769,1.50,1.00
2017.07.06 21:05:52.801,0.7275,0.72769,1.50,1.00
2017.07.06 21:05:55.060,0.72749,0.72769,1.50,1.00
2017.07.06 21:05:55.661,0.7275,0.72769,1.00,1.00
2017.07.06 21:05:56.664,0.72751,0.72769,1.00,1.00
2017.07.06 21:05:57.249,0.7275,0.72769,1.00,1.00
2017.07.06 21:05:57.799,0.72751,0.72768,1.00,1.00
2017.07.06 21:05:58.404,0.7275,0.72768,1.00,1.00
2017.07.06 21:05:58.999,0.7275,0.72769,1.00,1.00
2017.07.06 21:05:59.702,0.72749,0.72769,1.50,1.00
2017.07.06 21:06:00.921,0.7275,0.72769,1.00,1.00
2017.07.06 21:06:04.062,0.7275,0.72768,1.00,1.00
2017.07.06 21:06:04.605,0.72749,0.72769,1.50,1.50
2017.07.06 21:06:05.154,0.7275,0.72769,1.00,1.50
2017.07.06 21:06:05.715,0.7275,0.72768,1.00,1.00
2017.07.06 21:06:06.260,0.7275,0.72769,1.50,1.50
2017.07.06 21:06:07.303,0.72749,0.72769,1.50,1.50
2017.07.06 21:06:07.876,0.7275,0.72768,1.00,1.00
2017.07.06 21:06:08.659,0.7275,0.72769,1.00,1.50
2017.07.06 21:06:09.955,0.7275,0.72768,1.00,1.00
2017.07.06 21:06:10.501,0.7275,0.72769,1.00,1.50
2017.07.06 21:06:11.050,0.7275,0.72768,1.00,1.00
2017.07.06 21:06:11.601,0.72751,0.72768,1.00,1.00
2017.07.06 21:06:13.080,0.7275,0.72769,1.00,1.50
2017.07.06 21:06:13.643,0.72749,0.72769,1.50,1.50
2017.07.06 21:06:14.198,0.7275,0.72769,1.00,1.50
2017.07.06 21:06:15.549,0.7275,0.72768,1.50,1.00
2017.07.06 21:06:16.298,0.7275,0.72769,1.50,1.50
2017.07.06 21:06:16.898,0.72749,0.72768,1.50,1.00
2017.07.06 21:06:17.489,0.7275,0.72769,1.00,1.50
2017.07.06 21:06:18.365,0.7275,0.72768,1.00,1.00
2017.07.06 21:06:18.870,0.7275,0.72769,1.00,1.50
2017.07.06 21:06:20.157,0.7275,0.72768,1.00,1.00
2017.07.06 21:06:20.700,0.7275,0.72769,1.50,1.50
2017.07.06 21:06:21.304,0.72751,0.72769,1.00,1.50
2017.07.06 21:06:21.852,0.7275,0.72769,1.00,1.50
2017.07.06 21:06:22.359,0.72751,0.72769,1.00,1.50
2017.07.06 21:06:22.900,0.7275,0.72768,1.00,1.00
2017.07.06 21:06:23.551,0.7275,0.72769,1.50,1.50
2017.07.06 21:06:24.299,0.7275,0.72768,1.50,1.00
2017.07.06 21:06:24.944,0.7275,0.72769,1.00,1.50
2017.07.06 21:06:27.105,0.72751,0.72769,1.00,1.50
2017.07.06 21:06:27.610,0.72751,0.72768,1.00,1.00
2017.07.06 21:06:28.155,0.7275,0.72769,1.50,1.50
2017.07.06 21:06:28.656,0.7275,0.72768,1.50,1.00
2017.07.06 21:06:29.205,0.72751,0.72769,1.00,1.50
2017.07.06 21:06:29.818,0.7275,0.72769,1.00,1.50
2017.07.06 21:06:30.750,0.7275,0.72768,1.50,1.00
2017.07.06 21:06:31.958,0.7275,0.72769,1.50,1.50
2017.07.06 21:06:32.853,0.72751,0.72769,1.00,1.50
2017.07.06 21:06:33.450,0.7275,0.72769,1.00,1.50
2017.07.06 21:06:34.456,0.7275,0.72768,1.00,1.00
2017.07.06 21:06:35.099,0.7275,0.72769,1.50,1.50
2017.07.06 21:06:35.893,0.7275,0.72768,1.50,1.00
2017.07.06 21:06:36.815,0.72751,0.72769,1.00,1.50
2017.07.06 21:06:37.401,0.7275,0.72769,1.50,1.50
2017.07.06 21:06:37.949,0.7275,0.72768,1.50,1.00
2017.07.06 21:06:38.484,0.7275,0.72769,1.50,1.50
2017.07.06 21:06:40.095,0.7275,0.72768,1.50,1.00
2017.07.06 21:06:40.618,0.7275,0.72769,1.50,1.50
2017.07.06 21:06:41.259,0.7275,0.72771,1.00,1.50
2017.07.06 21:06:41.902,0.7275,0.7277,1.50,1.00
2017.07.06 21:06:42.503,0.72751,0.72771,1.00,1.50
2017.07.06 21:06:44.998,0.72751,0.7277,1.00,1.00
2017.07.06 21:06:45.507,0.72751,0.72771,1.00,1.50
2017.07.06 21:06:46.104,0.7275,0.72771,1.50,1.50
2017.07.06 21:06:46.650,0.7275,0.7277,1.50,1.00
2017.07.06 21:06:47.200,0.72751,0.72771,1.00,1.50
2017.07.06 21:06:47.803,0.72751,0.7277,1.00,1.00
2017.07.06 21:06:48.353,0.7275,0.72771,1.50,1.50
2017.07.06 21:06:49.302,0.7275,0.7277,1.50,1.00
2017.07.06 21:06:49.807,0.72751,0.72771,1.00,1.50
2017.07.06 21:06:50.323,0.72751,0.7277,1.00,1.00
2017.07.06 21:06:50.855,0.72751,0.72771,1.00,1.50
2017.07.06 21:06:51.361,0.72751,0.72772,1.00,1.00
2017.07.06 21:06:51.905,0.72751,0.72775,1.50,3.37
2017.07.06 21:07:00.703,0.72751,0.72775,1.50,3.37
2017.07.06 21:07:01.104,0.72751,0.72772,1.50,1.00
2017.07.06 21:07:01.646,0.72752,0.72772,1.00,1.50
2017.07.06 21:07:05.320,0.72751,0.72772,1.57,1.45
2017.07.06 21:07:13.404,0.72752,0.72772,1.00,1.45
2017.07.06 21:07:13.987,0.72751,0.72772,1.10,1.45
2017.07.06 21:07:17.560,0.72752,0.72772,1.00,1.45
2017.07.06 21:07:18.151,0.72751,0.72772,1.57,1.45
2017.07.06 21:07:20.764,0.72752,0.72772,1.00,1.45
2017.07.06 21:07:21.346,0.72751,0.72772,1.10,1.45
2017.07.06 21:07:21.852,0.72752,0.72772,1.00,1.45
2017.07.06 21:07:22.387,0.72751,0.72772,1.57,1.45
2017.07.06 21:07:25.570,0.72752,0.72772,1.00,1.45
2017.07.06 21:07:26.154,0.72751,0.72772,1.10,1.95
2017.07.06 21:07:26.681,0.72752,0.72772,1.00,1.95
2017.07.06 21:07:27.203,0.72751,0.72772,1.57,1.45
2017.07.06 21:07:28.473,0.72752,0.72772,1.00,1.45
2017.07.06 21:07:29.053,0.72751,0.72772,1.10,1.45
2017.07.06 21:07:37.106,0.72752,0.72772,1.00,1.95
2017.07.06 21:07:37.632,0.72751,0.72772,1.57,1.45
2017.07.06 21:08:05.427,0.72751,0.72773,1.50,2.25
2017.07.06 21:08:06.555,0.72751,0.72772,1.50,1.00
2017.07.06 21:08:07.103,0.72751,0.72773,1.50,2.25
2017.07.06 21:08:07.790,0.72751,0.72772,1.50,1.00
2017.07.06 21:08:08.400,0.72751,0.72773,1.50,2.25
2017.07.06 21:08:08.905,0.72751,0.72772,1.50,1.00
2017.07.06 21:08:09.439,0.72751,0.72773,1.50,2.25
2017.07.06 21:08:10.578,0.72751,0.72772,1.00,1.00
2017.07.06 21:08:11.568,0.72751,0.72773,1.00,1.50
2017.07.06 21:08:12.223,0.72751,0.72772,1.00,1.00
2017.07.06 21:08:12.787,0.72751,0.72773,1.00,1.50
2017.07.06 21:08:14.025,0.7275,0.72773,1.00,1.00
2017.07.06 21:08:14.582,0.72749,0.72773,1.00,1.50
2017.07.06 21:08:15.058,0.72751,0.72773,1.00,1.50
2017.07.06 21:08:15.726,0.72749,0.72773,1.00,1.50
2017.07.06 21:08:16.327,0.72749,0.72772,1.50,1.00
2017.07.06 21:08:25.637,0.7275,0.72772,1.00,1.50
2017.07.06 21:08:26.216,0.72749,0.72772,1.50,1.50
2017.07.06 21:08:26.752,0.7275,0.72772,1.00,1.50
2017.07.06 21:08:27.552,0.72749,0.72772,1.50,1.50
2017.07.06 21:08:29.472,0.7275,0.72772,1.00,1.50
2017.07.06 21:08:30.002,0.72749,0.72772,1.50,1.50
2017.07.06 21:08:30.651,0.7275,0.72772,1.00,3.00
2017.07.06 21:08:31.205,0.72749,0.72772,2.25,3.00
2017.07.06 21:08:31.761,0.7275,0.72772,1.00,1.50
2017.07.06 21:08:32.658,0.72749,0.72772,2.25,3.00
2017.07.06 21:08:35.549,0.7275,0.72772,1.00,3.00
2017.07.06 21:08:36.053,0.72749,0.72772,2.25,3.00
2017.07.06 21:08:37.451,0.7275,0.72772,1.00,3.00
2017.07.06 21:08:37.962,0.72749,0.72772,2.25,3.00
2017.07.06 21:08:39.059,0.7275,0.72772,1.00,3.00
2017.07.06 21:08:39.617,0.72749,0.72772,1.50,1.50
2017.07.06 21:08:41.979,0.7275,0.72772,1.00,1.50
2017.07.06 21:08:42.546,0.72749,0.72772,1.50,1.50
2017.07.06 21:08:48.105,0.7275,0.72772,1.00,1.50
2017.07.06 21:08:48.802,0.72749,0.72772,2.25,3.00
2017.07.06 21:08:49.315,0.7275,0.72772,1.00,3.00
2017.07.06 21:08:50.008,0.72749,0.72772,1.50,1.50
2017.07.06 21:08:52.605,0.7275,0.72772,1.00,1.50
2017.07.06 21:08:53.225,0.72749,0.72772,1.50,1.50
2017.07.06 21:08:53.800,0.7275,0.72772,1.00,3.00
2017.07.06 21:08:54.303,0.72749,0.72772,1.50,1.50
2017.07.06 21:08:55.412,0.7275,0.72772,1.00,1.50
2017.07.06 21:08:56.072,0.72749,0.72772,1.50,1.50
2017.07.06 21:08:56.673,0.7275,0.72772,1.00,2.25
2017.07.06 21:08:57.273,0.72751,0.72772,1.00,1.50
2017.07.06 21:08:57.716,0.72749,0.72772,1.50,1.50
2017.07.06 21:09:01.198,0.7275,0.72772,1.00,3.00
2017.07.06 21:09:01.742,0.72749,0.72772,2.25,3.00
2017.07.06 21:09:03.404,0.7275,0.72772,1.00,3.00
2017.07.06 21:09:04.153,0.7275,0.72771,1.42,1.00
2017.07.06 21:09:12.992,0.72751,0.72771,1.00,1.00
2017.07.06 21:09:13.493,0.7275,0.72771,1.00,1.00
2017.07.06 21:09:26.415,0.72751,0.72771,1.00,1.00
2017.07.06 21:09:26.952,0.7275,0.72771,1.00,1.00
2017.07.06 21:09:56.743,0.72749,0.72771,2.25,1.00
2017.07.06 21:09:57.301,0.7275,0.72771,1.00,1.00
2017.07.06 21:09:57.861,0.72749,0.72771,2.25,1.00
2017.07.06 21:09:58.656,0.7275,0.72771,1.00,1.00
2017.07.06 21:09:59.202,0.72749,0.72772,2.25,1.50
2017.07.06 21:10:01.205,0.72749,0.72771,2.25,1.00
2017.07.06 21:10:02.660,0.7275,0.72771,1.00,1.50
2017.07.06 21:10:03.162,0.72749,0.72771,1.50,1.00
2017.07.06 21:10:05.306,0.7275,0.72771,1.00,1.50
2017.07.06 21:10:05.823,0.72749,0.72771,1.50,1.00
2017.07.06 21:10:06.371,0.7275,0.72771,1.00,1.50
2017.07.06 21:10:06.909,0.72749,0.72771,1.50,1.00
2017.07.06 21:10:09.807,0.7275,0.72771,1.00,1.50
2017.07.06 21:10:10.661,0.72749,0.72771,1.50,1.00
2017.07.06 21:10:12.011,0.7275,0.72771,1.00,1.50
2017.07.06 21:10:12.672,0.72749,0.72771,1.50,1.00
2017.07.06 21:10:14.709,0.7275,0.72771,1.00,2.25
2017.07.06 21:10:15.405,0.72749,0.72771,1.50,1.50
2017.07.06 21:10:17.500,0.7275,0.72771,1.00,1.50
2017.07.06 21:10:18.218,0.7275,0.7277,1.00,1.00
2017.07.06 21:10:18.808,0.72749,0.72771,2.25,1.50
2017.07.06 21:10:19.870,0.72752,0.72771,1.00,1.00
2017.07.06 21:10:20.022,0.72755,0.72776,1.00,1.00
2017.07.06 21:10:20.308,0.72755,0.72779,1.50,1.00
2017.07.06 21:10:20.961,0.72755,0.7278,1.50,1.50
2017.07.06 21:10:24.182,0.72756,0.72778,1.00,1.00
2017.07.06 21:10:24.947,0.72756,0.72779,1.00,1.00
2017.07.06 21:10:25.532,0.72755,0.72779,1.50,1.00
2017.07.06 21:10:25.685,0.72755,0.72781,1.50,1.50
2017.07.06 21:10:26.698,0.72756,0.72781,1.00,1.50
2017.07.06 21:10:27.921,0.72755,0.72781,1.50,1.50
2017.07.06 21:10:28.626,0.72756,0.72781,1.00,1.50
2017.07.06 21:10:29.154,0.72755,0.72781,1.50,1.50
2017.07.06 21:10:29.205,0.72757,0.7278,1.00,1.00
2017.07.06 21:10:30.091,0.72756,0.7278,1.00,1.00
2017.07.06 21:11:33.367,0.72753,0.72781,1.00,1.00
2017.07.06 21:11:33.418,0.72755,0.72781,1.00,1.00
2017.07.06 21:11:41.337,0.72753,0.72781,1.00,1.00
2017.07.06 21:11:42.350,0.72754,0.72781,1.50,1.00
2017.07.06 21:11:42.875,0.72753,0.7278,2.25,1.00
2017.07.06 21:11:44.410,0.72754,0.7278,1.50,1.00
2017.07.06 21:11:44.920,0.72755,0.72781,1.50,1.50
2017.07.06 21:11:45.465,0.72755,0.7278,1.50,1.00
2017.07.06 21:11:46.012,0.72755,0.72781,1.50,1.50
2017.07.06 21:11:46.514,0.72755,0.7278,1.50,1.00
2017.07.06 21:11:47.114,0.72754,0.7278,1.00,1.00
2017.07.06 21:11:48.009,0.72755,0.7278,1.00,1.00
2017.07.06 21:11:48.884,0.72756,0.72779,1.00,1.00
2017.07.06 21:11:49.424,0.72756,0.7278,1.00,1.50
2017.07.06 21:11:50.085,0.72755,0.7278,1.00,1.50
2017.07.06 21:11:51.341,0.72754,0.7278,1.00,1.00
2017.07.06 21:11:51.941,0.72755,0.7278,1.00,1.50
2017.07.06 21:11:53.690,0.72754,0.7278,1.00,1.50
2017.07.06 21:11:55.969,0.72754,0.72779,1.00,1.00
2017.07.06 21:11:56.020,0.72756,0.72779,1.00,1.00
2017.07.06 21:11:56.560,0.72755,0.72779,1.00,1.00
2017.07.06 21:11:56.816,0.72756,0.72781,1.00,2.25
2017.07.06 21:11:57.345,0.72755,0.7278,2.25,1.00
2017.07.06 21:11:57.861,0.72756,0.7278,1.00,1.00
2017.07.06 21:11:58.495,0.72755,0.72781,1.00,1.50
2017.07.06 21:11:59.003,0.72755,0.7278,1.00,1.00
2017.07.06 21:12:00.212,0.72756,0.7278,1.00,1.00
2017.07.06 21:12:00.717,0.72756,0.72781,1.00,1.00
2017.07.06 21:12:01.361,0.72756,0.7278,1.00,1.00
2017.07.06 21:12:03.602,0.72757,0.7278,1.00,1.00
2017.07.06 21:12:05.512,0.72755,0.7278,1.00,1.00
2017.07.06 21:12:06.777,0.72755,0.72781,1.00,1.00
2017.07.06 21:12:07.712,0.72755,0.7278,1.00,1.00
2017.07.06 21:12:15.362,0.72756,0.72779,1.00,1.00
2017.07.06 21:12:15.923,0.72755,0.7278,1.00,1.00
2017.07.06 21:12:16.871,0.72755,0.72779,1.00,1.00
2017.07.06 21:12:17.512,0.72755,0.7278,1.00,1.50
2017.07.06 21:12:18.025,0.72755,0.72781,1.50,1.50
2017.07.06 21:12:18.563,0.72756,0.7278,1.00,1.00
2017.07.06 21:12:19.170,0.72755,0.7278,1.50,1.00
2017.07.06 21:12:19.863,0.72755,0.72781,1.50,1.50
2017.07.06 21:12:20.371,0.72755,0.7278,1.50,1.00
2017.07.06 21:12:22.426,0.72756,0.72779,1.00,1.00
2017.07.06 21:12:22.777,0.72755,0.72781,2.25,1.50
2017.07.06 21:12:23.306,0.72755,0.7278,1.00,1.00
2017.07.06 21:12:26.111,0.72755,0.72779,2.25,1.00
2017.07.06 21:12:26.717,0.72755,0.7278,1.00,1.50
2017.07.06 21:12:27.643,0.72755,0.72779,1.00,1.00
2017.07.06 21:12:28.167,0.72755,0.7278,1.00,1.50
2017.07.06 21:12:28.833,0.72756,0.7278,1.00,1.50
2017.07.06 21:12:29.523,0.72755,0.72779,1.00,1.00
2017.07.06 21:12:30.787,0.72755,0.7278,1.00,1.00
2017.07.06 21:12:31.971,0.72756,0.7278,1.00,1.50
2017.07.06 21:12:32.580,0.72755,0.7278,1.00,1.50
2017.07.06 21:12:34.868,0.72755,0.72781,1.00,2.25
2017.07.06 21:12:36.018,0.72755,0.7278,2.25,1.00
2017.07.06 21:12:36.540,0.72755,0.72779,1.00,1.00
2017.07.06 21:12:37.361,0.72755,0.7278,1.00,1.00
2017.07.06 21:12:37.968,0.72756,0.72779,1.00,1.00
2017.07.06 21:12:38.512,0.72755,0.7278,2.25,1.50
2017.07.06 21:12:39.285,0.72756,0.7278,1.00,1.00
2017.07.06 21:12:39.821,0.72756,0.72781,1.00,1.00
2017.07.06 21:12:40.748,0.72755,0.72781,2.25,1.00
2017.07.06 21:12:41.381,0.72756,0.7278,1.00,1.00
2017.07.06 21:12:41.922,0.72755,0.7278,1.00,1.00
2017.07.06 21:12:42.452,0.72756,0.7278,1.00,1.00
2017.07.06 21:12:43.071,0.72755,0.7278,1.00,1.00
2017.07.06 21:12:44.284,0.72756,0.7278,1.00,1.00
2017.07.06 21:12:44.811,0.72756,0.72781,1.00,1.00
2017.07.06 21:12:45.555,0.72755,0.72781,1.00,1.00
2017.07.06 21:12:46.044,0.72755,0.72779,2.25,1.00
2017.07.06 21:12:46.556,0.72755,0.7278,1.00,1.00
2017.07.06 21:12:47.102,0.72756,0.7278,1.00,1.00
2017.07.06 21:12:47.639,0.72755,0.7278,1.00,1.00
2017.07.06 21:12:48.473,0.72756,0.7278,1.00,1.00
2017.07.06 21:12:49.662,0.72755,0.7278,1.00,1.00
2017.07.06 21:12:50.314,0.72755,0.72779,1.00,1.00
2017.07.06 21:12:50.862,0.72755,0.72781,1.00,1.50
2017.07.06 21:12:51.409,0.72756,0.72781,1.00,1.00
2017.07.06 21:12:51.816,0.72755,0.72779,1.00,1.00
2017.07.06 21:12:53.499,0.72755,0.7278,1.00,1.50
2017.07.06 21:12:55.607,0.72756,0.72779,1.00,1.00
2017.07.06 21:12:56.169,0.72756,0.7278,1.00,1.00
2017.07.06 21:12:57.010,0.72756,0.72779,1.00,1.00
2017.07.06 21:12:57.409,0.72754,0.7278,2.25,1.00
2017.07.06 21:12:57.929,0.72755,0.7278,1.00,1.00
2017.07.06 21:13:00.287,0.72755,0.72781,1.00,1.50
2017.07.06 21:13:00.906,0.72755,0.7278,1.00,1.00
2017.07.06 21:13:02.110,0.72756,0.7278,1.00,1.00
2017.07.06 21:13:02.313,0.72754,0.72779,1.00,1.00
2017.07.06 21:13:02.910,0.72755,0.72779,1.00,1.00
2017.07.06 21:13:03.459,0.72755,0.7278,1.00,1.50
2017.07.06 21:13:04.009,0.72754,0.7278,1.00,1.50
2017.07.06 21:13:05.915,0.72754,0.72779,1.00,1.00
2017.07.06 21:13:06.422,0.72754,0.7278,1.00,1.50
2017.07.06 21:13:06.981,0.72755,0.72779,1.00,1.00
2017.07.06 21:13:08.485,0.72754,0.72779,1.00,1.00
2017.07.06 21:13:09.613,0.72754,0.7278,2.25,1.00
2017.07.06 21:13:10.510,0.72755,0.7278,1.00,1.00
2017.07.06 21:13:11.056,0.72754,0.72779,2.25,1.00
2017.07.06 21:13:11.512,0.72755,0.72781,1.00,1.50
2017.07.06 21:13:12.761,0.72755,0.7278,2.25,1.00
2017.07.06 21:13:13.090,0.72753,0.7278,2.25,1.00
2017.07.06 21:13:13.612,0.72754,0.7278,1.00,1.00
2017.07.06 21:13:14.378,0.72753,0.7278,3.00,1.00
2017.07.06 21:13:14.988,0.72754,0.7278,1.50,1.00
2017.07.06 21:13:15.616,0.72755,0.72781,1.50,1.00
2017.07.06 21:13:15.912,0.72753,0.72781,3.75,1.00
2017.07.06 21:13:16.466,0.72753,0.7278,2.25,1.00
2017.07.06 21:13:17.246,0.72755,0.7278,1.50,1.00
2017.07.06 21:13:17.760,0.72754,0.72779,1.50,1.00
2017.07.06 21:13:19.709,0.72753,0.72779,3.75,1.00
2017.07.06 21:13:20.210,0.72753,0.7278,2.25,1.00
2017.07.06 21:13:20.599,0.72755,0.7278,2.25,1.00
2017.07.06 21:13:21.257,0.72754,0.7278,1.50,1.00
2017.07.06 21:13:22.453,0.72754,0.72779,1.50,1.00
2017.07.06 21:13:22.960,0.72754,0.7278,1.50,1.00
2017.07.06 21:13:24.370,0.72755,0.7278,1.00,1.00
2017.07.06 21:13:24.907,0.72754,0.72781,2.25,1.00
2017.07.06 21:13:25.772,0.72753,0.72781,3.00,1.00
2017.07.06 21:13:26.350,0.72753,0.7278,2.25,1.00
2017.07.06 21:13:28.560,0.72753,0.72779,3.00,1.00
2017.07.06 21:13:29.061,0.72755,0.7278,1.50,1.00
2017.07.06 21:13:29.711,0.72754,0.7278,1.50,1.00
2017.07.06 21:13:30.224,0.72754,0.72779,2.25,1.00
2017.07.06 21:13:30.737,0.72755,0.7278,1.50,1.00
2017.07.06 21:13:31.244,0.72756,0.7278,1.00,1.00
2017.07.06 21:13:31.905,0.72755,0.72781,1.50,1.50
2017.07.06 21:13:33.516,0.72756,0.72781,1.00,1.50
2017.07.06 21:13:36.563,0.72756,0.7278,1.50,1.00
2017.07.06 21:13:37.300,0.72756,0.72781,1.00,1.50
2017.07.06 21:13:40.113,0.72756,0.72779,1.00,1.00
2017.07.06 21:13:41.448,0.72756,0.7278,1.00,1.00
2017.07.06 21:13:42.569,0.72756,0.72781,1.00,1.50
2017.07.06 21:13:48.337,0.72754,0.72781,2.25,1.00
2017.07.06 21:13:49.175,0.72755,0.72781,1.50,1.00
2017.07.06 21:13:49.965,0.72754,0.7278,1.50,1.00
2017.07.06 21:13:50.610,0.72753,0.7278,2.25,1.00
2017.07.06 21:13:51.191,0.72754,0.7278,1.50,1.00
2017.07.06 21:13:52.364,0.72753,0.7278,2.25,1.00
2017.07.06 21:13:52.942,0.72754,0.7278,1.00,1.00
2017.07.06 21:13:53.444,0.72753,0.7278,2.25,1.00
2017.07.06 21:13:54.022,0.72754,0.7278,1.50,1.00
2017.07.06 21:13:54.572,0.72755,0.7278,1.00,1.00
2017.07.06 21:13:55.660,0.72754,0.7278,2.25,1.00
2017.07.06 21:13:57.116,0.72753,0.7278,1.00,1.00
2017.07.06 21:13:57.311,0.72755,0.7278,1.00,1.00
2017.07.06 21:13:58.211,0.72755,0.72781,1.00,1.00
2017.07.06 21:13:58.770,0.72754,0.72781,1.50,1.00
2017.07.06 21:13:59.312,0.72755,0.72781,1.00,1.00
2017.07.06 21:13:59.822,0.72754,0.7278,2.25,1.00
2017.07.06 21:14:00.347,0.72754,0.72781,2.25,1.00
2017.07.06 21:14:00.971,0.72754,0.7278,2.25,1.00
2017.07.06 21:14:01.606,0.72755,0.7278,1.00,1.00
2017.07.06 21:14:02.570,0.72754,0.7278,1.50,1.00
2017.07.06 21:14:03.099,0.72754,0.72781,1.50,1.00
2017.07.06 21:14:03.657,0.72754,0.7278,3.00,1.00
2017.07.06 21:14:04.259,0.72754,0.72781,1.50,1.00
2017.07.06 21:14:04.699,0.72754,0.72779,1.50,1.00
2017.07.06 21:14:05.231,0.72754,0.7278,2.25,1.00
2017.07.06 21:14:05.911,0.72755,0.7278,1.00,1.00
2017.07.06 21:14:07.499,0.72755,0.72779,1.00,1.00
2017.07.06 21:14:07.863,0.72757,0.72781,1.00,1.50
2017.07.06 21:14:08.461,0.72756,0.72781,1.00,1.00
2017.07.06 21:14:10.165,0.72756,0.7278,1.00,1.00
2017.07.06 21:14:10.669,0.72755,0.7278,3.00,1.00
2017.07.06 21:14:11.861,0.72755,0.72779,1.00,1.00
2017.07.06 21:14:12.372,0.72756,0.72779,1.00,1.00
2017.07.06 21:14:12.621,0.72756,0.72781,1.00,1.00
2017.07.06 21:14:13.614,0.72756,0.72779,1.00,1.00
2017.07.06 21:14:14.168,0.72755,0.7278,1.00,1.50
2017.07.06 21:14:16.913,0.72754,0.7278,1.00,1.50
2017.07.06 21:14:17.496,0.72756,0.72779,1.00,1.00
2017.07.06 21:14:18.185,0.72755,0.7278,1.00,1.00
2017.07.06 21:14:18.775,0.72754,0.7278,1.00,1.50
2017.07.06 21:14:22.600,0.72755,0.7278,1.50,1.50
2017.07.06 21:14:24.456,0.72756,0.7278,1.00,1.00
2017.07.06 21:14:55.410,0.72755,0.7278,1.50,1.00
2017.07.06 21:14:58.761,0.72755,0.72781,1.50,1.50
2017.07.06 21:15:15.183,0.72756,0.72781,1.50,1.50
2017.07.06 21:15:17.653,0.72755,0.72781,3.00,1.50
2017.07.06 21:15:18.217,0.72756,0.72781,1.50,1.50
2017.07.06 21:15:21.722,0.72755,0.72781,3.00,1.50
2017.07.06 21:15:25.743,0.72756,0.72781,1.50,1.50
2017.07.06 21:15:26.652,0.72755,0.72781,3.00,1.50
2017.07.06 21:15:27.214,0.72757,0.7278,1.00,1.50
2017.07.06 21:16:00.913,0.72757,0.72777,1.50,1.00
2017.07.06 21:16:15.449,0.72757,0.72776,1.00,1.00
2017.07.06 21:16:18.691,0.72757,0.72777,1.50,1.00
2017.07.06 21:16:22.645,0.72757,0.72776,1.00,1.00
2017.07.06 21:16:31.664,0.72757,0.72777,1.50,1.00
2017.07.06 21:17:10.027,0.72757,0.72776,1.00,1.00
2017.07.06 21:17:22.459,0.72758,0.72776,1.00,1.00
2017.07.06 21:17:27.563,0.72757,0.72776,1.00,1.00
2017.07.06 21:17:32.693,0.72758,0.72776,1.00,1.00
2017.07.06 21:17:46.603,0.72757,0.72776,1.00,1.00
2017.07.06 21:18:10.321,0.72757,0.7278,1.00,1.50
2017.07.06 21:18:12.427,0.72756,0.72776,1.50,1.00
2017.07.06 21:18:14.615,0.72757,0.72776,1.00,1.00
2017.07.06 21:18:18.399,0.72757,0.72775,2.25,1.00
2017.07.06 21:18:19.983,0.72757,0.72776,1.00,1.00
2017.07.06 21:18:25.950,0.72757,0.72775,1.50,1.00
2017.07.06 21:18:28.395,0.72758,0.72775,1.00,1.00
2017.07.06 21:18:28.952,0.72758,0.72776,1.00,1.00
2017.07.06 21:18:30.436,0.72757,0.72776,1.00,1.00
2017.07.06 21:18:32.417,0.72758,0.72776,1.00,1.00
2017.07.06 21:18:32.943,0.72757,0.72776,1.00,1.00
2017.07.06 21:18:35.810,0.72757,0.72777,1.50,1.00
2017.07.06 21:18:38.423,0.72757,0.72775,1.00,1.00
2017.07.06 21:18:39.948,0.72756,0.72776,1.50,1.00
2017.07.06 21:18:40.692,0.72757,0.72776,1.00,1.00
2017.07.06 21:18:42.451,0.72758,0.72776,1.00,1.00
2017.07.06 21:18:44.425,0.72757,0.72776,1.00,1.00
2017.07.06 21:18:51.674,0.72757,0.72775,1.50,1.00
2017.07.06 21:18:52.808,0.72761,0.72779,1.00,1.50
2017.07.06 21:18:52.959,0.72763,0.72783,1.00,2.25
2017.07.06 21:18:55.186,0.72765,0.72783,1.00,1.00
2017.07.06 21:19:55.203,0.7276,0.72786,1.00,1.00
2017.07.06 21:20:01.124,0.7276,0.72787,1.00,1.00
2017.07.06 21:20:01.811,0.7276,0.72788,1.00,1.50
2017.07.06 21:20:03.217,0.7276,0.72786,1.00,1.00
2017.07.06 21:20:06.321,0.7276,0.72787,1.00,1.00
2017.07.06 21:20:31.456,0.7276,0.72788,1.00,1.50
2017.07.06 21:20:32.268,0.7276,0.72787,1.00,1.00
2017.07.06 21:20:40.216,0.7276,0.72788,1.00,1.50
2017.07.06 21:20:40.970,0.7276,0.72787,1.00,1.00
2017.07.06 21:20:49.708,0.7276,0.72786,1.00,1.00
2017.07.06 21:20:50.441,0.7276,0.72785,1.00,1.00
2017.07.06 21:20:50.988,0.7276,0.72786,1.00,1.00
2017.07.06 21:20:56.024,0.7276,0.72788,1.00,1.50
2017.07.06 21:21:02.405,0.72761,0.72787,1.00,1.00
2017.07.06 21:21:02.985,0.7276,0.72788,1.00,1.50
2017.07.06 21:21:12.512,0.7276,0.72787,1.00,1.00
2017.07.06 21:21:35.716,0.72762,0.72781,1.00,1.00
2017.07.06 21:21:40.111,0.72762,0.72782,1.50,1.00
2017.07.06 21:22:25.179,0.72769,0.72785,1.00,1.50
2017.07.06 21:22:25.332,0.72769,0.72787,1.00,1.12
2017.07.06 21:22:35.299,0.72768,0.72788,1.00,1.50
2017.07.06 21:23:35.426,0.72762,0.7279,1.00,1.87
2017.07.06 21:23:42.814,0.72766,0.72789,1.00,2.25
2017.07.06 21:23:43.424,0.72766,0.72788,1.00,1.00
2017.07.06 21:23:49.634,0.72766,0.72787,1.00,1.50
2017.07.06 21:23:52.465,0.72766,0.72786,1.00,1.50
2017.07.06 21:23:53.172,0.72766,0.72783,1.00,1.00
2017.07.06 21:23:53.223,0.72764,0.72783,1.00,1.50
2017.07.06 21:23:53.728,0.72763,0.72783,1.00,1.50
2017.07.06 21:24:53.309,0.72762,0.72783,1.00,1.50
2017.07.06 21:24:53.970,0.72761,0.72783,1.00,1.00
2017.07.06 21:25:03.264,0.72759,0.72785,1.00,1.87
2017.07.06 21:25:06.885,0.72759,0.72784,1.00,1.50
2017.07.06 21:25:07.087,0.72758,0.72787,1.50,3.00
2017.07.06 21:25:12.225,0.72759,0.72787,1.50,1.50
2017.07.06 21:25:22.449,0.72761,0.72785,1.00,1.00
2017.07.06 21:25:23.339,0.72761,0.72784,1.00,1.50
2017.07.06 21:25:23.866,0.72761,0.72785,1.00,2.25
2017.07.06 21:25:24.669,0.72761,0.72784,1.00,1.50
2017.07.06 21:25:25.187,0.72761,0.72785,1.00,2.25
2017.07.06 21:25:26.889,0.72761,0.72784,1.00,1.50
2017.07.06 21:25:27.498,0.72761,0.72783,1.00,1.00
2017.07.06 21:25:59.180,0.72761,0.72785,1.00,1.00
2017.07.06 21:25:59.710,0.7276,0.72784,1.00,1.00
2017.07.06 21:26:14.403,0.72761,0.72784,1.00,1.00
2017.07.06 21:26:14.454,0.72763,0.72784,1.00,1.00
2017.07.06 21:26:14.607,0.72763,0.72786,1.00,1.12
2017.07.06 21:26:15.011,0.72763,0.72784,1.00,1.00
2017.07.06 21:26:15.307,0.72763,0.72786,1.00,1.12
2017.07.06 21:26:24.553,0.72763,0.72786,1.00,1.87
2017.07.06 21:27:46.097,0.72761,0.72784,1.00,1.00
2017.07.06 21:27:46.659,0.72759,0.72786,1.00,1.50
2017.07.06 21:27:47.045,0.7276,0.72785,1.00,1.37
2017.07.06 21:28:17.721,0.72759,0.72786,1.50,2.62
2017.07.06 21:28:44.376,0.7276,0.72783,1.67,1.00
2017.07.06 21:28:55.299,0.72762,0.72783,1.07,1.00
2017.07.06 21:28:55.801,0.72762,0.72784,1.07,1.00
2017.07.06 21:29:03.868,0.7276,0.72783,1.57,1.00
2017.07.06 21:29:04.021,0.7276,0.72781,1.07,1.00
2017.07.06 21:29:04.656,0.7276,0.72782,1.07,1.00
2017.07.06 21:29:05.329,0.72763,0.72783,1.00,1.50
2017.07.06 21:29:34.570,0.7276,0.72777,1.00,1.00
2017.07.06 21:29:34.621,0.72758,0.72777,1.50,1.00
2017.07.06 21:29:34.945,0.72756,0.72777,1.00,1.00
2017.07.06 21:29:35.502,0.72755,0.72777,3.00,1.00
2017.07.06 21:29:36.163,0.72756,0.72777,1.50,1.00
2017.07.06 21:29:36.935,0.72755,0.72777,1.50,1.00
2017.07.06 21:29:44.643,0.72757,0.72777,1.50,1.00
2017.07.06 21:30:44.706,0.72757,0.7278,1.00,1.50
2017.07.06 21:31:01.081,0.72755,0.72781,1.00,1.00
2017.07.06 21:31:08.825,0.72755,0.72777,1.37,1.00
2017.07.06 21:32:18.963,0.72756,0.72781,1.00,1.00
2017.07.06 21:32:45.046,0.72755,0.7278,1.00,1.00
2017.07.06 21:33:00.823,0.72756,0.7278,1.00,1.00
2017.07.06 21:33:21.015,0.72756,0.72781,1.00,1.00
2017.07.06 21:33:34.197,0.72757,0.7278,1.00,1.00
2017.07.06 21:35:00.785,0.72756,0.7278,1.00,1.00
2017.07.06 21:37:47.507,0.72756,0.72777,1.50,1.00
2017.07.06 21:37:57.582,0.72757,0.72777,1.50,1.00
2017.07.06 21:38:10.193,0.72758,0.72777,1.00,1.00
2017.07.06 21:38:27.657,0.72756,0.72777,1.00,1.00
2017.07.06 21:38:30.436,0.72755,0.72777,2.25,1.00
2017.07.06 21:38:37.621,0.72756,0.72777,1.00,1.00
2017.07.06 21:38:37.722,0.72758,0.72777,1.00,1.00
2017.07.06 21:39:13.238,0.72758,0.72776,1.42,1.00
2017.07.06 21:39:23.327,0.72758,0.72777,1.00,1.00
2017.07.06 21:39:41.189,0.72757,0.72777,2.25,1.00
2017.07.06 21:39:44.491,0.72758,0.72777,1.00,1.00
2017.07.06 21:40:23.347,0.72758,0.72779,1.00,1.00
2017.07.06 21:40:48.121,0.72756,0.7278,1.00,1.50
2017.07.06 21:40:58.152,0.72756,0.72778,1.00,1.00
2017.07.06 21:40:58.818,0.72757,0.72778,1.00,1.00
2017.07.06 21:41:00.291,0.72756,0.72771,1.00,1.00
2017.07.06 21:41:00.444,0.7275,0.72768,3.75,1.00
2017.07.06 21:41:10.494,0.7275,0.72769,1.50,1.00
2017.07.06 21:41:28.404,0.72751,0.72769,1.50,1.00
2017.07.06 21:41:29.340,0.7275,0.72769,1.50,1.00
2017.07.06 21:41:29.946,0.7275,0.72768,1.00,1.00
2017.07.06 21:41:32.399,0.72749,0.72768,1.50,1.00
2017.07.06 21:41:55.406,0.72749,0.72767,4.50,1.00
2017.07.06 21:41:55.458,0.72753,0.72767,1.20,1.00
2017.07.06 21:41:55.509,0.72758,0.72772,1.00,1.00
2017.07.06 21:41:55.561,0.72752,0.72769,1.00,1.00
2017.07.06 21:41:55.764,0.7275,0.72769,3.00,1.00
2017.07.06 21:42:34.003,0.72751,0.72769,1.00,1.00
2017.07.06 21:42:34.696,0.72751,0.72768,1.00,1.00
2017.07.06 21:42:38.695,0.72751,0.72769,1.00,1.00
2017.07.06 21:42:44.133,0.72751,0.72771,1.00,1.00
2017.07.06 21:42:44.268,0.72751,0.72773,1.00,4.12
2017.07.06 21:42:54.167,0.72751,0.72771,1.00,1.00
2017.07.06 21:42:57.059,0.72751,0.7277,1.00,1.00
2017.07.06 21:43:04.224,0.72751,0.72768,1.00,1.00
2017.07.06 21:43:08.878,0.72751,0.72769,1.50,1.00
2017.07.06 21:43:39.743,0.72751,0.7277,1.00,1.00
2017.07.06 21:43:44.646,0.72751,0.72769,1.00,1.00
2017.07.06 21:44:01.038,0.72751,0.7277,1.00,1.00
2017.07.06 21:44:07.007,0.72751,0.72769,1.50,1.00
2017.07.06 21:44:24.148,0.72751,0.7277,1.00,1.00
2017.07.06 21:44:49.057,0.72751,0.72769,1.00,1.00
2017.07.06 21:44:49.676,0.7275,0.72769,2.25,1.00
2017.07.06 21:45:01.557,0.72751,0.72769,1.00,1.50
2017.07.06 21:45:13.801,0.72752,0.72769,1.00,1.50
2017.07.06 21:45:28.831,0.72752,0.72768,1.50,1.00
2017.07.06 21:45:34.121,0.72752,0.72769,1.50,1.50
2017.07.06 21:47:40.714,0.72753,0.72769,1.00,1.50
2017.07.06 21:48:04.420,0.72753,0.72768,1.00,1.00
2017.07.06 21:48:18.033,0.72753,0.72769,1.00,1.50
2017.07.06 21:48:24.458,0.72753,0.72767,1.00,1.00
2017.07.06 21:48:24.934,0.72753,0.72769,1.00,1.00
2017.07.06 21:48:29.191,0.72753,0.7277,1.00,1.00
2017.07.06 21:48:34.982,0.72753,0.72768,1.00,1.00
2017.07.06 21:48:38.700,0.72753,0.72769,1.00,1.50
2017.07.06 21:48:44.984,0.72753,0.72768,1.00,1.00
2017.07.06 21:48:47.694,0.72753,0.72769,1.00,1.50
2017.07.06 21:48:49.534,0.72753,0.72768,1.00,1.00
2017.07.06 21:48:56.395,0.72754,0.72768,1.00,1.00
2017.07.06 21:48:57.076,0.72754,0.72767,1.00,1.00
2017.07.06 21:49:01.642,0.72754,0.72768,1.00,1.00
2017.07.06 21:49:06.308,0.72754,0.72767,1.00,1.00
2017.07.06 21:49:06.789,0.72752,0.72765,1.00,1.67
2017.07.06 21:49:11.642,0.72752,0.72765,1.00,1.67
2017.07.06 21:49:16.511,0.72752,0.7276,1.00,1.00
2017.07.06 21:49:24.279,0.72753,0.7276,1.00,1.00
2017.07.06 21:49:24.803,0.72752,0.7276,1.00,1.00
2017.07.06 21:49:24.855,0.72752,0.72764,1.00,1.12
2017.07.06 21:49:29.036,0.72752,0.72766,1.50,1.12
2017.07.06 21:49:33.846,0.72752,0.72768,1.00,2.62
2017.07.06 21:49:34.601,0.72753,0.72767,1.00,1.00
2017.07.06 21:49:38.379,0.72753,0.72766,1.50,1.25
2017.07.06 21:49:45.406,0.72753,0.72765,1.00,1.00
2017.07.06 21:49:45.908,0.72753,0.72766,1.00,1.69
2017.07.06 21:49:46.530,0.72753,0.72765,1.00,1.00
2017.07.06 21:49:47.291,0.72753,0.72766,1.00,2.62
2017.07.06 21:49:48.456,0.72753,0.72765,1.00,1.00
2017.07.06 21:49:49.654,0.72753,0.72766,1.50,1.87
2017.07.06 21:49:54.465,0.72753,0.72766,1.50,1.19
2017.07.06 21:49:59.371,0.72752,0.72766,1.00,1.19
2017.07.06 21:49:59.993,0.72752,0.72766,1.00,1.25
2017.07.06 21:50:03.699,0.72752,0.72765,1.00,1.00
2017.07.06 21:50:04.232,0.72752,0.72766,1.00,1.37
2017.07.06 21:50:08.673,0.72752,0.72767,1.50,1.37
2017.07.06 21:50:09.218,0.72753,0.72767,1.00,1.12
2017.07.06 21:50:14.456,0.72753,0.72767,1.00,1.19
2017.07.06 21:50:19.745,0.72753,0.72767,1.50,1.50
2017.07.06 21:50:29.912,0.72753,0.72766,1.00,1.00
2017.07.06 21:50:30.694,0.72753,0.72767,1.00,1.87
2017.07.06 21:50:34.422,0.72753,0.72767,1.00,1.69
2017.07.06 21:50:34.928,0.72754,0.72768,1.00,1.25
2017.07.06 21:50:36.063,0.72755,0.72768,1.00,1.00
2017.07.06 21:50:37.028,0.72755,0.72772,1.00,1.00
2017.07.06 21:50:37.660,0.72755,0.72771,1.00,1.00
2017.07.06 21:50:44.465,0.72755,0.72772,1.00,1.00
2017.07.06 21:50:45.845,0.72756,0.72772,1.00,1.50
2017.07.06 21:50:46.096,0.72756,0.72772,1.69,1.00
2017.07.06 21:50:49.896,0.72756,0.72771,1.69,1.00
2017.07.06 21:50:59.509,0.72756,0.72772,1.69,1.65
2017.07.06 21:51:00.209,0.72756,0.72773,1.69,3.90
2017.07.06 21:51:00.974,0.72756,0.72772,1.69,1.65
2017.07.06 21:51:01.609,0.72756,0.72773,1.69,3.90
2017.07.06 21:51:02.609,0.72756,0.72772,1.69,1.65
2017.07.06 21:51:03.213,0.72756,0.72773,1.69,3.90
2017.07.06 21:51:04.954,0.72756,0.72772,1.69,1.65
2017.07.06 21:51:05.647,0.72756,0.72773,1.69,3.90
2017.07.06 21:51:08.368,0.72756,0.72772,1.69,1.65
2017.07.06 21:51:08.909,0.72756,0.72773,1.69,3.90
2017.07.06 21:51:10.428,0.72756,0.72772,1.69,1.65
2017.07.06 21:51:10.930,0.72756,0.72773,1.69,3.90
2017.07.06 21:51:12.616,0.72756,0.72772,1.69,1.65
2017.07.06 21:51:13.368,0.72756,0.72773,1.69,3.90
2017.07.06 21:51:14.418,0.72756,0.72772,1.69,1.65
2017.07.06 21:51:14.920,0.72756,0.72773,1.50,3.90
2017.07.06 21:51:16.838,0.72756,0.72772,1.50,1.65
2017.07.06 21:51:17.361,0.72756,0.72773,1.50,3.90
2017.07.06 21:51:17.959,0.72756,0.72772,1.50,1.65
2017.07.06 21:51:18.488,0.72756,0.72773,1.50,3.90
2017.07.06 21:51:19.169,0.72756,0.72772,1.50,1.65
2017.07.06 21:51:19.814,0.72756,0.7277,1.50,1.00
2017.07.06 21:51:20.351,0.72757,0.7277,1.00,1.00
2017.07.06 21:51:20.402,0.72755,0.7277,2.25,1.00
2017.07.06 21:51:23.049,0.72756,0.7277,1.00,1.00
2017.07.06 21:51:23.202,0.72756,0.7277,1.19,1.00
2017.07.06 21:51:23.609,0.72755,0.7277,1.57,1.00
2017.07.06 21:51:24.110,0.72755,0.72771,2.70,1.00
2017.07.06 21:51:26.263,0.72755,0.72772,1.57,1.00
2017.07.06 21:51:26.855,0.72756,0.72772,1.00,1.00
2017.07.06 21:51:35.597,0.72755,0.72772,1.05,1.00
2017.07.06 21:51:37.500,0.72755,0.72772,1.07,1.00
2017.07.06 21:51:44.504,0.72759,0.72773,1.00,2.02
2017.07.06 21:51:44.555,0.72755,0.72771,1.10,2.62
2017.07.06 21:51:45.123,0.72755,0.7277,1.10,1.00
2017.07.06 21:51:45.661,0.72755,0.72771,1.10,1.87
2017.07.06 21:51:46.612,0.72755,0.72771,1.10,1.87
2017.07.06 21:51:47.183,0.72755,0.72771,1.10,1.87
2017.07.06 21:51:47.731,0.72755,0.7277,1.50,1.00
2017.07.06 21:51:48.310,0.72755,0.72771,2.25,1.12
2017.07.06 21:51:49.923,0.72756,0.7277,1.00,1.00
2017.07.06 21:52:28.910,0.72755,0.72771,1.57,1.50
2017.07.06 21:52:34.999,0.72755,0.7277,1.50,1.00
2017.07.06 21:52:36.919,0.72759,0.72772,1.00,1.27
2017.07.06 21:52:36.970,0.72757,0.72772,1.00,2.21
2017.07.06 21:52:37.123,0.72755,0.72771,2.44,1.19
2017.07.06 21:52:37.327,0.72763,0.72772,1.00,1.00
2017.07.06 21:52:37.378,0.72755,0.72772,2.32,1.00
2017.07.06 21:52:37.429,0.72757,0.72772,1.19,1.20
2017.07.06 21:52:37.481,0.72756,0.72771,2.25,1.69
2017.07.06 21:52:37.851,0.72761,0.72772,1.00,1.20
2017.07.06 21:52:37.954,0.72755,0.72772,3.00,1.20
2017.07.06 21:52:38.353,0.72758,0.7277,1.00,1.00
2017.07.06 21:52:38.455,0.72755,0.72772,1.50,1.00
2017.07.06 21:52:38.507,0.72756,0.7277,1.00,1.00
2017.07.06 21:52:39.025,0.72756,0.7277,1.07,1.00
2017.07.06 21:52:39.337,0.72755,0.72773,2.25,2.77
2017.07.06 21:52:39.389,0.72756,0.72771,1.10,1.19
2017.07.06 21:52:39.913,0.72756,0.72771,1.10,1.25
2017.07.06 21:52:54.470,0.72755,0.72771,1.57,1.00
2017.07.06 21:52:55.017,0.72755,0.7277,2.32,1.00
2017.07.06 21:52:55.584,0.72755,0.72771,1.57,1.69
2017.07.06 21:53:05.076,0.72755,0.72771,1.10,1.69
2017.07.06 21:53:14.427,0.72755,0.72771,1.00,1.50
2017.07.06 21:53:14.960,0.72755,0.7277,1.00,1.00
2017.07.06 21:53:35.084,0.72755,0.72771,1.00,1.50
2017.07.06 21:53:39.264,0.72754,0.72771,2.32,1.50
2017.07.06 21:53:44.862,0.72754,0.7277,2.25,1.00
2017.07.06 21:53:50.189,0.72754,0.72771,2.25,1.50
2017.07.06 21:53:59.927,0.72754,0.7277,2.25,1.00
2017.07.06 21:54:05.158,0.72754,0.72771,2.25,1.50
2017.07.06 21:54:07.695,0.72754,0.7277,1.00,1.00
2017.07.06 21:54:08.212,0.72753,0.7277,1.50,1.87
2017.07.06 21:54:08.733,0.72753,0.72769,1.50,1.00
2017.07.06 21:54:20.211,0.72753,0.7277,1.50,1.00
2017.07.06 21:54:28.531,0.72753,0.72772,1.50,4.27
2017.07.06 21:54:28.808,0.72753,0.7277,1.50,1.00
2017.07.06 21:54:29.856,0.72753,0.72771,1.50,1.50
2017.07.06 21:54:30.499,0.72753,0.7277,1.50,1.00
2017.07.06 21:54:31.357,0.72753,0.72771,1.50,1.00
2017.07.06 21:54:31.953,0.72753,0.7277,1.50,1.00
2017.07.06 21:54:32.763,0.72753,0.72771,1.50,1.87
2017.07.06 21:54:33.267,0.72753,0.7277,1.50,1.87
2017.07.06 21:54:33.808,0.72753,0.72771,1.50,1.87
2017.07.06 21:54:34.324,0.72753,0.7277,1.50,1.00
2017.07.06 21:54:34.862,0.72753,0.72771,1.50,1.69
2017.07.06 21:54:35.209,0.72753,0.72769,2.25,1.00
2017.07.06 21:54:35.604,0.72753,0.72771,1.50,1.69
2017.07.06 21:54:36.152,0.72753,0.72771,1.50,1.69
2017.07.06 21:54:37.004,0.72753,0.72771,1.50,1.69
2017.07.06 21:54:37.549,0.72753,0.72771,1.50,1.69
2017.07.06 21:54:38.439,0.72753,0.72771,1.50,1.69
2017.07.06 21:54:39.141,0.72753,0.72769,2.25,1.00
2017.07.06 21:54:39.306,0.72753,0.72771,1.50,1.69
2017.07.06 21:54:39.817,0.72753,0.72771,1.50,1.69
2017.07.06 21:54:40.356,0.72753,0.72771,1.50,1.69
2017.07.06 21:54:40.866,0.72753,0.72771,1.50,1.69
2017.07.06 21:54:41.416,0.72753,0.72771,1.50,1.69
2017.07.06 21:54:41.956,0.72753,0.7277,1.50,1.00
2017.07.06 21:54:42.647,0.72753,0.72771,1.50,1.69
2017.07.06 21:54:43.257,0.72753,0.72771,1.50,1.87
2017.07.06 21:54:43.804,0.72753,0.72769,1.50,1.50
2017.07.06 21:54:44.011,0.72753,0.72771,1.50,1.87
2017.07.06 21:54:44.257,0.72753,0.72768,2.25,1.00
2017.07.06 21:54:44.521,0.72753,0.72771,1.50,1.87
2017.07.06 21:54:44.811,0.72753,0.72769,1.50,1.00
2017.07.06 21:54:45.537,0.72753,0.72771,1.50,1.87
2017.07.06 21:54:45.824,0.72753,0.72768,2.25,1.00
2017.07.06 21:54:46.024,0.72753,0.72771,1.50,1.87
2017.07.06 21:54:46.176,0.72753,0.72769,1.50,1.00
2017.07.06 21:54:46.592,0.72753,0.72771,1.50,1.87
2017.07.06 21:54:47.211,0.72753,0.7277,1.50,1.37
2017.07.06 21:54:47.957,0.72753,0.72771,1.50,1.87
2017.07.06 21:54:48.109,0.72753,0.7277,1.50,1.87
2017.07.06 21:54:48.610,0.72753,0.72768,2.25,1.00
2017.07.06 21:54:48.961,0.72753,0.7277,1.50,1.00
2017.07.06 21:54:49.645,0.72753,0.72769,1.50,1.00
2017.07.06 21:54:49.857,0.72753,0.72771,1.50,1.87
2017.07.06 21:54:50.421,0.72753,0.7277,1.50,1.12
2017.07.06 21:54:50.523,0.72753,0.72768,2.25,1.00
2017.07.06 21:54:51.217,0.72753,0.7277,1.50,1.50
2017.07.06 21:54:51.747,0.72753,0.72769,1.50,1.00
2017.07.06 21:54:55.920,0.72753,0.72771,1.42,1.69
2017.07.06 21:54:59.976,0.72753,0.72769,1.42,1.00
2017.07.06 21:55:00.509,0.72753,0.7277,2.17,1.00
2017.07.06 21:55:05.654,0.72754,0.7277,1.00,1.00
2017.07.06 21:55:06.184,0.72753,0.72771,2.25,1.00
2017.07.06 21:55:06.714,0.72753,0.7277,1.50,1.00
2017.07.06 21:55:15.016,0.72753,0.72771,2.25,1.00
2017.07.06 21:55:20.319,0.72753,0.7277,1.50,1.00
2017.07.06 21:55:30.222,0.72753,0.72771,1.50,1.00
2017.07.06 21:55:33.755,0.72753,0.72769,1.50,1.00
2017.07.06 21:55:34.365,0.72753,0.72771,1.50,1.50
2017.07.06 21:55:34.779,0.72753,0.72769,1.50,1.00
2017.07.06 21:55:35.223,0.72753,0.72771,1.50,1.00
2017.07.06 21:55:35.927,0.72753,0.7277,1.50,1.00
2017.07.06 21:55:50.356,0.72753,0.72771,1.50,1.00
2017.07.06 21:56:00.106,0.72753,0.7277,1.50,1.00
2017.07.06 21:56:09.379,0.72753,0.72771,1.00,1.50
2017.07.06 21:56:09.938,0.72754,0.72771,1.00,2.25
2017.07.06 21:56:10.215,0.72754,0.72769,1.00,1.00
2017.07.06 21:56:15.145,0.72754,0.72771,1.00,2.44
2017.07.06 21:56:20.418,0.72754,0.7277,1.00,1.00
2017.07.06 21:56:20.939,0.72754,0.72769,1.00,1.00
2017.07.06 21:56:21.056,0.72754,0.72771,1.00,2.44
2017.07.06 21:56:21.651,0.72754,0.7277,1.00,1.00
2017.07.06 21:56:22.185,0.72754,0.72768,1.00,1.00
2017.07.06 21:56:22.356,0.72754,0.72771,1.00,2.62
2017.07.06 21:56:22.964,0.72754,0.7277,1.00,1.37
2017.07.06 21:56:23.229,0.72754,0.72771,1.00,2.62
2017.07.06 21:56:23.483,0.72754,0.72769,1.00,1.00
2017.07.06 21:56:24.263,0.72754,0.72771,1.00,2.62
2017.07.06 21:56:24.365,0.72754,0.72769,1.00,1.00
2017.07.06 21:56:25.051,0.72754,0.7277,1.00,1.00
2017.07.06 21:56:25.616,0.72754,0.72771,1.00,2.62
2017.07.06 21:56:25.952,0.72754,0.72768,1.00,1.00
2017.07.06 21:56:26.155,0.72754,0.72771,1.00,2.62
2017.07.06 21:56:26.307,0.72754,0.7277,1.00,1.37
2017.07.06 21:56:26.662,0.72754,0.72771,1.00,1.87
2017.07.06 21:56:27.172,0.72754,0.72771,1.00,2.62
2017.07.06 21:56:27.743,0.72754,0.72771,1.00,2.62
2017.07.06 21:56:28.353,0.72754,0.7277,1.00,1.00
2017.07.06 21:56:29.002,0.72754,0.72769,1.00,1.00
2017.07.06 21:56:29.511,0.72754,0.7277,1.00,1.00
2017.07.06 21:56:33.754,0.72753,0.7277,1.00,1.00
2017.07.06 21:56:35.450,0.72753,0.72769,1.00,1.00
2017.07.06 21:56:50.511,0.72753,0.7277,1.00,1.00
2017.07.06 21:57:19.799,0.72753,0.72769,1.00,1.00
2017.07.06 21:57:20.530,0.72753,0.72771,1.00,1.50
2017.07.06 21:57:20.581,0.72753,0.72769,1.00,1.00
2017.07.06 21:57:20.920,0.72753,0.72771,1.00,1.50
2017.07.06 21:57:20.972,0.72753,0.72769,1.00,1.00
2017.07.06 21:57:21.765,0.72753,0.7277,1.50,1.00
2017.07.06 21:57:30.746,0.72753,0.72769,1.00,1.00
2017.07.06 21:57:31.214,0.72753,0.72771,1.00,1.50
2017.07.06 21:57:31.417,0.72753,0.72769,1.00,1.00
2017.07.06 21:57:32.183,0.72753,0.7277,1.00,1.00
2017.07.06 21:57:32.774,0.72753,0.72769,1.50,1.00
2017.07.06 21:57:33.280,0.72753,0.72768,1.00,1.00
2017.07.06 21:57:33.548,0.72753,0.7277,1.00,1.00
2017.07.06 21:57:34.307,0.72753,0.72769,1.00,1.00
2017.07.06 21:57:34.835,0.72753,0.7277,1.00,1.00
2017.07.06 21:57:35.175,0.72753,0.72768,1.00,1.00
2017.07.06 21:57:35.704,0.72753,0.7277,1.00,1.00
2017.07.06 21:57:39.695,0.72752,0.7277,1.50,1.50
2017.07.06 21:57:45.365,0.72752,0.72769,1.00,1.00
2017.07.06 21:57:45.657,0.72752,0.72771,1.50,1.50
2017.07.06 21:57:46.012,0.72752,0.72769,1.00,1.00
2017.07.06 21:57:46.519,0.72752,0.72771,1.50,1.50
2017.07.06 21:57:46.804,0.72752,0.72769,1.00,1.00
2017.07.06 21:57:47.047,0.72752,0.72771,1.50,1.50
2017.07.06 21:57:50.614,0.72752,0.7277,1.50,1.00
2017.07.06 21:58:00.346,0.72752,0.72771,1.50,2.47
2017.07.06 21:58:00.498,0.72752,0.72769,1.00,1.00
2017.07.06 21:58:00.789,0.72752,0.72771,1.50,2.47
2017.07.06 21:58:01.100,0.72752,0.72769,1.00,1.00
2017.07.06 21:58:01.201,0.72752,0.72771,1.50,2.47
2017.07.06 21:58:01.505,0.72752,0.72769,1.00,1.00
2017.07.06 21:58:02.222,0.72752,0.7277,1.50,1.00
2017.07.06 21:58:02.596,0.72752,0.72768,1.50,1.00
2017.07.06 21:58:02.750,0.72752,0.72771,1.50,2.47
2017.07.06 21:58:03.010,0.72752,0.72769,1.00,1.00
2017.07.06 21:58:03.162,0.72752,0.72771,1.50,2.47
2017.07.06 21:58:03.466,0.72752,0.72769,1.00,1.00
2017.07.06 21:58:03.619,0.72752,0.72771,1.50,2.47
2017.07.06 21:58:03.976,0.72752,0.72769,1.00,1.00
2017.07.06 21:58:04.614,0.72752,0.72771,1.50,3.22
2017.07.06 21:58:05.625,0.72752,0.7277,1.50,1.00
2017.07.06 21:58:06.250,0.72752,0.72771,1.50,2.47
2017.07.06 21:58:06.301,0.72752,0.72769,1.00,1.00
2017.07.06 21:58:06.647,0.72752,0.72771,1.50,2.47
2017.07.06 21:58:06.971,0.72752,0.72768,1.50,1.00
2017.07.06 21:58:07.174,0.72752,0.72771,1.50,2.47
2017.07.06 21:58:07.377,0.72752,0.72769,1.00,1.00
2017.07.06 21:58:07.546,0.72752,0.72771,1.50,3.22
2017.07.06 21:58:07.817,0.72752,0.72768,1.50,1.00
2017.07.06 21:58:07.919,0.72752,0.72771,1.50,2.47
2017.07.06 21:58:08.123,0.72752,0.72769,1.00,1.00
2017.07.06 21:58:08.651,0.72752,0.7277,1.50,1.00
2017.07.06 21:58:09.163,0.72752,0.72769,1.00,1.00
2017.07.06 21:58:09.697,0.72752,0.7277,1.50,1.00
2017.07.06 21:58:10.210,0.72752,0.72769,1.00,1.00
2017.07.06 21:58:10.753,0.72752,0.72771,1.50,2.47
2017.07.06 21:58:10.923,0.72752,0.72769,1.00,1.00
2017.07.06 21:58:11.175,0.72752,0.72771,1.50,3.60
2017.07.06 21:58:11.745,0.72753,0.7277,1.00,1.00
2017.07.06 21:58:15.397,0.72752,0.7277,1.50,1.69
2017.07.06 21:58:15.987,0.72752,0.72769,1.50,1.00
2017.07.06 21:58:17.408,0.72752,0.7277,1.50,1.69
2017.07.06 21:58:18.153,0.72752,0.72769,1.50,1.00
2017.07.06 21:58:18.854,0.72752,0.7277,1.50,1.69
2017.07.06 21:58:19.057,0.72752,0.72768,1.50,1.00
2017.07.06 21:58:19.548,0.72752,0.7277,1.50,1.69
2017.07.06 21:58:19.961,0.72752,0.7277,1.50,1.69
2017.07.06 21:58:20.665,0.72752,0.72769,1.50,1.69
2017.07.06 21:58:28.203,0.72753,0.72769,1.00,1.00
2017.07.06 21:58:29.957,0.72753,0.7277,1.00,1.00
2017.07.06 21:58:34.128,0.72753,0.72769,1.00,1.00
2017.07.06 21:58:34.645,0.72753,0.7277,1.00,1.69
2017.07.06 21:58:35.708,0.72753,0.7277,1.00,2.66
2017.07.06 21:58:41.449,0.72753,0.7277,1.00,1.00
2017.07.06 21:58:44.448,0.72751,0.72768,1.00,1.00
2017.07.06 21:58:44.987,0.72752,0.72768,1.00,1.00
2017.07.06 21:58:45.557,0.72753,0.72768,1.00,1.00
2017.07.06 21:58:46.102,0.72751,0.72768,1.00,1.00
2017.07.06 21:58:46.802,0.72753,0.72768,1.00,1.00
2017.07.06 21:58:47.309,0.72752,0.72769,1.00,1.50
2017.07.06 21:58:47.901,0.72752,0.72768,1.00,1.00
2017.07.06 21:58:48.424,0.72751,0.72768,1.00,1.00
2017.07.06 21:58:50.755,0.72752,0.72768,1.00,1.00
2017.07.06 21:59:00.077,0.72751,0.72767,1.00,1.00
2017.07.06 21:59:01.047,0.72753,0.72767,1.00,1.00
2017.07.06 21:59:01.098,0.72751,0.72767,1.50,1.00
2017.07.06 21:59:01.465,0.72753,0.72767,1.00,1.00
2017.07.06 21:59:05.740,0.72752,0.72767,0.75,0.75
2017.07.06 21:59:07.881,0.72751,0.72767,0.75,0.75
2017.07.06 21:59:08.613,0.72752,0.72767,0.75,0.75
2017.07.06 21:59:09.260,0.72751,0.72767,0.75,0.75
2017.07.06 21:59:09.951,0.72753,0.72767,0.75,0.75
2017.07.06 21:59:10.002,0.72751,0.72767,0.75,0.75
2017.07.06 21:59:11.256,0.72752,0.72767,0.75,0.75
2017.07.06 21:59:11.896,0.72751,0.72767,0.75,0.75
2017.07.06 21:59:12.512,0.72752,0.72767,0.75,0.75
2017.07.06 21:59:13.026,0.72751,0.72767,0.75,0.75
2017.07.06 21:59:13.624,0.72752,0.72767,0.75,0.75
2017.07.06 21:59:14.141,0.72751,0.72767,0.75,0.75
2017.07.06 21:59:15.040,0.72752,0.72767,0.75,0.75
2017.07.06 21:59:15.650,0.72751,0.72767,0.75,0.75
2017.07.06 21:59:16.231,0.72752,0.72767,0.75,0.75
2017.07.06 21:59:17.656,0.72751,0.72767,0.75,0.75
2017.07.06 21:59:18.038,0.72753,0.72767,0.75,0.75
2017.07.06 21:59:18.190,0.72751,0.72767,0.75,0.75
2017.07.06 21:59:19.015,0.72753,0.72767,0.75,0.75
2017.07.06 21:59:19.217,0.72751,0.72767,0.75,0.75
2017.07.06 21:59:19.832,0.72752,0.72767,0.75,0.75
2017.07.06 21:59:20.536,0.72751,0.72767,0.75,0.75
2017.07.06 21:59:20.773,0.72753,0.72767,0.75,0.75
2017.07.06 21:59:21.255,0.72751,0.72767,0.75,0.75
2017.07.06 21:59:22.046,0.72752,0.72767,0.75,0.75
2017.07.06 21:59:22.656,0.72751,0.72767,0.75,0.75
2017.07.06 21:59:23.450,0.72752,0.72767,0.75,0.75
2017.07.06 21:59:23.966,0.72751,0.72767,0.75,0.75
2017.07.06 21:59:24.482,0.72751,0.72768,0.75,0.75
2017.07.06 21:59:25.215,0.72753,0.72768,0.75,0.75
2017.07.06 21:59:25.367,0.72751,0.72768,0.75,0.75
2017.07.06 21:59:28.297,0.7275,0.72769,0.75,1.50
2017.07.06 21:59:28.349,0.72752,0.72769,0.75,0.75
2017.07.06 21:59:28.873,0.72752,0.7277,0.75,0.75
2017.07.06 21:59:30.416,0.72752,0.72769,1.50,0.75
2017.07.06 21:59:32.570,0.72751,0.7277,1.50,0.75
2017.07.06 21:59:42.065,0.72751,0.72768,3.19,0.75
2017.07.06 21:59:47.398,0.72751,0.7277,0.94,0.94
2017.07.06 21:59:47.977,0.72751,0.72769,0.94,0.75
2017.07.06 21:59:53.439,0.72751,0.7277,0.75,0.75
2017.07.06 21:59:53.964,0.72751,0.72769,0.75,0.75
2017.07.06 21:59:57.418,0.72751,0.7277,0.75,0.75
2017.07.06 21:59:57.955,0.72751,0.72769,0.75,0.75
