2011.09.16 11:00:00.042,0.82917,0.82937,1.50,1.21
2011.09.16 11:00:00.169,0.82916,0.82937,1.50,1.21
2011.09.16 11:00:01.121,0.82914,0.82935,1.50,2.25
2011.09.16 11:00:01.254,0.82914,0.82935,1.50,2.71
2011.09.16 11:00:01.739,0.82914,0.82935,1.50,2.34
2011.09.16 11:00:01.988,0.82914,0.82927,1.50,3.00
2011.09.16 11:00:02.225,0.8291,0.82927,1.50,3.00
2011.09.16 11:00:03.423,0.82904,0.82919,2.63,2.25
2011.09.16 11:00:03.669,0.8291,0.82927,1.50,1.59
2011.09.16 11:00:03.790,0.8291,0.82927,1.50,1.21
2011.09.16 11:00:04.038,0.8291,0.82927,1.50,1.21
2011.09.16 11:00:06.411,0.8291,0.82927,1.50,1.21
2011.09.16 11:00:07.414,0.8291,0.82927,1.50,1.21
2011.09.16 11:00:07.909,0.8291,0.82927,1.50,1.21
2011.09.16 11:00:08.353,0.8291,0.82927,1.50,1.21
2011.09.16 11:00:09.217,0.8291,0.82927,1.50,1.21
2011.09.16 11:00:09.935,0.8291,0.82927,1.50,1.21
2011.09.16 11:00:10.328,0.82909,0.82927,1.50,1.21
2011.09.16 11:00:10.449,0.82909,0.82923,1.50,1.13
2011.09.16 11:00:10.819,0.82904,0.82919,1.50,2.25
2011.09.16 11:00:11.058,0.82909,0.82923,1.50,1.21
2011.09.16 11:00:11.299,0.8291,0.82926,3.00,1.21
2011.09.16 11:00:11.771,0.82912,0.82926,1.50,1.21
2011.09.16 11:00:13.842,0.8291,0.82925,3.00,1.21
2011.09.16 11:00:13.968,0.8291,0.82924,2.25,1.50
2011.09.16 11:00:14.502,0.82908,0.82923,1.50,1.59
2011.09.16 11:00:14.975,0.82904,0.8292,1.50,2.63
2011.09.16 11:00:15.548,0.82904,0.8292,1.50,2.63
2011.09.16 11:00:15.909,0.82904,0.8292,1.50,2.63
2011.09.16 11:00:16.808,0.82904,0.8292,1.50,2.63
2011.09.16 11:00:16.944,0.82904,0.8292,1.50,2.63
2011.09.16 11:00:17.316,0.82904,0.8292,1.50,2.63
2011.09.16 11:00:17.885,0.82904,0.8292,1.50,2.63
2011.09.16 11:00:18.673,0.82904,0.8292,1.50,2.63
2011.09.16 11:00:19.012,0.82904,0.8292,1.50,2.63
2011.09.16 11:00:19.720,0.82904,0.8292,1.50,2.25
2011.09.16 11:00:20.063,0.82904,0.8292,1.50,2.25
2011.09.16 11:00:21.323,0.82904,0.8292,1.50,2.63
2011.09.16 11:00:25.014,0.82904,0.8292,1.50,2.25
2011.09.16 11:00:25.135,0.82904,0.8292,1.50,2.25
2011.09.16 11:00:25.935,0.82904,0.8292,1.50,2.25
2011.09.16 11:00:26.178,0.8291,0.82927,1.50,3.38
2011.09.16 11:00:26.534,0.8291,0.82927,1.50,3.00
2011.09.16 11:00:26.896,0.8291,0.82927,1.50,3.38
2011.09.16 11:00:28.259,0.8291,0.82927,1.50,3.38
2011.09.16 11:00:29.064,0.8291,0.82927,1.50,3.00
2011.09.16 11:00:29.183,0.8291,0.82927,1.50,3.00
2011.09.16 11:00:30.470,0.8291,0.82927,1.50,3.00
2011.09.16 11:00:30.817,0.8291,0.82927,1.50,3.75
2011.09.16 11:00:30.940,0.8291,0.82927,1.50,3.75
2011.09.16 11:00:31.186,0.82908,0.82919,1.50,2.25
2011.09.16 11:00:31.537,0.82908,0.82919,1.50,2.25
2011.09.16 11:00:32.334,0.82909,0.82919,1.50,2.25
2011.09.16 11:00:33.039,0.82909,0.82919,1.50,2.25
2011.09.16 11:00:33.624,0.82909,0.82919,1.50,2.25
2011.09.16 11:00:36.245,0.82909,0.82919,1.50,2.25
2011.09.16 11:00:36.800,0.8291,0.82927,1.50,3.00
2011.09.16 11:00:37.290,0.82912,0.82927,1.50,3.00
2011.09.16 11:00:37.661,0.82912,0.82929,1.88,2.25
2011.09.16 11:00:38.256,0.82915,0.82929,2.25,2.25
2011.09.16 11:00:38.924,0.82915,0.82929,2.25,2.25
2011.09.16 11:00:39.293,0.82917,0.82929,1.50,2.25
2011.09.16 11:00:39.660,0.82918,0.82929,1.50,2.25
2011.09.16 11:00:39.791,0.82919,0.82938,1.50,1.13
2011.09.16 11:00:40.040,0.82927,0.82939,1.50,1.13
2011.09.16 11:00:40.171,0.82928,0.82944,1.50,1.21
2011.09.16 11:00:40.766,0.82928,0.82947,1.50,6.91
2011.09.16 11:00:41.323,0.82924,0.82937,3.00,3.00
2011.09.16 11:00:41.802,0.82923,0.82937,3.00,3.00
2011.09.16 11:00:42.525,0.82922,0.82937,2.25,3.38
2011.09.16 11:00:42.892,0.82919,0.82937,2.56,3.38
2011.09.16 11:00:43.017,0.82919,0.82937,1.50,3.38
2011.09.16 11:00:43.258,0.82919,0.82937,1.50,3.38
2011.09.16 11:00:44.185,0.82919,0.82937,2.25,3.38
2011.09.16 11:00:44.777,0.8292,0.82937,2.25,3.00
2011.09.16 11:00:45.801,0.8292,0.82937,2.25,3.38
2011.09.16 11:00:47.121,0.82916,0.82932,1.50,1.13
2011.09.16 11:00:47.251,0.82914,0.82932,1.50,1.13
2011.09.16 11:00:47.740,0.82913,0.82932,1.50,1.13
2011.09.16 11:00:50.775,0.82909,0.82931,1.81,1.59
2011.09.16 11:00:51.021,0.8291,0.82931,1.06,1.59
2011.09.16 11:00:51.893,0.82911,0.82934,1.50,1.59
2011.09.16 11:00:52.134,0.82913,0.82934,1.50,1.59
2011.09.16 11:00:52.378,0.82913,0.82934,1.50,2.34
2011.09.16 11:00:52.500,0.82912,0.82933,2.25,1.50
2011.09.16 11:00:53.106,0.82912,0.82934,1.50,4.21
2011.09.16 11:00:58.578,0.82912,0.82934,1.50,3.46
2011.09.16 11:00:58.699,0.82912,0.82934,1.50,2.34
2011.09.16 11:00:58.827,0.82913,0.82934,1.50,1.96
2011.09.16 11:00:59.444,0.82913,0.82934,1.50,1.21
2011.09.16 11:01:00.566,0.82913,0.82934,1.50,1.21
2011.09.16 11:01:01.594,0.82916,0.82934,1.50,1.21
2011.09.16 11:01:02.149,0.82916,0.82936,1.50,1.21
2011.09.16 11:01:02.275,0.82916,0.82936,1.50,1.21
2011.09.16 11:01:03.208,0.82916,0.82934,1.50,1.13
2011.09.16 11:01:03.737,0.82916,0.82936,1.50,1.21
2011.09.16 11:01:05.022,0.82916,0.82936,1.50,1.21
2011.09.16 11:01:06.020,0.82916,0.82936,1.50,1.21
2011.09.16 11:01:06.381,0.82916,0.82939,2.25,1.21
2011.09.16 11:01:06.638,0.82922,0.82939,1.50,1.21
2011.09.16 11:01:06.761,0.82922,0.82939,2.25,1.21
2011.09.16 11:01:09.105,0.82922,0.82939,1.50,2.71
2011.09.16 11:01:09.456,0.82918,0.82938,1.50,7.50
2011.09.16 11:01:11.532,0.82918,0.82936,1.50,3.46
2011.09.16 11:01:13.527,0.82918,0.82936,1.50,3.46
2011.09.16 11:01:14.247,0.8292,0.82937,1.50,1.21
2011.09.16 11:01:14.371,0.8292,0.82939,1.50,1.21
2011.09.16 11:01:14.618,0.82923,0.8294,1.50,1.50
2011.09.16 11:01:16.013,0.82924,0.82941,1.50,1.21
2011.09.16 11:01:16.512,0.82924,0.82941,1.50,1.21
2011.09.16 11:01:17.102,0.82924,0.82941,1.50,1.21
2011.09.16 11:01:17.946,0.82926,0.82942,1.50,5.63
2011.09.16 11:01:18.298,0.82926,0.82942,1.50,5.63
2011.09.16 11:01:19.770,0.82932,0.82948,1.50,1.21
2011.09.16 11:01:19.900,0.82932,0.82953,2.25,1.21
2011.09.16 11:01:21.618,0.82932,0.82953,2.56,1.21
2011.09.16 11:01:22.231,0.82932,0.82947,1.81,2.25
2011.09.16 11:01:22.996,0.82932,0.82947,1.81,2.25
2011.09.16 11:01:25.586,0.82933,0.82947,1.06,2.25
2011.09.16 11:01:25.984,0.82933,0.82947,1.06,2.25
2011.09.16 11:01:28.102,0.82932,0.82947,1.06,2.71
2011.09.16 11:01:28.677,0.82932,0.82947,1.06,2.71
2011.09.16 11:01:29.808,0.82932,0.82947,1.06,2.71
2011.09.16 11:01:30.053,0.82932,0.82946,1.06,1.44
2011.09.16 11:01:30.527,0.82929,0.82943,1.81,2.25
2011.09.16 11:01:30.670,0.82929,0.82947,1.50,2.34
2011.09.16 11:01:30.796,0.82928,0.82945,1.50,1.59
2011.09.16 11:01:30.916,0.82928,0.82945,1.50,4.59
2011.09.16 11:01:31.037,0.82924,0.82938,1.13,2.63
2011.09.16 11:01:31.396,0.82921,0.82936,1.06,2.63
2011.09.16 11:01:31.757,0.82917,0.82936,1.81,2.63
2011.09.16 11:01:32.324,0.82916,0.82935,1.81,3.00
2011.09.16 11:01:33.450,0.82916,0.82935,1.81,3.00
2011.09.16 11:01:34.300,0.82915,0.82935,1.81,3.00
2011.09.16 11:01:34.439,0.82915,0.82935,1.81,3.38
2011.09.16 11:01:34.557,0.82915,0.82935,1.81,3.00
2011.09.16 11:01:34.785,0.82915,0.82935,1.81,3.38
2011.09.16 11:01:35.777,0.82916,0.82935,1.06,3.38
2011.09.16 11:01:36.762,0.82916,0.82935,1.06,3.38
2011.09.16 11:01:37.029,0.82915,0.82934,1.50,1.13
2011.09.16 11:01:37.616,0.82915,0.82934,1.50,1.13
2011.09.16 11:01:38.033,0.82915,0.82934,1.50,1.13
2011.09.16 11:01:39.027,0.82915,0.82934,1.50,1.13
2011.09.16 11:01:39.634,0.82912,0.82933,2.56,1.88
2011.09.16 11:01:40.177,0.82912,0.82933,2.25,1.13
2011.09.16 11:01:40.813,0.82912,0.82933,2.25,1.13
2011.09.16 11:01:42.992,0.82912,0.82933,2.25,1.13
2011.09.16 11:01:43.824,0.82912,0.82933,2.25,1.13
2011.09.16 11:01:44.416,0.82912,0.82933,2.25,1.13
2011.09.16 11:01:47.654,0.82913,0.82935,1.50,1.96
2011.09.16 11:01:48.234,0.82913,0.82935,1.50,1.96
2011.09.16 11:01:49.523,0.82913,0.82933,1.50,1.13
2011.09.16 11:01:50.105,0.82913,0.82931,1.50,1.13
2011.09.16 11:01:51.057,0.82912,0.82931,1.50,1.13
2011.09.16 11:01:55.357,0.82911,0.8293,1.50,1.13
2011.09.16 11:01:56.367,0.82911,0.82931,1.50,1.13
2011.09.16 11:01:56.946,0.82912,0.82932,1.50,1.13
2011.09.16 11:01:57.174,0.82912,0.82933,1.50,1.13
2011.09.16 11:01:57.764,0.82913,0.82935,2.25,1.96
2011.09.16 11:02:00.235,0.82913,0.82934,2.25,1.13
2011.09.16 11:02:00.579,0.82916,0.82935,1.50,1.50
2011.09.16 11:02:01.047,0.82916,0.82937,1.50,1.88
2011.09.16 11:02:01.407,0.82918,0.82938,1.88,3.75
2011.09.16 11:02:01.965,0.82918,0.82938,1.88,3.00
2011.09.16 11:02:08.145,0.82921,0.82941,1.13,1.21
2011.09.16 11:02:08.291,0.82921,0.82942,1.13,1.21
2011.09.16 11:02:11.783,0.82921,0.82942,1.13,1.21
2011.09.16 11:02:16.712,0.82921,0.82942,1.13,1.21
2011.09.16 11:02:24.920,0.82923,0.82941,1.50,1.21
2011.09.16 11:02:25.273,0.8292,0.82938,1.50,4.13
2011.09.16 11:02:34.893,0.8292,0.82938,1.50,3.38
2011.09.16 11:02:37.604,0.8292,0.82938,1.50,2.25
2011.09.16 11:02:37.737,0.82924,0.82944,2.25,1.96
2011.09.16 11:02:43.591,0.82924,0.82944,1.50,1.21
2011.09.16 11:02:46.985,0.82924,0.82945,1.50,1.96
2011.09.16 11:02:47.335,0.82924,0.82945,1.50,1.96
2011.09.16 11:02:48.040,0.82924,0.82945,1.50,1.96
2011.09.16 11:02:48.416,0.82938,0.8295,1.50,1.21
2011.09.16 11:02:48.533,0.82938,0.82952,1.50,1.21
2011.09.16 11:02:49.804,0.82938,0.82954,2.25,3.46
2011.09.16 11:02:50.612,0.8294,0.82954,1.50,2.25
2011.09.16 11:02:52.450,0.82941,0.82954,1.50,2.25
2011.09.16 11:02:52.807,0.82942,0.82959,1.50,4.21
2011.09.16 11:02:53.047,0.82946,0.82959,1.50,2.25
2011.09.16 11:03:15.087,0.82944,0.8296,1.50,3.09
2011.09.16 11:03:15.432,0.82944,0.8296,1.50,3.09
2011.09.16 11:03:16.006,0.82944,0.82958,1.50,2.71
2011.09.16 11:03:16.129,0.82939,0.82957,1.50,3.84
2011.09.16 11:03:16.771,0.82934,0.82949,1.50,1.13
2011.09.16 11:03:17.025,0.8293,0.82947,1.50,1.13
2011.09.16 11:03:17.144,0.8293,0.82947,1.50,1.13
2011.09.16 11:03:17.389,0.82928,0.82948,1.50,6.75
2011.09.16 11:03:17.518,0.82927,0.82948,2.25,6.75
2011.09.16 11:03:18.094,0.82927,0.82947,1.50,1.21
2011.09.16 11:03:18.214,0.82927,0.82945,1.50,1.13
2011.09.16 11:03:19.002,0.82927,0.82947,1.50,1.21
2011.09.16 11:03:20.090,0.82927,0.82945,1.50,1.13
2011.09.16 11:03:20.543,0.82927,0.82946,1.50,1.50
2011.09.16 11:03:21.696,0.82927,0.82945,1.50,1.13
2011.09.16 11:03:24.460,0.82927,0.82946,1.50,1.50
2011.09.16 11:03:31.096,0.82936,0.82948,3.75,1.21
2011.09.16 11:03:31.467,0.82929,0.82948,1.20,4.13
2011.09.16 11:03:31.719,0.82928,0.82948,1.50,4.13
2011.09.16 11:03:31.848,0.82928,0.82948,1.50,4.13
2011.09.16 11:03:32.424,0.82928,0.82948,1.50,4.13
2011.09.16 11:03:32.775,0.82933,0.82948,2.25,2.63
2011.09.16 11:03:32.896,0.82938,0.82951,1.50,1.13
2011.09.16 11:03:33.548,0.82933,0.8295,1.50,2.63
2011.09.16 11:03:33.682,0.82932,0.8295,2.25,3.38
2011.09.16 11:03:34.223,0.82934,0.8295,1.50,2.25
2011.09.16 11:03:34.344,0.82937,0.82953,1.50,1.13
2011.09.16 11:03:34.574,0.82933,0.82949,2.25,1.13
2011.09.16 11:03:36.832,0.82934,0.82951,1.50,2.63
2011.09.16 11:03:37.194,0.82938,0.82955,1.50,3.38
2011.09.16 11:03:37.740,0.82943,0.82955,1.50,1.50
2011.09.16 11:03:37.877,0.82933,0.82951,2.25,3.00
2011.09.16 11:03:38.004,0.82937,0.82951,1.50,1.13
2011.09.16 11:03:38.251,0.82937,0.82953,1.50,1.88
2011.09.16 11:03:40.649,0.82933,0.8295,1.50,3.38
2011.09.16 11:03:40.782,0.82933,0.82946,1.50,1.50
2011.09.16 11:03:41.147,0.82927,0.82946,3.60,1.50
2011.09.16 11:03:41.485,0.8293,0.82945,3.00,1.50
2011.09.16 11:03:41.846,0.82936,0.82948,3.00,1.36
2011.09.16 11:03:42.086,0.82932,0.82951,1.50,3.46
2011.09.16 11:03:42.805,0.82932,0.82943,1.50,1.21
2011.09.16 11:03:42.938,0.82925,0.82939,1.06,1.13
2011.09.16 11:03:43.066,0.82923,0.82941,1.50,2.71
2011.09.16 11:03:43.425,0.82918,0.82936,2.25,1.59
2011.09.16 11:03:43.544,0.82918,0.82936,1.50,1.59
2011.09.16 11:03:44.813,0.8292,0.82938,1.50,2.34
2011.09.16 11:03:44.935,0.82922,0.82938,1.50,2.34
2011.09.16 11:03:46.685,0.82928,0.82941,3.00,1.21
2011.09.16 11:03:53.523,0.82929,0.82943,1.50,1.13
2011.09.16 11:03:53.644,0.82929,0.82947,1.50,3.84
2011.09.16 11:03:54.323,0.82929,0.82947,1.50,3.84
2011.09.16 11:03:54.855,0.82929,0.82947,1.50,3.46
2011.09.16 11:03:55.431,0.82929,0.82947,1.50,3.84
2011.09.16 11:03:58.792,0.82929,0.82947,1.50,3.84
2011.09.16 11:04:01.082,0.8293,0.82947,1.50,3.84
2011.09.16 11:04:01.547,0.82935,0.8295,3.00,1.59
2011.09.16 11:04:02.114,0.82936,0.82948,1.50,1.21
2011.09.16 11:04:02.239,0.82933,0.82948,1.50,1.21
2011.09.16 11:04:03.735,0.82935,0.82948,1.50,1.21
2011.09.16 11:04:03.857,0.82938,0.8295,1.50,1.21
2011.09.16 11:04:05.359,0.82938,0.82955,2.25,1.21
2011.09.16 11:04:11.026,0.82938,0.82955,1.50,2.34
2011.09.16 11:04:11.585,0.82938,0.82953,1.50,1.59
2011.09.16 11:04:11.829,0.82933,0.82953,1.50,5.71
2011.09.16 11:04:12.307,0.82932,0.82946,3.00,1.13
2011.09.16 11:04:12.800,0.82928,0.82946,1.50,1.88
2011.09.16 11:04:12.940,0.82923,0.82941,2.25,1.59
2011.09.16 11:04:13.533,0.82923,0.82942,1.50,1.59
2011.09.16 11:04:14.128,0.82923,0.82942,1.50,1.59
2011.09.16 11:04:14.737,0.82928,0.82943,1.50,1.59
2011.09.16 11:04:15.095,0.82933,0.82948,1.50,1.59
2011.09.16 11:04:15.437,0.82933,0.82948,1.50,1.59
2011.09.16 11:04:19.078,0.82933,0.82947,1.50,2.34
2011.09.16 11:04:19.681,0.82933,0.82945,1.50,1.21
2011.09.16 11:04:21.005,0.82931,0.82945,3.00,2.34
2011.09.16 11:04:21.130,0.82927,0.82943,1.50,1.13
2011.09.16 11:04:21.256,0.82925,0.82943,1.06,1.13
2011.09.16 11:04:21.595,0.82922,0.82943,4.43,1.59
2011.09.16 11:04:22.456,0.82923,0.82943,1.50,1.59
2011.09.16 11:04:23.244,0.82923,0.82944,1.50,3.09
2011.09.16 11:04:23.825,0.82923,0.82944,1.50,3.09
2011.09.16 11:04:24.985,0.82923,0.82943,1.50,1.59
2011.09.16 11:04:29.918,0.82922,0.82941,3.00,1.50
2011.09.16 11:04:30.287,0.82916,0.82935,3.00,3.09
2011.09.16 11:04:30.409,0.82916,0.82935,2.25,3.09
2011.09.16 11:04:30.774,0.82916,0.82935,2.25,3.84
2011.09.16 11:04:31.341,0.82916,0.82933,2.25,1.21
2011.09.16 11:04:36.858,0.82916,0.82933,3.00,1.21
2011.09.16 11:04:37.735,0.82916,0.82933,3.00,1.21
2011.09.16 11:04:39.530,0.82916,0.82932,2.25,1.21
2011.09.16 11:04:39.658,0.82911,0.8293,1.13,1.21
2011.09.16 11:04:40.574,0.82911,0.8293,1.43,1.81
2011.09.16 11:04:41.493,0.82912,0.8293,1.13,1.06
2011.09.16 11:04:44.313,0.8291,0.8293,3.38,1.06
2011.09.16 11:04:45.602,0.82911,0.8293,1.13,1.06
2011.09.16 11:04:46.075,0.8291,0.82927,3.00,1.21
2011.09.16 11:04:46.658,0.82904,0.82923,1.06,1.21
2011.09.16 11:04:46.788,0.82905,0.82921,1.06,1.21
2011.09.16 11:04:47.738,0.82903,0.82923,1.05,1.21
2011.09.16 11:04:48.084,0.82904,0.82922,1.05,1.21
2011.09.16 11:04:48.652,0.82904,0.82922,1.05,1.21
2011.09.16 11:04:49.016,0.82904,0.82922,1.05,1.59
2011.09.16 11:04:49.137,0.829,0.82919,3.00,1.88
2011.09.16 11:04:49.265,0.829,0.82916,2.25,1.59
2011.09.16 11:04:49.383,0.82898,0.82916,1.06,1.59
2011.09.16 11:04:49.624,0.82895,0.82914,1.13,1.96
2011.09.16 11:04:49.987,0.82897,0.82915,1.13,1.21
2011.09.16 11:04:51.226,0.82897,0.82915,1.13,1.21
2011.09.16 11:04:51.572,0.82897,0.82915,1.13,1.21
2011.09.16 11:04:51.935,0.82911,0.82925,2.25,3.46
2011.09.16 11:04:52.059,0.82911,0.82924,1.06,1.21
2011.09.16 11:04:52.305,0.82902,0.82921,1.50,1.21
2011.09.16 11:04:52.547,0.82904,0.82923,1.13,1.21
2011.09.16 11:04:52.663,0.82901,0.82923,1.43,1.21
2011.09.16 11:04:53.014,0.82901,0.82922,1.13,1.96
2011.09.16 11:04:53.254,0.829,0.82918,1.13,1.21
2011.09.16 11:04:54.406,0.82911,0.82925,2.25,1.96
2011.09.16 11:04:54.524,0.82911,0.82925,2.25,1.96
2011.09.16 11:04:56.235,0.82905,0.82924,1.50,1.21
2011.09.16 11:04:56.476,0.82905,0.82922,1.13,1.21
2011.09.16 11:04:56.713,0.82906,0.82926,1.13,1.21
2011.09.16 11:04:57.256,0.82903,0.82922,1.13,1.21
2011.09.16 11:04:58.294,0.82902,0.82922,3.00,1.21
2011.09.16 11:04:58.935,0.829,0.82921,3.00,3.09
2011.09.16 11:05:05.453,0.829,0.82921,3.00,3.09
2011.09.16 11:05:07.540,0.829,0.82921,3.00,3.09
2011.09.16 11:05:07.662,0.82906,0.82921,1.35,3.09
2011.09.16 11:05:08.534,0.82903,0.82926,2.25,1.13
2011.09.16 11:05:09.113,0.82903,0.82925,2.25,1.13
2011.09.16 11:05:09.239,0.82907,0.82926,1.13,1.88
2011.09.16 11:05:09.606,0.82911,0.82928,2.25,2.49
2011.09.16 11:05:09.723,0.82905,0.82928,1.50,4.74
2011.09.16 11:05:09.844,0.82905,0.82927,1.50,1.59
2011.09.16 11:05:10.413,0.82903,0.82927,2.63,2.34
2011.09.16 11:05:10.953,0.82903,0.82927,2.25,2.34
2011.09.16 11:05:12.229,0.82905,0.82927,1.13,2.34
2011.09.16 11:05:13.237,0.82911,0.82927,1.88,1.96
2011.09.16 11:05:13.598,0.82915,0.82929,3.00,1.21
2011.09.16 11:05:14.692,0.82915,0.8293,3.00,1.21
2011.09.16 11:05:16.714,0.82915,0.82927,2.25,1.35
2011.09.16 11:05:16.835,0.8291,0.82927,1.06,1.35
2011.09.16 11:05:16.955,0.82908,0.82928,1.88,2.25
2011.09.16 11:05:17.773,0.82911,0.8293,3.00,4.06
2011.09.16 11:05:18.363,0.82912,0.8293,1.13,3.31
2011.09.16 11:05:19.516,0.82912,0.8293,1.13,3.31
2011.09.16 11:05:19.862,0.82913,0.8293,2.25,3.31
2011.09.16 11:05:25.928,0.82917,0.8293,2.25,2.71
2011.09.16 11:05:26.060,0.82922,0.82936,2.25,1.96
2011.09.16 11:05:26.624,0.82926,0.82941,1.50,1.21
2011.09.16 11:05:26.755,0.82929,0.82944,1.50,1.21
2011.09.16 11:05:26.877,0.8293,0.82948,2.25,1.21
2011.09.16 11:05:28.485,0.82928,0.82947,2.25,3.46
2011.09.16 11:05:29.132,0.82931,0.82947,1.50,3.46
2011.09.16 11:05:29.735,0.82931,0.82947,1.50,3.46
2011.09.16 11:05:30.088,0.82933,0.8295,1.50,2.71
2011.09.16 11:05:30.558,0.82935,0.82953,2.25,1.21
2011.09.16 11:05:30.925,0.82938,0.82957,1.50,4.21
2011.09.16 11:05:31.043,0.82938,0.82957,1.50,4.21
2011.09.16 11:05:32.194,0.8294,0.82957,1.50,3.46
2011.09.16 11:05:32.425,0.8294,0.82954,1.50,1.50
2011.09.16 11:05:32.665,0.82935,0.8295,2.25,2.25
2011.09.16 11:05:33.026,0.82935,0.82951,1.50,1.21
2011.09.16 11:05:33.384,0.82939,0.82957,1.50,1.21
2011.09.16 11:05:33.983,0.82939,0.82957,1.50,1.59
2011.09.16 11:05:35.798,0.82947,0.82958,1.50,3.46
2011.09.16 11:05:35.927,0.82946,0.82961,3.00,1.59
2011.09.16 11:05:36.174,0.82939,0.82957,1.88,1.88
2011.09.16 11:05:36.294,0.82938,0.82957,1.50,1.88
2011.09.16 11:05:37.146,0.82937,0.82957,1.50,2.34
2011.09.16 11:05:37.716,0.82937,0.82957,1.50,2.34
2011.09.16 11:05:38.305,0.82935,0.82952,1.50,1.59
2011.09.16 11:05:39.150,0.82933,0.82947,2.25,1.50
2011.09.16 11:05:39.399,0.82928,0.82946,2.25,1.44
2011.09.16 11:05:39.885,0.82925,0.82943,1.50,1.59
2011.09.16 11:05:40.494,0.82928,0.82943,1.50,1.59
2011.09.16 11:05:40.631,0.82928,0.82944,1.50,1.59
2011.09.16 11:05:41.093,0.82928,0.82943,1.50,2.34
2011.09.16 11:05:41.453,0.82919,0.82935,2.18,2.25
2011.09.16 11:05:41.580,0.82922,0.8294,1.50,1.59
2011.09.16 11:05:41.706,0.82923,0.82939,1.50,1.21
2011.09.16 11:05:41.826,0.82923,0.82939,1.50,1.21
2011.09.16 11:05:42.068,0.82924,0.8294,1.50,1.96
2011.09.16 11:05:42.787,0.82923,0.82939,1.50,1.21
2011.09.16 11:05:43.440,0.82924,0.82943,1.50,1.96
2011.09.16 11:05:43.687,0.82927,0.82943,1.50,1.21
2011.09.16 11:05:44.035,0.82933,0.82945,1.50,1.21
2011.09.16 11:05:44.747,0.8293,0.82944,3.00,1.21
2011.09.16 11:05:44.866,0.82927,0.82944,1.50,1.21
2011.09.16 11:05:44.987,0.82927,0.82941,1.50,1.21
2011.09.16 11:05:45.105,0.82928,0.82944,1.50,1.59
2011.09.16 11:05:45.465,0.82925,0.82943,1.50,1.21
2011.09.16 11:05:46.173,0.82925,0.82943,1.50,1.21
2011.09.16 11:05:48.363,0.82925,0.82942,1.50,1.21
2011.09.16 11:05:48.728,0.82919,0.82937,1.50,1.21
2011.09.16 11:05:49.545,0.82922,0.82934,1.50,1.21
2011.09.16 11:05:49.664,0.82922,0.82939,2.25,1.21
2011.09.16 11:05:50.113,0.82924,0.82939,1.50,1.21
2011.09.16 11:05:50.343,0.82924,0.82942,1.50,3.09
2011.09.16 11:05:50.806,0.82924,0.82942,1.50,2.34
2011.09.16 11:05:55.652,0.82924,0.82942,1.50,1.21
2011.09.16 11:05:56.213,0.82924,0.82942,1.50,1.21
2011.09.16 11:05:56.334,0.82924,0.82942,1.50,1.21
2011.09.16 11:05:58.286,0.82923,0.82942,1.50,1.21
2011.09.16 11:06:00.653,0.82922,0.82942,2.25,2.34
2011.09.16 11:06:01.003,0.82922,0.82938,1.50,1.59
2011.09.16 11:06:01.786,0.82922,0.82938,1.50,1.59
2011.09.16 11:06:04.064,0.8292,0.82937,1.50,1.96
2011.09.16 11:06:04.182,0.8292,0.82937,1.50,2.34
2011.09.16 11:06:04.303,0.82918,0.82933,2.25,1.21
2011.09.16 11:06:04.918,0.8292,0.82937,1.50,2.34
2011.09.16 11:06:06.213,0.82925,0.82937,3.00,1.59
2011.09.16 11:06:06.453,0.82929,0.82938,1.50,1.50
2011.09.16 11:06:06.576,0.82923,0.82938,1.88,4.13
2011.09.16 11:06:06.694,0.82918,0.82938,1.81,3.38
2011.09.16 11:06:06.813,0.8292,0.82939,1.50,1.59
2011.09.16 11:06:06.934,0.82922,0.82939,1.50,1.59
2011.09.16 11:06:07.053,0.82922,0.8294,1.50,1.59
2011.09.16 11:06:07.615,0.82924,0.82942,1.50,1.59
2011.09.16 11:06:08.420,0.82928,0.82942,1.50,1.59
2011.09.16 11:06:08.664,0.82933,0.82944,2.25,1.96
2011.09.16 11:06:09.184,0.82933,0.82944,1.50,1.21
2011.09.16 11:06:16.933,0.82933,0.82944,1.50,3.31
2011.09.16 11:06:17.274,0.82925,0.82939,1.50,1.21
2011.09.16 11:06:17.516,0.82925,0.82941,1.50,1.21
2011.09.16 11:06:18.087,0.82924,0.82941,1.50,1.21
2011.09.16 11:06:21.002,0.82924,0.82939,1.50,1.59
2011.09.16 11:06:21.233,0.82923,0.82937,2.25,1.21
2011.09.16 11:06:22.504,0.8293,0.82938,3.00,1.59
2011.09.16 11:06:22.627,0.82932,0.82945,1.50,1.96
2011.09.16 11:06:23.794,0.8293,0.82944,2.25,1.21
2011.09.16 11:06:23.915,0.82924,0.82944,1.50,1.21
2011.09.16 11:06:24.450,0.82926,0.8294,1.50,1.21
2011.09.16 11:06:24.696,0.82925,0.82944,2.25,1.59
2011.09.16 11:06:24.815,0.82927,0.82944,1.50,1.59
2011.09.16 11:06:25.060,0.8292,0.82939,1.81,1.13
2011.09.16 11:06:25.306,0.82919,0.82938,1.06,1.96
2011.09.16 11:06:25.911,0.82916,0.82939,1.50,2.63
2011.09.16 11:06:26.037,0.82916,0.82939,1.50,1.88
2011.09.16 11:06:27.896,0.82919,0.82939,1.50,2.63
2011.09.16 11:06:28.259,0.8293,0.82939,2.25,1.65
2011.09.16 11:06:28.393,0.82925,0.82934,2.25,1.13
2011.09.16 11:06:28.518,0.82915,0.82934,1.06,1.13
2011.09.16 11:06:28.647,0.82914,0.82933,1.81,1.88
2011.09.16 11:06:28.770,0.82916,0.82929,3.00,1.13
2011.09.16 11:06:29.135,0.82908,0.82928,1.06,4.13
2011.09.16 11:06:29.623,0.82907,0.82926,1.06,1.13
2011.09.16 11:06:29.762,0.82905,0.82926,1.50,1.59
2011.09.16 11:06:31.426,0.82913,0.82928,1.50,3.84
2011.09.16 11:06:31.545,0.82915,0.82929,3.00,1.13
2011.09.16 11:06:32.025,0.82911,0.82928,1.06,3.38
2011.09.16 11:06:32.263,0.82908,0.82928,2.25,4.13
2011.09.16 11:06:34.664,0.82912,0.82928,1.50,2.63
2011.09.16 11:06:34.903,0.82915,0.82932,3.00,1.13
2011.09.16 11:06:35.026,0.82915,0.82932,3.00,1.13
2011.09.16 11:06:36.455,0.82915,0.82934,3.00,1.59
2011.09.16 11:06:37.596,0.82915,0.82935,3.00,1.13
2011.09.16 11:06:41.011,0.82915,0.82936,3.00,3.84
2011.09.16 11:06:44.667,0.82921,0.82936,1.50,3.09
2011.09.16 11:06:44.786,0.82922,0.82936,1.50,3.46
2011.09.16 11:06:45.027,0.82922,0.8294,3.00,1.21
2011.09.16 11:06:45.262,0.82922,0.82942,3.75,1.13
2011.09.16 11:06:46.081,0.82922,0.82942,3.00,1.13
2011.09.16 11:06:47.615,0.82922,0.82944,3.75,1.59
2011.09.16 11:06:47.855,0.82922,0.82944,3.75,1.59
2011.09.16 11:06:48.486,0.82922,0.82944,4.50,1.21
2011.09.16 11:06:49.615,0.82923,0.82944,1.50,1.59
2011.09.16 11:06:49.963,0.82927,0.82944,1.50,1.59
2011.09.16 11:06:53.320,0.82927,0.82944,1.50,1.21
2011.09.16 11:06:53.876,0.82927,0.82943,1.50,1.13
2011.09.16 11:06:56.633,0.82927,0.82942,1.50,1.13
2011.09.16 11:06:56.974,0.82925,0.82942,1.50,2.34
2011.09.16 11:06:57.219,0.82922,0.82938,1.50,1.96
2011.09.16 11:06:57.814,0.82922,0.82938,1.50,2.25
2011.09.16 11:07:00.735,0.82922,0.82937,1.50,1.96
2011.09.16 11:07:02.749,0.82922,0.82936,1.50,1.59
2011.09.16 11:07:02.994,0.82917,0.82936,1.50,2.34
2011.09.16 11:07:03.237,0.82917,0.82936,1.50,1.21
2011.09.16 11:07:05.727,0.82918,0.82938,1.88,2.71
2011.09.16 11:07:05.854,0.82923,0.8294,1.50,2.71
2011.09.16 11:07:19.091,0.82924,0.82942,1.50,1.21
2011.09.16 11:07:19.333,0.8293,0.82942,1.50,1.21
2011.09.16 11:07:19.455,0.8293,0.82944,1.50,1.21
2011.09.16 11:07:19.573,0.8293,0.82946,1.50,1.81
2011.09.16 11:07:21.333,0.8293,0.82946,1.50,1.21
2011.09.16 11:07:21.685,0.8293,0.82948,1.50,4.21
2011.09.16 11:07:24.070,0.8293,0.82948,1.50,4.21
2011.09.16 11:07:24.433,0.8293,0.82948,1.50,4.21
2011.09.16 11:07:25.064,0.82939,0.82948,1.50,1.21
2011.09.16 11:07:25.305,0.82935,0.82948,3.75,1.13
2011.09.16 11:07:25.423,0.8293,0.82947,1.50,4.21
2011.09.16 11:07:26.898,0.82933,0.8295,1.50,4.21
2011.09.16 11:07:27.266,0.82933,0.82948,1.50,1.96
2011.09.16 11:07:27.820,0.82928,0.82945,1.50,2.71
2011.09.16 11:07:40.777,0.82928,0.82945,1.50,3.84
2011.09.16 11:07:41.536,0.82928,0.82941,1.50,2.63
2011.09.16 11:07:41.777,0.82921,0.82935,1.50,2.10
2011.09.16 11:07:41.898,0.82915,0.82934,1.50,1.59
2011.09.16 11:07:42.027,0.82915,0.82932,1.50,1.13
2011.09.16 11:07:42.625,0.8291,0.82927,1.50,2.63
2011.09.16 11:07:42.868,0.8291,0.82927,1.50,2.63
2011.09.16 11:07:42.996,0.8291,0.82927,1.50,2.63
2011.09.16 11:07:43.222,0.8291,0.82927,1.50,2.63
2011.09.16 11:07:43.753,0.8291,0.82927,1.50,2.63
2011.09.16 11:07:46.083,0.8291,0.82927,1.50,2.63
2011.09.16 11:07:47.012,0.8291,0.82927,1.50,2.63
2011.09.16 11:07:48.154,0.8291,0.82927,1.50,2.63
2011.09.16 11:07:49.715,0.8291,0.82927,1.50,2.63
2011.09.16 11:07:51.036,0.82911,0.82927,1.50,2.25
2011.09.16 11:07:51.281,0.82913,0.82928,1.50,1.13
2011.09.16 11:07:51.405,0.8291,0.82928,1.50,3.38
2011.09.16 11:07:51.995,0.8291,0.82928,2.25,3.38
2011.09.16 11:07:52.799,0.82913,0.8293,1.50,3.09
2011.09.16 11:07:53.164,0.82912,0.8293,1.50,2.63
2011.09.16 11:07:53.650,0.82918,0.82933,1.50,1.13
2011.09.16 11:07:57.623,0.82913,0.82933,2.25,1.13
2011.09.16 11:07:57.742,0.82913,0.82934,3.00,1.88
2011.09.16 11:07:57.975,0.82913,0.82936,3.75,2.34
2011.09.16 11:07:58.324,0.82913,0.82936,3.75,1.59
2011.09.16 11:07:59.243,0.82913,0.82937,4.13,3.09
2011.09.16 11:08:01.278,0.82911,0.82926,1.88,2.25
2011.09.16 11:08:01.407,0.82911,0.82926,1.50,2.25
2011.09.16 11:08:01.646,0.82913,0.82926,1.50,2.25
2011.09.16 11:08:01.767,0.82913,0.82936,3.75,2.34
2011.09.16 11:08:02.306,0.82914,0.82937,2.25,5.19
2011.09.16 11:08:05.201,0.82914,0.82937,2.25,5.19
2011.09.16 11:08:07.385,0.82915,0.82937,1.13,3.46
2011.09.16 11:08:08.744,0.82914,0.82937,2.25,3.84
2011.09.16 11:08:09.301,0.82914,0.82937,2.25,3.84
2011.09.16 11:08:14.745,0.82914,0.82937,2.25,3.84
2011.09.16 11:08:14.861,0.82914,0.82937,2.25,3.84
2011.09.16 11:08:14.985,0.82914,0.82937,2.25,4.59
2011.09.16 11:08:15.574,0.82913,0.82935,3.75,1.59
2011.09.16 11:08:16.385,0.82913,0.82934,3.75,1.59
2011.09.16 11:08:16.615,0.82913,0.82934,3.75,1.59
2011.09.16 11:08:18.362,0.82913,0.82934,3.75,1.59
2011.09.16 11:08:19.608,0.82915,0.82934,1.50,1.59
2011.09.16 11:08:22.048,0.82918,0.82934,1.50,1.59
2011.09.16 11:08:24.944,0.82917,0.82934,1.50,1.59
2011.09.16 11:08:28.921,0.82913,0.82934,3.75,1.59
2011.09.16 11:08:32.673,0.82913,0.82935,3.75,1.59
2011.09.16 11:08:36.238,0.82913,0.82935,3.75,1.59
2011.09.16 11:08:36.874,0.82913,0.82936,3.75,1.59
2011.09.16 11:08:39.141,0.82913,0.82936,3.75,1.59
2011.09.16 11:08:40.802,0.82913,0.82933,3.00,1.13
2011.09.16 11:08:44.613,0.82913,0.82936,4.13,1.59
2011.09.16 11:08:46.292,0.82913,0.82936,3.75,1.59
2011.09.16 11:08:46.645,0.82913,0.82933,3.75,1.13
2011.09.16 11:08:47.225,0.82913,0.82932,3.75,1.13
2011.09.16 11:08:47.812,0.82913,0.82934,3.75,1.59
2011.09.16 11:08:48.902,0.82913,0.82932,3.75,1.13
2011.09.16 11:08:50.948,0.82912,0.8293,2.25,2.25
2011.09.16 11:08:51.077,0.82912,0.8293,2.25,3.00
2011.09.16 11:08:51.315,0.82915,0.82936,1.50,1.59
2011.09.16 11:08:51.773,0.82913,0.82932,1.50,1.13
2011.09.16 11:08:55.407,0.82913,0.82932,1.50,1.13
2011.09.16 11:08:56.423,0.82913,0.8293,1.50,1.50
2011.09.16 11:08:56.546,0.82912,0.82929,3.75,2.25
2011.09.16 11:08:56.788,0.82913,0.82925,1.50,3.00
2011.09.16 11:08:57.036,0.82915,0.82934,1.50,1.21
2011.09.16 11:08:57.263,0.82915,0.82935,1.50,1.13
2011.09.16 11:09:04.457,0.82916,0.82935,1.50,1.13
2011.09.16 11:09:04.571,0.82916,0.82935,1.50,1.13
2011.09.16 11:09:05.592,0.82916,0.82935,1.50,1.13
2011.09.16 11:09:06.181,0.82916,0.82936,1.50,1.59
2011.09.16 11:09:07.026,0.82916,0.82936,1.50,1.21
2011.09.16 11:09:10.622,0.82916,0.82936,1.50,1.21
2011.09.16 11:09:11.864,0.82916,0.82936,2.25,1.21
2011.09.16 11:09:14.963,0.82916,0.82935,1.50,1.50
2011.09.16 11:09:15.084,0.82914,0.82935,2.25,1.50
2011.09.16 11:09:15.315,0.82913,0.8293,1.50,2.25
2011.09.16 11:09:22.736,0.82911,0.8293,3.00,3.38
2011.09.16 11:09:22.856,0.82911,0.8293,3.00,3.38
2011.09.16 11:09:22.977,0.82911,0.82927,3.00,1.13
2011.09.16 11:09:23.336,0.82907,0.82926,1.50,1.59
2011.09.16 11:09:23.999,0.8291,0.82928,2.25,1.13
2011.09.16 11:09:24.684,0.8291,0.8293,2.25,1.59
2011.09.16 11:09:25.273,0.8291,0.82929,2.25,1.59
2011.09.16 11:09:25.833,0.8291,0.82931,3.00,3.09
2011.09.16 11:09:27.052,0.8291,0.82931,3.00,3.09
2011.09.16 11:09:28.252,0.8291,0.82931,3.00,3.84
2011.09.16 11:09:29.181,0.8291,0.8293,2.25,1.59
2011.09.16 11:09:29.768,0.8291,0.8293,3.00,1.59
2011.09.16 11:09:30.343,0.8291,0.8293,3.00,1.59
2011.09.16 11:09:31.016,0.8291,0.8293,3.00,1.59
2011.09.16 11:09:31.690,0.8291,0.8293,2.25,1.59
2011.09.16 11:09:38.733,0.82911,0.82931,1.50,3.09
2011.09.16 11:09:39.850,0.8291,0.82931,3.75,3.09
2011.09.16 11:09:40.457,0.82912,0.82931,1.88,2.71
2011.09.16 11:09:40.578,0.82913,0.82931,1.13,2.25
2011.09.16 11:09:40.938,0.82913,0.82931,1.13,2.25
2011.09.16 11:09:42.035,0.82916,0.82935,1.50,1.21
2011.09.16 11:09:42.160,0.82916,0.82937,2.63,1.96
2011.09.16 11:09:42.393,0.82917,0.82937,1.50,1.21
2011.09.16 11:09:46.528,0.82918,0.82937,1.50,1.21
2011.09.16 11:09:48.210,0.82918,0.82937,2.25,1.21
2011.09.16 11:09:52.612,0.82921,0.82937,1.50,1.21
2011.09.16 11:09:53.618,0.82921,0.82938,1.50,3.38
2011.09.16 11:09:57.385,0.82921,0.82938,1.50,2.25
2011.09.16 11:09:57.511,0.82921,0.82938,1.13,2.25
2011.09.16 11:09:57.641,0.82921,0.82938,1.13,2.25
2011.09.16 11:09:57.770,0.82923,0.82942,1.50,1.21
2011.09.16 11:09:59.653,0.82924,0.82942,1.50,1.21
2011.09.16 11:10:00.136,0.82926,0.82945,1.50,1.96
2011.09.16 11:10:00.256,0.82925,0.82945,1.88,1.21
2011.09.16 11:10:00.378,0.82931,0.82947,3.00,1.21
2011.09.16 11:10:01.356,0.82931,0.8295,3.00,3.46
2011.09.16 11:10:02.054,0.82932,0.8295,1.50,3.46
2011.09.16 11:10:10.142,0.82932,0.8295,1.50,3.46
2011.09.16 11:10:10.652,0.82932,0.8295,1.50,3.46
2011.09.16 11:10:11.737,0.82933,0.8295,1.50,3.46
2011.09.16 11:10:13.133,0.82933,0.8295,1.50,3.46
2011.09.16 11:10:13.603,0.82934,0.8295,1.50,2.25
2011.09.16 11:10:17.203,0.82933,0.8295,1.50,3.46
2011.09.16 11:10:18.184,0.82931,0.8295,4.13,3.46
2011.09.16 11:10:22.722,0.82932,0.8295,1.13,2.25
2011.09.16 11:10:23.287,0.82933,0.8295,1.50,2.25
2011.09.16 11:10:30.807,0.82934,0.8295,2.25,2.71
2011.09.16 11:10:31.657,0.82935,0.8295,1.50,2.25
2011.09.16 11:10:35.299,0.82934,0.8295,1.50,2.25
2011.09.16 11:10:40.035,0.82932,0.8295,1.50,2.25
2011.09.16 11:10:41.652,0.82933,0.8295,1.50,3.09
2011.09.16 11:10:42.433,0.82933,0.8295,1.50,3.09
2011.09.16 11:10:45.422,0.82932,0.8295,1.50,2.71
2011.09.16 11:10:46.316,0.82931,0.8295,3.00,2.71
2011.09.16 11:10:46.438,0.82931,0.8295,2.25,3.09
2011.09.16 11:10:47.165,0.82927,0.82948,1.50,4.21
2011.09.16 11:10:47.286,0.82927,0.82948,1.50,4.21
2011.09.16 11:10:47.408,0.82927,0.82948,1.50,4.21
2011.09.16 11:10:47.648,0.82927,0.82948,1.50,4.59
2011.09.16 11:10:48.005,0.82927,0.82948,1.50,4.59
2011.09.16 11:10:52.335,0.82927,0.82948,2.25,4.21
2011.09.16 11:10:58.537,0.82931,0.8295,3.00,3.09
2011.09.16 11:10:59.136,0.82931,0.8295,2.25,3.46
2011.09.16 11:11:16.243,0.82931,0.82948,2.25,2.34
2011.09.16 11:11:16.839,0.82928,0.82947,1.50,2.25
2011.09.16 11:11:19.990,0.82926,0.82947,2.25,3.38
2011.09.16 11:11:21.025,0.82926,0.82947,2.25,3.38
2011.09.16 11:11:21.376,0.82926,0.82945,1.50,1.13
2011.09.16 11:11:21.736,0.82923,0.82941,1.50,2.63
2011.09.16 11:11:22.096,0.82921,0.82938,1.50,3.38
2011.09.16 11:11:22.596,0.82917,0.82937,1.50,1.96
2011.09.16 11:11:23.065,0.82917,0.82937,1.50,1.96
2011.09.16 11:11:27.051,0.82917,0.82933,2.63,4.50
2011.09.16 11:11:27.405,0.82914,0.82925,1.13,2.25
2011.09.16 11:11:27.766,0.82915,0.82936,1.50,1.96
2011.09.16 11:11:28.434,0.82916,0.82936,1.13,1.21
2011.09.16 11:11:29.002,0.82917,0.82937,1.50,1.50
2011.09.16 11:11:31.384,0.82916,0.8293,2.25,2.25
2011.09.16 11:11:31.855,0.82911,0.8293,3.75,2.25
2011.09.16 11:11:32.555,0.8291,0.82927,1.50,2.25
2011.09.16 11:11:32.795,0.8291,0.82931,3.75,3.46
2011.09.16 11:11:34.305,0.82911,0.82931,1.50,3.46
2011.09.16 11:11:34.902,0.8291,0.82931,4.13,3.46
2011.09.16 11:11:36.554,0.82908,0.82926,1.50,1.13
2011.09.16 11:11:39.947,0.82908,0.82927,1.50,3.00
2011.09.16 11:11:40.186,0.82909,0.82927,1.13,3.00
2011.09.16 11:11:40.306,0.82911,0.8293,3.38,3.00
2011.09.16 11:11:42.485,0.82911,0.8293,3.38,2.25
2011.09.16 11:11:51.599,0.82911,0.8293,2.25,3.00
2011.09.16 11:11:52.222,0.82911,0.8293,3.00,3.00
2011.09.16 11:11:52.871,0.82911,0.8293,2.63,2.25
2011.09.16 11:11:53.381,0.82911,0.8293,2.25,2.25
2011.09.16 11:11:54.852,0.82912,0.8293,1.50,2.25
2011.09.16 11:11:57.025,0.82912,0.8293,3.00,2.25
2011.09.16 11:11:57.376,0.82917,0.82936,1.88,1.50
2011.09.16 11:11:57.496,0.82917,0.82937,2.63,3.46
2011.09.16 11:11:57.974,0.82918,0.82937,1.50,1.59
2011.09.16 11:11:58.315,0.82918,0.82937,1.50,1.59
2011.09.16 11:11:58.774,0.82918,0.82937,1.50,1.59
2011.09.16 11:11:59.055,0.82918,0.82937,1.50,1.21
2011.09.16 11:11:59.633,0.82918,0.82937,1.50,1.59
2011.09.16 11:12:00.204,0.82918,0.82937,1.50,1.21
2011.09.16 11:12:06.691,0.82918,0.82937,1.50,1.21
2011.09.16 11:12:07.036,0.82915,0.82936,1.50,1.13
2011.09.16 11:12:08.405,0.82914,0.82933,1.50,1.13
2011.09.16 11:12:08.994,0.82913,0.82932,2.25,1.13
2011.09.16 11:12:09.119,0.82914,0.82933,1.50,1.13
2011.09.16 11:12:09.363,0.82914,0.82935,1.50,1.59
2011.09.16 11:12:09.933,0.82915,0.82935,2.63,1.21
2011.09.16 11:12:12.302,0.82916,0.82936,1.50,1.21
2011.09.16 11:12:15.915,0.82926,0.82935,2.25,1.21
2011.09.16 11:12:16.265,0.82926,0.8294,2.25,1.59
2011.09.16 11:12:16.385,0.82919,0.82939,1.50,1.13
2011.09.16 11:12:16.625,0.82919,0.82938,1.50,1.88
2011.09.16 11:12:16.974,0.82919,0.82938,1.50,4.59
2011.09.16 11:12:17.092,0.82919,0.82938,1.50,4.59
2011.09.16 11:12:19.261,0.82919,0.82938,1.50,4.21
2011.09.16 11:12:19.907,0.82918,0.82938,1.50,4.21
2011.09.16 11:12:20.472,0.82919,0.82937,1.50,2.25
2011.09.16 11:12:22.605,0.82917,0.82937,1.50,2.25
2011.09.16 11:12:23.231,0.82919,0.82937,1.50,2.25
2011.09.16 11:12:23.729,0.82922,0.82939,1.13,1.13
2011.09.16 11:12:28.592,0.82922,0.82938,1.50,3.00
2011.09.16 11:12:28.828,0.82921,0.82938,1.88,2.25
2011.09.16 11:12:28.950,0.82921,0.82942,1.88,1.96
2011.09.16 11:12:29.198,0.82921,0.82942,2.63,1.96
2011.09.16 11:12:30.208,0.82924,0.82942,1.50,1.21
2011.09.16 11:12:30.565,0.82924,0.82942,1.50,1.21
2011.09.16 11:12:30.806,0.82926,0.82943,1.50,1.21
2011.09.16 11:12:31.040,0.82928,0.82944,1.50,1.96
2011.09.16 11:12:32.517,0.82926,0.82944,1.50,1.21
2011.09.16 11:12:34.717,0.82926,0.82944,1.50,1.96
2011.09.16 11:12:49.159,0.82923,0.82942,1.50,1.13
2011.09.16 11:12:49.756,0.82922,0.82941,2.25,1.13
2011.09.16 11:12:50.585,0.82923,0.82942,1.50,2.34
2011.09.16 11:12:51.154,0.82923,0.82943,1.50,1.59
2011.09.16 11:12:51.723,0.82922,0.82943,2.25,2.34
2011.09.16 11:12:52.238,0.82923,0.82943,1.50,1.59
2011.09.16 11:12:52.708,0.82923,0.82943,1.50,1.21
2011.09.16 11:12:53.075,0.82926,0.82943,1.50,1.21
2011.09.16 11:12:54.931,0.82926,0.82943,1.50,1.21
2011.09.16 11:12:55.535,0.82926,0.82943,1.50,1.21
2011.09.16 11:12:56.724,0.82926,0.82943,1.50,1.21
2011.09.16 11:12:57.354,0.82926,0.82943,1.50,1.21
2011.09.16 11:13:04.856,0.82926,0.82943,1.50,1.21
2011.09.16 11:13:05.214,0.82926,0.82943,1.50,1.21
2011.09.16 11:13:06.346,0.82928,0.82943,1.50,1.21
2011.09.16 11:13:06.680,0.82926,0.82943,1.50,1.21
2011.09.16 11:13:07.274,0.82928,0.82944,1.50,1.50
2011.09.16 11:13:08.819,0.82925,0.82945,1.50,1.21
2011.09.16 11:13:09.406,0.82925,0.82946,1.50,1.21
2011.09.16 11:13:09.772,0.82931,0.82947,1.50,6.46
2011.09.16 11:13:09.900,0.82932,0.82953,1.50,1.50
2011.09.16 11:13:10.149,0.8294,0.82959,3.75,1.50
2011.09.16 11:13:10.279,0.8294,0.82955,3.00,1.21
2011.09.16 11:13:10.904,0.8295,0.82967,1.50,2.25
2011.09.16 11:13:11.036,0.82952,0.82969,1.50,1.50
2011.09.16 11:13:11.281,0.82952,0.82967,1.50,1.13
2011.09.16 11:13:11.766,0.82948,0.82967,1.50,1.13
2011.09.16 11:13:11.994,0.82948,0.82967,1.50,1.13
2011.09.16 11:13:12.585,0.82949,0.82967,1.50,1.13
2011.09.16 11:13:13.346,0.82948,0.82967,1.50,1.13
2011.09.16 11:13:13.713,0.82949,0.82968,1.50,3.75
2011.09.16 11:13:14.195,0.82953,0.82968,1.50,2.25
2011.09.16 11:13:14.436,0.82953,0.82974,1.50,1.50
2011.09.16 11:13:14.555,0.82953,0.82974,1.50,1.50
2011.09.16 11:13:14.677,0.82954,0.82974,2.25,1.50
2011.09.16 11:13:14.797,0.82958,0.82976,1.50,1.21
2011.09.16 11:13:15.039,0.82958,0.82975,2.25,1.50
2011.09.16 11:13:15.940,0.82957,0.82976,1.50,1.50
2011.09.16 11:13:16.068,0.82957,0.82975,1.50,1.59
2011.09.16 11:13:16.415,0.82957,0.82975,1.50,1.21
2011.09.16 11:13:17.218,0.82957,0.82975,1.50,1.59
2011.09.16 11:13:17.785,0.82956,0.82975,1.50,1.21
2011.09.16 11:13:19.282,0.82957,0.82975,1.50,1.21
2011.09.16 11:13:19.805,0.82958,0.82975,1.50,1.21
2011.09.16 11:13:21.310,0.82949,0.82959,1.50,1.50
2011.09.16 11:13:21.958,0.82952,0.82967,1.13,3.00
2011.09.16 11:13:22.080,0.82958,0.82973,1.50,1.96
2011.09.16 11:13:22.806,0.82952,0.82973,1.88,1.96
2011.09.16 11:13:23.513,0.82956,0.82973,1.50,1.96
2011.09.16 11:13:24.388,0.82957,0.82973,1.50,1.21
2011.09.16 11:13:25.655,0.82955,0.82973,1.50,1.96
2011.09.16 11:13:33.592,0.82953,0.82973,1.50,1.59
2011.09.16 11:13:33.824,0.82953,0.82973,1.50,1.59
2011.09.16 11:13:34.064,0.82953,0.82973,1.50,1.59
2011.09.16 11:13:34.458,0.82953,0.82973,1.50,1.21
2011.09.16 11:13:35.772,0.82953,0.82973,1.50,1.21
2011.09.16 11:13:36.133,0.82953,0.82973,1.50,1.59
2011.09.16 11:13:36.686,0.82953,0.82973,1.50,1.59
2011.09.16 11:13:38.675,0.82953,0.82973,1.50,1.59
2011.09.16 11:13:40.392,0.82953,0.82973,1.50,2.34
2011.09.16 11:13:41.772,0.82953,0.82973,1.50,1.59
2011.09.16 11:13:42.563,0.82953,0.82973,1.50,1.59
2011.09.16 11:13:44.193,0.82953,0.82973,1.50,1.59
2011.09.16 11:13:44.746,0.82953,0.82973,1.50,1.59
2011.09.16 11:13:45.232,0.82953,0.82973,1.50,1.21
2011.09.16 11:13:45.589,0.82953,0.82974,1.50,1.50
2011.09.16 11:13:46.283,0.82972,0.82981,1.50,1.28
2011.09.16 11:13:46.414,0.82975,0.82991,1.50,1.13
2011.09.16 11:13:46.539,0.82973,0.82994,1.50,1.13
2011.09.16 11:13:46.666,0.82974,0.82995,2.25,1.13
2011.09.16 11:13:47.027,0.82977,0.82992,1.50,1.13
2011.09.16 11:13:47.375,0.82975,0.8299,1.50,1.13
2011.09.16 11:13:48.567,0.82975,0.82991,1.50,1.13
2011.09.16 11:13:49.106,0.82975,0.82993,1.50,1.13
2011.09.16 11:13:49.748,0.82975,0.82991,1.50,1.13
2011.09.16 11:13:50.426,0.82975,0.82992,1.50,1.13
2011.09.16 11:13:53.064,0.82974,0.82988,2.25,1.13
2011.09.16 11:13:53.186,0.8297,0.82988,2.25,1.13
2011.09.16 11:13:55.276,0.8297,0.82988,2.25,1.13
2011.09.16 11:13:55.627,0.82969,0.82988,1.50,1.13
2011.09.16 11:13:57.463,0.8297,0.82988,1.50,1.13
2011.09.16 11:13:58.799,0.8297,0.82989,1.50,1.13
2011.09.16 11:13:58.927,0.82969,0.82989,1.50,1.28
2011.09.16 11:13:59.475,0.82969,0.82978,1.50,1.50
2011.09.16 11:13:59.621,0.82955,0.82967,1.43,3.00
2011.09.16 11:13:59.754,0.82951,0.82967,1.50,3.00
2011.09.16 11:13:59.880,0.82951,0.82969,2.25,1.13
2011.09.16 11:14:00.006,0.82949,0.82964,1.50,1.13
2011.09.16 11:14:00.370,0.82947,0.82966,1.50,1.13
2011.09.16 11:14:00.966,0.82945,0.82964,1.50,1.13
2011.09.16 11:14:01.556,0.82945,0.82964,2.25,1.13
2011.09.16 11:14:14.490,0.82945,0.82964,1.50,1.88
2011.09.16 11:14:14.843,0.82945,0.82964,1.50,1.13
2011.09.16 11:14:16.176,0.82945,0.82962,1.50,1.50
2011.09.16 11:14:22.037,0.82945,0.82963,3.00,1.13
2011.09.16 11:14:22.397,0.82945,0.82964,1.50,1.50
2011.09.16 11:14:22.983,0.82943,0.82964,4.50,1.13
2011.09.16 11:14:23.904,0.82943,0.82965,4.50,1.13
2011.09.16 11:14:25.245,0.82943,0.82966,4.50,1.13
2011.09.16 11:14:25.607,0.82947,0.82967,1.88,3.75
2011.09.16 11:14:25.726,0.82947,0.82967,2.63,3.75
2011.09.16 11:14:25.845,0.82947,0.82967,2.63,3.75
2011.09.16 11:14:26.210,0.82952,0.82971,1.13,1.50
2011.09.16 11:14:26.726,0.82956,0.82973,1.13,1.50
2011.09.16 11:14:26.870,0.82962,0.82978,1.50,1.50
2011.09.16 11:14:27.003,0.82964,0.82984,1.50,1.28
2011.09.16 11:14:27.250,0.82965,0.82982,1.50,1.50
2011.09.16 11:14:27.379,0.82964,0.82982,1.50,1.50
2011.09.16 11:14:27.510,0.82966,0.82985,2.25,1.21
2011.09.16 11:14:27.642,0.82966,0.82985,2.25,1.36
2011.09.16 11:14:27.892,0.82966,0.82985,1.50,1.21
2011.09.16 11:14:28.846,0.82966,0.82986,2.25,1.21
2011.09.16 11:15:00.896,0.82966,0.82987,1.50,1.13
2011.09.16 11:15:01.016,0.82965,0.82987,2.25,1.13
2011.09.16 11:15:02.333,0.82965,0.82987,2.25,1.13
2011.09.16 11:15:11.697,0.82965,0.82987,1.50,1.13
2011.09.16 11:15:12.525,0.82966,0.82987,3.00,1.13
2011.09.16 11:15:12.649,0.82966,0.82987,3.00,1.13
2011.09.16 11:15:12.994,0.82966,0.82987,2.25,1.13
2011.09.16 11:15:14.794,0.82966,0.82987,2.25,1.13
2011.09.16 11:15:16.802,0.82966,0.82986,2.25,1.13
2011.09.16 11:15:20.224,0.82966,0.82988,2.25,1.13
2011.09.16 11:15:26.232,0.82966,0.82988,2.25,1.13
2011.09.16 11:15:27.801,0.82968,0.82989,1.50,1.13
2011.09.16 11:15:30.195,0.82968,0.82985,1.50,1.50
2011.09.16 11:15:30.435,0.82966,0.8298,1.50,3.00
2011.09.16 11:15:30.555,0.82964,0.8298,1.06,3.00
2011.09.16 11:15:30.675,0.82961,0.8298,3.00,3.00
2011.09.16 11:15:32.139,0.82961,0.8298,3.38,3.46
2011.09.16 11:15:32.499,0.82962,0.82981,3.98,1.21
2011.09.16 11:15:32.630,0.82965,0.82981,1.13,1.21
2011.09.16 11:15:32.759,0.82969,0.82986,1.35,1.36
2011.09.16 11:15:33.116,0.8297,0.82992,1.50,1.21
2011.09.16 11:15:33.234,0.8297,0.82992,2.25,1.21
2011.09.16 11:15:33.585,0.82969,0.82992,1.13,1.21
2011.09.16 11:15:33.706,0.82968,0.8299,1.50,1.21
2011.09.16 11:15:34.367,0.82968,0.8299,1.88,1.21
2011.09.16 11:15:34.508,0.82968,0.8299,1.88,1.21
2011.09.16 11:15:34.865,0.82968,0.8299,1.88,1.21
2011.09.16 11:15:36.155,0.82968,0.8299,1.88,1.21
2011.09.16 11:15:36.984,0.82968,0.8299,1.50,1.21
2011.09.16 11:15:37.104,0.82968,0.8299,1.50,1.21
2011.09.16 11:15:37.851,0.82968,0.8299,1.88,1.21
2011.09.16 11:15:39.807,0.82968,0.8299,1.50,1.21
2011.09.16 11:15:43.949,0.82965,0.82987,2.56,1.21
2011.09.16 11:15:44.183,0.82966,0.82987,1.06,1.21
2011.09.16 11:15:46.290,0.82966,0.82987,1.06,1.21
2011.09.16 11:15:46.823,0.82965,0.82987,3.31,1.21
2011.09.16 11:15:50.347,0.82965,0.82987,3.00,1.21
2011.09.16 11:15:52.030,0.82965,0.82987,3.00,1.21
2011.09.16 11:15:52.162,0.82966,0.82987,1.13,1.21
2011.09.16 11:15:55.902,0.82965,0.82987,1.50,1.21
2011.09.16 11:15:56.247,0.82965,0.82987,3.00,1.59
2011.09.16 11:15:56.823,0.82965,0.82987,3.15,1.59
2011.09.16 11:15:57.696,0.82965,0.82987,3.15,1.59
2011.09.16 11:15:58.508,0.82965,0.82987,3.15,1.59
2011.09.16 11:15:59.136,0.82965,0.82987,3.15,1.59
2011.09.16 11:15:59.487,0.82965,0.82977,2.40,1.50
2011.09.16 11:15:59.850,0.82961,0.82969,1.06,1.13
2011.09.16 11:15:59.979,0.8295,0.82968,2.25,3.75
2011.09.16 11:16:00.349,0.8295,0.82972,2.63,2.49
2011.09.16 11:16:00.479,0.8295,0.82972,1.88,1.21
2011.09.16 11:16:01.131,0.8295,0.82972,1.50,1.21
2011.09.16 11:16:02.167,0.8295,0.82972,1.50,1.36
2011.09.16 11:16:03.273,0.82949,0.82967,1.50,1.50
2011.09.16 11:16:03.917,0.82947,0.82967,2.25,1.50
2011.09.16 11:16:04.063,0.82937,0.8296,1.81,1.88
2011.09.16 11:16:04.191,0.82937,0.8296,1.50,1.13
2011.09.16 11:16:04.558,0.82935,0.82958,3.00,1.59
2011.09.16 11:16:07.356,0.82935,0.82958,2.25,1.21
2011.09.16 11:16:07.586,0.82936,0.82958,1.13,1.21
2011.09.16 11:16:09.414,0.82938,0.82962,1.88,1.21
2011.09.16 11:16:10.464,0.82938,0.82962,1.50,1.21
2011.09.16 11:16:12.849,0.82938,0.82962,1.13,1.96
2011.09.16 11:16:13.199,0.82937,0.82962,2.63,1.96
2011.09.16 11:16:16.996,0.82938,0.82962,1.13,1.96
2011.09.16 11:16:20.354,0.82938,0.82962,1.13,2.34
2011.09.16 11:16:22.236,0.82937,0.82953,1.50,1.13
2011.09.16 11:16:22.362,0.82934,0.82953,1.06,1.13
2011.09.16 11:16:22.488,0.82932,0.82951,1.50,3.00
2011.09.16 11:16:22.727,0.82927,0.82944,1.43,1.50
2011.09.16 11:16:23.084,0.82927,0.82947,1.88,3.00
2011.09.16 11:16:23.697,0.82927,0.82947,1.13,3.00
2011.09.16 11:16:26.380,0.82923,0.82938,1.50,1.50
2011.09.16 11:16:26.510,0.82919,0.82938,2.25,3.60
2011.09.16 11:16:26.766,0.82916,0.82935,1.13,1.50
2011.09.16 11:16:27.605,0.82916,0.82935,1.50,1.50
2011.09.16 11:16:27.969,0.82916,0.82935,1.50,1.50
2011.09.16 11:16:28.640,0.82918,0.82938,1.50,3.15
2011.09.16 11:16:28.767,0.82917,0.82938,1.50,2.25
2011.09.16 11:16:29.009,0.82921,0.82942,1.13,1.21
2011.09.16 11:16:29.379,0.82923,0.82944,1.50,3.15
2011.09.16 11:16:29.747,0.82926,0.82944,1.50,1.50
2011.09.16 11:16:31.068,0.82931,0.82944,1.50,1.50
2011.09.16 11:16:31.313,0.82929,0.82947,1.50,3.75
2011.09.16 11:16:31.558,0.82931,0.82949,1.50,1.21
2011.09.16 11:16:31.680,0.82931,0.8295,1.50,1.50
2011.09.16 11:16:32.289,0.82931,0.82951,1.50,3.75
2011.09.16 11:16:32.417,0.82931,0.82946,1.50,1.50
2011.09.16 11:16:33.106,0.82931,0.82951,1.50,3.75
2011.09.16 11:16:34.610,0.8293,0.82951,4.50,3.00
2011.09.16 11:16:34.963,0.8293,0.82951,4.50,4.50
2011.09.16 11:16:35.894,0.8293,0.82951,3.75,4.50
2011.09.16 11:16:38.285,0.8293,0.82951,4.50,4.50
2011.09.16 11:16:38.649,0.82932,0.82951,1.50,3.75
2011.09.16 11:16:38.888,0.82932,0.82951,1.50,2.25
2011.09.16 11:16:42.025,0.8293,0.82951,4.50,4.50
2011.09.16 11:16:44.854,0.8293,0.82951,3.75,3.75
2011.09.16 11:16:45.453,0.8293,0.82951,3.00,3.75
2011.09.16 11:16:46.140,0.8293,0.82951,3.75,3.75
2011.09.16 11:16:49.463,0.8293,0.82951,3.00,3.75
2011.09.16 11:16:49.815,0.8293,0.82949,2.25,1.21
2011.09.16 11:16:50.418,0.82925,0.82942,1.13,1.21
2011.09.16 11:16:50.785,0.82921,0.82942,1.13,1.21
2011.09.16 11:16:54.269,0.82921,0.82942,1.88,1.21
2011.09.16 11:16:54.520,0.82922,0.82943,1.88,1.21
2011.09.16 11:16:55.297,0.82923,0.82944,1.88,1.65
2011.09.16 11:16:55.646,0.82926,0.82946,1.50,1.21
2011.09.16 11:16:56.009,0.82931,0.8295,1.50,2.11
2011.09.16 11:16:56.365,0.82931,0.82951,2.25,3.00
2011.09.16 11:16:57.627,0.82931,0.8295,2.25,1.50
2011.09.16 11:16:58.360,0.82925,0.82942,1.13,1.50
2011.09.16 11:16:58.498,0.82929,0.82945,1.50,1.50
2011.09.16 11:16:59.009,0.82929,0.82945,1.50,1.50
2011.09.16 11:16:59.245,0.82929,0.82945,1.50,1.50
2011.09.16 11:17:00.909,0.82929,0.82945,1.50,1.50
2011.09.16 11:17:04.462,0.8293,0.82946,1.50,1.50
2011.09.16 11:17:05.237,0.82931,0.82948,1.88,2.25
2011.09.16 11:17:05.366,0.82931,0.8295,3.38,2.25
2011.09.16 11:17:05.485,0.82932,0.8295,1.50,2.25
2011.09.16 11:17:08.113,0.82932,0.8295,1.50,3.00
2011.09.16 11:17:08.234,0.82931,0.8295,4.73,3.00
2011.09.16 11:17:08.794,0.82931,0.8295,3.38,2.25
2011.09.16 11:17:09.024,0.82934,0.8295,1.50,2.25
2011.09.16 11:17:10.782,0.82932,0.8295,2.10,2.25
2011.09.16 11:17:11.367,0.82931,0.8295,3.75,2.85
2011.09.16 11:17:11.734,0.82927,0.82946,1.50,1.96
2011.09.16 11:17:11.863,0.82927,0.82947,1.50,2.25
2011.09.16 11:17:11.988,0.82924,0.82943,1.13,1.13
2011.09.16 11:17:12.337,0.82921,0.8294,4.50,2.25
2011.09.16 11:17:13.564,0.82921,0.8294,3.75,3.00
2011.09.16 11:17:13.685,0.82921,0.82938,3.00,1.13
2011.09.16 11:17:14.290,0.82916,0.82937,2.25,3.00
2011.09.16 11:17:19.205,0.82917,0.82937,1.88,3.00
2011.09.16 11:17:19.817,0.82917,0.82937,1.88,3.00
2011.09.16 11:17:23.585,0.82916,0.82937,2.25,3.75
2011.09.16 11:17:23.706,0.82916,0.82937,2.25,3.75
2011.09.16 11:17:24.055,0.82916,0.82937,2.25,3.75
2011.09.16 11:17:24.636,0.82916,0.82937,2.63,4.21
2011.09.16 11:17:25.119,0.82918,0.82937,1.50,3.46
2011.09.16 11:17:26.753,0.82917,0.82937,1.50,3.46
2011.09.16 11:17:27.275,0.82916,0.82937,1.50,4.59
2011.09.16 11:17:29.806,0.82916,0.82935,1.50,1.50
2011.09.16 11:17:29.926,0.82913,0.82934,3.60,1.50
2011.09.16 11:17:30.277,0.82913,0.82934,2.10,2.34
2011.09.16 11:17:30.985,0.82913,0.82934,1.35,1.96
2011.09.16 11:17:31.323,0.82913,0.82934,2.10,1.96
2011.09.16 11:17:33.248,0.82916,0.82934,1.50,1.21
2011.09.16 11:17:33.834,0.82915,0.82936,1.88,1.21
2011.09.16 11:17:34.184,0.82917,0.82936,1.50,1.21
2011.09.16 11:17:34.653,0.82916,0.82937,1.50,4.21
2011.09.16 11:17:35.104,0.82916,0.82937,1.50,4.21
2011.09.16 11:17:37.775,0.82916,0.82937,1.88,4.21
2011.09.16 11:17:38.893,0.82913,0.82936,6.23,1.21
2011.09.16 11:17:39.453,0.82913,0.82935,4.35,1.21
2011.09.16 11:17:39.687,0.82913,0.82935,5.10,1.21
2011.09.16 11:17:40.795,0.82915,0.82935,1.13,1.21
2011.09.16 11:17:41.145,0.82916,0.82937,1.13,4.96
2011.09.16 11:17:41.374,0.82918,0.82937,1.50,3.75
2011.09.16 11:17:41.713,0.8292,0.82937,1.50,3.00
2011.09.16 11:17:42.296,0.82918,0.82937,1.50,3.75
2011.09.16 11:17:42.888,0.82916,0.82937,1.50,3.75
2011.09.16 11:17:43.580,0.82913,0.82928,1.35,1.50
2011.09.16 11:17:44.067,0.82916,0.82925,1.50,1.50
2011.09.16 11:17:44.310,0.82916,0.8293,1.13,1.50
2011.09.16 11:17:44.442,0.82918,0.8293,1.50,1.50
2011.09.16 11:17:44.807,0.82924,0.8294,1.50,1.36
2011.09.16 11:17:44.928,0.82924,0.82945,1.50,2.71
2011.09.16 11:17:45.047,0.82924,0.82945,1.50,2.86
2011.09.16 11:17:45.165,0.82927,0.82945,1.50,1.36
2011.09.16 11:17:45.768,0.82927,0.82945,1.50,1.21
2011.09.16 11:17:54.645,0.82926,0.82947,1.50,3.75
2011.09.16 11:17:55.984,0.82925,0.82945,1.50,1.21
2011.09.16 11:17:56.646,0.82925,0.82944,1.50,1.21
2011.09.16 11:17:57.284,0.82922,0.82937,1.50,3.00
2011.09.16 11:17:57.419,0.82919,0.8293,2.25,1.50
2011.09.16 11:17:58.034,0.82917,0.82925,1.50,1.50
2011.09.16 11:17:58.163,0.82917,0.82934,1.50,1.96
2011.09.16 11:17:58.529,0.82914,0.82931,1.50,1.50
2011.09.16 11:17:58.779,0.82908,0.8293,1.50,2.34
2011.09.16 11:17:59.739,0.82908,0.82931,1.50,1.59
2011.09.16 11:18:05.520,0.82912,0.82933,1.13,1.96
2011.09.16 11:18:06.002,0.82912,0.82933,1.13,1.21
2011.09.16 11:18:06.121,0.82915,0.82933,1.13,1.21
2011.09.16 11:18:06.988,0.82915,0.82933,1.13,1.21
2011.09.16 11:18:13.077,0.82911,0.82934,2.25,1.21
2011.09.16 11:18:13.304,0.82911,0.82934,2.63,1.21
2011.09.16 11:18:13.888,0.82913,0.8293,3.75,1.50
2011.09.16 11:18:14.621,0.82913,0.8293,4.13,1.50
2011.09.16 11:18:14.989,0.82913,0.82931,3.00,1.50
2011.09.16 11:18:15.121,0.82908,0.82929,2.10,1.13
2011.09.16 11:18:15.716,0.82908,0.82929,2.41,1.13
2011.09.16 11:18:16.598,0.82908,0.8293,1.50,1.13
2011.09.16 11:18:21.739,0.82912,0.82931,4.88,1.50
2011.09.16 11:18:26.969,0.82912,0.82933,1.50,1.21
2011.09.16 11:18:27.101,0.82911,0.82933,1.50,1.59
2011.09.16 11:18:35.800,0.82912,0.82934,4.13,1.96
2011.09.16 11:18:35.926,0.82912,0.82931,4.13,1.50
2011.09.16 11:18:36.648,0.82912,0.82934,3.00,2.34
2011.09.16 11:18:36.770,0.82911,0.82933,1.50,1.21
2011.09.16 11:18:37.117,0.82912,0.82933,1.13,1.21
2011.09.16 11:18:37.475,0.82913,0.82931,4.13,1.50
2011.09.16 11:18:41.936,0.82913,0.82931,4.13,1.50
2011.09.16 11:18:43.591,0.82913,0.82933,1.13,1.21
2011.09.16 11:18:43.718,0.82913,0.82933,1.88,1.21
2011.09.16 11:18:44.292,0.82913,0.82932,1.88,1.50
2011.09.16 11:18:44.421,0.82913,0.82931,1.88,1.50
2011.09.16 11:18:49.278,0.82912,0.82933,3.38,1.21
2011.09.16 11:18:49.758,0.82914,0.82935,1.13,2.71
2011.09.16 11:18:50.334,0.82914,0.82935,1.13,1.21
2011.09.16 11:18:51.350,0.82913,0.82935,1.88,1.21
2011.09.16 11:18:52.100,0.82913,0.82935,1.88,1.96
2011.09.16 11:18:52.471,0.82912,0.82931,2.25,1.13
2011.09.16 11:18:52.606,0.82908,0.8293,1.50,1.13
2011.09.16 11:18:52.847,0.82908,0.82929,1.50,1.50
2011.09.16 11:18:52.971,0.82906,0.82927,2.25,1.50
2011.09.16 11:18:53.221,0.82906,0.82927,2.25,3.00
2011.09.16 11:18:53.347,0.82906,0.82927,1.50,3.00
2011.09.16 11:18:53.590,0.82904,0.82925,1.50,1.21
2011.09.16 11:18:54.162,0.82903,0.82921,1.50,2.25
2011.09.16 11:18:54.299,0.829,0.82921,5.25,2.25
2011.09.16 11:19:03.227,0.829,0.82921,3.00,3.38
2011.09.16 11:19:06.854,0.829,0.82921,3.00,3.38
2011.09.16 11:19:17.743,0.829,0.82919,2.25,1.50
2011.09.16 11:19:18.082,0.829,0.82915,2.25,1.50
2011.09.16 11:19:18.439,0.82895,0.82908,1.50,1.13
2011.09.16 11:19:18.567,0.82893,0.8291,1.50,1.59
2011.09.16 11:19:18.808,0.82887,0.82909,1.13,1.50
2011.09.16 11:19:20.028,0.82884,0.82908,3.00,1.50
2011.09.16 11:19:20.508,0.82885,0.82904,1.50,1.21
2011.09.16 11:19:20.748,0.82885,0.82906,1.50,2.71
2011.09.16 11:19:21.356,0.82882,0.82905,2.25,1.59
2011.09.16 11:19:22.143,0.82882,0.82905,2.25,1.59
2011.09.16 11:19:22.517,0.82878,0.82898,1.50,7.50
2011.09.16 11:19:22.884,0.82878,0.82894,1.50,1.36
2011.09.16 11:19:23.006,0.82876,0.82896,1.50,1.65
2011.09.16 11:19:23.245,0.82876,0.82897,1.13,3.75
2011.09.16 11:19:28.670,0.82877,0.82897,1.50,3.00
2011.09.16 11:19:29.039,0.8288,0.82902,1.13,2.11
2011.09.16 11:19:29.412,0.82884,0.82904,1.50,1.36
2011.09.16 11:19:29.777,0.8289,0.82909,1.88,1.21
2011.09.16 11:19:29.898,0.829,0.82911,1.13,1.50
2011.09.16 11:19:30.497,0.829,0.82919,1.13,1.65
2011.09.16 11:19:30.661,0.82898,0.82921,2.25,1.36
2011.09.16 11:19:30.791,0.82898,0.82921,1.50,1.36
2011.09.16 11:19:31.397,0.82897,0.82917,1.50,3.00
2011.09.16 11:19:34.302,0.82896,0.82911,2.63,1.50
2011.09.16 11:19:35.605,0.82896,0.82911,1.50,1.50
2011.09.16 11:19:36.615,0.82892,0.8291,2.25,1.65
2011.09.16 11:19:36.857,0.82889,0.8291,2.25,1.59
2011.09.16 11:19:36.989,0.82889,0.82912,2.63,1.96
2011.09.16 11:19:37.114,0.82889,0.82911,1.50,1.13
2011.09.16 11:19:37.464,0.82891,0.82915,1.50,2.25
2011.09.16 11:19:37.585,0.82891,0.82915,1.50,2.25
2011.09.16 11:19:39.184,0.82891,0.82915,1.50,2.40
2011.09.16 11:19:39.667,0.82888,0.8291,1.50,1.13
2011.09.16 11:19:40.375,0.82887,0.82906,2.25,2.25
2011.09.16 11:19:40.621,0.82888,0.82908,2.25,1.50
2011.09.16 11:19:40.751,0.82888,0.8291,2.63,1.21
2011.09.16 11:19:45.598,0.82892,0.82914,1.13,2.71
2011.09.16 11:19:46.189,0.82892,0.82914,1.13,1.96
2011.09.16 11:19:46.784,0.82893,0.82914,2.25,1.50
2011.09.16 11:19:49.022,0.82893,0.82914,2.25,1.50
2011.09.16 11:19:53.717,0.82892,0.82915,2.25,1.50
2011.09.16 11:19:55.024,0.82892,0.82915,1.50,1.50
2011.09.16 11:19:55.539,0.82892,0.82915,1.50,1.50
2011.09.16 11:19:56.136,0.8289,0.82913,2.25,1.13
2011.09.16 11:19:58.288,0.82892,0.82914,2.25,1.21
2011.09.16 11:19:58.886,0.82894,0.82915,1.50,1.50
2011.09.16 11:20:04.512,0.82894,0.82915,1.50,1.65
2011.09.16 11:20:05.097,0.82893,0.82915,1.50,1.65
2011.09.16 11:20:05.445,0.82894,0.82916,1.50,1.36
2011.09.16 11:20:05.806,0.82898,0.82919,1.50,2.11
2011.09.16 11:20:05.926,0.82902,0.82919,1.50,1.36
2011.09.16 11:20:06.286,0.82902,0.82922,1.50,5.11
2011.09.16 11:20:06.648,0.82903,0.82922,1.50,5.86
2011.09.16 11:20:07.310,0.82903,0.82922,1.50,5.86
2011.09.16 11:20:08.585,0.82905,0.82922,1.50,5.11
2011.09.16 11:20:08.819,0.82911,0.82927,1.81,2.25
2011.09.16 11:20:09.069,0.82909,0.82923,1.06,1.13
2011.09.16 11:20:09.435,0.82904,0.82921,1.50,1.50
2011.09.16 11:20:10.423,0.82903,0.82915,2.25,1.50
2011.09.16 11:20:10.789,0.82896,0.82908,1.50,1.50
2011.09.16 11:20:11.039,0.82893,0.82911,2.25,1.96
2011.09.16 11:20:11.289,0.82893,0.82908,3.00,1.50
2011.09.16 11:20:11.655,0.82893,0.82906,3.00,1.50
2011.09.16 11:20:12.255,0.82895,0.82906,1.50,1.50
2011.09.16 11:20:12.914,0.82898,0.82914,1.50,2.25
2011.09.16 11:20:13.051,0.82901,0.82914,1.50,1.50
2011.09.16 11:20:20.751,0.829,0.82914,1.50,1.50
2011.09.16 11:20:22.216,0.82898,0.82907,1.50,1.50
2011.09.16 11:20:22.458,0.829,0.82913,1.88,1.50
2011.09.16 11:20:22.595,0.829,0.82915,1.13,1.50
2011.09.16 11:20:22.721,0.82902,0.82915,1.50,1.50
2011.09.16 11:20:22.848,0.82903,0.82921,4.50,1.50
2011.09.16 11:20:22.977,0.82904,0.82921,1.50,1.50
2011.09.16 11:20:23.533,0.82903,0.82921,4.50,1.50
2011.09.16 11:20:24.129,0.82905,0.82921,2.25,1.50
2011.09.16 11:20:24.263,0.82905,0.82927,2.25,3.46
2011.09.16 11:20:24.504,0.82906,0.82928,1.50,1.13
2011.09.16 11:20:25.225,0.82906,0.82929,1.50,1.21
2011.09.16 11:20:25.473,0.8291,0.8293,1.13,1.21
2011.09.16 11:20:25.717,0.8291,0.82933,1.50,1.21
2011.09.16 11:20:28.806,0.82912,0.82933,1.50,1.96
2011.09.16 11:20:30.476,0.82909,0.82933,1.88,1.21
2011.09.16 11:20:30.606,0.82909,0.82933,2.63,1.21
2011.09.16 11:20:33.606,0.82908,0.82932,2.25,1.50
2011.09.16 11:20:34.886,0.82908,0.82932,2.25,1.50
2011.09.16 11:20:42.462,0.82908,0.82929,1.50,1.21
2011.09.16 11:20:42.692,0.82906,0.82929,1.88,1.21
2011.09.16 11:20:43.282,0.82908,0.82929,1.13,1.21
2011.09.16 11:20:49.456,0.82909,0.82932,1.13,1.96
2011.09.16 11:20:50.021,0.82911,0.82932,1.13,1.21
2011.09.16 11:20:51.124,0.82914,0.82934,1.50,2.25
2011.09.16 11:20:51.835,0.82915,0.82934,1.50,1.50
2011.09.16 11:20:52.183,0.82915,0.82934,1.50,1.50
2011.09.16 11:20:53.509,0.82915,0.82935,1.50,1.96
2011.09.16 11:20:54.132,0.82926,0.82943,1.13,1.96
2011.09.16 11:20:54.255,0.82926,0.82946,1.13,1.21
2011.09.16 11:20:54.617,0.82927,0.82946,2.25,1.21
2011.09.16 11:20:57.098,0.82927,0.82948,1.50,3.75
2011.09.16 11:20:57.715,0.82927,0.82948,2.25,3.75
2011.09.16 11:21:00.205,0.82927,0.82946,2.25,1.50
2011.09.16 11:21:03.770,0.82926,0.82941,1.13,1.50
2011.09.16 11:21:03.895,0.82926,0.82946,1.50,1.13
2011.09.16 11:21:04.133,0.82924,0.82946,2.25,1.13
2011.09.16 11:21:04.494,0.82924,0.8294,2.25,1.50
2011.09.16 11:21:04.843,0.82923,0.8294,3.38,1.50
2011.09.16 11:21:05.183,0.82923,0.82947,2.25,1.59
2011.09.16 11:21:07.292,0.82922,0.82937,3.00,1.50
2011.09.16 11:21:07.420,0.8292,0.82935,3.00,1.50
2011.09.16 11:21:08.030,0.82918,0.8293,2.25,1.50
2011.09.16 11:21:08.162,0.82917,0.8293,1.81,1.50
2011.09.16 11:21:08.650,0.82917,0.82935,1.50,2.56
2011.09.16 11:21:09.179,0.82916,0.8293,1.13,1.50
2011.09.16 11:21:13.303,0.82917,0.8293,2.63,1.50
2011.09.16 11:21:13.549,0.82919,0.82938,1.13,1.65
2011.09.16 11:21:13.675,0.8292,0.82941,1.13,1.21
2011.09.16 11:21:13.905,0.8292,0.82941,3.38,1.21
2011.09.16 11:21:14.025,0.82922,0.82944,1.50,2.11
2011.09.16 11:21:14.144,0.82922,0.82944,2.25,2.11
2011.09.16 11:21:22.234,0.82923,0.82944,1.50,1.66
2011.09.16 11:21:25.149,0.82923,0.82944,1.50,1.66
2011.09.16 11:21:26.752,0.82923,0.82944,2.25,1.51
2011.09.16 11:21:34.063,0.82923,0.82944,2.25,1.51
2011.09.16 11:21:34.184,0.82923,0.82944,1.50,1.51
2011.09.16 11:21:36.385,0.82923,0.82938,1.50,1.13
2011.09.16 11:21:36.905,0.82921,0.8293,1.50,1.50
2011.09.16 11:21:37.037,0.82916,0.8293,1.50,1.50
2011.09.16 11:21:37.160,0.82915,0.8293,2.25,1.50
2011.09.16 11:21:45.359,0.82908,0.8293,2.25,1.50
2011.09.16 11:21:45.491,0.82909,0.82922,1.50,1.35
2011.09.16 11:21:45.622,0.82905,0.82919,1.06,1.73
2011.09.16 11:21:45.751,0.82898,0.82916,2.25,2.10
2011.09.16 11:21:45.880,0.82898,0.82905,1.50,1.50
2011.09.16 11:21:46.130,0.82888,0.82905,2.25,1.50
2011.09.16 11:21:46.259,0.8289,0.829,2.25,1.50
2011.09.16 11:21:46.391,0.82887,0.829,1.50,1.50
2011.09.16 11:21:46.981,0.82883,0.82895,3.00,1.50
2011.09.16 11:21:47.116,0.8288,0.82895,1.50,1.50
2011.09.16 11:21:47.241,0.82881,0.82898,1.88,1.50
2011.09.16 11:21:47.845,0.82882,0.82896,1.50,1.50
2011.09.16 11:21:48.435,0.82881,0.82896,3.00,1.50
2011.09.16 11:21:50.133,0.82882,0.82896,1.13,1.50
2011.09.16 11:21:52.133,0.82882,0.82896,1.88,1.50
2011.09.16 11:21:54.233,0.82882,0.82896,1.88,1.50
2011.09.16 11:21:58.584,0.82882,0.82896,1.88,1.50
2011.09.16 11:21:58.831,0.82881,0.82896,3.00,1.50
2011.09.16 11:21:59.574,0.82875,0.82886,2.25,1.50
2011.09.16 11:21:59.716,0.8287,0.82884,2.25,1.50
2011.09.16 11:22:00.193,0.82869,0.82884,2.25,1.50
2011.09.16 11:22:00.798,0.82868,0.82884,1.88,1.50
2011.09.16 11:22:03.669,0.82868,0.82884,1.13,1.50
2011.09.16 11:22:04.040,0.82871,0.82884,1.50,1.50
2011.09.16 11:22:04.876,0.82879,0.8289,1.50,1.50
2011.09.16 11:22:07.824,0.82879,0.82897,1.50,2.25
2011.09.16 11:22:08.067,0.82877,0.82899,1.50,1.96
2011.09.16 11:22:08.185,0.82877,0.82899,1.50,1.21
2011.09.16 11:22:08.304,0.82879,0.829,1.50,1.13
2011.09.16 11:22:08.552,0.8288,0.82903,1.50,1.21
2011.09.16 11:22:08.798,0.82881,0.82901,1.50,1.50
2011.09.16 11:22:09.500,0.82882,0.82901,1.50,1.50
2011.09.16 11:22:10.803,0.82881,0.82902,1.88,1.50
2011.09.16 11:22:11.277,0.82882,0.82904,1.50,1.50
2011.09.16 11:22:20.185,0.82884,0.82906,1.50,2.10
2011.09.16 11:22:20.831,0.82884,0.82906,1.50,1.35
2011.09.16 11:22:21.172,0.82882,0.82904,3.00,1.50
2011.09.16 11:22:23.642,0.82884,0.82904,2.25,1.50
2011.09.16 11:22:23.762,0.82884,0.82904,2.25,1.50
2011.09.16 11:22:23.993,0.82885,0.82904,2.25,1.50
2011.09.16 11:22:25.833,0.82888,0.82908,1.50,3.01
2011.09.16 11:22:26.075,0.82889,0.82909,2.25,1.50
2011.09.16 11:22:26.195,0.82889,0.82909,2.25,1.50
2011.09.16 11:22:26.315,0.82886,0.82909,2.25,1.50
2011.09.16 11:22:26.436,0.82886,0.82909,2.25,1.50
2011.09.16 11:22:28.576,0.82884,0.82904,2.25,1.13
2011.09.16 11:22:28.825,0.82884,0.82907,1.50,1.59
2011.09.16 11:22:29.854,0.82883,0.82904,1.50,1.13
2011.09.16 11:22:32.997,0.82883,0.82902,1.50,1.13
2011.09.16 11:22:33.359,0.82881,0.829,1.50,1.88
2011.09.16 11:22:33.485,0.82877,0.82898,1.50,1.13
2011.09.16 11:22:33.733,0.82871,0.82891,1.50,1.13
2011.09.16 11:22:34.557,0.8287,0.8289,1.50,1.88
2011.09.16 11:22:34.692,0.82868,0.8289,1.50,1.50
2011.09.16 11:22:34.814,0.82869,0.8289,1.50,1.50
2011.09.16 11:22:37.164,0.82868,0.8289,2.25,1.88
2011.09.16 11:22:37.755,0.8287,0.8289,1.13,1.50
2011.09.16 11:22:38.317,0.82865,0.82885,1.13,1.50
2011.09.16 11:22:38.437,0.82863,0.82885,2.18,1.50
2011.09.16 11:22:38.793,0.82864,0.82887,1.13,1.50
2011.09.16 11:22:40.159,0.82864,0.82887,1.13,1.50
2011.09.16 11:22:40.528,0.82864,0.82887,2.63,1.50
2011.09.16 11:22:43.694,0.82866,0.82887,1.88,1.50
2011.09.16 11:22:44.048,0.82866,0.82888,3.38,3.46
2011.09.16 11:22:44.646,0.82868,0.8289,1.50,1.13
2011.09.16 11:22:45.594,0.82867,0.82889,2.25,1.13
2011.09.16 11:22:47.996,0.82868,0.82891,1.88,1.50
2011.09.16 11:22:48.592,0.82868,0.82892,1.50,3.31
2011.09.16 11:22:50.958,0.82868,0.8289,1.50,1.88
2011.09.16 11:22:51.538,0.82867,0.82881,1.50,1.50
2011.09.16 11:22:51.898,0.82853,0.82874,4.13,1.96
2011.09.16 11:22:52.014,0.82853,0.82873,4.13,1.50
2011.09.16 11:22:52.138,0.82853,0.82872,3.38,1.50
2011.09.16 11:22:52.876,0.82853,0.82872,4.13,1.50
2011.09.16 11:22:53.342,0.82853,0.82872,3.75,2.25
2011.09.16 11:22:53.803,0.82853,0.82872,3.75,2.25
2011.09.16 11:22:55.055,0.82849,0.82867,1.06,7.96
2011.09.16 11:22:55.295,0.82844,0.82867,2.71,8.25
2011.09.16 11:22:55.657,0.82843,0.82862,4.06,4.50
2011.09.16 11:22:56.016,0.82843,0.82864,1.50,2.71
2011.09.16 11:22:56.605,0.82843,0.82861,1.50,1.21
2011.09.16 11:22:56.727,0.82843,0.82861,1.50,1.21
2011.09.16 11:22:57.268,0.82843,0.82863,1.88,1.21
2011.09.16 11:23:08.466,0.82843,0.82863,1.88,1.21
2011.09.16 11:23:15.394,0.82843,0.82863,1.50,1.21
2011.09.16 11:23:15.517,0.82847,0.82864,1.50,1.21
2011.09.16 11:23:15.744,0.82847,0.82866,1.88,1.96
2011.09.16 11:23:16.885,0.8285,0.82868,1.13,2.63
2011.09.16 11:23:17.022,0.82851,0.82868,1.13,1.50
2011.09.16 11:23:17.736,0.82857,0.8287,1.50,1.21
2011.09.16 11:23:17.855,0.82857,0.8287,1.50,1.21
2011.09.16 11:23:18.435,0.8286,0.82872,2.25,1.21
2011.09.16 11:23:31.716,0.82861,0.82872,1.13,1.21
2011.09.16 11:23:31.837,0.82866,0.82879,2.25,2.71
2011.09.16 11:23:32.783,0.82859,0.82877,1.43,1.96
2011.09.16 11:23:32.913,0.82857,0.82871,1.50,1.50
2011.09.16 11:23:33.153,0.8286,0.82873,2.63,1.50
2011.09.16 11:23:33.761,0.8286,0.82874,2.63,1.50
2011.09.16 11:23:34.848,0.8286,0.82876,2.63,2.25
2011.09.16 11:23:35.513,0.8286,0.82876,2.63,2.25
2011.09.16 11:23:44.758,0.8286,0.82876,3.23,1.50
2011.09.16 11:23:44.877,0.8286,0.82876,3.23,1.50
2011.09.16 11:23:45.116,0.8286,0.82876,3.38,1.50
2011.09.16 11:23:45.782,0.82862,0.8288,3.38,2.25
2011.09.16 11:23:46.364,0.82863,0.8288,1.13,1.50
2011.09.16 11:23:46.605,0.82862,0.8288,3.60,1.50
2011.09.16 11:23:52.272,0.82862,0.8288,3.98,1.50
2011.09.16 11:24:00.320,0.82862,0.82881,3.98,2.25
2011.09.16 11:24:00.554,0.82862,0.82881,3.98,1.50
2011.09.16 11:24:01.385,0.82862,0.82881,3.98,1.50
2011.09.16 11:24:01.502,0.82862,0.82881,3.98,1.50
2011.09.16 11:24:05.903,0.82862,0.82881,4.73,1.50
2011.09.16 11:24:06.973,0.82866,0.82884,2.25,1.50
2011.09.16 11:24:07.527,0.82867,0.82889,1.50,1.96
2011.09.16 11:24:08.131,0.82868,0.82889,1.50,1.50
2011.09.16 11:24:12.685,0.82868,0.82888,1.50,1.50
2011.09.16 11:24:13.046,0.82866,0.82881,2.10,1.50
2011.09.16 11:24:13.515,0.82864,0.82881,1.50,1.50
2011.09.16 11:24:14.258,0.82862,0.82881,3.75,2.25
2011.09.16 11:24:16.529,0.82862,0.82881,4.50,1.50
2011.09.16 11:24:17.099,0.82857,0.82875,1.43,1.13
2011.09.16 11:24:17.456,0.82851,0.82865,3.00,1.50
2011.09.16 11:24:17.575,0.82851,0.82865,3.00,1.50
2011.09.16 11:24:18.165,0.82851,0.82865,1.50,1.50
2011.09.16 11:24:18.525,0.82851,0.82865,1.50,1.50
2011.09.16 11:24:22.695,0.82851,0.82865,1.50,1.50
2011.09.16 11:24:26.043,0.82851,0.82875,1.50,1.21
2011.09.16 11:24:26.284,0.82851,0.82875,1.13,1.96
2011.09.16 11:24:26.901,0.8285,0.82875,3.38,1.96
2011.09.16 11:24:33.153,0.8285,0.82872,1.88,1.50
2011.09.16 11:24:34.254,0.82849,0.82869,1.35,1.50
2011.09.16 11:24:41.295,0.82847,0.82869,3.00,1.96
2011.09.16 11:24:41.418,0.82847,0.82867,1.50,1.50
2011.09.16 11:24:41.965,0.82847,0.82869,2.25,1.96
2011.09.16 11:24:45.693,0.82848,0.82869,1.13,1.21
2011.09.16 11:24:46.557,0.82847,0.8287,2.63,1.21
2011.09.16 11:24:46.936,0.82852,0.82871,1.13,1.21
2011.09.16 11:24:48.796,0.82852,0.82874,1.13,1.96
2011.09.16 11:24:49.035,0.82853,0.82874,1.50,1.50
2011.09.16 11:24:49.882,0.82854,0.82877,1.50,1.21
2011.09.16 11:24:50.464,0.82855,0.82879,1.50,2.71
2011.09.16 11:24:51.135,0.82854,0.82878,1.88,1.21
2011.09.16 11:24:53.434,0.82854,0.82877,1.88,5.25
2011.09.16 11:24:53.785,0.82856,0.82875,1.50,1.21
2011.09.16 11:24:55.346,0.82853,0.82876,1.50,1.21
2011.09.16 11:24:55.696,0.82852,0.82874,2.63,1.21
2011.09.16 11:24:55.813,0.82852,0.82874,2.63,1.21
2011.09.16 11:25:03.996,0.82849,0.82874,3.23,2.71
2011.09.16 11:25:06.984,0.82849,0.82874,3.23,2.71
2011.09.16 11:25:13.763,0.82849,0.82872,2.10,1.96
2011.09.16 11:25:14.421,0.82849,0.82872,2.10,1.21
2011.09.16 11:25:15.123,0.82849,0.82872,2.10,1.21
2011.09.16 11:25:15.246,0.82849,0.82871,1.50,1.88
2011.09.16 11:25:15.594,0.82847,0.8287,2.25,1.59
2011.09.16 11:25:16.288,0.82847,0.8287,2.25,1.59
2011.09.16 11:25:20.899,0.82847,0.8287,2.25,1.59
2011.09.16 11:25:21.148,0.82847,0.82866,2.25,2.10
2011.09.16 11:25:21.267,0.82847,0.82865,1.50,1.88
2011.09.16 11:25:22.254,0.82845,0.82862,1.50,1.50
2011.09.16 11:25:22.373,0.82845,0.82862,2.25,1.50
2011.09.16 11:25:26.218,0.82845,0.82864,2.25,2.71
2011.09.16 11:25:26.856,0.82846,0.82865,2.25,2.25
2011.09.16 11:25:27.437,0.82846,0.82867,2.25,1.21
2011.09.16 11:25:46.289,0.82846,0.82866,1.50,1.21
2011.09.16 11:25:50.907,0.82845,0.82865,2.25,1.50
2011.09.16 11:25:51.263,0.82845,0.82861,1.50,1.50
2011.09.16 11:25:51.837,0.82845,0.82861,2.25,1.50
2011.09.16 11:25:52.496,0.82844,0.82861,4.13,1.50
2011.09.16 11:25:53.848,0.82845,0.82861,1.50,1.50
2011.09.16 11:25:54.194,0.82846,0.82861,1.50,1.50
2011.09.16 11:25:57.016,0.82846,0.82861,1.50,1.50
2011.09.16 11:25:57.474,0.82845,0.82861,1.50,1.50
2011.09.16 11:26:01.165,0.82845,0.82861,1.50,1.50
2011.09.16 11:26:01.285,0.82846,0.82861,1.50,1.50
2011.09.16 11:26:05.192,0.82846,0.82861,1.50,1.50
2011.09.16 11:26:06.455,0.82844,0.82861,3.75,1.50
2011.09.16 11:26:10.802,0.82845,0.82861,1.50,1.50
2011.09.16 11:26:11.044,0.82844,0.82861,3.00,1.50
2011.09.16 11:26:16.552,0.82844,0.82861,3.00,1.50
2011.09.16 11:26:19.681,0.82844,0.82861,3.00,1.50
2011.09.16 11:26:38.545,0.82844,0.82861,3.00,1.50
2011.09.16 11:26:39.222,0.82848,0.82861,1.13,1.50
2011.09.16 11:26:41.684,0.82849,0.82861,1.50,1.50
2011.09.16 11:26:42.609,0.8285,0.82861,1.50,1.50
2011.09.16 11:26:43.176,0.8285,0.82861,1.50,1.50
2011.09.16 11:26:43.516,0.8285,0.82861,1.50,1.50
2011.09.16 11:26:45.852,0.82849,0.82863,1.50,1.50
2011.09.16 11:26:45.988,0.8285,0.82863,1.88,1.50
2011.09.16 11:26:46.347,0.82849,0.8286,2.25,1.50
2011.09.16 11:26:46.707,0.82849,0.82862,3.00,1.50
2011.09.16 11:26:50.946,0.82849,0.82861,2.25,1.50
2011.09.16 11:26:51.067,0.82849,0.82861,2.25,1.50
2011.09.16 11:26:51.631,0.82849,0.82861,2.25,1.50
2011.09.16 11:26:52.773,0.82849,0.82868,2.25,1.65
2011.09.16 11:26:53.003,0.82849,0.82869,2.25,1.13
2011.09.16 11:26:54.825,0.82849,0.82869,2.25,1.13
2011.09.16 11:26:55.244,0.82849,0.82869,2.25,1.13
2011.09.16 11:27:01.594,0.82852,0.82869,1.50,1.13
2011.09.16 11:27:14.154,0.82852,0.82869,1.50,1.13
2011.09.16 11:27:14.507,0.82849,0.82869,1.50,1.13
2011.09.16 11:27:15.095,0.82849,0.82869,1.50,1.13
2011.09.16 11:27:15.647,0.82848,0.82869,1.50,1.13
2011.09.16 11:27:15.983,0.82848,0.82869,1.50,1.13
2011.09.16 11:27:20.164,0.82848,0.82869,1.88,1.13
2011.09.16 11:27:20.892,0.82853,0.8287,3.00,1.50
2011.09.16 11:27:21.017,0.8285,0.82867,1.50,1.50
2011.09.16 11:27:21.374,0.8285,0.82862,1.50,1.50
2011.09.16 11:27:22.076,0.8285,0.82861,1.50,1.50
2011.09.16 11:27:25.955,0.8285,0.82862,1.50,1.50
2011.09.16 11:27:26.357,0.8285,0.82863,1.50,1.50
2011.09.16 11:27:34.525,0.8285,0.82864,1.50,1.50
2011.09.16 11:27:37.066,0.8285,0.82863,1.50,1.50
2011.09.16 11:27:43.096,0.8285,0.82864,1.50,1.50
2011.09.16 11:27:43.980,0.82847,0.82861,2.25,1.50
2011.09.16 11:27:44.226,0.82847,0.82862,2.25,1.50
2011.09.16 11:27:44.584,0.82847,0.82861,1.50,1.50
2011.09.16 11:27:49.463,0.82846,0.82861,1.88,1.50
2011.09.16 11:27:50.415,0.82847,0.8286,1.50,1.50
2011.09.16 11:28:02.944,0.82847,0.8286,1.50,1.50
2011.09.16 11:28:05.544,0.82847,0.8286,1.50,1.50
2011.09.16 11:28:05.774,0.82847,0.82861,1.50,1.50
2011.09.16 11:28:10.492,0.82847,0.8286,1.50,1.50
2011.09.16 11:28:13.902,0.82847,0.8286,1.50,1.50
2011.09.16 11:28:14.253,0.82847,0.8286,1.50,1.50
2011.09.16 11:28:16.084,0.82847,0.8286,1.50,1.50
2011.09.16 11:28:17.452,0.82847,0.8286,1.50,1.50
2011.09.16 11:28:18.175,0.82847,0.8286,1.50,1.50
2011.09.16 11:28:19.246,0.82847,0.8286,1.50,1.50
2011.09.16 11:28:19.472,0.82847,0.8286,1.50,1.50
2011.09.16 11:28:19.815,0.82847,0.8286,1.50,1.50
2011.09.16 11:28:20.375,0.82847,0.8286,1.50,1.50
2011.09.16 11:28:25.818,0.82845,0.8286,3.00,1.50
2011.09.16 11:28:26.046,0.82845,0.82866,3.00,1.59
2011.09.16 11:28:27.145,0.82845,0.82866,3.00,3.84
2011.09.16 11:28:27.714,0.82842,0.82863,3.00,3.84
2011.09.16 11:28:28.499,0.82842,0.82862,3.00,1.73
2011.09.16 11:28:28.626,0.82842,0.82862,3.00,2.94
2011.09.16 11:28:29.284,0.82842,0.82862,3.00,2.94
2011.09.16 11:28:46.259,0.82842,0.82862,3.00,2.56
2011.09.16 11:28:46.625,0.82842,0.82862,3.00,2.56
2011.09.16 11:28:47.216,0.82842,0.82863,3.75,3.46
2011.09.16 11:28:47.444,0.82842,0.82863,3.00,3.46
2011.09.16 11:28:48.243,0.82842,0.82863,3.00,3.46
2011.09.16 11:28:48.833,0.82843,0.82863,1.50,2.71
2011.09.16 11:28:49.439,0.82845,0.82865,3.00,1.21
2011.09.16 11:28:55.806,0.82845,0.82865,3.00,1.21
2011.09.16 11:28:55.924,0.82845,0.82865,3.00,1.21
2011.09.16 11:29:00.141,0.82845,0.82865,3.00,1.59
2011.09.16 11:29:00.511,0.82848,0.82865,1.50,1.21
2011.09.16 11:29:00.641,0.82848,0.82868,1.50,1.21
2011.09.16 11:29:02.036,0.82852,0.82872,3.00,1.21
2011.09.16 11:29:02.507,0.82852,0.82872,3.00,1.21
2011.09.16 11:29:02.745,0.82852,0.82872,3.00,1.21
2011.09.16 11:29:02.978,0.82852,0.82873,3.75,5.34
2011.09.16 11:29:03.096,0.82857,0.82873,3.00,1.50
2011.09.16 11:29:03.675,0.82857,0.82875,3.00,1.21
2011.09.16 11:29:04.346,0.82857,0.82875,3.00,1.21
2011.09.16 11:29:05.927,0.82857,0.82874,3.00,1.21
2011.09.16 11:29:07.057,0.82857,0.82874,3.00,1.21
2011.09.16 11:29:07.404,0.82863,0.82874,1.50,1.21
2011.09.16 11:29:07.771,0.82872,0.82881,1.13,1.50
2011.09.16 11:29:07.896,0.82875,0.82889,2.25,1.50
2011.09.16 11:29:08.018,0.82875,0.82887,2.25,1.13
2011.09.16 11:29:08.494,0.82874,0.8289,3.00,2.25
2011.09.16 11:29:09.065,0.82869,0.82889,1.88,1.50
2011.09.16 11:29:09.188,0.82872,0.82889,5.25,1.50
2011.09.16 11:29:09.317,0.82875,0.82888,3.00,1.50
2011.09.16 11:29:17.543,0.82875,0.82891,3.75,1.50
2011.09.16 11:29:18.091,0.82877,0.82891,2.85,1.50
2011.09.16 11:29:21.416,0.82875,0.82892,3.00,1.50
2011.09.16 11:29:32.727,0.82872,0.82887,1.50,1.13
2011.09.16 11:29:33.468,0.82864,0.82881,1.50,1.50
2011.09.16 11:29:33.592,0.82861,0.82878,1.50,1.50
2011.09.16 11:29:34.867,0.82858,0.82878,1.50,1.50
2011.09.16 11:29:35.095,0.82858,0.82878,1.50,1.50
2011.09.16 11:29:37.595,0.82858,0.82878,1.50,1.50
2011.09.16 11:29:40.714,0.82856,0.82877,2.25,1.50
2011.09.16 11:29:42.150,0.82862,0.82878,1.13,1.50
2011.09.16 11:29:42.507,0.82862,0.82878,1.13,1.50
2011.09.16 11:29:42.866,0.82863,0.82878,1.13,1.50
2011.09.16 11:29:52.286,0.82863,0.82878,1.13,1.50
2011.09.16 11:29:52.742,0.82863,0.82878,1.13,1.50
2011.09.16 11:29:53.327,0.82865,0.8288,1.50,1.50
2011.09.16 11:30:00.824,0.82863,0.82878,2.63,1.50
2011.09.16 11:30:01.054,0.82863,0.82879,2.63,1.50
2011.09.16 11:30:01.634,0.82863,0.82877,1.88,1.50
2011.09.16 11:30:03.114,0.82863,0.82878,2.63,1.50
2011.09.16 11:30:03.622,0.82863,0.82879,2.63,1.50
2011.09.16 11:30:04.667,0.82863,0.82877,2.63,1.50
2011.09.16 11:30:06.032,0.82866,0.82878,1.50,1.50
2011.09.16 11:30:07.385,0.82866,0.82878,1.50,1.50
2011.09.16 11:30:09.526,0.82866,0.82877,1.50,1.50
2011.09.16 11:30:10.047,0.82866,0.82878,1.50,1.50
2011.09.16 11:30:10.717,0.82866,0.82884,1.50,1.35
2011.09.16 11:30:11.762,0.82875,0.8289,3.00,3.15
2011.09.16 11:30:11.901,0.82876,0.82893,1.13,1.50
2011.09.16 11:30:12.025,0.82876,0.82893,1.13,1.50
2011.09.16 11:30:13.805,0.82876,0.82893,1.13,1.50
2011.09.16 11:30:14.460,0.82875,0.82893,3.00,1.50
2011.09.16 11:30:18.957,0.82875,0.82893,3.38,1.50
2011.09.16 11:30:19.715,0.82875,0.82893,3.38,1.50
2011.09.16 11:30:33.579,0.82875,0.82893,3.00,1.50
2011.09.16 11:30:41.113,0.82875,0.82895,3.00,1.50
2011.09.16 11:30:45.988,0.82875,0.82895,3.00,1.50
2011.09.16 11:30:46.851,0.82875,0.82893,3.00,1.13
2011.09.16 11:30:49.912,0.82875,0.82892,3.00,2.25
2011.09.16 11:31:07.247,0.82875,0.82892,3.38,1.50
2011.09.16 11:31:07.480,0.82875,0.82892,3.38,1.50
2011.09.16 11:31:10.083,0.82875,0.82892,3.00,1.50
2011.09.16 11:31:14.603,0.82876,0.82892,1.13,1.50
2011.09.16 11:31:17.878,0.82878,0.82895,1.13,1.50
2011.09.16 11:31:18.115,0.82879,0.82898,1.13,2.25
2011.09.16 11:31:21.147,0.82879,0.829,1.88,2.25
2011.09.16 11:31:21.264,0.82878,0.82899,1.13,1.96
2011.09.16 11:31:21.824,0.82878,0.82899,1.13,1.96
2011.09.16 11:31:22.834,0.82877,0.82897,1.50,1.50
2011.09.16 11:31:23.522,0.82876,0.82895,1.50,1.50
2011.09.16 11:31:23.884,0.82875,0.82893,3.75,1.50
2011.09.16 11:31:25.262,0.82875,0.82893,3.00,1.50
2011.09.16 11:31:25.508,0.82878,0.82896,1.13,1.21
2011.09.16 11:31:26.096,0.8288,0.82896,1.13,1.50
2011.09.16 11:31:26.327,0.82881,0.82896,1.13,1.50
2011.09.16 11:31:26.675,0.8288,0.82897,1.13,1.50
2011.09.16 11:31:26.796,0.8288,0.82901,1.13,1.50
2011.09.16 11:31:27.144,0.8288,0.82901,1.13,1.50
2011.09.16 11:31:28.955,0.8288,0.82901,1.13,1.50
2011.09.16 11:31:29.184,0.8288,0.82901,1.88,1.50
2011.09.16 11:31:33.420,0.8288,0.82901,1.88,2.25
2011.09.16 11:31:34.185,0.8288,0.829,1.50,1.50
2011.09.16 11:31:34.735,0.82879,0.82897,1.35,1.50
2011.09.16 11:31:35.318,0.8288,0.82899,1.13,1.96
2011.09.16 11:31:35.543,0.8288,0.82902,1.88,2.71
2011.09.16 11:31:36.634,0.8288,0.82902,1.88,1.96
2011.09.16 11:31:41.573,0.82879,0.829,1.35,1.21
2011.09.16 11:31:41.697,0.82879,0.82899,1.73,1.50
2011.09.16 11:31:42.436,0.82879,0.82897,1.73,1.50
2011.09.16 11:31:43.013,0.82879,0.82897,1.35,1.50
2011.09.16 11:31:43.868,0.82879,0.82897,1.35,1.50
2011.09.16 11:31:44.195,0.82879,0.82897,1.35,1.50
2011.09.16 11:31:44.763,0.82879,0.82897,1.35,1.50
2011.09.16 11:31:45.220,0.82879,0.82899,1.35,1.50
2011.09.16 11:31:46.103,0.82879,0.82899,1.35,1.50
2011.09.16 11:31:51.723,0.8288,0.82899,1.13,1.50
2011.09.16 11:31:51.966,0.8288,0.82899,1.13,1.50
2011.09.16 11:31:53.800,0.8288,0.82899,1.13,1.50
2011.09.16 11:31:54.352,0.8288,0.82899,1.13,1.50
2011.09.16 11:31:54.474,0.8288,0.82899,1.13,1.50
2011.09.16 11:31:55.056,0.82879,0.82899,1.35,1.50
2011.09.16 11:31:56.031,0.82879,0.82899,2.10,1.50
2011.09.16 11:31:58.036,0.8288,0.82899,1.13,1.50
2011.09.16 11:31:58.372,0.8288,0.82899,1.13,1.50
2011.09.16 11:32:01.005,0.8288,0.82899,1.13,1.50
2011.09.16 11:32:05.506,0.82879,0.82899,2.10,1.50
2011.09.16 11:32:05.877,0.82879,0.82899,2.10,1.50
2011.09.16 11:32:06.225,0.82879,0.82897,2.10,1.50
2011.09.16 11:32:06.346,0.82879,0.82897,1.35,1.50
2011.09.16 11:32:06.945,0.82875,0.82894,3.00,1.50
2011.09.16 11:32:08.161,0.82875,0.82894,3.00,1.50
2011.09.16 11:32:10.476,0.82875,0.82894,3.00,1.50
2011.09.16 11:32:10.814,0.82875,0.82894,3.00,1.50
2011.09.16 11:32:11.522,0.82878,0.82896,1.13,1.96
2011.09.16 11:32:11.649,0.82879,0.82896,1.13,1.50
2011.09.16 11:32:11.896,0.8288,0.82898,1.13,1.50
2011.09.16 11:32:12.479,0.8288,0.82898,1.13,1.50
2011.09.16 11:32:17.917,0.82878,0.82898,1.13,1.50
2011.09.16 11:32:18.173,0.82877,0.82898,1.50,1.50
2011.09.16 11:32:22.015,0.82878,0.82897,1.35,1.50
2011.09.16 11:32:22.353,0.82878,0.82897,1.35,1.50
2011.09.16 11:32:22.477,0.82878,0.82899,1.35,1.50
2011.09.16 11:32:23.066,0.8288,0.82899,1.13,1.50
2011.09.16 11:32:24.885,0.82878,0.82899,1.35,1.13
2011.09.16 11:32:25.004,0.82878,0.82899,1.35,1.88
2011.09.16 11:32:26.505,0.82878,0.82899,1.73,1.50
2011.09.16 11:32:27.084,0.8288,0.82901,1.13,1.50
2011.09.16 11:32:29.084,0.82879,0.82901,1.13,1.50
2011.09.16 11:32:29.445,0.82878,0.82898,2.10,1.50
2011.09.16 11:32:33.813,0.8288,0.82898,1.13,1.50
2011.09.16 11:32:37.253,0.82878,0.829,2.10,1.50
2011.09.16 11:32:42.886,0.82879,0.82902,1.50,1.50
2011.09.16 11:32:43.003,0.82879,0.82903,1.50,1.96
2011.09.16 11:32:50.864,0.82881,0.82903,1.13,1.96
2011.09.16 11:32:51.442,0.82881,0.82903,1.13,1.21
2011.09.16 11:32:56.858,0.82879,0.82903,1.88,2.71
2011.09.16 11:32:56.975,0.82879,0.82903,1.88,2.71
2011.09.16 11:32:57.532,0.82879,0.82903,1.50,2.71
2011.09.16 11:33:01.172,0.82879,0.82903,1.50,2.71
2011.09.16 11:33:13.933,0.82881,0.82903,1.13,1.96
2011.09.16 11:33:19.538,0.82881,0.82903,1.13,2.71
2011.09.16 11:33:20.093,0.82881,0.82903,1.13,1.96
2011.09.16 11:33:21.657,0.82881,0.82903,1.13,1.21
2011.09.16 11:33:30.108,0.8288,0.82897,2.25,1.13
2011.09.16 11:33:30.360,0.8288,0.82897,2.25,1.13
2011.09.16 11:33:30.497,0.8288,0.82897,2.25,2.63
2011.09.16 11:33:33.853,0.8288,0.82897,2.25,2.25
2011.09.16 11:33:40.827,0.8288,0.82897,2.25,1.88
2011.09.16 11:33:41.436,0.8288,0.82897,2.25,1.50
2011.09.16 11:33:48.031,0.82871,0.82889,3.00,1.13
2011.09.16 11:33:48.642,0.82871,0.82885,2.25,1.50
2011.09.16 11:33:49.797,0.82871,0.82885,2.25,1.50
2011.09.16 11:33:50.424,0.82864,0.82883,1.50,2.25
2011.09.16 11:33:52.276,0.82864,0.82883,1.50,1.50
2011.09.16 11:33:52.400,0.82864,0.82884,1.50,1.50
2011.09.16 11:34:02.610,0.82864,0.82886,1.50,2.71
2011.09.16 11:34:02.739,0.82864,0.82886,1.50,1.96
2011.09.16 11:34:02.978,0.82864,0.82886,1.50,2.71
2011.09.16 11:34:09.088,0.82864,0.82884,1.50,1.50
2011.09.16 11:34:09.739,0.82863,0.82884,1.50,1.50
2011.09.16 11:34:10.238,0.82862,0.82884,2.25,1.50
2011.09.16 11:34:11.325,0.8286,0.82882,3.00,1.21
2011.09.16 11:34:11.687,0.82858,0.82873,1.06,1.50
2011.09.16 11:34:11.806,0.82857,0.82873,1.73,1.50
2011.09.16 11:34:14.815,0.82854,0.82873,2.25,1.50
2011.09.16 11:34:21.628,0.82854,0.82873,3.00,1.50
2011.09.16 11:34:22.530,0.82854,0.82872,3.00,1.21
2011.09.16 11:34:23.574,0.82854,0.82873,3.00,1.50
2011.09.16 11:34:26.327,0.82854,0.82873,3.00,1.50
2011.09.16 11:34:28.057,0.82854,0.82873,2.25,1.50
2011.09.16 11:34:33.540,0.82854,0.82872,3.38,1.50
2011.09.16 11:34:33.911,0.82853,0.82871,3.00,1.50
2011.09.16 11:34:34.039,0.82853,0.82868,3.00,1.50
2011.09.16 11:34:47.773,0.82853,0.82865,2.25,1.50
2011.09.16 11:34:48.302,0.82844,0.82852,3.00,1.50
2011.09.16 11:34:48.437,0.82847,0.82853,2.25,1.50
2011.09.16 11:34:49.105,0.82837,0.82852,1.50,1.50
2011.09.16 11:35:04.298,0.82834,0.82852,3.00,1.50
2011.09.16 11:35:13.542,0.82834,0.82852,3.00,1.50
2011.09.16 11:35:16.674,0.82834,0.82853,3.00,1.50
2011.09.16 11:35:26.327,0.82834,0.82853,3.00,1.50
2011.09.16 11:35:45.046,0.82834,0.82853,3.75,1.50
2011.09.16 11:35:48.707,0.82834,0.8285,3.75,2.10
2011.09.16 11:35:48.946,0.8283,0.82847,1.06,1.50
2011.09.16 11:35:49.307,0.82834,0.82849,3.00,1.65
2011.09.16 11:35:49.426,0.82834,0.82851,3.00,1.21
2011.09.16 11:35:54.824,0.82834,0.82853,3.00,2.71
2011.09.16 11:35:55.382,0.82834,0.82853,3.00,2.71
2011.09.16 11:35:57.942,0.82834,0.82853,3.00,3.46
2011.09.16 11:36:01.915,0.82834,0.82851,2.25,1.50
2011.09.16 11:36:02.711,0.82834,0.82851,2.25,2.25
2011.09.16 11:36:03.304,0.82834,0.82847,2.25,2.25
2011.09.16 11:36:03.435,0.82827,0.82845,1.50,1.50
2011.09.16 11:36:03.566,0.82827,0.82843,1.50,1.50
2011.09.16 11:36:04.168,0.82826,0.82843,1.13,1.50
2011.09.16 11:36:06.776,0.82827,0.82846,1.50,1.50
2011.09.16 11:36:13.838,0.82826,0.82845,1.88,2.25
2011.09.16 11:36:14.633,0.82826,0.82844,1.13,2.25
2011.09.16 11:36:15.109,0.82825,0.82843,3.75,1.50
2011.09.16 11:36:15.344,0.82825,0.82841,3.75,1.50
2011.09.16 11:36:15.917,0.82825,0.82842,3.75,1.50
2011.09.16 11:36:17.767,0.82825,0.82841,3.00,1.21
2011.09.16 11:36:18.126,0.82815,0.82835,1.50,1.50
2011.09.16 11:36:18.246,0.82812,0.82834,1.50,1.50
2011.09.16 11:36:18.608,0.8281,0.82829,1.50,1.50
2011.09.16 11:36:18.724,0.82809,0.82829,1.50,1.50
2011.09.16 11:36:19.204,0.82805,0.82829,4.13,1.96
2011.09.16 11:36:21.037,0.82807,0.82828,1.50,1.50
2011.09.16 11:36:21.812,0.82807,0.82828,1.50,1.50
2011.09.16 11:36:22.042,0.82807,0.82828,1.50,1.50
2011.09.16 11:36:24.097,0.82806,0.82829,2.25,1.21
2011.09.16 11:36:32.574,0.82807,0.82829,1.50,1.21
2011.09.16 11:36:33.123,0.82806,0.82829,2.25,1.21
2011.09.16 11:36:34.632,0.82807,0.82829,1.50,1.21
2011.09.16 11:36:34.865,0.82806,0.82829,2.25,1.21
2011.09.16 11:36:35.442,0.82807,0.82829,1.50,1.21
2011.09.16 11:36:37.640,0.82807,0.82829,1.50,1.21
2011.09.16 11:36:37.765,0.82807,0.82829,1.50,1.21
2011.09.16 11:36:41.445,0.82807,0.82829,2.25,1.21
2011.09.16 11:36:42.044,0.8281,0.82829,1.06,1.13
2011.09.16 11:36:42.164,0.82808,0.82829,2.25,1.13
2011.09.16 11:36:42.736,0.82809,0.82829,2.25,1.13
2011.09.16 11:36:43.098,0.82809,0.82829,2.25,1.13
2011.09.16 11:36:43.230,0.82809,0.82829,1.50,1.13
2011.09.16 11:36:59.216,0.82812,0.8283,1.13,1.21
2011.09.16 11:36:59.806,0.82815,0.82833,2.63,1.21
2011.09.16 11:37:00.060,0.82816,0.82835,1.88,1.96
2011.09.16 11:37:00.188,0.82818,0.82839,1.50,3.75
2011.09.16 11:37:00.323,0.82818,0.82839,1.50,1.50
2011.09.16 11:37:00.917,0.82818,0.82841,2.63,1.13
2011.09.16 11:37:01.317,0.82818,0.82841,2.63,1.13
2011.09.16 11:37:02.024,0.82819,0.82842,1.13,2.71
2011.09.16 11:37:02.508,0.82818,0.82841,2.63,1.50
2011.09.16 11:37:06.219,0.8282,0.82842,1.13,1.96
2011.09.16 11:37:06.618,0.8282,0.82842,1.13,1.96
2011.09.16 11:37:07.182,0.8282,0.82842,1.13,1.96
2011.09.16 11:37:09.474,0.8282,0.82842,1.13,1.96
2011.09.16 11:37:10.992,0.82818,0.82842,2.63,1.96
2011.09.16 11:37:11.444,0.82818,0.82841,2.63,1.13
2011.09.16 11:37:12.304,0.82818,0.8284,2.25,1.13
2011.09.16 11:37:12.655,0.82817,0.82838,1.06,1.50
2011.09.16 11:37:12.776,0.82815,0.82838,1.50,1.50
2011.09.16 11:37:14.168,0.82815,0.82837,1.50,1.13
2011.09.16 11:37:15.071,0.82815,0.82836,1.50,1.13
2011.09.16 11:37:15.762,0.82815,0.82838,2.63,1.50
2011.09.16 11:37:16.366,0.82817,0.82838,2.63,1.50
2011.09.16 11:37:17.990,0.82818,0.8284,1.50,4.21
2011.09.16 11:37:18.241,0.82819,0.82841,1.13,1.13
2011.09.16 11:37:22.083,0.82819,0.82841,2.25,1.13
2011.09.16 11:37:22.644,0.82819,0.82841,2.25,1.50
2011.09.16 11:37:23.659,0.82817,0.82837,2.25,1.50
2011.09.16 11:37:24.254,0.82818,0.82837,1.50,1.50
2011.09.16 11:37:27.016,0.82817,0.82837,2.25,1.50
2011.09.16 11:37:27.142,0.82817,0.82835,1.50,1.13
2011.09.16 11:37:27.504,0.82814,0.82835,2.25,1.13
2011.09.16 11:37:27.746,0.82814,0.82835,3.00,1.13
2011.09.16 11:37:28.705,0.82814,0.82835,4.50,1.59
2011.09.16 11:37:29.152,0.82814,0.82835,4.50,1.59
2011.09.16 11:37:34.326,0.82815,0.82837,1.50,3.09
2011.09.16 11:37:34.897,0.82815,0.82837,1.50,3.09
2011.09.16 11:37:35.020,0.82815,0.82837,1.50,3.09
2011.09.16 11:37:35.534,0.82814,0.82835,4.50,1.59
2011.09.16 11:37:36.564,0.82815,0.82835,1.50,1.59
2011.09.16 11:37:37.273,0.82815,0.82834,1.50,1.13
2011.09.16 11:37:37.844,0.82814,0.82835,3.75,1.59
2011.09.16 11:37:40.749,0.82814,0.82833,3.00,1.13
2011.09.16 11:37:41.116,0.82814,0.82835,3.00,1.59
2011.09.16 11:37:41.835,0.82814,0.82834,4.50,1.13
2011.09.16 11:37:42.077,0.82814,0.82834,4.50,1.13
2011.09.16 11:37:42.196,0.82814,0.82834,3.00,1.13
2011.09.16 11:37:44.249,0.82813,0.82834,1.50,1.50
2011.09.16 11:37:44.750,0.82815,0.82837,3.75,1.13
2011.09.16 11:37:45.973,0.82815,0.82836,3.00,1.13
2011.09.16 11:37:47.788,0.82817,0.82836,1.50,1.13
2011.09.16 11:37:48.254,0.82815,0.82835,2.25,1.13
2011.09.16 11:37:49.157,0.82815,0.82835,3.00,1.13
2011.09.16 11:37:49.303,0.82812,0.82835,3.00,2.34
2011.09.16 11:37:49.904,0.82812,0.82833,2.25,1.13
2011.09.16 11:37:50.496,0.82812,0.82833,2.25,1.13
2011.09.16 11:37:51.268,0.82813,0.82833,1.50,1.13
2011.09.16 11:37:52.676,0.82814,0.82833,1.50,1.13
2011.09.16 11:37:53.614,0.82814,0.82836,4.50,1.59
2011.09.16 11:37:54.377,0.82814,0.82836,4.50,1.21
2011.09.16 11:37:58.354,0.82815,0.82836,1.13,1.21
2011.09.16 11:37:58.695,0.82815,0.82838,2.63,1.21
2011.09.16 11:37:59.056,0.82817,0.82838,1.50,1.21
2011.09.16 11:37:59.176,0.82819,0.82839,1.50,2.34
2011.09.16 11:38:02.685,0.8282,0.8284,1.50,3.46
2011.09.16 11:38:03.352,0.8282,0.82838,1.50,1.13
2011.09.16 11:38:03.846,0.82818,0.82838,1.50,1.88
2011.09.16 11:38:07.732,0.82818,0.82838,1.50,1.13
2011.09.16 11:38:08.570,0.82818,0.82838,1.88,1.13
2011.09.16 11:38:11.734,0.8282,0.82841,1.88,2.25
2011.09.16 11:38:11.858,0.82823,0.82842,1.50,1.50
2011.09.16 11:38:12.095,0.82827,0.82847,1.50,1.50
2011.09.16 11:38:12.214,0.82827,0.82847,1.50,1.13
2011.09.16 11:38:13.225,0.82826,0.82846,1.50,1.13
2011.09.16 11:38:17.313,0.82826,0.82847,1.50,1.13
2011.09.16 11:38:18.254,0.82826,0.82847,1.50,1.88
2011.09.16 11:38:19.723,0.82826,0.82847,1.50,1.13
2011.09.16 11:38:20.473,0.82826,0.82846,1.50,1.50
2011.09.16 11:38:21.801,0.82826,0.82847,1.50,1.88
2011.09.16 11:38:22.307,0.82826,0.82846,1.50,1.88
2011.09.16 11:38:22.777,0.82826,0.82845,1.50,1.13
2011.09.16 11:38:23.155,0.82824,0.82844,1.50,1.13
2011.09.16 11:38:24.827,0.82826,0.82845,1.50,1.13
2011.09.16 11:38:25.455,0.82826,0.82845,1.50,1.13
2011.09.16 11:38:26.496,0.82826,0.82845,1.50,1.28
2011.09.16 11:38:31.154,0.82824,0.82845,1.50,1.28
2011.09.16 11:38:32.467,0.82824,0.82845,1.50,2.03
2011.09.16 11:38:33.233,0.82823,0.82843,1.50,1.13
2011.09.16 11:38:33.363,0.82823,0.82844,1.50,1.28
2011.09.16 11:38:36.643,0.82823,0.82845,1.50,1.65
2011.09.16 11:38:37.185,0.82823,0.82846,1.50,2.11
2011.09.16 11:38:38.347,0.82823,0.82846,1.50,2.11
2011.09.16 11:38:39.055,0.82823,0.82846,1.50,2.26
2011.09.16 11:38:39.697,0.82823,0.82846,1.50,2.11
2011.09.16 11:38:41.514,0.82823,0.82846,1.50,2.26
2011.09.16 11:38:43.391,0.82823,0.82846,1.50,2.49
2011.09.16 11:38:44.344,0.82823,0.82846,1.50,2.64
2011.09.16 11:38:45.043,0.82823,0.82846,1.50,2.64
2011.09.16 11:38:45.904,0.82823,0.82846,1.50,2.49
2011.09.16 11:38:46.480,0.82823,0.82846,1.50,2.64
2011.09.16 11:38:47.106,0.82823,0.82846,1.50,2.49
2011.09.16 11:38:47.694,0.82823,0.82846,1.50,2.64
2011.09.16 11:38:47.815,0.82823,0.82846,1.50,2.64
2011.09.16 11:38:48.555,0.82823,0.82846,1.50,2.64
2011.09.16 11:38:49.112,0.82823,0.82846,1.50,2.64
2011.09.16 11:38:49.232,0.82822,0.82843,1.50,1.13
2011.09.16 11:38:49.798,0.82823,0.82845,1.50,1.28
2011.09.16 11:38:50.170,0.82823,0.82844,1.50,1.28
2011.09.16 11:38:50.671,0.82823,0.82844,1.50,1.13
2011.09.16 11:38:51.232,0.82823,0.82844,1.50,1.13
2011.09.16 11:38:51.876,0.82823,0.82844,1.50,1.13
2011.09.16 11:38:54.053,0.82823,0.82846,1.50,1.74
2011.09.16 11:38:54.616,0.82823,0.82846,1.50,1.89
2011.09.16 11:38:56.269,0.82823,0.82845,1.50,1.28
2011.09.16 11:38:57.118,0.8282,0.82843,1.50,2.34
2011.09.16 11:38:57.484,0.82819,0.82838,1.50,1.13
2011.09.16 11:39:11.313,0.82819,0.82837,2.25,1.13
2011.09.16 11:39:12.477,0.82819,0.82837,2.25,1.13
2011.09.16 11:39:13.239,0.82819,0.82837,1.50,1.13
2011.09.16 11:39:15.161,0.82818,0.82837,1.50,1.13
2011.09.16 11:39:16.006,0.82817,0.82837,1.50,1.13
2011.09.16 11:39:16.718,0.82815,0.82837,3.75,1.13
2011.09.16 11:39:17.610,0.82815,0.82835,3.00,1.13
2011.09.16 11:39:17.743,0.82815,0.82837,3.00,2.94
2011.09.16 11:39:19.982,0.82815,0.82837,3.00,2.94
2011.09.16 11:39:24.354,0.82815,0.82836,3.00,2.34
2011.09.16 11:39:33.903,0.82812,0.82833,1.86,1.59
2011.09.16 11:39:35.386,0.82812,0.82833,1.86,1.59
2011.09.16 11:39:36.726,0.82813,0.82832,1.11,1.13
2011.09.16 11:39:37.184,0.82813,0.82832,1.11,1.59
2011.09.16 11:39:37.822,0.82811,0.82832,1.11,1.59
2011.09.16 11:39:38.747,0.82811,0.82832,1.30,1.59
2011.09.16 11:39:39.093,0.82813,0.82832,1.11,1.59
2011.09.16 11:39:39.956,0.82813,0.82833,1.11,2.34
2011.09.16 11:39:42.558,0.82815,0.82833,2.25,1.59
2011.09.16 11:39:43.143,0.82815,0.82836,3.00,2.34
2011.09.16 11:39:46.366,0.82815,0.82836,3.00,1.59
2011.09.16 11:39:49.065,0.82815,0.82836,3.38,1.21
2011.09.16 11:39:49.608,0.82818,0.82841,2.25,1.73
2011.09.16 11:39:51.345,0.82818,0.82841,1.50,1.73
2011.09.16 11:39:51.716,0.82817,0.82838,1.50,2.94
2011.09.16 11:39:52.313,0.82815,0.82837,1.50,2.34
2011.09.16 11:39:53.660,0.82814,0.82836,3.00,2.19
2011.09.16 11:39:53.789,0.82813,0.82833,1.86,1.59
2011.09.16 11:39:54.154,0.82815,0.82835,3.00,3.09
2011.09.16 11:39:54.745,0.82815,0.82835,3.00,3.09
2011.09.16 11:39:55.333,0.82815,0.82834,3.00,1.59
2011.09.16 11:39:58.506,0.82813,0.82834,1.86,2.34
2011.09.16 11:39:58.746,0.82813,0.82834,1.11,2.34
2011.09.16 11:39:58.867,0.82813,0.82834,1.11,1.59
2011.09.16 11:39:58.983,0.82814,0.82835,3.00,1.59
2011.09.16 11:40:10.257,0.82815,0.82837,1.50,1.21
2011.09.16 11:40:13.006,0.82815,0.82834,1.50,1.13
2011.09.16 11:40:13.473,0.82815,0.82837,1.50,2.34
2011.09.16 11:40:13.593,0.82815,0.82837,1.50,2.34
2011.09.16 11:40:13.908,0.82815,0.82837,1.50,2.34
2011.09.16 11:40:18.052,0.82815,0.82837,1.50,2.34
2011.09.16 11:40:18.803,0.82815,0.82837,1.50,2.34
2011.09.16 11:40:20.451,0.82818,0.82837,2.25,1.96
2011.09.16 11:40:24.046,0.82818,0.82837,1.50,1.96
2011.09.16 11:40:26.875,0.82816,0.82836,1.50,1.21
2011.09.16 11:40:27.473,0.82814,0.82832,2.25,1.35
2011.09.16 11:40:28.237,0.82816,0.82833,1.50,2.71
2011.09.16 11:40:28.475,0.82818,0.82837,1.50,1.21
2011.09.16 11:40:29.064,0.82818,0.82838,1.50,1.13
2011.09.16 11:40:29.866,0.8282,0.82838,1.50,1.13
2011.09.16 11:40:32.954,0.82822,0.82838,1.50,1.13
2011.09.16 11:40:37.134,0.82821,0.82838,2.25,1.13
2011.09.16 11:40:37.855,0.82821,0.82838,1.50,1.13
2011.09.16 11:40:40.972,0.82819,0.82838,1.50,1.88
2011.09.16 11:40:41.337,0.82816,0.82837,2.25,3.23
2011.09.16 11:40:41.580,0.82814,0.82833,2.61,4.13
2011.09.16 11:40:41.708,0.82814,0.82833,1.11,4.13
2011.09.16 11:40:42.284,0.82812,0.82833,4.11,4.13
2011.09.16 11:40:43.173,0.82812,0.82833,4.11,4.13
2011.09.16 11:40:44.693,0.82812,0.82833,4.11,5.19
2011.09.16 11:40:44.813,0.82812,0.82831,4.11,1.06
2011.09.16 11:40:46.331,0.82813,0.82832,1.11,1.21
2011.09.16 11:40:49.696,0.82813,0.82833,1.11,4.59
2011.09.16 11:40:50.311,0.82813,0.82833,1.11,4.59
2011.09.16 11:41:01.236,0.82823,0.82833,2.25,1.21
2011.09.16 11:41:01.478,0.82823,0.82838,2.25,1.50
2011.09.16 11:41:01.982,0.82823,0.82841,2.25,1.21
2011.09.16 11:41:03.760,0.82823,0.82841,3.00,1.21
2011.09.16 11:41:04.133,0.82828,0.82849,2.25,4.21
2011.09.16 11:41:04.811,0.82828,0.8285,1.88,1.96
2011.09.16 11:41:04.942,0.82828,0.82852,2.25,1.96
2011.09.16 11:41:08.063,0.82831,0.82851,1.50,1.21
2011.09.16 11:41:08.655,0.82829,0.8285,1.50,1.59
2011.09.16 11:41:08.777,0.82829,0.8285,1.50,1.59
2011.09.16 11:41:10.014,0.82827,0.8285,2.25,2.19
2011.09.16 11:41:12.207,0.82827,0.8285,2.25,2.19
2011.09.16 11:41:12.445,0.82828,0.82851,1.35,1.59
2011.09.16 11:41:12.566,0.82833,0.82852,1.50,1.96
2011.09.16 11:41:13.494,0.8283,0.82852,3.00,1.21
2011.09.16 11:41:16.408,0.82832,0.82852,1.50,1.21
2011.09.16 11:41:18.760,0.8283,0.82851,2.25,1.13
2011.09.16 11:41:28.234,0.82831,0.82852,1.50,1.96
2011.09.16 11:41:28.364,0.82833,0.82852,1.50,1.96
2011.09.16 11:41:28.974,0.82833,0.82852,1.50,1.96
2011.09.16 11:41:29.775,0.82833,0.82852,2.25,1.96
2011.09.16 11:41:50.104,0.82833,0.82852,1.50,1.21
2011.09.16 11:41:53.430,0.8283,0.82852,3.38,1.21
2011.09.16 11:41:53.559,0.8283,0.82851,1.50,1.59
2011.09.16 11:41:54.035,0.82827,0.82848,1.50,1.13
2011.09.16 11:41:54.163,0.82827,0.82848,1.50,2.34
2011.09.16 11:41:54.749,0.82826,0.82847,2.25,1.59
2011.09.16 11:41:55.534,0.82826,0.82846,1.50,1.21
2011.09.16 11:41:55.660,0.82826,0.82848,2.56,2.34
2011.09.16 11:41:56.373,0.82826,0.82846,1.81,1.21
2011.09.16 11:41:56.505,0.82825,0.82845,1.06,1.13
2011.09.16 11:41:56.854,0.82826,0.82848,1.50,1.59
2011.09.16 11:41:57.531,0.82826,0.82849,1.50,1.96
2011.09.16 11:41:58.006,0.82827,0.82849,2.25,1.59
2011.09.16 11:41:59.754,0.82828,0.8285,1.50,2.34
2011.09.16 11:42:00.673,0.82827,0.82848,1.50,1.21
2011.09.16 11:42:01.705,0.82826,0.82848,1.50,1.21
2011.09.16 11:42:09.942,0.82827,0.82848,1.50,1.21
2011.09.16 11:42:13.825,0.82828,0.82849,1.50,2.34
2011.09.16 11:42:16.018,0.82826,0.82847,2.25,1.21
2011.09.16 11:42:16.145,0.82825,0.82847,4.50,1.21
2011.09.16 11:42:16.772,0.82825,0.82847,3.75,1.21
2011.09.16 11:42:19.530,0.82825,0.82847,4.50,1.96
2011.09.16 11:42:20.752,0.82825,0.82847,4.50,1.96
2011.09.16 11:42:21.353,0.82825,0.82847,4.50,1.96
2011.09.16 11:42:21.933,0.82825,0.82847,4.50,1.96
2011.09.16 11:42:22.522,0.82825,0.82846,3.75,1.58
2011.09.16 11:42:26.896,0.82825,0.82846,4.50,1.13
2011.09.16 11:42:27.246,0.82826,0.82847,1.50,2.34
2011.09.16 11:42:29.852,0.82826,0.82847,1.50,2.34
2011.09.16 11:42:30.612,0.82826,0.82847,1.50,2.34
2011.09.16 11:42:31.933,0.82826,0.82847,1.50,1.59
2011.09.16 11:42:36.363,0.82826,0.82846,1.50,1.50
2011.09.16 11:42:36.958,0.82825,0.82847,4.50,1.96
2011.09.16 11:42:37.668,0.82825,0.82846,4.50,1.59
2011.09.16 11:42:38.236,0.82824,0.82846,2.25,2.34
2011.09.16 11:42:38.595,0.82826,0.82847,1.50,1.96
2011.09.16 11:42:39.586,0.82825,0.82847,4.50,1.21
2011.09.16 11:42:40.220,0.82825,0.82849,5.25,1.59
2011.09.16 11:42:40.470,0.82827,0.82849,1.50,1.59
2011.09.16 11:42:41.826,0.82827,0.82849,1.50,1.59
2011.09.16 11:42:42.613,0.82825,0.82849,5.25,2.34
2011.09.16 11:42:43.925,0.82825,0.82849,5.25,2.34
2011.09.16 11:42:44.483,0.82825,0.82849,5.25,2.34
2011.09.16 11:42:50.253,0.82826,0.82849,1.50,1.59
2011.09.16 11:42:53.255,0.82827,0.82847,1.50,1.88
2011.09.16 11:42:53.380,0.82825,0.82846,2.25,1.88
2011.09.16 11:42:54.114,0.82826,0.82845,1.50,1.50
2011.09.16 11:42:55.565,0.82826,0.82846,2.25,2.34
2011.09.16 11:42:56.175,0.82826,0.82845,1.50,1.88
2011.09.16 11:42:58.269,0.82825,0.82845,1.50,1.88
2011.09.16 11:43:00.296,0.82825,0.82842,1.50,1.21
2011.09.16 11:43:00.876,0.82827,0.82845,1.50,1.13
2011.09.16 11:43:01.465,0.82826,0.82845,1.50,1.13
2011.09.16 11:43:02.045,0.82827,0.82846,1.50,1.21
2011.09.16 11:43:02.868,0.82827,0.82845,1.50,1.13
2011.09.16 11:43:03.457,0.82825,0.82845,1.50,1.13
2011.09.16 11:43:05.813,0.82826,0.82846,1.50,1.59
2011.09.16 11:43:07.122,0.82828,0.82848,1.50,1.59
2011.09.16 11:43:07.486,0.8283,0.82849,2.25,1.13
2011.09.16 11:43:08.043,0.82832,0.82851,1.50,1.81
2011.09.16 11:43:09.018,0.8283,0.82851,1.50,2.19
2011.09.16 11:43:10.076,0.82832,0.82851,1.50,1.81
2011.09.16 11:43:12.325,0.82832,0.82851,1.50,1.06
2011.09.16 11:43:13.428,0.82831,0.82851,1.50,1.44
2011.09.16 11:43:13.982,0.82832,0.82851,1.50,1.06
2011.09.16 11:43:19.277,0.82832,0.82851,1.50,1.06
2011.09.16 11:43:19.399,0.8283,0.82849,1.50,1.73
2011.09.16 11:43:20.004,0.8283,0.82848,1.50,1.21
2011.09.16 11:43:21.004,0.82833,0.82849,1.50,1.13
2011.09.16 11:43:21.365,0.82833,0.82849,1.50,1.13
2011.09.16 11:43:22.086,0.82832,0.82849,2.25,1.13
2011.09.16 11:43:22.207,0.82836,0.82855,1.50,1.35
2011.09.16 11:43:22.330,0.82837,0.82855,1.50,1.35
2011.09.16 11:43:22.893,0.82837,0.82855,1.50,2.10
2011.09.16 11:43:23.665,0.82837,0.82855,1.50,1.35
2011.09.16 11:43:24.303,0.82837,0.82855,1.50,1.35
2011.09.16 11:43:31.309,0.82837,0.82859,1.50,2.71
2011.09.16 11:43:31.437,0.82837,0.82859,1.50,1.21
2011.09.16 11:43:31.681,0.82837,0.82857,1.50,1.21
2011.09.16 11:43:37.630,0.82836,0.82859,2.25,1.21
2011.09.16 11:43:37.885,0.82841,0.82861,2.25,1.35
2011.09.16 11:43:38.014,0.82845,0.82865,1.13,1.50
2011.09.16 11:43:38.617,0.82845,0.82867,1.13,1.21
2011.09.16 11:43:39.204,0.82845,0.82867,1.13,1.21
2011.09.16 11:43:39.975,0.82845,0.82868,1.88,1.21
2011.09.16 11:43:40.658,0.82849,0.82869,1.50,3.53
2011.09.16 11:43:41.252,0.8285,0.82869,1.50,1.88
2011.09.16 11:43:43.226,0.8285,0.8287,1.50,1.65
2011.09.16 11:43:43.588,0.82859,0.82877,1.50,1.88
2011.09.16 11:43:44.287,0.82857,0.82876,1.50,1.50
2011.09.16 11:43:44.407,0.82855,0.82876,1.50,1.88
2011.09.16 11:43:44.528,0.82854,0.82876,1.50,1.88
2011.09.16 11:43:46.280,0.82854,0.82876,1.50,1.88
2011.09.16 11:43:51.557,0.82855,0.82876,1.13,1.50
2011.09.16 11:43:52.268,0.82854,0.82878,1.88,2.71
2011.09.16 11:43:52.834,0.82856,0.82878,1.50,1.50
2011.09.16 11:43:53.394,0.82857,0.82879,1.50,3.24
2011.09.16 11:43:53.967,0.82861,0.8288,1.50,1.50
2011.09.16 11:43:55.993,0.82862,0.82883,1.50,1.50
2011.09.16 11:43:56.119,0.82863,0.82883,1.50,1.50
2011.09.16 11:43:56.485,0.82863,0.82882,1.50,1.50
2011.09.16 11:44:01.217,0.82863,0.82882,1.50,1.50
2011.09.16 11:44:01.455,0.82863,0.82882,1.50,1.50
2011.09.16 11:44:06.264,0.82863,0.82882,1.50,1.50
2011.09.16 11:44:08.753,0.82859,0.82882,1.88,1.50
2011.09.16 11:44:15.507,0.82857,0.82873,3.00,1.13
2011.09.16 11:44:15.647,0.82852,0.82872,3.75,1.35
2011.09.16 11:44:15.769,0.82852,0.82872,1.50,1.35
2011.09.16 11:44:16.009,0.82849,0.82869,2.25,1.88
2011.09.16 11:44:16.379,0.82844,0.82866,1.06,1.59
2011.09.16 11:44:16.975,0.82846,0.82867,1.50,1.21
2011.09.16 11:44:21.973,0.82846,0.82867,1.50,1.59
2011.09.16 11:44:22.212,0.82846,0.82868,1.50,1.59
2011.09.16 11:44:22.949,0.82846,0.82868,1.50,1.59
2011.09.16 11:44:24.583,0.82846,0.82868,1.50,1.59
2011.09.16 11:44:24.988,0.82848,0.82869,1.50,1.59
2011.09.16 11:44:25.105,0.82848,0.82869,2.25,1.13
2011.09.16 11:44:25.226,0.82848,0.82872,2.25,2.34
2011.09.16 11:44:26.033,0.82848,0.82872,2.25,2.34
2011.09.16 11:44:26.729,0.82846,0.82867,1.50,1.59
2011.09.16 11:44:27.237,0.82846,0.82867,1.50,1.59
2011.09.16 11:44:28.324,0.82846,0.82867,1.50,1.59
2011.09.16 11:44:28.883,0.82846,0.82867,1.50,1.21
2011.09.16 11:44:35.404,0.82846,0.82867,1.50,1.59
2011.09.16 11:44:35.946,0.82846,0.82867,1.50,1.59
2011.09.16 11:44:36.505,0.82846,0.82867,1.50,1.59
2011.09.16 11:44:38.013,0.82846,0.82867,1.50,1.59
2011.09.16 11:44:38.365,0.82848,0.82868,3.00,1.59
2011.09.16 11:44:38.595,0.82848,0.82871,3.00,2.34
2011.09.16 11:44:39.264,0.82848,0.82871,3.00,2.34
2011.09.16 11:44:40.179,0.82848,0.8287,3.00,1.59
2011.09.16 11:44:40.815,0.82848,0.8287,3.00,1.21
2011.09.16 11:44:44.609,0.82848,0.82872,3.75,2.34
2011.09.16 11:44:49.978,0.82851,0.82873,1.50,1.50
2011.09.16 11:44:50.101,0.82853,0.82874,2.25,1.21
2011.09.16 11:44:50.348,0.82855,0.82875,1.50,1.21
2011.09.16 11:44:50.468,0.82855,0.82876,1.50,1.21
2011.09.16 11:44:50.957,0.82854,0.82877,1.50,1.21
2011.09.16 11:44:51.194,0.82858,0.82878,3.75,1.96
2011.09.16 11:44:52.369,0.82854,0.82876,2.10,1.50
2011.09.16 11:44:52.954,0.82853,0.82873,1.50,1.13
2011.09.16 11:44:53.436,0.82853,0.82876,1.50,1.59
2011.09.16 11:44:53.557,0.82853,0.82875,2.25,1.59
2011.09.16 11:44:54.144,0.82854,0.82874,1.50,1.13
2011.09.16 11:44:55.263,0.82853,0.82874,3.00,1.13
2011.09.16 11:44:55.393,0.82854,0.82875,1.50,1.13
2011.09.16 11:45:00.336,0.82854,0.82875,1.50,1.13
2011.09.16 11:45:02.458,0.82858,0.82877,1.50,1.59
2011.09.16 11:45:02.581,0.82859,0.82879,1.50,1.13
2011.09.16 11:45:02.712,0.82859,0.82881,2.25,1.13
2011.09.16 11:45:03.084,0.82858,0.82876,4.50,1.50
2011.09.16 11:45:03.575,0.82855,0.82872,1.50,1.88
2011.09.16 11:45:04.151,0.82851,0.82871,1.50,2.10
2011.09.16 11:45:04.294,0.82844,0.82863,1.81,1.96
2011.09.16 11:45:04.423,0.82844,0.82863,1.06,1.96
2011.09.16 11:45:04.798,0.82843,0.82863,1.81,1.21
2011.09.16 11:45:05.398,0.82846,0.82863,1.50,1.21
2011.09.16 11:45:06.008,0.82843,0.82863,1.81,1.21
2011.09.16 11:45:08.939,0.82847,0.82871,6.23,1.96
2011.09.16 11:45:09.076,0.82853,0.82873,1.50,1.21
2011.09.16 11:45:09.320,0.82854,0.82874,1.13,1.21
2011.09.16 11:45:09.687,0.82854,0.82875,1.13,1.21
2011.09.16 11:45:09.804,0.82854,0.82876,1.13,1.21
2011.09.16 11:45:12.461,0.82857,0.82877,2.25,1.50
2011.09.16 11:45:12.590,0.82862,0.8288,2.25,1.96
2011.09.16 11:45:12.960,0.82875,0.82892,3.60,1.59
2011.09.16 11:45:13.209,0.82877,0.82894,1.35,1.50
2011.09.16 11:45:13.457,0.82877,0.82894,1.50,1.65
2011.09.16 11:45:13.576,0.82876,0.82897,1.50,1.59
2011.09.16 11:45:14.381,0.82875,0.82897,5.25,1.59
2011.09.16 11:45:14.515,0.82877,0.82898,2.25,1.13
2011.09.16 11:45:14.880,0.82876,0.82898,1.50,1.13
2011.09.16 11:45:15.363,0.82877,0.82898,2.25,1.13
2011.09.16 11:45:15.612,0.82877,0.82899,3.00,1.13
2011.09.16 11:45:15.980,0.82875,0.82889,1.50,1.50
2011.09.16 11:45:16.570,0.82877,0.82896,1.50,1.13
2011.09.16 11:45:16.938,0.82876,0.82887,2.25,1.50
2011.09.16 11:45:17.057,0.82876,0.82887,1.50,1.50
2011.09.16 11:45:17.185,0.8287,0.82889,1.50,2.25
2011.09.16 11:45:17.542,0.82873,0.82891,3.75,1.95
2011.09.16 11:45:17.668,0.82873,0.82894,3.75,1.13
2011.09.16 11:45:17.915,0.82873,0.82892,3.00,1.59
2011.09.16 11:45:22.252,0.82864,0.82886,3.16,1.21
2011.09.16 11:45:22.385,0.8287,0.82886,1.50,1.21
2011.09.16 11:45:22.513,0.82873,0.82889,1.50,1.96
2011.09.16 11:45:22.643,0.82872,0.8289,3.38,1.21
2011.09.16 11:45:22.894,0.82869,0.82889,1.35,1.13
2011.09.16 11:45:23.022,0.82871,0.82889,1.13,1.13
2011.09.16 11:45:23.388,0.82882,0.82894,1.06,1.59
2011.09.16 11:45:23.509,0.82883,0.82893,3.00,1.59
2011.09.16 11:45:23.642,0.82883,0.82897,3.00,1.50
2011.09.16 11:45:24.415,0.82882,0.829,3.75,1.13
2011.09.16 11:45:24.777,0.82879,0.82898,2.56,1.88
2011.09.16 11:45:24.912,0.82879,0.82898,2.25,1.88
2011.09.16 11:45:25.145,0.82881,0.829,1.13,2.85
2011.09.16 11:45:25.264,0.82882,0.829,1.50,1.88
2011.09.16 11:45:25.386,0.82886,0.829,1.06,1.13
2011.09.16 11:45:25.747,0.82886,0.829,1.06,1.13
2011.09.16 11:45:26.113,0.82884,0.82898,1.50,1.13
2011.09.16 11:45:26.238,0.82883,0.829,1.06,2.10
2011.09.16 11:45:26.359,0.82885,0.82901,1.06,1.96
2011.09.16 11:45:26.889,0.82887,0.82907,2.56,1.21
2011.09.16 11:45:28.098,0.82888,0.82907,1.06,1.21
2011.09.16 11:45:29.588,0.82888,0.82907,1.06,1.21
2011.09.16 11:45:30.144,0.82888,0.82907,1.06,1.21
2011.09.16 11:45:30.877,0.82887,0.82907,4.13,1.21
2011.09.16 11:45:31.010,0.82888,0.82907,1.06,1.21
2011.09.16 11:45:31.563,0.82888,0.82907,1.06,1.21
2011.09.16 11:45:32.443,0.82888,0.82907,1.06,1.21
2011.09.16 11:45:34.453,0.82888,0.82907,1.06,1.21
2011.09.16 11:45:34.865,0.82888,0.82907,1.06,1.21
2011.09.16 11:45:35.096,0.82888,0.82907,1.81,1.21
2011.09.16 11:45:35.694,0.8289,0.82911,1.06,1.59
2011.09.16 11:45:35.812,0.82888,0.82911,2.25,1.59
2011.09.16 11:45:37.756,0.82888,0.82902,1.61,1.13
2011.09.16 11:45:37.882,0.82885,0.82902,2.56,1.13
2011.09.16 11:45:38.007,0.82882,0.82902,1.50,1.88
2011.09.16 11:45:38.467,0.8288,0.82898,1.50,1.13
2011.09.16 11:45:38.704,0.82877,0.82897,1.50,1.50
2011.09.16 11:45:39.275,0.82877,0.82897,1.50,1.13
2011.09.16 11:45:39.395,0.82877,0.82897,1.50,1.13
2011.09.16 11:45:39.744,0.82877,0.82897,1.50,1.13
2011.09.16 11:45:40.315,0.82877,0.82897,1.50,1.13
2011.09.16 11:45:41.099,0.82877,0.82897,1.50,1.88
2011.09.16 11:45:46.128,0.82877,0.82897,1.50,1.13
2011.09.16 11:45:48.789,0.82877,0.82897,1.50,1.13
2011.09.16 11:45:51.902,0.82877,0.82897,2.25,1.13
2011.09.16 11:45:52.506,0.82879,0.82898,1.50,1.50
2011.09.16 11:45:53.536,0.82879,0.82898,2.25,1.88
2011.09.16 11:45:55.434,0.82879,0.82901,2.25,1.50
2011.09.16 11:45:55.796,0.82883,0.82904,2.25,2.25
2011.09.16 11:45:56.156,0.82884,0.82905,2.25,1.88
2011.09.16 11:45:56.274,0.82884,0.82903,1.50,1.13
2011.09.16 11:45:56.505,0.82882,0.82903,2.25,1.13
2011.09.16 11:45:56.627,0.82882,0.82903,2.25,1.13
2011.09.16 11:45:57.551,0.82883,0.82904,1.50,2.34
2011.09.16 11:45:59.804,0.82883,0.82904,1.50,2.34
2011.09.16 11:46:00.563,0.82884,0.82904,1.50,1.59
2011.09.16 11:46:01.025,0.82885,0.82906,2.25,1.73
2011.09.16 11:46:01.891,0.82885,0.82906,2.25,1.13
2011.09.16 11:46:02.016,0.82886,0.82907,1.50,1.88
2011.09.16 11:46:02.607,0.82888,0.82907,1.50,1.50
2011.09.16 11:46:02.969,0.8289,0.82911,1.50,1.35
2011.09.16 11:46:03.326,0.82892,0.82911,1.50,1.35
2011.09.16 11:46:09.311,0.82893,0.82912,1.50,1.35
2011.09.16 11:46:09.567,0.82897,0.8292,1.88,1.50
2011.09.16 11:46:09.696,0.82899,0.82922,1.50,1.96
2011.09.16 11:46:10.060,0.82902,0.82923,1.50,1.35
2011.09.16 11:46:10.550,0.82906,0.82926,1.50,1.50
2011.09.16 11:46:11.039,0.82906,0.82927,1.50,1.50
2011.09.16 11:46:11.643,0.82903,0.82927,2.25,2.71
2011.09.16 11:46:11.773,0.82903,0.82924,1.50,1.50
2011.09.16 11:46:12.374,0.82903,0.82924,1.50,1.96
2011.09.16 11:46:16.675,0.82903,0.82924,1.50,1.21
2011.09.16 11:46:17.265,0.82905,0.82925,2.25,1.13
2011.09.16 11:46:20.008,0.82905,0.82925,2.25,1.13
2011.09.16 11:46:21.403,0.82906,0.82925,1.88,1.13
2011.09.16 11:46:21.760,0.82908,0.82928,3.75,1.59
2011.09.16 11:46:22.128,0.82908,0.82924,2.25,1.13
2011.09.16 11:46:22.246,0.82903,0.82925,3.31,1.13
2011.09.16 11:46:23.003,0.82903,0.82927,3.00,1.13
2011.09.16 11:46:23.126,0.82903,0.82927,3.00,1.13
2011.09.16 11:46:23.466,0.82903,0.82927,3.00,1.13
2011.09.16 11:46:24.263,0.82903,0.82924,3.00,1.13
2011.09.16 11:46:24.735,0.82903,0.82924,2.56,1.13
2011.09.16 11:46:25.744,0.82903,0.82924,2.25,1.88
2011.09.16 11:46:25.876,0.82903,0.82925,3.00,1.59
2011.09.16 11:46:26.925,0.82906,0.82927,1.88,2.34
2011.09.16 11:46:27.170,0.82907,0.82927,4.88,1.21
2011.09.16 11:46:27.299,0.82908,0.8293,2.25,1.21
2011.09.16 11:46:27.424,0.82908,0.82929,2.25,1.13
2011.09.16 11:46:28.132,0.82906,0.82928,1.50,1.88
2011.09.16 11:46:28.266,0.82905,0.82926,1.35,1.13
2011.09.16 11:46:28.511,0.82905,0.82926,2.10,1.13
2011.09.16 11:46:29.097,0.82905,0.82927,2.10,1.13
2011.09.16 11:46:29.682,0.82905,0.82927,2.10,1.13
2011.09.16 11:46:31.162,0.82905,0.82927,1.50,1.96
2011.09.16 11:46:33.515,0.82905,0.82922,1.50,1.13
2011.09.16 11:46:33.879,0.82902,0.82922,2.25,1.13
2011.09.16 11:46:34.477,0.82902,0.82922,1.50,1.13
2011.09.16 11:46:35.195,0.829,0.82922,1.06,1.59
2011.09.16 11:46:35.545,0.82899,0.82922,1.50,2.34
2011.09.16 11:46:36.864,0.82899,0.82922,1.50,2.34
2011.09.16 11:46:46.444,0.82899,0.82921,1.50,2.34
2011.09.16 11:46:47.018,0.82898,0.82921,1.13,2.34
2011.09.16 11:46:50.132,0.82898,0.82921,1.13,2.34
2011.09.16 11:46:52.716,0.82897,0.82919,3.75,1.59
2011.09.16 11:47:03.793,0.82897,0.82921,3.75,2.34
2011.09.16 11:47:03.915,0.82899,0.82921,1.50,1.59
2011.09.16 11:47:04.156,0.82902,0.82922,1.13,2.25
2011.09.16 11:47:04.516,0.82903,0.82925,1.50,3.09
2011.09.16 11:47:05.086,0.82906,0.82927,1.50,1.88
2011.09.16 11:47:06.270,0.82906,0.82927,1.50,2.63
2011.09.16 11:47:06.857,0.82906,0.82927,1.50,2.63
2011.09.16 11:47:07.218,0.82906,0.82927,1.50,1.50
2011.09.16 11:47:07.579,0.82906,0.82927,1.50,1.88
2011.09.16 11:47:08.057,0.82906,0.82927,1.50,1.50
2011.09.16 11:47:08.713,0.82906,0.82927,1.50,1.50
2011.09.16 11:47:09.504,0.82905,0.82927,1.50,2.34
2011.09.16 11:47:10.306,0.82905,0.82927,1.50,2.34
2011.09.16 11:47:10.897,0.82904,0.82927,1.50,3.46
2011.09.16 11:47:11.692,0.82904,0.82923,1.50,1.13
2011.09.16 11:47:11.816,0.82904,0.82925,1.50,1.13
2011.09.16 11:47:12.044,0.82904,0.82925,1.50,1.13
2011.09.16 11:47:13.457,0.82903,0.82922,4.50,1.13
2011.09.16 11:47:13.966,0.82903,0.82925,3.75,2.34
2011.09.16 11:47:14.306,0.82903,0.82925,4.50,1.59
2011.09.16 11:47:15.554,0.82904,0.82925,1.50,1.13
2011.09.16 11:47:16.474,0.82904,0.82926,1.50,1.59
2011.09.16 11:47:16.825,0.82904,0.82925,1.50,1.13
2011.09.16 11:47:17.405,0.82904,0.82925,1.50,1.13
2011.09.16 11:47:18.277,0.82904,0.82925,1.50,1.13
2011.09.16 11:47:18.967,0.82904,0.82925,1.50,1.13
2011.09.16 11:47:21.613,0.82904,0.82925,1.50,1.88
2011.09.16 11:47:22.196,0.82904,0.82925,1.50,1.88
2011.09.16 11:47:22.768,0.82904,0.82925,1.50,1.13
2011.09.16 11:47:34.798,0.82906,0.82927,1.13,1.96
2011.09.16 11:47:35.326,0.82904,0.82927,1.88,1.96
2011.09.16 11:47:38.537,0.82907,0.82927,1.13,1.21
2011.09.16 11:47:38.775,0.82909,0.82932,1.88,2.71
2011.09.16 11:47:39.248,0.82907,0.8293,5.63,1.21
2011.09.16 11:47:39.365,0.82907,0.8293,5.63,1.96
2011.09.16 11:47:39.945,0.82908,0.8293,1.35,1.13
2011.09.16 11:47:40.526,0.82911,0.82932,1.13,1.96
2011.09.16 11:47:42.005,0.82911,0.82933,1.13,1.96
2011.09.16 11:47:47.915,0.82911,0.82933,1.13,1.21
2011.09.16 11:47:48.236,0.82911,0.82934,1.13,4.59
2011.09.16 11:47:49.129,0.8291,0.82934,1.50,4.59
2011.09.16 11:47:49.261,0.8291,0.82933,1.50,1.50
2011.09.16 11:47:52.253,0.8291,0.82932,1.50,1.13
2011.09.16 11:47:54.125,0.8291,0.82932,1.50,1.13
2011.09.16 11:47:54.747,0.8291,0.82932,1.50,1.13
2011.09.16 11:48:03.251,0.8291,0.82932,1.50,1.13
2011.09.16 11:48:06.181,0.8291,0.82932,1.50,1.13
2011.09.16 11:48:07.526,0.8291,0.82932,1.50,1.13
2011.09.16 11:48:08.213,0.8291,0.82932,1.50,1.13
2011.09.16 11:48:17.134,0.8291,0.82932,1.50,1.88
2011.09.16 11:48:21.622,0.8291,0.82931,1.50,1.13
2011.09.16 11:48:21.742,0.8291,0.82931,1.50,1.13
2011.09.16 11:48:22.082,0.8291,0.82931,1.50,1.13
2011.09.16 11:48:22.797,0.8291,0.82931,1.50,1.13
2011.09.16 11:48:43.175,0.82908,0.82931,1.50,1.88
2011.09.16 11:48:43.296,0.82908,0.8293,1.50,1.13
2011.09.16 11:48:44.384,0.82907,0.82929,4.50,1.13
2011.09.16 11:48:45.855,0.82907,0.82929,4.50,1.13
2011.09.16 11:48:46.707,0.82909,0.82931,1.35,1.13
2011.09.16 11:48:46.830,0.82909,0.82932,1.35,1.88
2011.09.16 11:48:51.790,0.82909,0.82931,1.73,1.50
2011.09.16 11:48:51.945,0.82909,0.82931,1.35,1.88
2011.09.16 11:48:52.625,0.8291,0.82931,1.50,1.88
2011.09.16 11:48:52.987,0.82907,0.82926,1.50,1.13
2011.09.16 11:48:53.576,0.82903,0.82926,3.00,1.88
2011.09.16 11:48:54.016,0.82903,0.82926,3.00,1.88
2011.09.16 11:48:54.604,0.82903,0.82926,3.00,1.88
2011.09.16 11:48:55.548,0.82903,0.82926,3.00,1.88
2011.09.16 11:48:56.109,0.82903,0.82926,3.00,1.88
2011.09.16 11:48:56.244,0.82902,0.82924,2.25,1.13
2011.09.16 11:48:56.372,0.82902,0.82922,2.25,1.13
2011.09.16 11:48:56.499,0.82902,0.82921,1.50,1.13
2011.09.16 11:48:57.105,0.82902,0.82921,1.50,1.88
2011.09.16 11:48:57.692,0.82898,0.82921,4.13,2.25
2011.09.16 11:48:57.938,0.82898,0.82918,3.75,1.13
2011.09.16 11:48:58.466,0.82898,0.82915,3.75,1.50
2011.09.16 11:48:58.597,0.82893,0.82915,4.50,2.71
2011.09.16 11:48:58.828,0.82894,0.82915,1.13,1.96
2011.09.16 11:48:59.837,0.82894,0.82915,1.50,1.13
2011.09.16 11:49:00.406,0.82894,0.82915,1.50,1.13
2011.09.16 11:49:00.771,0.82893,0.82913,3.00,1.50
2011.09.16 11:49:01.308,0.8289,0.82907,1.50,1.50
2011.09.16 11:49:01.443,0.82887,0.82907,1.50,1.50
2011.09.16 11:49:01.677,0.82887,0.82908,1.50,1.13
2011.09.16 11:49:02.412,0.82887,0.82908,1.50,1.13
2011.09.16 11:49:04.448,0.82887,0.82909,1.50,1.13
2011.09.16 11:49:04.689,0.82892,0.82912,1.50,1.13
2011.09.16 11:49:05.254,0.82896,0.82913,1.13,1.50
2011.09.16 11:49:05.838,0.82895,0.82916,1.13,1.96
2011.09.16 11:49:08.538,0.82896,0.82915,1.35,1.13
2011.09.16 11:49:10.866,0.82896,0.82915,1.35,1.88
2011.09.16 11:49:11.443,0.82896,0.82914,1.35,1.13
2011.09.16 11:49:12.019,0.82896,0.82914,1.35,1.13
2011.09.16 11:49:14.337,0.82895,0.82916,1.35,2.34
2011.09.16 11:49:15.051,0.82896,0.82914,1.35,1.13
2011.09.16 11:49:22.305,0.82897,0.82915,1.35,1.21
2011.09.16 11:49:22.886,0.82897,0.82916,1.35,1.88
2011.09.16 11:49:23.915,0.82897,0.82916,1.35,1.88
2011.09.16 11:49:24.989,0.82897,0.82916,1.35,1.88
2011.09.16 11:49:25.587,0.82897,0.82916,1.35,1.88
2011.09.16 11:49:26.885,0.82897,0.82916,1.35,1.88
2011.09.16 11:49:27.227,0.82896,0.82916,2.10,1.88
2011.09.16 11:49:33.016,0.82896,0.82914,2.10,1.13
2011.09.16 11:49:33.137,0.82893,0.82914,3.75,1.88
2011.09.16 11:49:33.257,0.82893,0.82914,3.60,1.88
2011.09.16 11:49:37.548,0.82897,0.82917,1.73,2.71
2011.09.16 11:49:37.664,0.82898,0.82919,3.00,1.88
2011.09.16 11:49:38.257,0.82898,0.82918,1.50,1.88
2011.09.16 11:49:38.961,0.82898,0.82918,1.50,1.50
2011.09.16 11:49:39.955,0.82898,0.82918,1.50,1.50
2011.09.16 11:49:40.064,0.82899,0.82923,1.13,1.50
2011.09.16 11:49:40.316,0.82902,0.82925,1.13,2.71
2011.09.16 11:49:40.445,0.82904,0.82925,1.50,1.96
2011.09.16 11:49:40.813,0.82913,0.8293,1.35,3.00
2011.09.16 11:49:41.815,0.82915,0.82935,2.48,1.50
2011.09.16 11:49:42.056,0.82915,0.82937,2.48,2.25
2011.09.16 11:49:49.361,0.82915,0.82935,2.10,1.88
2011.09.16 11:49:50.133,0.82915,0.82935,2.10,1.88
2011.09.16 11:49:54.985,0.82915,0.82935,2.10,1.88
2011.09.16 11:49:56.213,0.82915,0.82935,2.10,1.88
2011.09.16 11:49:58.596,0.82915,0.82936,3.23,1.96
2011.09.16 11:49:59.166,0.82916,0.82937,1.73,2.25
2011.09.16 11:49:59.744,0.82915,0.82936,3.60,1.88
2011.09.16 11:50:10.168,0.82916,0.82935,1.35,1.50
2011.09.16 11:50:13.477,0.82917,0.82938,1.35,2.63
2011.09.16 11:50:14.089,0.82921,0.82938,3.00,1.13
2011.09.16 11:50:14.214,0.82927,0.82942,1.73,3.00
2011.09.16 11:50:14.460,0.8293,0.82942,1.13,2.25
2011.09.16 11:50:14.712,0.82932,0.82949,1.13,1.50
2011.09.16 11:50:14.966,0.82932,0.82949,2.63,1.50
2011.09.16 11:50:15.806,0.82933,0.82949,1.50,1.50
2011.09.16 11:50:16.541,0.82937,0.82952,1.50,1.50
2011.09.16 11:50:16.793,0.82938,0.82952,1.50,1.13
2011.09.16 11:50:16.922,0.82938,0.82956,1.50,1.50
2011.09.16 11:50:17.293,0.82938,0.82957,1.50,2.25
2011.09.16 11:50:18.126,0.8294,0.82958,1.13,1.96
2011.09.16 11:50:18.504,0.8294,0.82957,1.13,1.50
2011.09.16 11:50:18.632,0.82939,0.82957,1.50,1.50
2011.09.16 11:50:20.742,0.82937,0.82957,2.63,1.50
2011.09.16 11:50:21.230,0.82937,0.82956,1.50,1.13
2011.09.16 11:50:22.047,0.82937,0.82955,1.50,1.13
2011.09.16 11:50:27.273,0.82937,0.82956,1.50,3.69
2011.09.16 11:50:28.317,0.82937,0.82953,1.50,1.13
2011.09.16 11:50:28.906,0.82937,0.82953,1.50,1.59
2011.09.16 11:50:30.059,0.82937,0.82953,1.50,1.59
2011.09.16 11:50:30.958,0.82937,0.82953,1.50,1.59
2011.09.16 11:50:31.078,0.82937,0.82953,1.50,1.21
2011.09.16 11:50:31.322,0.82937,0.82953,1.50,1.21
2011.09.16 11:50:32.106,0.82939,0.82953,1.50,1.21
2011.09.16 11:50:32.587,0.82939,0.82957,1.50,1.50
2011.09.16 11:50:32.814,0.82939,0.82957,1.50,1.50
2011.09.16 11:50:35.574,0.82939,0.82956,1.50,1.13
2011.09.16 11:50:35.806,0.82939,0.82954,1.50,1.13
2011.09.16 11:50:38.496,0.82939,0.82954,1.50,1.13
2011.09.16 11:50:39.428,0.82939,0.82955,1.50,1.28
2011.09.16 11:50:39.757,0.82939,0.82954,1.50,1.13
2011.09.16 11:50:40.117,0.82939,0.82954,1.50,1.13
2011.09.16 11:50:40.680,0.82939,0.82954,1.50,1.13
2011.09.16 11:50:41.699,0.82939,0.82954,1.50,1.13
2011.09.16 11:50:42.213,0.82939,0.82954,1.50,1.13
2011.09.16 11:50:42.453,0.82939,0.82953,1.50,1.13
2011.09.16 11:50:43.696,0.82939,0.82953,1.50,1.13
2011.09.16 11:50:46.957,0.82939,0.82953,1.50,1.13
2011.09.16 11:50:47.975,0.82939,0.82955,1.50,1.13
2011.09.16 11:50:48.745,0.82939,0.82955,1.50,1.13
2011.09.16 11:50:50.224,0.82939,0.82953,1.50,1.88
2011.09.16 11:50:50.571,0.82939,0.82949,1.50,1.35
2011.09.16 11:50:50.701,0.82929,0.82949,1.88,1.81
2011.09.16 11:50:50.827,0.82927,0.82947,1.50,1.13
2011.09.16 11:50:51.427,0.82927,0.82947,2.25,1.13
2011.09.16 11:50:54.379,0.82927,0.82947,2.25,1.13
2011.09.16 11:50:54.507,0.82927,0.82947,2.25,1.13
2011.09.16 11:50:55.930,0.82928,0.82948,1.50,1.13
2011.09.16 11:51:01.324,0.82928,0.82949,1.50,1.59
2011.09.16 11:51:01.665,0.82928,0.82949,1.50,1.59
2011.09.16 11:51:01.783,0.82927,0.82948,3.00,1.13
2011.09.16 11:51:03.716,0.82928,0.82947,1.50,1.13
2011.09.16 11:51:04.818,0.82927,0.82947,2.25,1.13
2011.09.16 11:51:05.441,0.82927,0.82947,2.25,1.13
2011.09.16 11:51:06.425,0.82927,0.82947,3.00,1.13
2011.09.16 11:51:07.387,0.82927,0.82948,3.00,1.13
2011.09.16 11:51:13.401,0.82927,0.82947,2.25,1.13
2011.09.16 11:51:14.704,0.82927,0.82947,2.25,1.13
2011.09.16 11:51:14.935,0.82927,0.82948,3.00,1.13
2011.09.16 11:51:15.517,0.82928,0.82949,1.50,2.34
2011.09.16 11:51:16.944,0.82929,0.82949,1.50,1.21
2011.09.16 11:51:21.649,0.82929,0.82949,1.88,1.21
2011.09.16 11:51:22.001,0.82939,0.82951,1.50,1.21
2011.09.16 11:51:22.128,0.8294,0.82956,1.50,1.59
2011.09.16 11:51:22.705,0.8294,0.82957,1.50,1.13
2011.09.16 11:51:23.049,0.8294,0.82957,1.50,1.13
2011.09.16 11:51:23.864,0.82942,0.82958,1.50,1.13
2011.09.16 11:51:24.484,0.82942,0.82958,1.50,1.13
2011.09.16 11:51:26.936,0.82942,0.82961,1.50,1.50
2011.09.16 11:51:27.421,0.82944,0.82958,1.50,1.13
2011.09.16 11:51:27.549,0.82943,0.82957,1.50,1.13
2011.09.16 11:51:28.884,0.82941,0.82958,2.25,1.13
2011.09.16 11:51:30.446,0.8294,0.82957,1.50,1.13
2011.09.16 11:51:34.125,0.82939,0.82956,1.50,1.13
2011.09.16 11:51:35.676,0.82939,0.82955,1.50,1.13
2011.09.16 11:51:39.465,0.82939,0.82955,1.50,1.13
2011.09.16 11:51:40.451,0.82939,0.82957,1.50,1.50
2011.09.16 11:51:42.195,0.82936,0.82956,1.50,1.13
2011.09.16 11:51:42.767,0.82936,0.82956,1.50,1.13
2011.09.16 11:51:45.035,0.82936,0.82956,1.50,1.13
2011.09.16 11:51:45.603,0.82936,0.82956,1.50,1.13
2011.09.16 11:51:46.222,0.82936,0.82956,1.50,1.13
2011.09.16 11:51:47.190,0.82936,0.82956,1.50,1.13
2011.09.16 11:51:48.050,0.82936,0.82955,1.50,1.13
2011.09.16 11:51:48.634,0.82936,0.82955,2.25,1.13
2011.09.16 11:51:49.415,0.82936,0.82955,1.50,1.13
2011.09.16 11:51:49.659,0.82936,0.82955,1.50,1.13
2011.09.16 11:51:50.199,0.82936,0.82955,1.50,1.13
2011.09.16 11:51:59.490,0.82936,0.82955,1.50,1.13
2011.09.16 11:51:59.738,0.82936,0.82957,2.63,1.50
2011.09.16 11:52:00.203,0.82936,0.82957,1.50,1.50
2011.09.16 11:52:06.984,0.82937,0.82957,1.50,1.88
2011.09.16 11:52:07.545,0.82936,0.82956,1.50,1.13
2011.09.16 11:52:09.804,0.82938,0.82959,1.50,1.50
2011.09.16 11:52:09.931,0.82938,0.8296,1.88,2.48
2011.09.16 11:52:10.406,0.82938,0.8296,3.75,1.73
2011.09.16 11:52:11.183,0.82938,0.8296,3.75,1.73
2011.09.16 11:52:11.755,0.82938,0.8296,3.75,1.73
2011.09.16 11:52:13.816,0.82938,0.82961,3.75,1.73
2011.09.16 11:52:19.463,0.82938,0.82962,3.75,2.19
2011.09.16 11:52:19.836,0.82938,0.82961,3.75,1.35
2011.09.16 11:52:20.416,0.82938,0.82962,3.75,2.19
2011.09.16 11:52:22.475,0.82938,0.82962,3.75,2.19
2011.09.16 11:52:22.903,0.82938,0.82962,3.75,2.19
2011.09.16 11:52:23.507,0.82938,0.82962,3.75,2.19
2011.09.16 11:52:25.263,0.82939,0.82961,1.50,1.44
2011.09.16 11:52:27.139,0.82939,0.8296,1.50,1.73
2011.09.16 11:52:27.273,0.82939,0.82958,1.50,1.13
2011.09.16 11:52:27.985,0.82938,0.82957,1.50,1.13
2011.09.16 11:52:28.675,0.82936,0.82957,3.00,1.13
2011.09.16 11:52:29.246,0.82938,0.82958,1.50,1.50
2011.09.16 11:52:35.847,0.82936,0.82953,1.50,1.13
2011.09.16 11:52:36.298,0.82936,0.82952,1.50,1.13
2011.09.16 11:52:36.418,0.82935,0.82952,1.50,1.13
2011.09.16 11:52:36.656,0.82935,0.82952,1.50,1.13
2011.09.16 11:52:37.015,0.82931,0.82952,1.50,1.13
2011.09.16 11:52:37.257,0.8293,0.82948,1.13,1.13
2011.09.16 11:52:39.551,0.82928,0.82947,3.00,1.13
2011.09.16 11:52:39.799,0.82923,0.82944,4.81,1.13
2011.09.16 11:52:39.918,0.82923,0.82944,3.75,1.13
2011.09.16 11:52:40.396,0.82923,0.82943,3.60,1.13
2011.09.16 11:52:40.736,0.82924,0.82943,1.50,1.13
2011.09.16 11:52:42.354,0.82924,0.82943,1.50,1.13
2011.09.16 11:52:43.684,0.82924,0.82943,1.50,1.13
2011.09.16 11:52:45.337,0.82924,0.82943,1.50,1.13
2011.09.16 11:52:46.176,0.82924,0.82943,1.50,1.13
2011.09.16 11:52:49.782,0.82924,0.82943,1.50,1.13
2011.09.16 11:52:50.344,0.82924,0.82945,2.25,1.88
2011.09.16 11:52:52.603,0.82924,0.82945,1.50,1.13
2011.09.16 11:52:53.277,0.82924,0.82945,1.50,1.13
2011.09.16 11:53:00.600,0.82924,0.82943,1.50,1.50
2011.09.16 11:53:01.396,0.82924,0.82943,1.50,1.50
2011.09.16 11:53:04.607,0.82924,0.82943,1.50,2.25
2011.09.16 11:53:05.665,0.82924,0.82943,1.50,2.25
2011.09.16 11:53:07.807,0.82924,0.82945,1.50,1.28
2011.09.16 11:53:08.760,0.8293,0.82948,1.50,2.03
2011.09.16 11:53:08.887,0.8293,0.82948,1.50,1.13
2011.09.16 11:53:09.005,0.8293,0.82948,1.50,1.13
2011.09.16 11:53:09.247,0.82928,0.82947,3.00,2.63
2011.09.16 11:53:09.486,0.82923,0.82944,2.25,1.13
2011.09.16 11:53:10.089,0.82923,0.82944,1.50,1.13
2011.09.16 11:53:10.559,0.82923,0.82944,1.50,1.13
2011.09.16 11:53:11.165,0.82923,0.82944,1.50,1.13
2011.09.16 11:53:15.628,0.82929,0.82944,1.50,1.13
2011.09.16 11:53:17.614,0.82929,0.82943,1.50,1.21
2011.09.16 11:53:21.283,0.82929,0.82943,1.50,1.21
2011.09.16 11:53:21.887,0.82929,0.82943,1.50,1.21
2011.09.16 11:53:22.726,0.82928,0.82943,1.50,1.96
2011.09.16 11:53:23.282,0.82929,0.82943,1.50,2.11
2011.09.16 11:53:24.863,0.82928,0.82943,1.50,1.96
2011.09.16 11:53:27.738,0.82926,0.82942,1.50,1.50
2011.09.16 11:53:27.870,0.82924,0.82938,1.50,1.13
2011.09.16 11:53:28.935,0.82923,0.82935,1.50,1.50
2011.09.16 11:53:39.515,0.82923,0.82938,1.50,2.49
2011.09.16 11:53:41.538,0.82923,0.82938,1.50,2.49
2011.09.16 11:53:42.254,0.82923,0.82938,1.50,2.49
2011.09.16 11:53:44.256,0.82921,0.82938,1.50,2.49
2011.09.16 11:53:45.103,0.82922,0.82938,1.50,2.49
2011.09.16 11:53:56.430,0.8292,0.82938,1.50,2.49
2011.09.16 11:53:57.034,0.82915,0.82936,3.75,1.65
2011.09.16 11:53:57.592,0.82922,0.82938,1.50,2.49
2011.09.16 11:54:00.550,0.82923,0.82938,1.50,2.49
2011.09.16 11:54:03.107,0.82922,0.82938,1.50,2.49
2011.09.16 11:54:03.334,0.82923,0.82938,1.50,2.49
2011.09.16 11:54:08.694,0.82923,0.82938,1.50,2.49
2011.09.16 11:54:09.039,0.82923,0.82938,1.50,2.34
2011.09.16 11:54:09.169,0.82923,0.82938,1.50,2.34
2011.09.16 11:54:15.637,0.82923,0.82938,1.50,3.09
2011.09.16 11:54:15.996,0.82922,0.82935,1.50,2.25
2011.09.16 11:54:16.118,0.82923,0.82935,1.50,2.25
2011.09.16 11:54:16.759,0.82923,0.82935,1.50,2.25
2011.09.16 11:54:16.889,0.82923,0.82935,1.50,1.50
2011.09.16 11:54:17.014,0.82923,0.82935,1.50,1.50
2011.09.16 11:54:17.523,0.82923,0.82937,1.50,1.50
2011.09.16 11:54:20.865,0.82923,0.82937,1.50,1.50
2011.09.16 11:54:20.983,0.82923,0.82938,1.50,3.09
2011.09.16 11:54:21.948,0.82923,0.82938,1.50,1.96
2011.09.16 11:54:22.302,0.82925,0.8294,1.50,1.50
2011.09.16 11:54:22.433,0.82927,0.82943,1.50,1.81
2011.09.16 11:54:23.469,0.82925,0.82942,3.00,1.13
2011.09.16 11:54:23.717,0.82923,0.82939,1.50,1.13
2011.09.16 11:54:23.958,0.82923,0.82937,1.50,1.50
2011.09.16 11:54:26.226,0.82923,0.82936,1.50,1.50
2011.09.16 11:54:27.554,0.82923,0.82938,1.50,1.96
2011.09.16 11:54:34.162,0.82923,0.82938,1.50,1.96
2011.09.16 11:54:34.693,0.82923,0.82938,1.50,1.96
2011.09.16 11:54:36.189,0.82923,0.82938,1.50,1.96
2011.09.16 11:54:36.433,0.82923,0.82939,1.50,2.34
2011.09.16 11:54:46.793,0.82919,0.82938,1.50,1.96
2011.09.16 11:54:46.914,0.82917,0.82938,3.00,1.96
2011.09.16 11:54:48.913,0.82917,0.82938,3.00,1.21
2011.09.16 11:54:50.339,0.82917,0.82938,2.25,1.96
2011.09.16 11:54:50.923,0.82917,0.82938,2.25,1.96
2011.09.16 11:54:52.692,0.82917,0.82938,2.25,1.96
2011.09.16 11:54:53.538,0.82917,0.82938,2.25,1.96
2011.09.16 11:54:54.825,0.82917,0.82935,2.25,1.50
2011.09.16 11:54:55.054,0.82917,0.82935,2.25,1.50
2011.09.16 11:54:55.625,0.82917,0.82935,2.25,1.50
2011.09.16 11:54:56.376,0.82917,0.82935,2.25,1.50
2011.09.16 11:55:01.155,0.82917,0.82938,2.25,1.96
2011.09.16 11:55:07.464,0.82917,0.82938,2.25,1.96
2011.09.16 11:55:08.352,0.82917,0.82938,3.00,1.21
2011.09.16 11:55:09.233,0.82917,0.8294,3.00,3.09
2011.09.16 11:55:09.475,0.82917,0.82936,2.25,1.05
2011.09.16 11:55:10.089,0.82917,0.82933,3.00,1.20
2011.09.16 11:55:12.015,0.82917,0.82933,3.00,1.20
2011.09.16 11:55:12.394,0.82922,0.82936,1.13,1.39
2011.09.16 11:55:13.046,0.82925,0.8294,2.25,1.21
2011.09.16 11:55:29.833,0.82918,0.8294,1.50,1.59
2011.09.16 11:55:30.400,0.82918,0.8294,1.50,1.59
2011.09.16 11:55:30.767,0.82917,0.82938,3.00,1.21
2011.09.16 11:55:37.126,0.82917,0.82938,3.00,1.59
2011.09.16 11:55:37.625,0.82917,0.82938,3.00,1.59
2011.09.16 11:55:38.192,0.82917,0.82938,3.00,1.59
2011.09.16 11:55:44.788,0.82917,0.82938,3.00,1.59
2011.09.16 11:55:45.485,0.82917,0.82939,3.00,1.59
2011.09.16 11:55:46.196,0.82922,0.82939,1.88,1.13
2011.09.16 11:55:46.436,0.82925,0.82941,2.25,1.35
2011.09.16 11:55:47.005,0.82925,0.82941,2.25,1.35
2011.09.16 11:55:47.657,0.82925,0.82942,2.25,1.06
2011.09.16 11:55:51.733,0.82928,0.82943,2.25,2.19
2011.09.16 11:55:56.298,0.82928,0.82941,2.25,1.35
2011.09.16 11:55:56.866,0.82933,0.82944,2.25,1.50
2011.09.16 11:55:57.107,0.82922,0.8294,1.06,1.59
2011.09.16 11:55:57.229,0.82921,0.82939,2.25,1.59
2011.09.16 11:55:57.823,0.82921,0.82939,2.25,2.34
2011.09.16 11:55:58.428,0.82922,0.82939,1.13,2.34
2011.09.16 11:55:58.550,0.82922,0.82939,1.13,1.21
2011.09.16 11:55:58.676,0.82929,0.82942,2.25,1.13
2011.09.16 11:55:58.797,0.82926,0.82942,2.25,1.13
2011.09.16 11:56:01.814,0.82926,0.82943,2.25,1.88
2011.09.16 11:56:02.862,0.82926,0.82942,2.25,1.13
2011.09.16 11:56:05.525,0.82926,0.82942,2.25,1.13
2011.09.16 11:56:07.966,0.82926,0.82945,4.13,1.13
2011.09.16 11:56:08.325,0.82932,0.82946,2.25,1.13
2011.09.16 11:56:08.555,0.82932,0.82948,2.25,1.59
2011.09.16 11:56:10.293,0.82932,0.82949,2.25,1.50
2011.09.16 11:56:10.523,0.82932,0.8295,2.25,1.50
2011.09.16 11:56:11.327,0.82932,0.8295,2.25,1.50
2011.09.16 11:56:19.823,0.82932,0.82949,3.00,2.25
2011.09.16 11:56:32.635,0.82927,0.82948,3.75,2.63
2011.09.16 11:56:33.213,0.82932,0.82949,1.50,2.25
2011.09.16 11:56:51.396,0.82932,0.82949,1.50,2.25
2011.09.16 11:56:52.558,0.82932,0.82949,1.50,2.25
2011.09.16 11:56:56.296,0.82932,0.82948,1.50,1.50
2011.09.16 11:56:58.255,0.82932,0.82948,1.50,2.25
2011.09.16 11:56:58.498,0.82932,0.82948,1.50,3.00
2011.09.16 11:56:58.849,0.82931,0.82944,2.25,1.13
2011.09.16 11:56:58.983,0.82926,0.82941,3.00,1.13
2011.09.16 11:56:59.227,0.82922,0.82939,1.50,1.13
2011.09.16 11:56:59.827,0.82922,0.82938,1.50,1.50
2011.09.16 11:57:00.614,0.82922,0.82939,1.50,1.13
2011.09.16 11:57:01.236,0.82922,0.82939,1.50,1.13
2011.09.16 11:57:01.596,0.82922,0.82939,1.50,1.13
2011.09.16 11:57:02.442,0.82922,0.82939,1.50,1.13
2011.09.16 11:57:10.002,0.82922,0.82939,1.50,1.13
2011.09.16 11:57:11.845,0.82922,0.82939,1.50,1.13
2011.09.16 11:57:17.954,0.82922,0.8294,1.50,1.88
2011.09.16 11:57:18.294,0.82922,0.82936,1.50,1.50
2011.09.16 11:57:22.722,0.82922,0.82939,1.50,1.50
2011.09.16 11:57:24.170,0.82922,0.82939,1.50,1.50
2011.09.16 11:57:25.540,0.82922,0.82939,1.50,1.50
2011.09.16 11:57:26.442,0.82922,0.8294,1.50,2.34
2011.09.16 11:57:27.003,0.82922,0.82941,1.50,2.34
2011.09.16 11:57:27.607,0.82923,0.82941,1.50,1.59
2011.09.16 11:57:34.958,0.82921,0.8294,2.25,1.96
2011.09.16 11:57:35.745,0.82921,0.82939,2.25,1.50
2011.09.16 11:57:52.774,0.82921,0.82939,2.25,1.50
2011.09.16 11:57:53.684,0.82921,0.82941,2.25,2.34
2011.09.16 11:57:55.414,0.82921,0.82941,2.25,1.50
2011.09.16 11:57:56.528,0.82922,0.82943,2.25,2.25
2011.09.16 11:57:56.874,0.82927,0.82943,2.25,1.50
2011.09.16 11:58:07.299,0.82922,0.82942,1.50,1.50
2011.09.16 11:58:08.106,0.82922,0.82941,1.50,1.13
2011.09.16 11:58:08.674,0.82922,0.82941,1.50,1.13
2011.09.16 11:58:08.794,0.82921,0.8294,3.75,1.13
2011.09.16 11:58:09.376,0.82921,0.8294,3.00,1.13
2011.09.16 11:58:09.834,0.82921,0.8294,3.00,1.13
2011.09.16 11:58:11.353,0.82921,0.8294,3.00,1.13
2011.09.16 11:58:14.325,0.82921,0.82939,3.00,1.13
2011.09.16 11:58:15.017,0.82921,0.82937,2.25,1.13
2011.09.16 11:58:16.679,0.82921,0.82937,2.25,1.13
2011.09.16 11:58:17.045,0.82921,0.82936,2.25,1.50
2011.09.16 11:58:18.624,0.82921,0.82936,2.25,1.50
2011.09.16 11:58:18.745,0.82921,0.82937,2.25,1.13
2011.09.16 11:58:23.035,0.82921,0.82936,2.25,1.50
2011.09.16 11:58:23.632,0.82917,0.82934,2.25,2.34
2011.09.16 11:58:23.876,0.82917,0.82932,2.25,1.21
2011.09.16 11:58:27.575,0.82917,0.82933,2.25,1.59
2011.09.16 11:58:28.197,0.82917,0.82934,2.25,1.59
2011.09.16 11:58:30.002,0.82917,0.82933,2.25,1.59
2011.09.16 11:58:31.000,0.82917,0.82933,2.25,2.34
2011.09.16 11:58:32.511,0.82917,0.82933,2.25,1.59
2011.09.16 11:58:34.731,0.82917,0.82933,3.98,1.59
2011.09.16 11:58:34.856,0.82922,0.82938,2.25,1.13
2011.09.16 11:58:35.097,0.82922,0.8294,3.00,1.50
2011.09.16 11:58:35.463,0.82932,0.82944,1.50,1.21
2011.09.16 11:58:35.587,0.82936,0.82952,3.00,1.50
2011.09.16 11:58:35.708,0.82936,0.82953,3.00,1.13
2011.09.16 11:58:36.070,0.82946,0.82959,1.35,1.21
2011.09.16 11:58:36.316,0.82949,0.82963,2.25,1.50
2011.09.16 11:58:36.881,0.82949,0.82964,2.25,1.50
2011.09.16 11:58:38.661,0.82944,0.82963,1.50,1.50
2011.09.16 11:58:38.910,0.82941,0.82963,2.85,2.25
2011.09.16 11:58:39.157,0.82941,0.82963,3.60,2.25
2011.09.16 11:58:39.399,0.82943,0.82963,1.50,2.25
2011.09.16 11:58:40.160,0.82943,0.82963,1.50,1.50
2011.09.16 11:58:41.176,0.82943,0.82963,1.50,1.50
2011.09.16 11:58:41.537,0.82941,0.82963,2.85,2.25
2011.09.16 11:58:42.399,0.82941,0.82963,2.85,2.25
2011.09.16 11:58:42.866,0.82941,0.82963,3.60,2.25
2011.09.16 11:58:46.685,0.82939,0.8296,1.50,1.50
2011.09.16 11:58:48.215,0.82939,0.82961,1.50,1.96
2011.09.16 11:58:48.448,0.82941,0.82961,3.00,1.21
2011.09.16 11:58:52.769,0.82946,0.8296,2.25,1.13
2011.09.16 11:58:52.886,0.82946,0.82962,2.25,1.50
2011.09.16 11:58:54.037,0.82946,0.82962,3.00,1.50
2011.09.16 11:58:54.614,0.82948,0.82963,2.25,1.50
2011.09.16 11:58:55.825,0.82948,0.82964,2.25,2.25
2011.09.16 11:58:56.404,0.82948,0.82965,2.25,1.21
2011.09.16 11:58:58.584,0.82948,0.82965,3.00,1.21
2011.09.16 11:58:58.938,0.82957,0.8297,2.25,1.21
2011.09.16 11:58:59.462,0.82957,0.8297,2.25,1.96
2011.09.16 11:59:02.009,0.82948,0.82958,2.63,1.13
2011.09.16 11:59:02.138,0.82947,0.82958,1.13,1.13
2011.09.16 11:59:02.258,0.82943,0.82957,1.13,1.35
2011.09.16 11:59:02.376,0.82939,0.82956,1.13,2.10
2011.09.16 11:59:03.052,0.82936,0.82956,4.13,2.10
2011.09.16 11:59:03.646,0.82938,0.82957,1.13,1.50
2011.09.16 11:59:04.234,0.82938,0.82957,1.13,1.50
2011.09.16 11:59:04.815,0.82938,0.82957,1.13,1.50
2011.09.16 11:59:07.713,0.82938,0.82957,1.13,1.50
2011.09.16 11:59:08.604,0.82938,0.82957,1.88,1.50
2011.09.16 11:59:08.948,0.82942,0.82959,1.13,2.70
2011.09.16 11:59:09.189,0.82948,0.82966,1.13,1.21
2011.09.16 11:59:09.435,0.82948,0.82969,1.13,1.21
2011.09.16 11:59:09.560,0.82949,0.82969,1.13,1.96
2011.09.16 11:59:10.334,0.8295,0.82969,1.13,1.21
2011.09.16 11:59:10.590,0.82956,0.82974,2.25,1.21
2011.09.16 11:59:11.076,0.82956,0.82972,2.25,1.50
2011.09.16 11:59:12.725,0.82956,0.82975,3.00,1.96
2011.09.16 11:59:14.196,0.82956,0.82975,3.00,1.59
2011.09.16 11:59:22.473,0.82956,0.82975,2.25,2.34
2011.09.16 11:59:23.970,0.82956,0.82975,2.25,2.34
2011.09.16 11:59:24.651,0.82956,0.82971,2.25,1.13
2011.09.16 11:59:25.236,0.82956,0.82971,2.25,1.88
2011.09.16 11:59:25.360,0.82956,0.82968,2.25,1.50
2011.09.16 11:59:25.724,0.82941,0.82958,1.88,1.50
2011.09.16 11:59:25.847,0.82941,0.82956,1.13,1.50
2011.09.16 11:59:26.317,0.82941,0.82959,4.13,1.50
2011.09.16 11:59:27.482,0.82942,0.82959,1.50,1.88
2011.09.16 11:59:27.618,0.82941,0.82959,3.38,1.50
2011.09.16 11:59:33.094,0.82941,0.82962,3.75,1.50
2011.09.16 11:59:35.485,0.82941,0.82962,3.75,1.50
2011.09.16 11:59:35.854,0.82947,0.82966,2.25,1.13
2011.09.16 11:59:36.627,0.8295,0.82966,4.50,1.13
2011.09.16 11:59:36.987,0.82957,0.82972,2.25,1.13
2011.09.16 11:59:37.574,0.82957,0.82973,2.25,1.13
2011.09.16 11:59:38.255,0.82957,0.82973,2.25,1.13
2011.09.16 11:59:38.375,0.82957,0.82974,2.25,1.88
2011.09.16 11:59:43.558,0.82957,0.82975,2.25,1.13
2011.09.16 11:59:43.894,0.82957,0.82976,2.25,1.96
2011.09.16 11:59:44.450,0.82957,0.82976,2.25,1.13
2011.09.16 11:59:45.544,0.82957,0.82976,2.25,1.50
2011.09.16 11:59:46.345,0.82961,0.82977,2.25,1.95
2011.09.16 11:59:47.026,0.82961,0.82978,2.25,1.28
2011.09.16 11:59:47.207,0.82961,0.82978,2.25,1.20
2011.09.16 11:59:47.543,0.82961,0.82978,2.25,1.20
2011.09.16 11:59:48.055,0.82961,0.82978,2.25,1.28
2011.09.16 11:59:48.755,0.82961,0.82978,2.25,1.28
2011.09.16 11:59:50.258,0.82961,0.82979,4.13,1.65
2011.09.16 11:59:51.054,0.82967,0.82981,2.25,2.03
2011.09.16 11:59:51.635,0.82967,0.82983,2.25,1.28
2011.09.16 11:59:52.278,0.82967,0.82983,2.25,1.28
2011.09.16 11:59:53.244,0.82967,0.82983,2.25,1.28
2011.09.16 11:59:54.224,0.82967,0.82984,2.25,2.03
2011.09.16 11:59:54.969,0.82967,0.82984,3.38,2.03
2011.09.16 11:59:55.454,0.82968,0.82986,1.50,1.13
2011.09.16 11:59:56.043,0.82968,0.82986,1.50,1.13
2011.09.16 11:59:56.665,0.8297,0.82988,1.50,1.13
2011.09.16 11:59:56.906,0.82976,0.82991,2.25,1.13
2011.09.16 11:59:57.031,0.82976,0.8299,2.25,1.13
2011.09.16 11:59:57.165,0.82972,0.82988,2.25,1.13
2011.09.16 11:59:57.760,0.82972,0.82989,3.38,1.13
2011.09.16 11:59:57.890,0.82977,0.82992,2.25,2.34
2011.09.16 11:59:58.514,0.82977,0.82992,2.25,1.13
2011.09.16 11:59:58.636,0.82977,0.82992,3.00,1.13
2011.09.16 11:59:59.901,0.82977,0.82997,3.00,1.50
