2010.06.22 01:00:00.277,0.70805,0.70825,1.00,2.40
2010.06.22 01:00:00.405,0.70805,0.70825,1.00,4.80
2010.06.22 01:00:00.535,0.70805,0.7082,1.00,1.60
2010.06.22 01:00:04.512,0.70805,0.70825,1.00,5.60
2010.06.22 01:00:04.857,0.70805,0.70825,1.00,2.40
2010.06.22 01:00:06.566,0.70805,0.7083,1.00,3.30
2010.06.22 01:00:08.895,0.70805,0.7083,1.00,3.20
2010.06.22 01:00:08.986,0.70805,0.70825,1.00,1.60
2010.06.22 01:00:09.075,0.70805,0.70825,1.00,4.80
2010.06.22 01:00:17.406,0.70805,0.70825,1.00,1.60
2010.06.22 01:00:17.538,0.70805,0.7083,1.00,4.00
2010.06.22 01:00:17.667,0.70805,0.7083,1.00,2.40
2010.06.22 01:00:18.207,0.70805,0.7083,2.40,2.40
2010.06.22 01:00:18.874,0.70805,0.7083,3.20,2.40
2010.06.22 01:00:19.217,0.70805,0.7083,1.60,2.40
2010.06.22 01:00:19.925,0.70805,0.7083,3.20,1.60
2010.06.22 01:00:20.212,0.70805,0.70835,4.80,4.80
2010.06.22 01:00:21.331,0.70805,0.7083,3.20,2.40
2010.06.22 01:00:22.412,0.70805,0.70825,1.60,2.40
2010.06.22 01:00:22.759,0.70805,0.70825,1.00,4.80
2010.06.22 01:00:23.954,0.70805,0.70825,1.00,4.80
2010.06.22 01:00:24.214,0.708,0.70825,1.00,4.80
2010.06.22 01:00:25.007,0.70795,0.7082,5.90,3.20
2010.06.22 01:00:25.314,0.70795,0.7082,5.90,4.80
2010.06.22 01:00:25.624,0.70795,0.7082,5.90,5.60
2010.06.22 01:00:25.934,0.70795,0.7082,5.10,5.60
2010.06.22 01:00:27.045,0.70795,0.7082,3.50,5.60
2010.06.22 01:00:27.115,0.70795,0.70815,2.40,3.20
2010.06.22 01:00:27.193,0.70795,0.7081,2.40,1.60
2010.06.22 01:00:27.979,0.70795,0.70805,2.40,1.00
2010.06.22 01:00:28.316,0.70795,0.7081,2.40,3.20
2010.06.22 01:00:31.718,0.70795,0.70815,2.40,4.00
2010.06.22 01:00:31.935,0.70795,0.70815,2.40,3.20
2010.06.22 01:00:38.715,0.70795,0.70815,2.40,3.30
2010.06.22 01:00:39.600,0.70795,0.7081,2.40,2.40
2010.06.22 01:00:39.913,0.70795,0.7081,2.40,1.60
2010.06.22 01:00:40.376,0.70795,0.7081,2.40,4.00
2010.06.22 01:00:41.045,0.70795,0.7081,2.40,5.60
2010.06.22 01:00:48.366,0.70795,0.708,2.40,2.40
2010.06.22 01:00:48.498,0.70795,0.708,2.40,1.00
2010.06.22 01:00:48.629,0.70795,0.708,2.40,2.40
2010.06.22 01:00:54.297,0.70795,0.708,2.40,1.00
2010.06.22 01:00:54.515,0.70795,0.70805,2.40,19.70
2010.06.22 01:00:55.789,0.70765,0.7079,8.30,1.00
2010.06.22 01:00:59.467,0.70765,0.7079,5.90,1.00
2010.06.22 01:01:01.581,0.70795,0.708,2.40,4.00
2010.06.22 01:01:01.869,0.70765,0.7079,1.60,4.80
2010.06.22 01:01:02.158,0.70765,0.7079,1.60,3.20
2010.06.22 01:01:05.784,0.70795,0.708,2.40,4.00
2010.06.22 01:01:06.881,0.70745,0.7078,5.60,1.00
2010.06.22 01:01:07.564,0.70755,0.7078,1.60,1.00
2010.06.22 01:01:08.238,0.70765,0.7078,1.60,1.60
2010.06.22 01:01:08.579,0.70755,0.7078,5.60,1.60
2010.06.22 01:01:14.184,0.70755,0.70775,1.60,1.00
2010.06.22 01:01:14.446,0.7075,0.70775,4.00,1.00
2010.06.22 01:01:19.795,0.7075,0.70775,3.20,1.60
2010.06.22 01:01:29.144,0.7075,0.70775,1.60,3.20
2010.06.22 01:01:29.449,0.7075,0.7077,1.60,1.60
2010.06.22 01:01:32.599,0.7075,0.7077,3.20,1.60
2010.06.22 01:01:32.708,0.7075,0.7077,3.20,1.00
2010.06.22 01:01:34.301,0.70745,0.7077,5.60,1.00
2010.06.22 01:01:34.987,0.7075,0.7077,1.60,1.00
2010.06.22 01:01:35.326,0.70745,0.7077,2.40,1.00
2010.06.22 01:01:35.952,0.7074,0.70765,1.60,4.40
2010.06.22 01:01:36.293,0.70735,0.7076,1.60,3.20
2010.06.22 01:01:38.329,0.7073,0.70755,1.60,1.00
2010.06.22 01:01:39.136,0.70725,0.70745,3.20,1.60
2010.06.22 01:01:39.480,0.7073,0.70745,1.60,1.60
2010.06.22 01:01:42.089,0.7073,0.7075,1.60,2.40
2010.06.22 01:01:45.222,0.70725,0.70745,1.00,1.60
2010.06.22 01:01:55.068,0.70725,0.7075,1.00,1.60
2010.06.22 01:01:55.321,0.70735,0.7076,1.00,3.20
2010.06.22 01:01:56.043,0.70735,0.7076,2.40,2.40
2010.06.22 01:02:07.526,0.70735,0.7076,1.00,2.40
2010.06.22 01:02:07.676,0.7073,0.70755,1.60,3.20
2010.06.22 01:02:07.830,0.7073,0.70755,1.00,4.80
2010.06.22 01:02:07.986,0.70725,0.70755,4.00,4.80
2010.06.22 01:02:08.136,0.7073,0.70755,1.60,3.20
2010.06.22 01:02:08.286,0.70725,0.70755,4.00,3.20
2010.06.22 01:02:09.599,0.7073,0.70755,1.00,2.40
2010.06.22 01:02:09.695,0.7073,0.70755,2.40,1.60
2010.06.22 01:02:09.795,0.70735,0.70755,1.00,1.60
2010.06.22 01:02:10.634,0.70735,0.7076,1.00,4.80
2010.06.22 01:02:10.947,0.70735,0.7076,1.00,3.20
2010.06.22 01:02:14.726,0.70735,0.7076,2.40,3.20
2010.06.22 01:02:17.079,0.70735,0.7076,2.40,1.60
2010.06.22 01:02:43.165,0.70735,0.7076,2.40,1.60
2010.06.22 01:02:43.334,0.70735,0.7076,2.40,1.60
2010.06.22 01:03:01.888,0.70735,0.7076,1.00,3.20
2010.06.22 01:03:02.341,0.70735,0.7076,2.40,3.20
2010.06.22 01:03:03.034,0.70735,0.7076,2.40,1.60
2010.06.22 01:03:10.685,0.70735,0.70765,2.40,8.00
2010.06.22 01:03:10.833,0.70735,0.70765,2.40,6.50
2010.06.22 01:03:12.013,0.70735,0.70765,2.40,6.40
2010.06.22 01:03:31.410,0.70735,0.70765,2.40,6.50
2010.06.22 01:03:31.734,0.70735,0.7076,1.00,1.60
2010.06.22 01:03:32.883,0.70735,0.7076,2.40,1.60
2010.06.22 01:03:33.183,0.70735,0.70765,2.40,6.50
2010.06.22 01:03:37.120,0.70735,0.70765,2.40,6.40
2010.06.22 01:03:39.744,0.70735,0.70765,2.40,6.50
2010.06.22 01:03:42.116,0.70735,0.70765,2.40,6.40
2010.06.22 01:03:42.264,0.70735,0.70765,3.20,6.40
2010.06.22 01:03:45.065,0.70735,0.70765,3.20,6.50
2010.06.22 01:03:46.166,0.70735,0.70765,2.40,6.50
2010.06.22 01:03:46.415,0.70735,0.70765,2.40,6.40
2010.06.22 01:03:53.233,0.70735,0.70765,1.00,6.40
2010.06.22 01:03:53.333,0.70735,0.70765,1.00,6.50
2010.06.22 01:03:53.534,0.70735,0.7076,1.00,1.60
2010.06.22 01:03:54.135,0.70735,0.7076,1.00,1.70
2010.06.22 01:03:54.335,0.7073,0.70755,3.20,1.60
2010.06.22 01:03:54.665,0.7073,0.70755,2.40,1.60
2010.06.22 01:03:59.388,0.7073,0.7076,4.00,8.10
2010.06.22 01:03:59.492,0.7073,0.7076,4.00,6.50
2010.06.22 01:03:59.585,0.70735,0.7076,1.00,4.90
2010.06.22 01:03:59.687,0.70735,0.7076,1.00,3.30
2010.06.22 01:04:00.275,0.7073,0.7076,4.00,3.30
2010.06.22 01:04:00.904,0.7073,0.7076,2.40,3.30
2010.06.22 01:04:07.085,0.7073,0.7076,2.40,3.20
2010.06.22 01:04:07.924,0.7073,0.7076,4.00,3.20
2010.06.22 01:04:08.151,0.70735,0.7076,1.00,3.20
2010.06.22 01:04:12.471,0.70735,0.70765,4.00,4.80
2010.06.22 01:04:13.529,0.70745,0.70765,1.60,3.20
2010.06.22 01:04:13.789,0.70745,0.7077,2.40,1.00
2010.06.22 01:04:14.046,0.70745,0.70775,4.00,3.80
2010.06.22 01:04:18.756,0.70745,0.70775,2.40,3.80
2010.06.22 01:04:20.385,0.70745,0.70775,2.40,7.80
2010.06.22 01:04:20.645,0.70745,0.7077,1.00,1.60
2010.06.22 01:04:31.284,0.70745,0.70775,2.40,8.60
2010.06.22 01:04:31.394,0.70745,0.70775,2.40,7.00
2010.06.22 01:04:31.505,0.70745,0.70775,2.40,6.20
2010.06.22 01:04:31.724,0.70745,0.70775,2.40,3.80
2010.06.22 01:04:31.834,0.70745,0.70775,4.00,3.80
2010.06.22 01:04:37.154,0.70745,0.70775,4.10,3.80
2010.06.22 01:04:38.183,0.7075,0.70775,2.40,2.20
2010.06.22 01:04:38.611,0.7075,0.70775,2.40,1.00
2010.06.22 01:04:38.827,0.7075,0.70775,4.00,1.00
2010.06.22 01:04:39.319,0.7075,0.70775,4.10,1.00
2010.06.22 01:04:39.914,0.7075,0.70775,4.00,1.00
2010.06.22 01:04:42.045,0.70755,0.70775,1.60,1.00
2010.06.22 01:04:42.164,0.70755,0.70775,2.40,1.00
2010.06.22 01:04:43.530,0.7076,0.70775,1.00,1.00
2010.06.22 01:04:43.596,0.70765,0.70775,1.00,1.00
2010.06.22 01:04:46.562,0.70765,0.70795,4.00,4.80
2010.06.22 01:04:47.786,0.70765,0.70795,4.00,4.90
2010.06.22 01:04:48.131,0.70765,0.70795,4.80,4.80
2010.06.22 01:04:48.519,0.70765,0.70795,4.80,4.90
2010.06.22 01:04:49.250,0.70765,0.70795,4.80,4.80
2010.06.22 01:04:49.498,0.7077,0.70795,1.00,3.20
2010.06.22 01:05:02.355,0.7077,0.7079,1.00,1.60
2010.06.22 01:05:02.555,0.70765,0.7079,2.40,1.60
2010.06.22 01:05:02.943,0.70765,0.7079,1.00,1.60
2010.06.22 01:05:03.046,0.70765,0.7079,2.40,1.60
2010.06.22 01:05:03.094,0.70765,0.70795,4.00,5.60
2010.06.22 01:05:03.589,0.7077,0.70795,1.00,3.20
2010.06.22 01:05:04.028,0.7077,0.70795,2.40,3.20
2010.06.22 01:05:06.136,0.70775,0.70795,1.60,1.60
2010.06.22 01:05:06.279,0.70775,0.708,2.40,3.20
2010.06.22 01:05:06.822,0.70775,0.708,2.40,2.40
2010.06.22 01:05:06.979,0.70775,0.708,2.40,1.60
2010.06.22 01:05:08.836,0.70775,0.708,2.40,1.70
2010.06.22 01:05:09.404,0.70775,0.708,1.00,1.70
2010.06.22 01:05:09.695,0.7077,0.708,4.00,3.30
2010.06.22 01:05:13.124,0.7077,0.70795,4.00,1.00
2010.06.22 01:05:13.984,0.7077,0.70795,2.40,3.30
2010.06.22 01:05:15.086,0.7076,0.70785,2.40,1.60
2010.06.22 01:05:15.426,0.7076,0.70785,1.00,2.40
2010.06.22 01:05:16.056,0.7076,0.70785,1.00,4.80
2010.06.22 01:05:16.379,0.70755,0.70775,1.00,1.60
2010.06.22 01:05:19.107,0.70755,0.7078,2.40,2.40
2010.06.22 01:05:22.695,0.70755,0.7078,1.00,2.40
2010.06.22 01:05:22.965,0.70755,0.7078,1.00,3.20
2010.06.22 01:05:23.107,0.7075,0.70775,2.40,1.60
2010.06.22 01:05:26.471,0.70755,0.7078,1.00,4.80
2010.06.22 01:05:26.647,0.70755,0.7078,1.00,3.20
2010.06.22 01:05:28.025,0.7075,0.70775,2.40,1.60
2010.06.22 01:05:28.373,0.70755,0.7078,1.00,3.20
2010.06.22 01:05:30.212,0.7075,0.70775,2.40,1.60
2010.06.22 01:05:33.590,0.70755,0.7078,2.40,3.20
2010.06.22 01:05:33.975,0.70755,0.7078,1.00,3.20
2010.06.22 01:05:35.957,0.7075,0.70775,2.40,1.60
2010.06.22 01:05:43.024,0.7075,0.7078,4.00,3.20
2010.06.22 01:05:43.204,0.70755,0.7078,1.00,3.20
2010.06.22 01:05:43.599,0.70755,0.70775,1.00,1.00
2010.06.22 01:05:43.747,0.7075,0.70775,4.00,1.00
2010.06.22 01:05:43.865,0.7075,0.70775,4.00,1.60
2010.06.22 01:05:45.080,0.7075,0.70775,2.40,3.20
2010.06.22 01:05:46.952,0.70745,0.7077,2.40,1.60
2010.06.22 01:05:47.266,0.70745,0.7077,2.40,3.20
2010.06.22 01:05:47.705,0.70745,0.70765,2.40,1.00
2010.06.22 01:05:48.785,0.7074,0.70765,4.00,1.00
2010.06.22 01:05:49.126,0.70745,0.70765,1.60,1.00
2010.06.22 01:05:49.776,0.70745,0.70765,2.40,1.00
2010.06.22 01:05:57.624,0.70745,0.7077,2.40,1.60
2010.06.22 01:06:03.115,0.70745,0.70775,4.00,8.80
2010.06.22 01:06:03.214,0.70745,0.70775,5.60,4.80
2010.06.22 01:06:07.045,0.70745,0.70775,5.60,3.20
2010.06.22 01:06:07.256,0.70755,0.70775,1.60,1.00
2010.06.22 01:06:07.465,0.70755,0.7078,1.60,3.20
2010.06.22 01:06:09.647,0.7075,0.7078,4.00,3.20
2010.06.22 01:06:10.064,0.7075,0.70775,4.00,1.60
2010.06.22 01:06:10.204,0.7075,0.70775,2.40,3.20
2010.06.22 01:06:26.740,0.70755,0.70775,1.60,3.20
2010.06.22 01:06:27.004,0.70755,0.70775,3.20,1.60
2010.06.22 01:06:27.204,0.70755,0.7078,4.00,1.60
2010.06.22 01:07:04.135,0.70755,0.7078,3.20,1.60
2010.06.22 01:07:04.305,0.70755,0.7078,1.60,5.60
2010.06.22 01:07:05.434,0.70755,0.7078,1.60,5.70
2010.06.22 01:07:06.454,0.70755,0.7078,1.60,5.60
2010.06.22 01:07:07.327,0.70755,0.7078,1.60,5.70
2010.06.22 01:07:10.024,0.70755,0.7078,1.60,5.60
2010.06.22 01:07:10.154,0.70755,0.7078,3.20,4.00
2010.06.22 01:07:10.284,0.70755,0.7078,3.20,3.20
2010.06.22 01:07:10.624,0.70755,0.7078,4.00,1.00
2010.06.22 01:07:11.305,0.70755,0.7078,2.40,1.60
2010.06.22 01:07:11.860,0.70755,0.7078,1.00,3.20
2010.06.22 01:07:11.932,0.7075,0.70775,1.00,1.60
2010.06.22 01:07:11.996,0.7075,0.70775,1.00,2.40
2010.06.22 01:07:12.054,0.70745,0.70775,4.80,3.20
2010.06.22 01:07:12.113,0.70745,0.70775,4.00,3.20
2010.06.22 01:07:20.281,0.70745,0.70775,4.10,3.20
2010.06.22 01:07:20.562,0.7075,0.70775,2.50,1.60
2010.06.22 01:07:20.838,0.7075,0.70775,2.40,1.60
2010.06.22 01:07:21.456,0.7075,0.7078,4.00,3.20
2010.06.22 01:07:21.799,0.70755,0.7078,1.00,3.20
2010.06.22 01:07:22.763,0.70755,0.7078,2.40,3.20
2010.06.22 01:07:23.626,0.70755,0.7078,2.40,1.60
2010.06.22 01:07:29.163,0.70755,0.70785,4.00,9.60
2010.06.22 01:07:29.224,0.7076,0.70785,1.00,6.40
2010.06.22 01:07:29.295,0.7076,0.70785,1.00,5.60
2010.06.22 01:07:29.528,0.70765,0.7079,1.00,5.20
2010.06.22 01:07:29.759,0.70765,0.7079,4.00,1.60
2010.06.22 01:07:30.412,0.70765,0.7079,4.00,1.00
2010.06.22 01:07:30.673,0.7077,0.70795,1.00,4.30
2010.06.22 01:07:34.125,0.7077,0.70795,1.00,4.50
2010.06.22 01:07:36.007,0.70765,0.7079,4.00,1.00
2010.06.22 01:07:36.686,0.70765,0.70795,4.00,4.50
2010.06.22 01:07:38.715,0.70765,0.70795,4.00,4.30
2010.06.22 01:07:39.267,0.7077,0.70795,1.00,2.70
2010.06.22 01:07:43.604,0.7077,0.70795,1.00,1.60
2010.06.22 01:07:47.745,0.7077,0.70795,1.00,1.70
2010.06.22 01:07:48.009,0.70765,0.70795,4.00,4.00
2010.06.22 01:07:48.275,0.70765,0.70795,2.40,4.10
2010.06.22 01:07:49.494,0.70765,0.7079,2.40,1.00
2010.06.22 01:07:51.599,0.70765,0.70785,1.00,1.00
2010.06.22 01:07:51.855,0.7076,0.70785,2.40,1.60
2010.06.22 01:07:51.985,0.7076,0.70785,1.00,3.20
2010.06.22 01:07:52.906,0.70755,0.7078,1.00,3.20
2010.06.22 01:07:54.074,0.70755,0.70775,1.00,1.60
2010.06.22 01:07:54.236,0.7075,0.70775,1.00,3.20
2010.06.22 01:07:55.164,0.7075,0.70775,1.00,1.60
2010.06.22 01:07:58.203,0.7075,0.70765,1.00,1.00
2010.06.22 01:07:58.559,0.7075,0.70775,1.00,1.60
2010.06.22 01:08:06.356,0.7075,0.7078,2.40,3.20
2010.06.22 01:08:06.475,0.70755,0.7078,1.00,2.40
2010.06.22 01:08:07.656,0.70755,0.70775,1.00,1.60
2010.06.22 01:08:07.976,0.70755,0.7078,1.00,2.40
2010.06.22 01:08:08.165,0.70755,0.7078,2.40,2.40
2010.06.22 01:08:08.544,0.70755,0.7078,1.00,1.60
2010.06.22 01:08:09.486,0.70755,0.70775,1.00,1.60
2010.06.22 01:08:11.016,0.70755,0.7078,1.00,2.40
2010.06.22 01:08:11.642,0.70755,0.7078,1.00,4.00
2010.06.22 01:08:11.923,0.70755,0.7078,1.00,3.20
2010.06.22 01:08:12.199,0.70755,0.7078,1.00,2.40
2010.06.22 01:08:12.466,0.70755,0.7078,2.40,2.40
2010.06.22 01:08:12.893,0.70755,0.7078,2.40,1.60
2010.06.22 01:08:34.476,0.70755,0.7078,2.40,3.20
2010.06.22 01:08:34.639,0.70755,0.7078,1.00,3.20
2010.06.22 01:08:35.287,0.7075,0.7078,2.40,3.20
2010.06.22 01:08:35.840,0.7075,0.70775,1.00,2.40
2010.06.22 01:08:46.716,0.7075,0.70775,1.00,1.60
2010.06.22 01:08:54.917,0.7075,0.70775,1.00,2.40
2010.06.22 01:08:55.637,0.7075,0.70775,1.00,1.60
2010.06.22 01:09:06.046,0.70755,0.7078,1.00,2.40
2010.06.22 01:09:13.446,0.70755,0.7078,1.00,2.50
2010.06.22 01:09:14.361,0.70755,0.7078,1.00,2.40
2010.06.22 01:09:18.929,0.70755,0.70775,1.00,1.00
2010.06.22 01:09:19.065,0.70755,0.7078,1.00,2.50
2010.06.22 01:09:20.005,0.7075,0.70775,2.40,1.60
2010.06.22 01:09:20.665,0.70755,0.70775,1.00,2.40
2010.06.22 01:09:20.850,0.70745,0.7077,1.00,2.40
2010.06.22 01:09:21.028,0.7075,0.7078,2.40,4.90
2010.06.22 01:09:21.207,0.7075,0.7078,2.40,6.40
2010.06.22 01:09:21.958,0.7075,0.70775,1.00,2.40
2010.06.22 01:09:22.431,0.7075,0.70775,4.00,1.00
2010.06.22 01:09:22.720,0.7075,0.7078,4.00,3.20
2010.06.22 01:09:23.005,0.7075,0.70775,4.00,1.00
2010.06.22 01:09:23.317,0.7075,0.70775,1.00,2.40
2010.06.22 01:09:29.796,0.70755,0.7078,1.00,3.20
2010.06.22 01:09:37.377,0.70755,0.7078,1.00,3.30
2010.06.22 01:09:46.488,0.70755,0.7078,1.00,3.20
2010.06.22 01:09:48.215,0.70755,0.7078,1.00,3.30
2010.06.22 01:09:59.407,0.70755,0.7078,1.00,2.40
2010.06.22 01:09:59.485,0.70755,0.7078,1.00,1.60
2010.06.22 01:10:12.478,0.7076,0.70785,1.00,1.60
2010.06.22 01:10:12.659,0.7076,0.7079,2.40,4.20
2010.06.22 01:10:12.839,0.70765,0.7079,2.40,2.10
2010.06.22 01:10:13.016,0.70765,0.7079,2.40,1.30
2010.06.22 01:10:13.615,0.7077,0.7079,1.00,1.00
2010.06.22 01:10:13.880,0.7077,0.7079,1.00,2.10
2010.06.22 01:10:14.149,0.7077,0.7079,1.00,1.00
2010.06.22 01:10:15.353,0.7077,0.7079,1.00,2.10
2010.06.22 01:10:15.629,0.7077,0.7079,1.00,1.00
2010.06.22 01:10:16.654,0.7077,0.7079,1.00,2.10
2010.06.22 01:10:16.873,0.7077,0.7079,1.00,1.00
2010.06.22 01:10:20.336,0.70765,0.7079,2.40,1.00
2010.06.22 01:10:20.766,0.70765,0.7079,1.00,2.10
2010.06.22 01:10:21.149,0.7077,0.7079,1.00,2.10
2010.06.22 01:10:21.338,0.70765,0.7079,2.40,1.00
2010.06.22 01:10:21.528,0.70765,0.7079,1.00,2.10
2010.06.22 01:10:22.174,0.70765,0.7079,2.40,1.00
2010.06.22 01:10:23.074,0.70765,0.7079,1.00,2.90
2010.06.22 01:10:26.317,0.70765,0.7079,4.00,1.00
2010.06.22 01:10:26.638,0.7077,0.7079,1.00,1.00
2010.06.22 01:10:42.103,0.7077,0.70795,1.00,1.60
2010.06.22 01:10:42.947,0.70765,0.70795,2.40,3.20
2010.06.22 01:10:42.986,0.70765,0.70795,2.40,5.60
2010.06.22 01:10:43.016,0.70765,0.7079,1.00,1.60
2010.06.22 01:10:43.286,0.70765,0.7079,1.00,2.40
2010.06.22 01:10:43.315,0.70765,0.7079,1.00,3.20
2010.06.22 01:10:43.737,0.7076,0.70785,1.00,1.60
2010.06.22 01:10:44.539,0.70755,0.70785,3.20,5.60
2010.06.22 01:10:44.717,0.70755,0.7078,1.60,1.60
2010.06.22 01:10:44.896,0.70755,0.7078,1.60,2.40
2010.06.22 01:10:46.887,0.70755,0.7078,1.00,4.00
2010.06.22 01:10:47.606,0.70755,0.70775,1.00,1.60
2010.06.22 01:10:47.786,0.70755,0.7078,1.00,4.00
2010.06.22 01:10:48.850,0.70755,0.70775,1.00,2.40
2010.06.22 01:10:53.175,0.70755,0.70775,1.00,1.00
2010.06.22 01:10:53.364,0.70755,0.70775,1.60,1.00
2010.06.22 01:10:53.464,0.70755,0.7078,1.60,4.00
2010.06.22 01:10:54.415,0.70755,0.70775,1.60,1.60
2010.06.22 01:10:54.718,0.70755,0.70775,1.00,2.40
2010.06.22 01:10:57.654,0.70755,0.70775,1.00,3.20
2010.06.22 01:10:57.764,0.70755,0.7077,1.00,1.00
2010.06.22 01:11:11.181,0.70755,0.70775,1.00,3.20
2010.06.22 01:11:13.836,0.70755,0.7077,1.00,1.00
2010.06.22 01:11:13.904,0.70755,0.7077,1.00,2.40
2010.06.22 01:11:13.969,0.70755,0.7077,1.00,3.20
2010.06.22 01:11:18.237,0.70755,0.7077,1.00,2.40
2010.06.22 01:11:18.500,0.70755,0.70775,1.00,3.20
2010.06.22 01:11:23.725,0.70755,0.70775,1.00,3.20
2010.06.22 01:11:23.826,0.70755,0.70775,1.00,1.60
2010.06.22 01:11:23.844,0.70755,0.70775,1.00,1.60
2010.06.22 01:11:24.490,0.70755,0.7078,1.60,4.00
2010.06.22 01:11:24.637,0.70755,0.7078,1.60,3.20
2010.06.22 01:11:24.660,0.70755,0.7078,1.60,2.40
2010.06.22 01:11:25.006,0.70755,0.7078,1.60,2.50
2010.06.22 01:11:26.129,0.70755,0.7078,3.20,2.40
2010.06.22 01:11:26.309,0.70755,0.70785,4.80,4.10
2010.06.22 01:11:26.492,0.70755,0.7078,3.20,4.80
2010.06.22 01:11:26.849,0.70755,0.7078,3.20,4.00
2010.06.22 01:11:27.597,0.70755,0.70785,4.80,3.30
2010.06.22 01:11:28.066,0.70755,0.70785,4.80,5.60
2010.06.22 01:11:28.199,0.70755,0.70775,1.60,1.60
2010.06.22 01:11:28.468,0.70755,0.70775,1.00,1.60
2010.06.22 01:11:29.062,0.70755,0.70775,1.00,1.60
2010.06.22 01:11:29.338,0.70755,0.70775,1.00,2.40
2010.06.22 01:11:31.283,0.70755,0.7077,1.00,1.60
2010.06.22 01:11:31.563,0.70755,0.7077,1.00,1.60
2010.06.22 01:11:31.841,0.70755,0.70765,1.00,1.60
2010.06.22 01:11:33.255,0.70755,0.7077,1.00,3.20
2010.06.22 01:11:33.493,0.70755,0.70765,1.00,1.60
2010.06.22 01:11:34.308,0.70755,0.7077,1.00,1.60
2010.06.22 01:11:34.511,0.70755,0.70775,1.00,3.20
2010.06.22 01:11:54.677,0.7076,0.70785,2.40,1.00
2010.06.22 01:11:54.960,0.70765,0.70785,1.60,1.00
2010.06.22 01:11:55.486,0.70765,0.7079,2.40,1.00
2010.06.22 01:11:56.179,0.70765,0.70795,2.40,3.20
2010.06.22 01:11:57.279,0.70765,0.70795,2.40,3.30
2010.06.22 01:11:57.619,0.70765,0.70795,2.40,3.20
2010.06.22 01:11:57.808,0.70765,0.7079,1.00,3.20
2010.06.22 01:11:57.997,0.70765,0.7079,2.40,1.60
2010.06.22 01:11:59.098,0.7076,0.7079,4.00,3.20
2010.06.22 01:11:59.327,0.7076,0.7079,2.40,4.80
2010.06.22 01:12:00.539,0.7076,0.70785,2.40,1.60
2010.06.22 01:12:21.230,0.70765,0.70795,2.40,4.80
2010.06.22 01:12:38.667,0.70765,0.70795,2.40,3.20
2010.06.22 01:12:39.008,0.7077,0.70795,1.60,1.00
2010.06.22 01:12:39.349,0.70765,0.70795,2.50,2.40
2010.06.22 01:12:40.975,0.70765,0.70795,2.40,2.40
2010.06.22 01:12:43.892,0.70765,0.70795,2.40,4.80
2010.06.22 01:12:43.932,0.70765,0.70795,2.40,4.90
2010.06.22 01:12:44.810,0.70765,0.70795,2.40,4.80
2010.06.22 01:12:50.944,0.70765,0.70795,2.40,3.20
2010.06.22 01:12:58.611,0.70765,0.70795,2.40,4.80
2010.06.22 01:13:07.917,0.70765,0.7079,2.40,1.60
2010.06.22 01:13:15.981,0.70765,0.7079,2.40,1.70
2010.06.22 01:13:16.313,0.70765,0.70785,1.60,1.60
2010.06.22 01:13:27.048,0.70755,0.7077,1.60,1.00
2010.06.22 01:13:33.716,0.7075,0.70765,1.60,1.00
2010.06.22 01:13:47.199,0.70735,0.7076,1.60,2.40
2010.06.22 01:13:47.480,0.70735,0.70755,1.60,1.00
2010.06.22 01:13:48.070,0.7073,0.70755,4.00,1.00
2010.06.22 01:13:48.362,0.70735,0.70755,3.20,1.00
2010.06.22 01:13:48.707,0.70735,0.70755,1.60,1.00
2010.06.22 01:13:49.051,0.7073,0.7075,1.60,1.60
2010.06.22 01:13:49.995,0.7073,0.70745,1.60,1.60
2010.06.22 01:13:50.208,0.7073,0.7075,1.60,1.60
2010.06.22 01:13:50.416,0.7073,0.7075,1.60,2.40
2010.06.22 01:13:51.582,0.7073,0.70745,1.60,1.60
2010.06.22 01:13:51.856,0.70735,0.7075,1.60,1.60
2010.06.22 01:13:53.006,0.7073,0.7075,4.00,1.60
2010.06.22 01:13:53.303,0.70735,0.7075,1.60,1.60
2010.06.22 01:13:53.879,0.7073,0.7075,3.20,1.60
2010.06.22 01:13:54.646,0.70735,0.7075,1.60,1.60
2010.06.22 01:13:54.903,0.7073,0.7075,4.80,1.60
2010.06.22 01:13:55.151,0.7073,0.7075,5.60,1.60
2010.06.22 01:13:55.399,0.7073,0.7075,3.20,1.60
2010.06.22 01:13:56.139,0.70735,0.7075,1.60,1.60
2010.06.22 01:13:56.486,0.7073,0.7075,3.20,1.60
2010.06.22 01:13:56.628,0.70735,0.7075,1.60,1.60
2010.06.22 01:13:56.767,0.7073,0.7075,3.20,1.60
2010.06.22 01:13:57.045,0.70735,0.7075,1.60,1.60
2010.06.22 01:13:59.596,0.7073,0.7075,4.00,1.60
2010.06.22 01:13:59.831,0.70735,0.7075,1.60,1.60
2010.06.22 01:14:00.276,0.7073,0.7075,5.60,1.60
2010.06.22 01:14:00.387,0.7073,0.7075,3.20,1.60
2010.06.22 01:14:00.883,0.7073,0.7075,4.00,1.60
2010.06.22 01:14:01.238,0.70735,0.7075,1.60,1.60
2010.06.22 01:14:02.347,0.7073,0.7075,3.20,1.60
2010.06.22 01:14:02.691,0.70735,0.7075,1.60,1.60
2010.06.22 01:14:03.470,0.7073,0.7075,3.20,1.60
2010.06.22 01:14:03.784,0.7073,0.7075,3.20,2.40
2010.06.22 01:14:04.086,0.7073,0.70745,3.20,1.60
2010.06.22 01:14:04.316,0.7073,0.70745,1.60,1.60
2010.06.22 01:14:38.906,0.70725,0.70745,3.20,2.40
2010.06.22 01:14:39.434,0.7072,0.7074,3.20,1.60
2010.06.22 01:14:39.896,0.7072,0.7074,3.20,3.00
2010.06.22 01:14:40.176,0.7072,0.7074,1.60,3.40
2010.06.22 01:14:40.457,0.70715,0.7073,1.00,1.00
2010.06.22 01:14:40.738,0.70705,0.7072,1.60,1.60
2010.06.22 01:14:41.408,0.7071,0.70725,3.20,1.60
2010.06.22 01:14:41.648,0.7071,0.7073,3.20,1.60
2010.06.22 01:14:42.118,0.70715,0.7073,1.60,1.60
2010.06.22 01:14:42.952,0.70715,0.7073,3.20,1.60
2010.06.22 01:14:44.003,0.70715,0.7073,3.20,1.00
2010.06.22 01:14:44.349,0.70715,0.7073,3.30,1.00
2010.06.22 01:14:48.856,0.70715,0.7073,3.20,1.00
2010.06.22 01:14:50.117,0.70715,0.70735,3.20,1.60
2010.06.22 01:14:52.045,0.70715,0.70735,3.20,2.40
2010.06.22 01:14:52.944,0.70715,0.7073,3.20,1.00
2010.06.22 01:14:59.296,0.70715,0.7073,3.30,1.00
2010.06.22 01:14:59.352,0.70715,0.7073,3.20,1.00
2010.06.22 01:15:02.426,0.70715,0.7073,3.30,1.00
2010.06.22 01:15:02.858,0.70715,0.70735,3.30,1.60
2010.06.22 01:15:03.685,0.70715,0.7074,3.30,2.40
2010.06.22 01:15:05.734,0.7072,0.7074,1.60,2.40
2010.06.22 01:15:05.824,0.70715,0.7074,3.30,2.40
2010.06.22 01:15:05.985,0.7072,0.7074,1.60,2.40
2010.06.22 01:15:06.359,0.7072,0.7074,3.20,1.00
2010.06.22 01:15:07.083,0.70725,0.70745,1.60,2.40
2010.06.22 01:15:07.234,0.70725,0.70745,3.20,2.40
2010.06.22 01:15:07.521,0.7073,0.70745,1.60,2.40
2010.06.22 01:15:07.669,0.7073,0.70745,1.60,1.00
2010.06.22 01:15:08.463,0.70745,0.7075,3.20,1.00
2010.06.22 01:15:08.793,0.7075,0.70765,4.00,1.00
2010.06.22 01:15:09.232,0.70745,0.70765,10.40,1.00
2010.06.22 01:15:09.587,0.7075,0.7077,1.60,1.60
2010.06.22 01:15:09.926,0.7075,0.7077,1.60,3.20
2010.06.22 01:15:10.267,0.7075,0.7077,1.60,1.60
2010.06.22 01:15:12.797,0.7075,0.70765,1.60,1.00
2010.06.22 01:15:12.878,0.70745,0.70765,2.40,1.00
2010.06.22 01:15:12.957,0.70745,0.70765,1.60,1.00
2010.06.22 01:15:13.037,0.70745,0.70765,1.60,1.60
2010.06.22 01:15:13.620,0.7074,0.7076,1.60,1.00
2010.06.22 01:15:13.695,0.7074,0.7076,1.60,1.60
2010.06.22 01:15:16.758,0.70735,0.7076,3.20,2.40
2010.06.22 01:15:17.102,0.70745,0.7076,1.60,1.00
2010.06.22 01:15:17.356,0.70745,0.70765,1.60,2.40
2010.06.22 01:15:17.606,0.7074,0.70765,1.60,2.40
2010.06.22 01:15:18.249,0.7074,0.7076,1.60,1.60
2010.06.22 01:15:29.018,0.70735,0.7076,1.60,1.60
2010.06.22 01:15:29.155,0.7073,0.7076,4.10,3.20
2010.06.22 01:15:29.295,0.7073,0.70755,4.00,1.00
2010.06.22 01:15:30.354,0.7073,0.70755,2.40,1.00
2010.06.22 01:15:30.574,0.7073,0.70755,1.60,1.60
2010.06.22 01:15:33.162,0.7073,0.7075,1.70,1.60
2010.06.22 01:15:33.733,0.7073,0.70755,7.30,1.00
2010.06.22 01:15:33.878,0.70745,0.70755,1.60,1.00
2010.06.22 01:15:34.333,0.70745,0.7076,1.60,1.00
2010.06.22 01:15:34.683,0.7075,0.7077,1.60,1.60
2010.06.22 01:15:35.570,0.7075,0.7077,1.60,3.20
2010.06.22 01:15:35.839,0.7075,0.7077,1.60,1.60
2010.06.22 01:15:38.353,0.7075,0.70765,1.60,1.60
2010.06.22 01:15:38.710,0.70745,0.70765,1.60,1.60
2010.06.22 01:16:02.286,0.70745,0.70765,1.60,1.00
2010.06.22 01:16:02.427,0.7075,0.70765,1.60,1.00
2010.06.22 01:16:02.565,0.7075,0.7077,1.60,1.60
2010.06.22 01:16:03.141,0.7075,0.70775,1.60,2.40
2010.06.22 01:16:03.490,0.7075,0.7077,1.60,1.60
2010.06.22 01:16:08.475,0.7075,0.7077,1.60,1.00
2010.06.22 01:16:08.544,0.7075,0.70775,1.60,2.40
2010.06.22 01:16:08.604,0.7075,0.70775,1.60,1.60
2010.06.22 01:16:13.280,0.7075,0.70775,1.70,1.60
2010.06.22 01:16:14.081,0.7075,0.70775,1.60,1.60
2010.06.22 01:16:14.214,0.7075,0.7077,1.60,1.60
2010.06.22 01:16:14.357,0.7075,0.7077,1.70,1.60
2010.06.22 01:16:14.697,0.7075,0.70775,1.70,1.60
2010.06.22 01:16:15.599,0.7075,0.70775,1.60,1.60
2010.06.22 01:16:15.758,0.7075,0.7077,1.60,1.00
2010.06.22 01:16:15.915,0.7075,0.7077,1.60,1.60
2010.06.22 01:16:19.111,0.7075,0.7077,1.70,1.60
2010.06.22 01:16:20.097,0.7075,0.70775,1.70,1.60
2010.06.22 01:16:21.582,0.70755,0.70775,1.60,1.60
2010.06.22 01:16:22.289,0.70765,0.70785,1.60,1.20
2010.06.22 01:16:22.735,0.70765,0.70785,2.40,1.20
2010.06.22 01:16:23.807,0.70765,0.70785,8.80,1.20
2010.06.22 01:16:24.061,0.7077,0.70785,1.60,1.20
2010.06.22 01:16:24.301,0.70775,0.7079,1.00,1.60
2010.06.22 01:16:25.029,0.7077,0.7079,1.60,1.00
2010.06.22 01:16:25.272,0.7077,0.7079,1.60,1.00
2010.06.22 01:16:25.825,0.70765,0.7079,4.10,1.00
2010.06.22 01:16:26.175,0.70775,0.70795,1.60,2.40
2010.06.22 01:16:26.519,0.70775,0.70795,1.60,1.60
2010.06.22 01:16:26.863,0.7077,0.70785,3.20,1.60
2010.06.22 01:16:27.625,0.7077,0.7079,1.60,1.60
2010.06.22 01:16:27.952,0.70765,0.70785,3.30,1.00
2010.06.22 01:16:28.278,0.70765,0.70785,1.60,1.00
2010.06.22 01:16:28.997,0.70765,0.70775,1.60,1.00
2010.06.22 01:16:29.310,0.70755,0.70775,5.10,1.00
2010.06.22 01:16:30.604,0.70755,0.70775,4.30,1.00
2010.06.22 01:16:30.747,0.70765,0.70775,1.00,1.00
2010.06.22 01:16:31.307,0.70765,0.7078,1.00,1.60
2010.06.22 01:16:31.450,0.7078,0.70785,1.60,1.60
2010.06.22 01:16:31.590,0.7078,0.70785,3.20,1.00
2010.06.22 01:16:31.941,0.7078,0.7079,3.20,1.60
2010.06.22 01:16:32.721,0.7079,0.708,3.20,1.60
2010.06.22 01:16:32.889,0.70795,0.708,3.20,1.60
2010.06.22 01:16:33.060,0.70795,0.70805,3.20,5.60
2010.06.22 01:16:33.633,0.70795,0.70805,3.20,3.20
2010.06.22 01:16:33.821,0.70795,0.70805,3.20,4.00
2010.06.22 01:16:35.195,0.708,0.70805,3.20,3.20
2010.06.22 01:16:35.445,0.70815,0.70825,1.60,10.50
2010.06.22 01:16:35.939,0.708,0.70805,16.00,3.20
2010.06.22 01:16:36.279,0.7082,0.7083,3.20,1.00
2010.06.22 01:16:36.619,0.70825,0.70835,3.20,3.20
2010.06.22 01:16:37.457,0.70825,0.7083,1.60,3.20
2010.06.22 01:16:38.251,0.70825,0.7083,3.20,1.60
2010.06.22 01:16:38.589,0.70825,0.70835,3.20,1.60
2010.06.22 01:16:39.664,0.7085,0.70855,1.60,1.60
2010.06.22 01:16:39.982,0.7086,0.7087,1.60,4.00
2010.06.22 01:16:41.089,0.70845,0.70865,1.60,1.60
2010.06.22 01:16:42.044,0.7084,0.7087,4.10,1.60
2010.06.22 01:16:42.389,0.7084,0.7087,4.10,3.20
2010.06.22 01:16:43.266,0.7084,0.70865,4.00,1.00
2010.06.22 01:16:43.445,0.7084,0.70865,2.40,1.00
2010.06.22 01:16:43.618,0.7084,0.70865,1.60,1.00
2010.06.22 01:16:44.069,0.70835,0.70865,5.90,2.40
2010.06.22 01:16:44.285,0.70835,0.70865,6.30,1.60
2010.06.22 01:16:45.051,0.7084,0.7087,1.60,2.20
2010.06.22 01:16:45.395,0.70865,0.70875,1.00,2.10
2010.06.22 01:16:45.745,0.70865,0.70875,1.00,1.60
2010.06.22 01:16:46.535,0.7086,0.70875,1.60,1.60
2010.06.22 01:16:47.669,0.7086,0.70875,1.70,1.60
2010.06.22 01:16:48.850,0.70865,0.7088,1.00,1.60
2010.06.22 01:16:49.570,0.7086,0.7088,1.70,1.60
2010.06.22 01:16:49.863,0.70875,0.70885,1.00,1.00
2010.06.22 01:16:50.558,0.7087,0.70885,1.60,1.00
2010.06.22 01:16:50.856,0.70885,0.709,1.60,1.60
2010.06.22 01:16:51.556,0.7089,0.70905,3.20,2.40
2010.06.22 01:16:51.903,0.709,0.70905,1.60,2.40
2010.06.22 01:16:52.746,0.70915,0.70955,1.60,3.20
2010.06.22 01:16:53.095,0.70915,0.70955,4.80,1.60
2010.06.22 01:16:53.873,0.7092,0.7095,1.60,1.70
2010.06.22 01:16:54.626,0.7092,0.7095,1.60,1.60
2010.06.22 01:16:54.977,0.70915,0.7092,4.80,1.60
2010.06.22 01:16:55.257,0.7092,0.7095,1.60,1.60
2010.06.22 01:16:56.012,0.7092,0.7095,1.70,3.20
2010.06.22 01:16:56.359,0.7092,0.7095,1.70,1.60
2010.06.22 01:16:56.699,0.7092,0.7095,1.60,1.60
2010.06.22 01:16:57.430,0.7095,0.71,1.60,1.60
2010.06.22 01:16:58.474,0.70955,0.7099,4.80,3.20
2010.06.22 01:16:58.745,0.70955,0.7098,1.60,1.60
2010.06.22 01:16:59.276,0.70955,0.7098,2.20,1.60
2010.06.22 01:16:59.600,0.70955,0.7097,1.60,1.60
2010.06.22 01:17:00.583,0.7095,0.7097,1.00,1.60
2010.06.22 01:17:00.871,0.70955,0.7097,1.00,1.60
2010.06.22 01:17:01.585,0.70955,0.7097,1.00,1.60
2010.06.22 01:17:01.938,0.7096,0.70985,3.30,1.60
2010.06.22 01:17:02.693,0.70965,0.7098,1.00,1.60
2010.06.22 01:17:03.024,0.70965,0.7098,1.00,1.60
2010.06.22 01:17:04.090,0.70965,0.70985,1.00,1.60
2010.06.22 01:17:05.150,0.7095,0.70965,1.00,3.20
2010.06.22 01:17:05.415,0.7094,0.70965,1.00,3.20
2010.06.22 01:17:06.110,0.70935,0.70965,2.00,3.20
2010.06.22 01:17:06.464,0.70955,0.70965,1.00,1.60
2010.06.22 01:17:07.116,0.70955,0.7097,1.00,1.60
2010.06.22 01:17:07.464,0.7094,0.7096,1.60,1.60
2010.06.22 01:17:07.812,0.70945,0.7096,1.00,1.60
2010.06.22 01:17:08.604,0.7095,0.7098,1.60,3.20
2010.06.22 01:17:08.942,0.7095,0.70975,1.60,1.60
2010.06.22 01:17:10.637,0.7095,0.7097,1.60,1.60
2010.06.22 01:17:10.911,0.7094,0.70965,1.60,1.60
2010.06.22 01:17:11.178,0.70945,0.70965,1.00,3.20
2010.06.22 01:17:11.833,0.70945,0.70965,1.00,1.00
2010.06.22 01:17:12.179,0.7094,0.70965,1.60,1.00
2010.06.22 01:17:18.255,0.70955,0.70965,1.60,1.00
2010.06.22 01:17:19.204,0.7096,0.7098,1.60,3.60
2010.06.22 01:17:19.464,0.7096,0.70985,2.20,2.00
2010.06.22 01:17:20.238,0.70955,0.7098,2.40,2.40
2010.06.22 01:17:21.335,0.70955,0.7098,2.40,1.00
2010.06.22 01:17:22.471,0.7096,0.7098,1.60,1.00
2010.06.22 01:17:22.820,0.70955,0.7098,2.40,1.00
2010.06.22 01:17:23.635,0.7095,0.7098,1.60,3.20
2010.06.22 01:17:24.780,0.7095,0.7098,1.60,3.30
2010.06.22 01:17:28.988,0.70955,0.7098,1.60,1.70
2010.06.22 01:17:29.254,0.70955,0.7097,1.10,1.60
2010.06.22 01:17:31.176,0.70955,0.7097,1.00,1.60
2010.06.22 01:17:31.527,0.70965,0.70985,1.60,1.00
2010.06.22 01:17:32.301,0.70945,0.70965,2.40,1.60
2010.06.22 01:17:32.655,0.7098,0.71015,1.60,2.80
2010.06.22 01:17:33.400,0.7095,0.7098,1.00,1.60
2010.06.22 01:17:33.662,0.70945,0.7098,2.40,7.20
2010.06.22 01:17:34.591,0.70935,0.7097,2.40,1.60
2010.06.22 01:17:34.940,0.70935,0.70965,1.00,3.20
2010.06.22 01:17:35.439,0.70935,0.70965,2.40,3.20
2010.06.22 01:17:35.786,0.70945,0.7096,1.00,3.20
2010.06.22 01:17:37.096,0.70945,0.70955,1.00,3.20
2010.06.22 01:17:37.832,0.70945,0.70955,1.00,3.20
2010.06.22 01:17:38.192,0.70935,0.7096,1.20,3.20
2010.06.22 01:17:38.983,0.70945,0.70965,1.00,4.20
2010.06.22 01:17:39.264,0.7095,0.7096,1.60,3.20
2010.06.22 01:17:39.542,0.7095,0.7097,3.20,4.80
2010.06.22 01:17:40.250,0.70935,0.70955,2.90,1.60
2010.06.22 01:17:40.907,0.70935,0.70965,1.70,3.20
2010.06.22 01:17:41.216,0.7095,0.70965,1.60,1.80
2010.06.22 01:17:41.973,0.7095,0.70965,1.60,1.00
2010.06.22 01:17:42.330,0.70945,0.70965,1.60,1.00
2010.06.22 01:17:43.095,0.7095,0.70975,1.60,1.80
2010.06.22 01:17:43.404,0.7096,0.70975,1.60,1.00
2010.06.22 01:17:44.163,0.7096,0.70965,1.60,1.60
2010.06.22 01:17:44.520,0.7095,0.70975,3.20,1.80
2010.06.22 01:17:44.782,0.70955,0.70975,1.60,1.00
2010.06.22 01:17:46.678,0.7098,0.70985,1.60,1.00
2010.06.22 01:17:47.026,0.70985,0.70995,3.20,1.00
2010.06.22 01:17:48.103,0.7099,0.70995,1.60,1.00
2010.06.22 01:17:48.849,0.70985,0.71005,3.20,2.50
2010.06.22 01:17:49.601,0.70995,0.71005,4.80,2.50
2010.06.22 01:17:49.907,0.7102,0.71025,3.20,1.60
2010.06.22 01:17:50.615,0.71025,0.71035,1.60,1.60
2010.06.22 01:17:50.930,0.71035,0.7104,1.60,1.60
2010.06.22 01:17:51.871,0.7104,0.7105,1.60,1.60
2010.06.22 01:17:53.012,0.7103,0.71055,1.60,1.60
2010.06.22 01:17:53.970,0.71035,0.71055,1.60,1.60
2010.06.22 01:17:54.250,0.7103,0.71055,1.60,1.60
2010.06.22 01:17:56.117,0.71025,0.7105,1.60,1.60
2010.06.22 01:17:59.364,0.7102,0.7104,1.60,1.60
2010.06.22 01:17:59.633,0.7101,0.71035,1.60,1.60
2010.06.22 01:18:00.169,0.7101,0.7104,1.60,3.20
2010.06.22 01:18:00.514,0.7102,0.7104,1.60,1.60
2010.06.22 01:18:01.136,0.7102,0.71035,1.00,1.60
2010.06.22 01:18:01.436,0.71015,0.71035,1.60,1.60
2010.06.22 01:18:02.128,0.7102,0.7104,1.60,1.60
2010.06.22 01:18:02.476,0.71015,0.7104,1.60,1.00
2010.06.22 01:18:03.267,0.71005,0.71035,2.00,1.60
2010.06.22 01:18:03.546,0.71005,0.71035,1.60,1.60
2010.06.22 01:18:04.355,0.7104,0.7106,2.00,1.00
2010.06.22 01:18:05.119,0.71025,0.7105,2.80,3.20
2010.06.22 01:18:05.355,0.71025,0.7103,2.10,1.60
2010.06.22 01:18:06.586,0.71025,0.71055,2.10,3.20
2010.06.22 01:18:07.247,0.71025,0.7105,2.10,1.60
2010.06.22 01:18:08.026,0.71025,0.71055,2.10,3.20
2010.06.22 01:18:09.403,0.71025,0.71045,2.10,1.60
2010.06.22 01:18:10.047,0.71025,0.71045,1.00,1.60
2010.06.22 01:18:10.281,0.7102,0.71045,1.70,1.60
2010.06.22 01:18:11.748,0.7103,0.7106,1.60,4.00
2010.06.22 01:18:12.072,0.71035,0.7105,1.60,1.60
2010.06.22 01:18:12.850,0.71035,0.7106,1.60,1.60
2010.06.22 01:18:13.947,0.7104,0.7106,1.60,1.60
2010.06.22 01:18:14.164,0.71045,0.7107,3.20,2.10
2010.06.22 01:18:14.386,0.71045,0.7107,1.60,2.10
2010.06.22 01:18:16.071,0.71045,0.7107,2.40,1.60
2010.06.22 01:18:16.426,0.71045,0.7107,2.00,1.60
2010.06.22 01:18:16.766,0.71045,0.7107,2.40,1.60
2010.06.22 01:18:17.607,0.7106,0.7107,1.00,1.60
2010.06.22 01:18:17.954,0.71075,0.71095,1.20,1.60
2010.06.22 01:18:18.293,0.71085,0.71095,1.00,1.60
2010.06.22 01:18:18.812,0.7108,0.711,1.00,1.60
2010.06.22 01:18:19.038,0.71075,0.71095,1.00,1.60
2010.06.22 01:18:20.698,0.71075,0.71095,1.00,1.60
2010.06.22 01:18:21.360,0.71075,0.71095,1.00,1.60
2010.06.22 01:18:21.546,0.71085,0.71095,1.00,1.60
2010.06.22 01:18:21.898,0.71075,0.71095,1.00,1.60
2010.06.22 01:18:22.686,0.71075,0.7109,1.00,1.60
2010.06.22 01:18:23.035,0.71085,0.7109,4.10,1.60
2010.06.22 01:18:23.848,0.71095,0.71105,3.20,2.40
2010.06.22 01:18:24.190,0.711,0.71105,9.60,2.40
2010.06.22 01:18:24.638,0.7111,0.7114,1.60,4.00
2010.06.22 01:18:27.525,0.711,0.71105,3.20,2.40
2010.06.22 01:18:28.982,0.711,0.71105,1.60,2.40
2010.06.22 01:18:30.266,0.71095,0.71105,1.90,2.40
2010.06.22 01:18:30.523,0.71095,0.71105,1.60,2.40
2010.06.22 01:18:31.031,0.71095,0.711,1.60,1.60
2010.06.22 01:18:31.295,0.71095,0.711,1.60,6.40
2010.06.22 01:18:32.066,0.7107,0.711,1.20,1.60
2010.06.22 01:18:33.523,0.71065,0.71095,1.00,3.20
2010.06.22 01:18:34.235,0.71075,0.71095,1.60,1.60
2010.06.22 01:18:34.537,0.71065,0.7107,2.40,1.60
2010.06.22 01:18:35.229,0.7106,0.7107,1.00,3.20
2010.06.22 01:18:35.552,0.71055,0.7107,1.00,3.20
2010.06.22 01:18:37.472,0.71055,0.7107,1.00,1.60
2010.06.22 01:18:38.165,0.71055,0.7106,1.00,1.60
2010.06.22 01:18:38.596,0.7105,0.7106,1.00,1.60
2010.06.22 01:18:38.958,0.7105,0.71065,1.00,1.60
2010.06.22 01:18:39.303,0.71055,0.71065,1.60,1.60
2010.06.22 01:18:40.034,0.71055,0.7107,1.00,1.60
2010.06.22 01:18:41.394,0.71045,0.7106,2.00,1.60
2010.06.22 01:18:41.669,0.71045,0.7106,1.00,1.60
2010.06.22 01:18:42.183,0.7104,0.7106,1.00,1.60
2010.06.22 01:18:42.535,0.71035,0.7105,1.00,1.60
2010.06.22 01:18:43.307,0.71035,0.71065,2.40,2.20
2010.06.22 01:18:43.652,0.71035,0.71065,2.40,1.60
2010.06.22 01:18:48.010,0.7103,0.71055,1.00,1.60
2010.06.22 01:18:48.742,0.71025,0.7105,1.70,3.20
2010.06.22 01:18:48.962,0.71025,0.7105,1.60,3.20
2010.06.22 01:18:49.651,0.71005,0.71035,4.00,1.60
2010.06.22 01:18:49.870,0.71005,0.71035,5.60,1.60
2010.06.22 01:18:50.206,0.71005,0.71035,4.00,4.00
2010.06.22 01:18:52.386,0.71015,0.71035,1.00,3.20
2010.06.22 01:18:54.868,0.71005,0.71035,4.80,3.20
2010.06.22 01:18:55.131,0.71005,0.71025,1.00,1.60
2010.06.22 01:18:55.860,0.71005,0.7103,1.00,3.20
2010.06.22 01:18:56.177,0.71005,0.7103,1.00,1.60
2010.06.22 01:18:56.629,0.71005,0.7103,1.60,1.60
2010.06.22 01:18:56.970,0.71005,0.71025,1.60,3.20
2010.06.22 01:18:58.104,0.71005,0.71025,1.00,3.20
2010.06.22 01:18:58.449,0.71,0.71025,1.00,3.20
2010.06.22 01:19:00.587,0.70995,0.71025,4.90,3.20
2010.06.22 01:19:01.998,0.71,0.71025,1.60,1.60
2010.06.22 01:19:02.774,0.71005,0.71025,1.00,1.60
2010.06.22 01:19:03.054,0.70995,0.71025,7.30,3.20
2010.06.22 01:19:03.733,0.71005,0.71025,1.00,3.20
2010.06.22 01:19:04.107,0.71,0.71025,2.40,1.60
2010.06.22 01:19:05.499,0.71005,0.71025,1.00,1.60
2010.06.22 01:19:05.767,0.71,0.71025,2.40,1.60
2010.06.22 01:19:07.026,0.71005,0.71025,1.00,1.60
2010.06.22 01:19:07.675,0.71005,0.71025,1.00,1.60
2010.06.22 01:19:08.336,0.71005,0.71025,1.00,1.60
2010.06.22 01:19:10.750,0.71,0.71025,2.50,1.60
2010.06.22 01:19:12.021,0.71,0.71025,2.40,1.60
2010.06.22 01:19:12.381,0.70995,0.71015,4.90,1.60
2010.06.22 01:19:13.158,0.70995,0.7102,4.90,1.60
2010.06.22 01:19:13.498,0.70995,0.71015,4.80,1.60
2010.06.22 01:19:13.838,0.70995,0.71015,4.90,1.60
2010.06.22 01:19:14.272,0.70995,0.71015,4.80,1.60
2010.06.22 01:19:14.570,0.70995,0.7102,4.80,1.60
2010.06.22 01:19:15.596,0.70995,0.71015,4.80,1.60
2010.06.22 01:19:16.914,0.70995,0.7102,4.90,1.60
2010.06.22 01:19:18.402,0.70995,0.71015,4.80,1.60
2010.06.22 01:19:19.013,0.70995,0.71015,4.90,1.60
2010.06.22 01:19:19.193,0.70995,0.7102,4.80,1.60
2010.06.22 01:19:19.548,0.70995,0.71005,2.40,3.20
2010.06.22 01:19:24.955,0.70995,0.71005,2.40,1.60
2010.06.22 01:19:25.261,0.70995,0.7101,2.40,3.20
2010.06.22 01:19:26.951,0.70995,0.71005,2.40,3.20
2010.06.22 01:19:28.267,0.70995,0.71005,2.40,1.60
2010.06.22 01:19:29.320,0.70995,0.7101,2.40,1.60
2010.06.22 01:19:29.902,0.71,0.7102,1.60,1.00
2010.06.22 01:19:30.263,0.71005,0.71025,2.40,1.60
2010.06.22 01:19:30.489,0.71005,0.7103,2.40,1.60
2010.06.22 01:19:31.152,0.71005,0.71025,1.00,1.60
2010.06.22 01:19:31.380,0.71005,0.7102,1.00,1.60
2010.06.22 01:19:32.633,0.71005,0.71025,1.00,1.60
2010.06.22 01:19:33.300,0.71005,0.7101,1.00,1.60
2010.06.22 01:19:33.519,0.70995,0.71015,3.20,1.60
2010.06.22 01:19:34.196,0.71,0.71025,1.60,1.60
2010.06.22 01:19:34.437,0.71,0.7103,2.40,3.20
2010.06.22 01:19:35.100,0.71,0.71025,1.60,1.60
2010.06.22 01:19:35.430,0.70995,0.71025,4.00,3.20
2010.06.22 01:19:36.173,0.70995,0.7101,2.40,3.20
2010.06.22 01:19:36.535,0.70995,0.7101,2.40,1.60
2010.06.22 01:19:37.294,0.70995,0.7101,2.40,3.20
2010.06.22 01:19:37.642,0.70995,0.7101,2.40,2.40
2010.06.22 01:19:37.986,0.70995,0.7101,2.40,1.60
2010.06.22 01:19:41.792,0.70995,0.71015,4.00,1.60
2010.06.22 01:19:42.110,0.70995,0.71015,2.40,1.60
2010.06.22 01:19:46.766,0.70995,0.71015,4.00,1.60
2010.06.22 01:19:47.067,0.70995,0.71015,4.00,1.00
2010.06.22 01:19:47.516,0.70995,0.71015,2.40,2.40
2010.06.22 01:19:47.754,0.70995,0.7101,2.40,1.60
2010.06.22 01:19:51.526,0.70995,0.71005,2.40,1.60
2010.06.22 01:19:52.725,0.70995,0.71005,2.40,3.20
2010.06.22 01:19:54.500,0.70995,0.71005,2.40,1.60
2010.06.22 01:19:59.364,0.70995,0.7101,2.40,3.20
2010.06.22 01:20:00.246,0.70995,0.71005,2.40,1.60
2010.06.22 01:20:04.427,0.70995,0.71005,2.40,3.20
2010.06.22 01:20:04.626,0.70995,0.71005,2.40,1.60
2010.06.22 01:20:07.304,0.70995,0.7101,2.40,1.60
2010.06.22 01:20:09.527,0.70995,0.71005,2.40,1.60
2010.06.22 01:20:10.378,0.70995,0.7101,2.40,1.60
2010.06.22 01:20:10.537,0.70995,0.7101,2.40,4.00
2010.06.22 01:20:10.696,0.70995,0.71005,2.40,1.60
2010.06.22 01:20:38.512,0.70995,0.71015,2.40,4.80
2010.06.22 01:20:44.708,0.70995,0.7101,2.40,1.60
2010.06.22 01:20:46.148,0.70995,0.7101,2.40,3.20
2010.06.22 01:20:46.317,0.70995,0.71005,2.40,1.60
2010.06.22 01:20:47.127,0.70995,0.7101,2.40,4.80
2010.06.22 01:20:47.480,0.70995,0.71005,2.40,1.60
2010.06.22 01:20:50.462,0.70995,0.71005,2.40,3.20
2010.06.22 01:20:50.932,0.70995,0.71,2.40,2.40
2010.06.22 01:20:51.611,0.70995,0.71005,2.40,4.40
2010.06.22 01:20:54.692,0.70965,0.7099,2.40,2.40
2010.06.22 01:20:55.149,0.70965,0.7099,2.40,3.20
2010.06.22 01:20:55.499,0.7096,0.70965,1.00,2.40
2010.06.22 01:20:55.843,0.7094,0.70965,1.00,4.80
2010.06.22 01:20:56.528,0.7094,0.70965,1.00,3.20
2010.06.22 01:20:56.873,0.70945,0.70965,1.00,1.60
2010.06.22 01:20:57.228,0.7095,0.70975,1.00,3.20
2010.06.22 01:20:58.006,0.70955,0.7098,1.00,4.80
2010.06.22 01:20:58.347,0.70955,0.70975,1.00,1.60
2010.06.22 01:20:58.687,0.70955,0.7098,1.00,4.80
2010.06.22 01:20:59.143,0.70955,0.70975,1.00,1.60
2010.06.22 01:20:59.459,0.70955,0.7098,1.00,4.80
2010.06.22 01:21:00.217,0.7096,0.7098,1.00,2.40
2010.06.22 01:21:00.745,0.70965,0.70985,1.60,1.80
2010.06.22 01:21:00.862,0.70965,0.7099,2.40,1.60
2010.06.22 01:21:02.655,0.7097,0.71,2.40,4.80
2010.06.22 01:21:02.984,0.70975,0.71,1.00,4.80
2010.06.22 01:21:03.649,0.70975,0.71,2.40,1.60
2010.06.22 01:21:05.108,0.70975,0.71,2.40,3.20
2010.06.22 01:21:07.966,0.70975,0.71,1.00,4.80
2010.06.22 01:21:08.215,0.7097,0.7099,2.40,1.60
2010.06.22 01:21:08.453,0.7097,0.7099,1.00,1.60
2010.06.22 01:21:08.879,0.70965,0.7099,1.00,1.60
2010.06.22 01:21:10.160,0.70965,0.7099,1.00,4.80
2010.06.22 01:21:10.916,0.70965,0.7099,2.40,3.20
2010.06.22 01:21:11.234,0.70965,0.70985,1.00,1.60
2010.06.22 01:21:12.614,0.7096,0.7098,1.00,1.60
2010.06.22 01:21:13.335,0.7095,0.70975,1.60,4.00
2010.06.22 01:21:13.687,0.70945,0.7097,1.10,6.40
2010.06.22 01:21:14.444,0.70945,0.7097,2.70,3.20
2010.06.22 01:21:14.693,0.70945,0.70965,2.70,1.60
2010.06.22 01:21:15.615,0.7095,0.7097,1.00,1.00
2010.06.22 01:21:15.914,0.7094,0.70965,4.80,2.40
2010.06.22 01:21:16.611,0.70935,0.7096,2.40,4.80
2010.06.22 01:21:16.979,0.70925,0.7095,1.00,3.20
2010.06.22 01:21:17.764,0.70925,0.7095,1.00,1.60
2010.06.22 01:21:18.116,0.7093,0.7095,3.20,2.20
2010.06.22 01:21:18.872,0.7092,0.7093,1.00,1.60
2010.06.22 01:21:19.157,0.70915,0.70925,2.40,3.20
2010.06.22 01:21:19.855,0.7091,0.70925,1.00,1.60
2010.06.22 01:21:20.206,0.70915,0.7093,1.00,1.60
2010.06.22 01:21:20.551,0.70925,0.7094,1.00,1.00
2010.06.22 01:21:21.249,0.7093,0.7095,1.60,1.60
2010.06.22 01:21:22.453,0.7093,0.7094,1.60,1.60
2010.06.22 01:21:22.803,0.70925,0.7094,2.40,1.60
2010.06.22 01:21:23.148,0.70925,0.70955,2.40,4.80
2010.06.22 01:21:23.921,0.7091,0.7094,2.40,3.20
2010.06.22 01:21:24.245,0.7092,0.7094,1.60,1.60
2010.06.22 01:21:24.683,0.70915,0.70935,3.20,1.00
2010.06.22 01:21:24.997,0.70915,0.70935,1.60,1.60
2010.06.22 01:21:25.600,0.7093,0.7095,1.60,2.40
2010.06.22 01:21:26.297,0.7094,0.7096,1.60,1.00
2010.06.22 01:21:26.565,0.7094,0.7096,1.60,1.60
2010.06.22 01:21:28.483,0.7092,0.70945,3.70,1.00
2010.06.22 01:21:28.836,0.70915,0.7093,1.60,1.00
2010.06.22 01:21:29.328,0.7091,0.7093,2.00,1.00
2010.06.22 01:21:29.647,0.70915,0.7094,1.00,1.60
2010.06.22 01:21:29.961,0.70915,0.70945,2.40,4.80
2010.06.22 01:21:30.940,0.70915,0.7094,1.00,4.00
2010.06.22 01:21:31.210,0.70915,0.7094,2.40,1.60
2010.06.22 01:21:32.011,0.7092,0.7094,1.00,1.60
2010.06.22 01:21:33.589,0.7092,0.70945,1.00,3.20
2010.06.22 01:21:33.932,0.7092,0.70945,1.00,3.20
2010.06.22 01:21:35.184,0.70925,0.7095,2.40,2.40
2010.06.22 01:21:36.322,0.7092,0.70945,1.00,1.60
2010.06.22 01:21:37.118,0.7092,0.70945,1.00,3.20
2010.06.22 01:21:38.270,0.7092,0.70945,1.00,3.20
2010.06.22 01:21:41.242,0.70925,0.70945,2.40,1.60
2010.06.22 01:21:43.455,0.70925,0.70945,2.50,1.60
2010.06.22 01:21:44.488,0.70925,0.70945,2.40,1.60
2010.06.22 01:21:45.310,0.70925,0.7095,2.40,1.60
2010.06.22 01:21:46.092,0.70925,0.70945,1.00,1.60
2010.06.22 01:21:46.444,0.7092,0.70945,2.40,1.60
2010.06.22 01:21:47.276,0.7092,0.70945,1.00,3.20
2010.06.22 01:21:47.952,0.7092,0.70945,1.00,4.80
2010.06.22 01:21:48.728,0.70915,0.70945,2.40,3.20
2010.06.22 01:21:49.398,0.70915,0.70945,2.50,3.20
2010.06.22 01:21:50.049,0.70915,0.70945,2.40,3.20
2010.06.22 01:21:50.586,0.70915,0.70945,2.50,3.20
2010.06.22 01:21:51.226,0.70915,0.70945,2.40,3.30
2010.06.22 01:21:51.501,0.70915,0.70945,2.40,3.20
2010.06.22 01:21:51.760,0.70915,0.70945,4.00,3.20
2010.06.22 01:21:52.591,0.7092,0.70945,1.60,1.60
2010.06.22 01:21:54.956,0.70925,0.70945,1.60,1.60
2010.06.22 01:21:55.293,0.7093,0.70955,1.60,1.60
2010.06.22 01:21:55.790,0.7093,0.7095,1.60,1.60
2010.06.22 01:21:56.091,0.70925,0.7095,2.40,1.60
2010.06.22 01:21:58.655,0.70925,0.7095,1.60,1.60
2010.06.22 01:21:59.004,0.70925,0.7095,2.40,1.60
2010.06.22 01:22:00.296,0.70925,0.7095,2.50,1.60
2010.06.22 01:22:01.400,0.70925,0.7095,2.40,1.60
2010.06.22 01:22:02.696,0.70925,0.7095,2.50,1.60
2010.06.22 01:22:04.872,0.70925,0.7095,2.40,1.60
2010.06.22 01:22:05.077,0.70925,0.7095,2.40,1.60
2010.06.22 01:22:06.760,0.70925,0.70945,1.00,1.60
2010.06.22 01:22:09.259,0.7093,0.70955,1.60,1.60
2010.06.22 01:22:09.964,0.70935,0.7096,2.50,1.00
2010.06.22 01:22:10.313,0.7094,0.7096,1.60,1.00
2010.06.22 01:22:15.129,0.70935,0.7096,2.40,2.30
2010.06.22 01:22:18.438,0.7094,0.7096,1.00,1.00
2010.06.22 01:22:18.739,0.70935,0.7096,2.60,1.00
2010.06.22 01:22:19.606,0.7094,0.7096,1.00,1.00
2010.06.22 01:22:20.596,0.7094,0.7096,2.40,1.00
2010.06.22 01:22:20.918,0.70945,0.7096,1.60,1.00
2010.06.22 01:22:22.235,0.7094,0.7096,1.60,1.00
2010.06.22 01:22:23.376,0.70945,0.7096,1.60,1.00
2010.06.22 01:22:23.981,0.7094,0.7096,1.60,1.00
2010.06.22 01:22:24.212,0.70935,0.7096,4.00,1.00
2010.06.22 01:22:24.444,0.7094,0.7096,1.60,1.00
2010.06.22 01:22:25.104,0.70935,0.7096,2.40,2.30
2010.06.22 01:22:25.588,0.70935,0.7096,2.50,1.00
2010.06.22 01:22:26.519,0.70935,0.7096,2.40,1.00
2010.06.22 01:22:26.770,0.70935,0.7096,2.40,2.30
2010.06.22 01:22:27.712,0.70935,0.70955,1.60,1.60
2010.06.22 01:22:28.056,0.7093,0.70955,1.60,1.60
2010.06.22 01:22:29.079,0.70935,0.70955,1.60,1.60
2010.06.22 01:22:29.346,0.7094,0.7096,1.60,1.50
2010.06.22 01:22:29.612,0.7094,0.7096,1.00,2.30
2010.06.22 01:22:29.870,0.70935,0.7096,1.60,2.30
2010.06.22 01:22:31.067,0.70935,0.7096,4.80,1.00
2010.06.22 01:22:31.267,0.7094,0.7096,1.60,1.00
2010.06.22 01:22:31.858,0.7094,0.7096,4.00,1.00
2010.06.22 01:22:32.206,0.70945,0.7096,1.60,1.00
2010.06.22 01:22:32.556,0.7094,0.7096,3.20,1.00
2010.06.22 01:22:32.899,0.7094,0.7096,1.60,1.00
2010.06.22 01:22:33.358,0.7094,0.7096,1.60,1.00
2010.06.22 01:22:33.705,0.70935,0.7096,4.80,1.00
2010.06.22 01:22:34.053,0.7094,0.7096,1.60,1.00
2010.06.22 01:22:34.861,0.70925,0.70955,2.40,3.20
2010.06.22 01:22:35.131,0.70925,0.70955,2.50,3.20
2010.06.22 01:22:35.614,0.70925,0.70955,2.50,1.60
2010.06.22 01:22:35.864,0.70925,0.70955,2.40,3.20
2010.06.22 01:22:37.068,0.70925,0.7095,2.40,1.60
2010.06.22 01:22:37.406,0.70925,0.70955,2.40,3.20
2010.06.22 01:22:37.746,0.70925,0.7095,2.40,1.60
2010.06.22 01:22:38.090,0.7093,0.70955,1.60,1.60
2010.06.22 01:22:38.687,0.70925,0.7095,4.80,1.60
2010.06.22 01:22:38.834,0.7093,0.70955,1.60,1.60
2010.06.22 01:22:40.121,0.7093,0.70955,2.40,1.60
2010.06.22 01:22:41.848,0.7093,0.70955,2.40,1.70
2010.06.22 01:22:42.079,0.7093,0.70955,2.40,1.60
2010.06.22 01:22:45.180,0.7093,0.70955,2.40,1.70
2010.06.22 01:22:48.538,0.7093,0.70955,2.40,1.60
2010.06.22 01:22:49.888,0.70925,0.70945,1.00,1.60
2010.06.22 01:22:50.387,0.70925,0.7094,1.00,1.60
2010.06.22 01:22:53.384,0.70925,0.70945,1.60,1.60
2010.06.22 01:22:56.958,0.7092,0.70945,1.60,1.60
2010.06.22 01:23:08.343,0.7092,0.70945,1.70,1.60
2010.06.22 01:23:08.495,0.7092,0.70945,1.60,1.60
2010.06.22 01:23:09.045,0.70925,0.7095,1.60,2.40
2010.06.22 01:23:09.190,0.70925,0.7095,4.00,1.60
2010.06.22 01:23:09.331,0.7093,0.7095,1.60,1.60
2010.06.22 01:23:10.110,0.70925,0.7095,1.60,1.60
2010.06.22 01:23:10.447,0.70925,0.7095,1.70,1.60
2010.06.22 01:23:11.252,0.70925,0.7095,1.60,1.60
2010.06.22 01:23:13.697,0.7092,0.70945,2.50,1.60
2010.06.22 01:23:13.898,0.7092,0.70945,1.70,1.60
2010.06.22 01:23:14.849,0.7092,0.70945,1.60,1.60
2010.06.22 01:23:24.210,0.7092,0.7094,1.60,2.00
2010.06.22 01:23:24.360,0.70915,0.7094,1.60,1.00
2010.06.22 01:23:24.933,0.7091,0.70935,4.00,1.60
2010.06.22 01:23:25.257,0.7091,0.70935,1.60,1.60
2010.06.22 01:23:25.585,0.70905,0.70915,1.60,3.20
2010.06.22 01:23:26.629,0.70895,0.709,4.00,1.00
2010.06.22 01:23:28.156,0.70895,0.70905,4.00,1.60
2010.06.22 01:23:28.442,0.70905,0.7091,1.60,3.20
2010.06.22 01:23:29.175,0.70905,0.70915,1.60,6.40
2010.06.22 01:23:29.489,0.70905,0.7091,1.60,3.20
2010.06.22 01:23:29.808,0.70905,0.7091,1.60,4.00
2010.06.22 01:23:30.260,0.70905,0.7091,1.60,3.20
2010.06.22 01:23:30.552,0.70905,0.7091,1.60,2.40
2010.06.22 01:23:31.139,0.70905,0.7091,1.60,3.20
2010.06.22 01:23:34.967,0.70895,0.70905,4.00,2.60
2010.06.22 01:23:35.168,0.70895,0.709,4.00,1.60
2010.06.22 01:23:39.829,0.7087,0.7089,1.00,1.60
2010.06.22 01:23:40.117,0.7086,0.7089,6.80,2.40
2010.06.22 01:23:42.388,0.70895,0.709,4.00,15.90
2010.06.22 01:23:43.154,0.70895,0.709,4.00,15.70
2010.06.22 01:23:44.498,0.70895,0.709,4.00,9.40
2010.06.22 01:23:45.416,0.70875,0.7089,4.00,2.40
2010.06.22 01:23:45.626,0.70875,0.7089,4.00,1.00
2010.06.22 01:23:45.838,0.70895,0.709,2.40,8.10
2010.06.22 01:23:46.408,0.70895,0.70905,2.40,13.30
2010.06.22 01:23:46.633,0.70875,0.7089,4.00,4.00
2010.06.22 01:23:47.733,0.70875,0.7089,4.00,4.10
2010.06.22 01:23:48.083,0.70895,0.709,2.40,9.40
2010.06.22 01:23:48.776,0.70895,0.709,2.40,15.80
2010.06.22 01:23:52.247,0.70895,0.709,2.40,20.70
2010.06.22 01:23:52.975,0.7086,0.70885,2.40,1.00
2010.06.22 01:23:53.855,0.7086,0.70885,2.50,1.00
2010.06.22 01:23:54.077,0.70895,0.709,2.40,15.70
2010.06.22 01:23:54.835,0.70865,0.70895,4.80,7.20
2010.06.22 01:23:57.231,0.70895,0.709,2.40,1.00
2010.06.22 01:23:57.921,0.70895,0.70905,4.00,3.20
2010.06.22 01:23:58.397,0.70895,0.70905,4.00,1.60
2010.06.22 01:23:58.608,0.7091,0.7092,1.60,5.60
2010.06.22 01:23:58.810,0.7091,0.70915,1.60,1.60
2010.06.22 01:23:59.210,0.70905,0.70915,1.60,1.60
2010.06.22 01:23:59.407,0.70905,0.7092,1.60,4.00
2010.06.22 01:24:00.166,0.70905,0.70915,1.60,2.40
2010.06.22 01:24:01.336,0.70895,0.70915,2.40,1.00
2010.06.22 01:24:05.676,0.70895,0.7091,2.40,1.60
2010.06.22 01:24:05.798,0.70895,0.7091,2.40,2.40
2010.06.22 01:24:05.917,0.70895,0.7091,2.40,4.80
2010.06.22 01:24:06.097,0.70895,0.7091,2.40,6.40
2010.06.22 01:24:06.279,0.70895,0.7091,2.40,5.60
2010.06.22 01:24:06.866,0.70895,0.7091,2.40,4.80
2010.06.22 01:24:07.054,0.70895,0.70905,2.40,1.00
2010.06.22 01:24:07.742,0.70895,0.709,2.40,2.40
2010.06.22 01:24:08.089,0.70895,0.709,2.40,1.00
2010.06.22 01:24:09.163,0.7087,0.70895,2.40,1.60
2010.06.22 01:24:10.541,0.70895,0.709,2.40,1.00
2010.06.22 01:24:23.979,0.70895,0.70905,2.40,1.60
2010.06.22 01:24:24.614,0.70895,0.7091,2.40,1.00
2010.06.22 01:24:24.736,0.70895,0.70915,2.40,2.40
2010.06.22 01:24:24.857,0.70895,0.70915,2.40,1.60
2010.06.22 01:24:28.247,0.70895,0.70915,2.40,3.20
2010.06.22 01:24:28.546,0.70895,0.7091,2.40,1.00
2010.06.22 01:24:29.616,0.709,0.7091,1.00,1.00
2010.06.22 01:24:30.107,0.709,0.70915,1.00,1.00
2010.06.22 01:24:30.276,0.709,0.7092,1.00,3.20
2010.06.22 01:24:33.566,0.709,0.7092,1.00,2.40
2010.06.22 01:24:33.888,0.709,0.7092,1.00,1.00
2010.06.22 01:24:36.086,0.709,0.7092,1.00,2.40
2010.06.22 01:24:36.300,0.709,0.70925,1.00,3.20
2010.06.22 01:24:37.147,0.70905,0.7093,1.00,3.20
2010.06.22 01:24:37.493,0.70905,0.70935,3.30,4.80
2010.06.22 01:24:38.281,0.7091,0.7093,1.00,1.60
2010.06.22 01:24:39.641,0.7091,0.70935,1.00,4.80
2010.06.22 01:24:52.155,0.7093,0.7095,2.60,2.40
2010.06.22 01:24:52.885,0.7093,0.7094,1.00,2.40
2010.06.22 01:24:53.231,0.70915,0.70935,1.00,1.60
2010.06.22 01:24:53.572,0.70915,0.7094,2.40,1.00
2010.06.22 01:24:54.477,0.7092,0.70945,3.20,1.00
2010.06.22 01:24:54.720,0.70925,0.7095,1.60,1.00
2010.06.22 01:24:55.732,0.70925,0.7095,2.40,1.00
2010.06.22 01:25:03.357,0.70925,0.7094,1.00,1.60
2010.06.22 01:25:05.847,0.70925,0.70955,2.40,3.90
2010.06.22 01:25:06.096,0.70925,0.70955,2.40,3.20
2010.06.22 01:25:10.995,0.7093,0.70955,1.00,2.40
2010.06.22 01:25:11.198,0.7093,0.70955,1.00,1.60
2010.06.22 01:25:28.397,0.70935,0.7096,1.60,1.60
2010.06.22 01:25:28.588,0.70935,0.70965,2.40,3.20
2010.06.22 01:25:28.779,0.70945,0.70965,2.40,1.00
2010.06.22 01:25:30.401,0.70945,0.7097,3.20,1.60
2010.06.22 01:25:30.888,0.7095,0.7097,1.00,1.60
2010.06.22 01:25:31.762,0.70935,0.70955,1.00,4.00
2010.06.22 01:25:32.112,0.70925,0.7095,1.00,1.60
2010.06.22 01:25:32.459,0.70925,0.7095,3.20,1.60
2010.06.22 01:25:33.561,0.7093,0.70955,1.00,3.20
2010.06.22 01:25:48.239,0.7093,0.70955,1.00,4.00
2010.06.22 01:25:48.850,0.7093,0.70945,1.00,1.00
2010.06.22 01:25:49.196,0.70915,0.70935,1.00,1.60
2010.06.22 01:25:49.540,0.70915,0.70935,1.60,1.60
2010.06.22 01:25:50.255,0.70915,0.70935,1.00,1.60
2010.06.22 01:26:00.047,0.7091,0.70935,1.00,1.60
2010.06.22 01:26:01.548,0.70915,0.70935,1.00,1.60
2010.06.22 01:26:01.705,0.70915,0.7094,1.00,1.60
2010.06.22 01:26:02.052,0.7092,0.70945,1.00,3.20
2010.06.22 01:26:02.787,0.7092,0.70945,1.00,1.60
2010.06.22 01:26:03.060,0.70925,0.70945,1.00,1.60
2010.06.22 01:26:03.333,0.70925,0.70955,3.20,3.20
2010.06.22 01:26:03.870,0.7093,0.70955,1.00,1.60
2010.06.22 01:26:04.525,0.70935,0.70955,1.00,1.60
2010.06.22 01:26:04.886,0.70935,0.7096,1.00,1.60
2010.06.22 01:26:06.328,0.70935,0.7096,1.00,1.60
2010.06.22 01:26:21.241,0.70945,0.7097,1.00,1.60
2010.06.22 01:26:21.950,0.70945,0.70965,1.00,1.60
2010.06.22 01:26:33.586,0.70955,0.70975,1.00,3.20
2010.06.22 01:26:33.933,0.7095,0.7097,1.00,1.60
2010.06.22 01:26:42.701,0.7096,0.7097,5.60,1.60
2010.06.22 01:26:43.042,0.70955,0.70985,3.30,2.40
2010.06.22 01:26:43.547,0.70955,0.70985,3.30,3.20
2010.06.22 01:26:43.895,0.7095,0.70975,1.00,1.60
2010.06.22 01:26:44.593,0.7095,0.7098,2.40,3.60
2010.06.22 01:26:45.378,0.7095,0.7098,2.50,3.60
2010.06.22 01:26:45.710,0.70955,0.7098,1.00,1.60
2010.06.22 01:26:46.378,0.70955,0.7098,1.00,1.60
2010.06.22 01:26:54.877,0.7096,0.7098,1.00,1.60
2010.06.22 01:26:58.440,0.70955,0.70975,1.00,1.60
2010.06.22 01:26:59.150,0.70955,0.70975,1.00,3.20
2010.06.22 01:26:59.278,0.70955,0.70965,1.00,1.60
2010.06.22 01:26:59.667,0.70945,0.70965,1.70,1.60
2010.06.22 01:26:59.937,0.70945,0.70965,1.00,1.60
2010.06.22 01:27:00.727,0.70945,0.7096,1.00,1.60
2010.06.22 01:27:01.948,0.70945,0.7096,1.00,3.20
2010.06.22 01:27:02.077,0.7094,0.70955,1.60,1.60
2010.06.22 01:27:02.207,0.7094,0.70955,1.00,1.60
2010.06.22 01:27:02.578,0.7094,0.7096,1.00,1.60
2010.06.22 01:27:04.580,0.70945,0.7096,1.00,1.60
2010.06.22 01:27:04.661,0.70945,0.70965,1.00,3.20
2010.06.22 01:27:04.886,0.70945,0.70965,1.00,1.60
2010.06.22 01:27:04.968,0.7095,0.7097,1.60,4.40
2010.06.22 01:27:05.047,0.7095,0.7097,1.60,2.80
2010.06.22 01:27:05.127,0.7095,0.7097,1.60,2.40
2010.06.22 01:27:05.388,0.70955,0.7098,1.00,1.60
2010.06.22 01:27:06.526,0.70965,0.7098,1.00,1.60
2010.06.22 01:27:06.647,0.70965,0.70985,1.00,1.60
2010.06.22 01:27:30.027,0.70965,0.70985,1.60,1.60
2010.06.22 01:27:30.106,0.70975,0.70995,1.00,1.60
2010.06.22 01:27:35.437,0.7097,0.70995,1.00,1.60
2010.06.22 01:27:39.067,0.7097,0.70995,1.00,1.70
2010.06.22 01:27:43.985,0.70975,0.70995,1.00,1.60
2010.06.22 01:27:59.346,0.7098,0.71,1.00,1.60
2010.06.22 01:28:07.346,0.7098,0.71005,2.40,3.20
2010.06.22 01:28:07.895,0.70985,0.71005,1.00,2.40
2010.06.22 01:28:08.216,0.70985,0.71005,1.00,4.00
2010.06.22 01:28:11.836,0.7099,0.71005,1.00,2.40
2010.06.22 01:28:12.101,0.70995,0.71005,1.00,2.40
2010.06.22 01:28:13.781,0.7099,0.71005,1.70,2.40
2010.06.22 01:28:14.204,0.70995,0.71005,1.00,2.40
2010.06.22 01:28:17.840,0.7099,0.71005,1.70,2.40
2010.06.22 01:28:18.183,0.70995,0.71005,1.00,2.40
2010.06.22 01:28:30.167,0.70995,0.71005,1.00,4.00
2010.06.22 01:28:30.676,0.7099,0.71005,1.00,4.00
2010.06.22 01:28:30.885,0.70995,0.71005,1.00,2.40
2010.06.22 01:28:31.649,0.7099,0.71005,1.70,2.40
2010.06.22 01:28:33.398,0.70995,0.71005,1.00,2.40
2010.06.22 01:29:03.673,0.7102,0.71025,2.40,3.20
2010.06.22 01:29:03.985,0.7102,0.71045,3.20,1.00
2010.06.22 01:29:04.290,0.71025,0.71045,1.00,1.00
2010.06.22 01:29:05.279,0.71025,0.71045,1.00,1.00
2010.06.22 01:29:06.490,0.71035,0.71045,1.00,1.00
2010.06.22 01:29:08.178,0.71035,0.71045,1.00,1.00
2010.06.22 01:29:09.308,0.71035,0.71045,1.00,1.00
2010.06.22 01:29:10.874,0.71035,0.71055,1.00,1.00
2010.06.22 01:29:11.163,0.71035,0.71055,1.00,1.00
2010.06.22 01:29:11.956,0.71035,0.71055,1.00,1.00
2010.06.22 01:29:13.719,0.71035,0.71055,1.00,1.00
2010.06.22 01:29:13.927,0.71035,0.7106,1.00,1.60
2010.06.22 01:29:14.637,0.71035,0.71055,1.00,1.00
2010.06.22 01:29:14.981,0.7104,0.7106,1.00,1.60
2010.06.22 01:29:15.322,0.7104,0.71065,1.00,1.70
2010.06.22 01:29:16.083,0.71045,0.71065,1.00,1.00
2010.06.22 01:29:16.962,0.7105,0.71065,6.40,1.00
2010.06.22 01:29:17.147,0.7105,0.71065,7.20,1.00
2010.06.22 01:29:17.757,0.7105,0.71065,6.40,1.00
2010.06.22 01:29:18.053,0.7105,0.71065,1.00,1.00
2010.06.22 01:29:18.349,0.71045,0.71065,3.30,1.00
2010.06.22 01:29:19.512,0.7105,0.71065,1.00,1.00
2010.06.22 01:29:20.393,0.71045,0.71065,3.30,1.00
2010.06.22 01:29:22.937,0.7105,0.71075,2.40,1.60
2010.06.22 01:29:23.558,0.7105,0.71075,1.00,3.20
2010.06.22 01:29:25.047,0.7105,0.71075,1.00,3.30
2010.06.22 01:29:25.216,0.71045,0.71075,3.30,3.20
2010.06.22 01:29:26.956,0.71045,0.71075,3.30,3.30
2010.06.22 01:29:27.699,0.71045,0.71075,3.30,3.20
2010.06.22 01:29:29.488,0.7105,0.71075,1.00,1.60
2010.06.22 01:29:29.930,0.71065,0.71085,1.00,10.90
2010.06.22 01:29:30.394,0.71065,0.71085,2.40,1.00
2010.06.22 01:29:30.581,0.7107,0.7109,1.00,2.40
2010.06.22 01:29:30.892,0.7107,0.7109,2.40,1.00
2010.06.22 01:29:31.212,0.7107,0.711,2.40,3.20
2010.06.22 01:29:32.148,0.71075,0.711,1.00,2.40
2010.06.22 01:29:32.710,0.71075,0.71095,1.00,1.60
2010.06.22 01:29:36.655,0.71075,0.7109,1.00,1.60
2010.06.22 01:29:36.725,0.71065,0.7109,1.70,1.60
2010.06.22 01:29:36.787,0.71065,0.71085,1.00,1.00
2010.06.22 01:29:37.079,0.71065,0.71085,1.00,1.00
2010.06.22 01:29:37.149,0.71065,0.71075,1.00,1.00
2010.06.22 01:29:43.499,0.7105,0.71075,1.00,2.60
2010.06.22 01:29:44.342,0.7105,0.71075,1.00,1.80
2010.06.22 01:29:44.589,0.71055,0.71075,1.00,1.00
2010.06.22 01:29:44.839,0.7105,0.71075,2.40,1.00
2010.06.22 01:29:45.090,0.7105,0.71075,2.50,1.00
2010.06.22 01:29:45.340,0.7105,0.71075,1.00,2.00
2010.06.22 01:29:46.220,0.7105,0.71075,1.00,2.00
2010.06.22 01:29:46.550,0.7105,0.71075,1.00,1.90
2010.06.22 01:29:46.660,0.71055,0.71075,1.00,1.90
2010.06.22 01:29:46.767,0.71055,0.71075,1.00,1.00
2010.06.22 01:29:48.711,0.71055,0.71075,2.40,1.00
2010.06.22 01:29:48.887,0.7106,0.71075,1.00,1.00
2010.06.22 01:29:49.058,0.71055,0.71075,2.40,1.00
2010.06.22 01:29:50.176,0.71055,0.71075,2.50,1.00
2010.06.22 01:29:50.924,0.7106,0.71075,1.00,1.00
2010.06.22 01:29:51.091,0.7106,0.71075,1.00,1.00
2010.06.22 01:29:53.020,0.7106,0.71065,1.00,1.00
2010.06.22 01:29:54.729,0.7106,0.71085,1.00,3.20
2010.06.22 01:29:56.351,0.7106,0.71075,1.00,1.00
2010.06.22 01:29:59.681,0.71065,0.71075,1.00,1.00
2010.06.22 01:30:01.234,0.7106,0.71075,1.00,1.00
2010.06.22 01:30:02.987,0.7106,0.71085,1.00,3.20
2010.06.22 01:30:03.703,0.7106,0.7108,1.00,1.00
2010.06.22 01:30:03.867,0.7106,0.71085,1.00,2.40
2010.06.22 01:30:04.191,0.71065,0.7109,1.00,1.60
2010.06.22 01:30:04.812,0.71065,0.71085,1.00,1.60
2010.06.22 01:30:05.091,0.7106,0.7109,2.40,4.00
2010.06.22 01:30:05.364,0.7106,0.7108,1.00,1.00
2010.06.22 01:30:06.063,0.71055,0.7108,2.50,1.00
2010.06.22 01:30:06.372,0.7106,0.7108,1.00,1.00
2010.06.22 01:30:06.683,0.71065,0.7109,1.00,3.20
2010.06.22 01:30:06.991,0.7106,0.71085,1.00,3.30
2010.06.22 01:30:08.780,0.7106,0.71085,2.40,1.60
2010.06.22 01:30:08.949,0.7106,0.71085,2.50,1.60
2010.06.22 01:30:09.119,0.7106,0.71085,1.00,3.20
2010.06.22 01:30:09.836,0.7106,0.71085,1.00,3.20
2010.06.22 01:30:10.049,0.7106,0.71085,1.00,3.30
2010.06.22 01:30:10.253,0.7106,0.71085,2.40,1.70
2010.06.22 01:30:10.501,0.7106,0.71085,2.50,1.60
2010.06.22 01:30:10.751,0.7106,0.71085,1.00,3.30
2010.06.22 01:30:11.436,0.7106,0.71085,2.40,1.70
2010.06.22 01:30:11.620,0.7106,0.71085,2.40,1.60
2010.06.22 01:30:11.811,0.7106,0.71085,1.00,3.20
2010.06.22 01:30:12.357,0.71055,0.71085,3.20,3.20
2010.06.22 01:30:12.548,0.7106,0.71085,1.60,1.60
2010.06.22 01:30:12.860,0.7106,0.71085,1.00,3.30
2010.06.22 01:30:13.466,0.71055,0.71085,4.90,3.30
2010.06.22 01:30:13.783,0.71055,0.71075,4.90,1.00
2010.06.22 01:30:14.011,0.71055,0.71085,2.50,3.20
2010.06.22 01:30:14.670,0.71055,0.7108,2.50,1.00
2010.06.22 01:30:14.900,0.71055,0.7108,2.50,1.00
2010.06.22 01:30:15.240,0.71055,0.71085,2.50,3.20
2010.06.22 01:30:15.918,0.71055,0.71085,2.40,3.20
2010.06.22 01:30:19.479,0.71055,0.71085,2.40,3.30
2010.06.22 01:30:21.118,0.71055,0.7108,2.40,1.00
2010.06.22 01:30:22.499,0.71055,0.7107,1.00,1.60
2010.06.22 01:30:22.828,0.71055,0.7108,2.40,1.00
2010.06.22 01:30:23.970,0.71055,0.7107,1.00,1.60
2010.06.22 01:30:25.198,0.7105,0.7107,1.00,1.60
2010.06.22 01:30:25.399,0.7104,0.7105,2.40,1.60
2010.06.22 01:30:25.842,0.7104,0.71045,2.40,1.60
2010.06.22 01:30:26.183,0.71025,0.7104,1.00,1.60
2010.06.22 01:30:26.986,0.71025,0.71045,1.00,1.60
2010.06.22 01:30:27.217,0.71025,0.71035,1.00,1.60
2010.06.22 01:30:27.440,0.7102,0.71035,1.00,1.60
2010.06.22 01:30:27.665,0.71015,0.71035,1.00,1.60
2010.06.22 01:30:27.965,0.7102,0.71035,1.00,1.60
2010.06.22 01:30:28.591,0.7102,0.7104,1.00,1.60
2010.06.22 01:30:28.897,0.71025,0.7104,1.00,1.60
2010.06.22 01:30:29.194,0.71025,0.7105,2.40,1.60
2010.06.22 01:30:29.649,0.71025,0.7105,2.50,1.60
2010.06.22 01:30:29.947,0.71025,0.7105,1.70,1.60
2010.06.22 01:30:30.296,0.71025,0.71045,1.70,1.60
2010.06.22 01:30:33.649,0.7103,0.7105,1.60,1.00
2010.06.22 01:30:34.499,0.7103,0.71055,1.60,1.60
2010.06.22 01:30:34.841,0.71045,0.71065,1.60,1.00
2010.06.22 01:30:35.768,0.7105,0.7107,1.60,1.60
2010.06.22 01:30:35.968,0.7105,0.7107,1.60,1.00
2010.06.22 01:30:36.419,0.7105,0.71075,2.40,1.60
2010.06.22 01:30:38.231,0.7105,0.71075,2.50,1.60
2010.06.22 01:30:39.537,0.71055,0.71075,1.60,1.00
2010.06.22 01:30:39.794,0.7105,0.71075,2.50,1.60
2010.06.22 01:30:40.050,0.7105,0.71075,1.70,1.60
2010.06.22 01:30:40.551,0.7105,0.71075,1.60,1.60
2010.06.22 01:30:41.394,0.7105,0.7108,2.40,3.20
2010.06.22 01:30:41.745,0.7105,0.7108,2.50,3.20
2010.06.22 01:30:44.015,0.7105,0.71075,2.50,1.60
2010.06.22 01:30:45.087,0.71055,0.71075,1.60,1.60
2010.06.22 01:30:45.547,0.7105,0.71075,2.50,1.60
2010.06.22 01:30:46.559,0.71045,0.71075,4.10,3.20
2010.06.22 01:30:46.737,0.71045,0.71075,2.50,3.20
2010.06.22 01:30:48.384,0.71045,0.7107,1.70,1.60
2010.06.22 01:30:50.143,0.71045,0.71065,1.70,1.60
2010.06.22 01:30:50.999,0.7104,0.71065,1.70,1.60
2010.06.22 01:30:51.976,0.71045,0.71065,1.60,1.60
2010.06.22 01:30:53.891,0.7104,0.71065,1.70,1.60
2010.06.22 01:30:54.863,0.7104,0.71065,1.60,1.60
2010.06.22 01:30:55.138,0.71045,0.71065,1.60,1.60
2010.06.22 01:30:56.575,0.71045,0.71065,1.60,1.60
2010.06.22 01:30:56.786,0.71035,0.7106,2.50,1.60
2010.06.22 01:30:56.990,0.71035,0.7106,1.70,1.60
2010.06.22 01:30:57.589,0.7104,0.7106,1.60,1.60
2010.06.22 01:30:57.933,0.71055,0.71075,1.60,1.00
2010.06.22 01:30:58.281,0.7105,0.71075,3.20,1.60
2010.06.22 01:30:59.246,0.7105,0.71075,2.40,1.00
2010.06.22 01:30:59.594,0.7105,0.71075,1.70,1.60
2010.06.22 01:31:00.729,0.7105,0.7107,1.70,1.60
2010.06.22 01:31:01.255,0.7105,0.7107,1.60,1.60
2010.06.22 01:31:01.510,0.7105,0.7107,1.70,1.60
2010.06.22 01:31:05.934,0.7105,0.7107,1.70,1.00
2010.06.22 01:31:06.122,0.7105,0.71075,1.70,1.60
2010.06.22 01:31:15.347,0.71055,0.71075,1.00,1.60
2010.06.22 01:31:15.689,0.71055,0.71075,1.60,1.60
2010.06.22 01:31:17.416,0.71055,0.71075,1.70,1.60
2010.06.22 01:31:19.533,0.71055,0.7108,2.50,1.60
2010.06.22 01:31:19.803,0.7108,0.711,1.60,4.00
2010.06.22 01:31:20.076,0.71075,0.711,2.40,1.00
2010.06.22 01:31:20.569,0.71075,0.71105,4.80,8.00
2010.06.22 01:31:20.875,0.71075,0.71105,4.90,5.60
2010.06.22 01:31:21.627,0.71075,0.71105,2.50,5.60
2010.06.22 01:31:22.558,0.71075,0.711,1.70,1.60
2010.06.22 01:31:23.793,0.7107,0.71095,1.70,1.70
2010.06.22 01:31:24.021,0.7107,0.71095,1.60,1.70
2010.06.22 01:31:24.686,0.71065,0.71095,4.90,3.30
2010.06.22 01:31:25.033,0.7107,0.71095,4.00,2.50
2010.06.22 01:31:25.791,0.7107,0.71095,4.10,2.50
2010.06.22 01:31:26.138,0.7107,0.71095,4.10,1.70
2010.06.22 01:31:26.419,0.7107,0.71095,1.70,1.70
2010.06.22 01:31:32.876,0.7107,0.7109,1.70,1.60
2010.06.22 01:31:35.557,0.7107,0.7109,1.70,1.00
2010.06.22 01:31:35.897,0.7107,0.71095,1.70,1.60
2010.06.22 01:31:53.814,0.71065,0.7109,1.70,1.60
2010.06.22 01:31:54.145,0.7106,0.71085,6.50,1.60
2010.06.22 01:31:56.627,0.71065,0.71085,1.60,1.60
2010.06.22 01:31:56.817,0.71065,0.7109,1.60,2.40
2010.06.22 01:31:57.007,0.71065,0.7109,1.60,1.60
2010.06.22 01:31:59.688,0.71065,0.7109,1.70,1.60
2010.06.22 01:32:07.220,0.7107,0.7109,1.60,1.00
2010.06.22 01:32:09.242,0.7107,0.7109,1.70,1.00
2010.06.22 01:32:15.301,0.7107,0.71095,1.70,1.60
2010.06.22 01:32:19.509,0.7107,0.71095,2.50,1.00
2010.06.22 01:32:24.098,0.7107,0.71095,1.70,1.60
2010.06.22 01:32:25.072,0.7107,0.7109,1.70,1.00
2010.06.22 01:32:29.368,0.7107,0.71095,2.50,1.60
2010.06.22 01:32:35.564,0.7107,0.71095,9.70,1.00
2010.06.22 01:32:35.736,0.7107,0.71095,4.90,1.00
2010.06.22 01:32:35.902,0.7107,0.71095,2.50,1.00
2010.06.22 01:32:36.480,0.7107,0.71095,2.50,1.60
2010.06.22 01:32:38.315,0.71075,0.711,1.60,1.60
2010.06.22 01:32:41.877,0.7108,0.711,1.60,1.60
2010.06.22 01:32:42.934,0.7108,0.71105,1.60,4.00
2010.06.22 01:32:43.481,0.71085,0.71105,1.60,2.40
2010.06.22 01:32:44.970,0.7108,0.711,1.70,1.00
2010.06.22 01:32:45.314,0.7108,0.71105,1.70,4.00
2010.06.22 01:32:46.209,0.71085,0.71105,1.60,2.40
2010.06.22 01:32:48.008,0.71085,0.71105,2.40,2.40
2010.06.22 01:32:48.751,0.71085,0.71105,1.60,2.40
2010.06.22 01:32:49.428,0.71085,0.71105,1.70,2.40
2010.06.22 01:32:50.718,0.7108,0.711,1.70,1.00
2010.06.22 01:32:53.117,0.7108,0.71105,1.70,4.00
2010.06.22 01:32:53.317,0.7109,0.71105,1.60,4.00
2010.06.22 01:32:53.639,0.71095,0.71105,1.60,2.40
2010.06.22 01:32:54.755,0.7109,0.71105,2.40,2.40
2010.06.22 01:32:54.979,0.7109,0.71105,1.60,2.40
2010.06.22 01:33:03.075,0.71085,0.71105,2.40,2.40
2010.06.22 01:33:03.264,0.71085,0.71105,1.60,4.00
2010.06.22 01:33:03.616,0.7108,0.71105,1.70,4.00
2010.06.22 01:33:03.961,0.7108,0.711,1.70,1.00
2010.06.22 01:33:04.788,0.7108,0.711,1.70,1.60
2010.06.22 01:33:06.136,0.7108,0.711,1.00,1.60
2010.06.22 01:33:06.466,0.71075,0.711,1.60,4.00
2010.06.22 01:33:06.793,0.7107,0.71095,4.10,1.60
2010.06.22 01:33:08.167,0.7107,0.71095,4.00,1.60
2010.06.22 01:33:08.380,0.7107,0.71095,1.60,4.00
2010.06.22 01:33:08.587,0.7107,0.7109,1.00,1.60
2010.06.22 01:33:11.148,0.71065,0.7109,2.50,1.60
2010.06.22 01:33:22.879,0.7107,0.71095,1.00,3.20
2010.06.22 01:33:23.633,0.71075,0.711,2.40,1.60
2010.06.22 01:33:26.129,0.71075,0.711,2.40,1.60
2010.06.22 01:33:26.628,0.71075,0.711,2.40,1.60
2010.06.22 01:33:29.657,0.71075,0.71105,2.40,5.60
2010.06.22 01:33:32.838,0.71075,0.711,2.40,1.60
2010.06.22 01:33:38.048,0.71075,0.71105,2.40,5.60
2010.06.22 01:33:47.147,0.7108,0.71105,1.60,5.60
2010.06.22 01:33:47.303,0.71085,0.71105,3.20,2.40
2010.06.22 01:33:47.891,0.7109,0.71105,1.60,2.40
2010.06.22 01:33:54.137,0.711,0.71105,1.60,2.40
2010.06.22 01:33:57.039,0.711,0.71105,4.00,2.40
2010.06.22 01:33:57.509,0.71105,0.7112,1.60,4.00
2010.06.22 01:33:59.264,0.71105,0.7113,1.70,4.00
2010.06.22 01:34:05.878,0.71105,0.7113,1.70,1.60
2010.06.22 01:34:06.950,0.7112,0.7114,2.40,1.40
2010.06.22 01:34:07.099,0.71125,0.7114,1.60,1.00
2010.06.22 01:34:09.352,0.71125,0.7114,1.70,1.00
2010.06.22 01:34:11.074,0.71125,0.7114,1.70,1.00
2010.06.22 01:34:12.190,0.7113,0.7114,1.00,1.00
2010.06.22 01:34:12.928,0.7113,0.7114,1.00,1.00
2010.06.22 01:34:13.218,0.7113,0.7114,1.00,1.00
2010.06.22 01:34:15.849,0.7113,0.7114,1.00,1.00
2010.06.22 01:34:17.297,0.7113,0.7114,1.70,1.00
2010.06.22 01:34:17.756,0.7113,0.71155,2.50,4.80
2010.06.22 01:34:17.931,0.71135,0.71155,1.00,4.80
2010.06.22 01:34:18.102,0.7113,0.71155,3.20,4.80
2010.06.22 01:34:18.279,0.7114,0.71155,1.00,1.60
2010.06.22 01:34:18.561,0.71145,0.71175,4.80,2.00
2010.06.22 01:34:18.839,0.71145,0.71175,4.00,2.00
2010.06.22 01:34:19.549,0.7115,0.71175,1.00,1.60
2010.06.22 01:34:23.738,0.71145,0.71175,4.10,1.60
2010.06.22 01:34:25.346,0.71145,0.7117,4.10,1.00
2010.06.22 01:34:27.142,0.7115,0.7117,1.00,1.00
2010.06.22 01:34:28.308,0.71155,0.7117,1.00,1.00
2010.06.22 01:34:28.589,0.71155,0.71175,1.00,1.60
2010.06.22 01:34:29.070,0.7116,0.71175,1.00,1.60
2010.06.22 01:34:29.749,0.71155,0.71175,1.00,1.60
2010.06.22 01:34:30.544,0.71145,0.71175,4.10,1.60
2010.06.22 01:34:37.490,0.7115,0.71175,1.00,1.60
2010.06.22 01:34:37.682,0.71145,0.71175,4.10,1.60
2010.06.22 01:34:38.849,0.71145,0.7117,1.00,1.60
2010.06.22 01:34:40.388,0.71145,0.7117,1.00,1.60
2010.06.22 01:34:44.110,0.71145,0.7117,1.00,3.20
2010.06.22 01:34:47.608,0.7114,0.7117,5.60,3.20
2010.06.22 01:34:51.722,0.71145,0.7117,1.00,3.20
2010.06.22 01:34:52.527,0.71145,0.71165,1.00,1.60
2010.06.22 01:34:52.599,0.71145,0.7116,1.00,1.60
2010.06.22 01:34:52.668,0.71145,0.7116,1.00,2.40
2010.06.22 01:34:52.739,0.7114,0.7116,1.00,4.00
2010.06.22 01:34:53.521,0.71135,0.7116,2.40,3.20
2010.06.22 01:34:53.852,0.71135,0.71155,1.00,1.60
2010.06.22 01:34:55.800,0.7114,0.71165,2.40,12.40
2010.06.22 01:34:55.931,0.7114,0.71165,2.40,1.00
2010.06.22 01:34:56.398,0.7114,0.71165,3.20,1.00
2010.06.22 01:34:56.747,0.7114,0.7117,5.60,2.00
2010.06.22 01:34:57.092,0.71145,0.7117,1.00,1.60
2010.06.22 01:34:58.718,0.71145,0.7117,1.00,1.00
2010.06.22 01:35:00.349,0.71145,0.7117,1.00,1.60
2010.06.22 01:35:01.083,0.7114,0.71165,1.60,3.20
2010.06.22 01:35:02.974,0.71145,0.71165,1.60,1.60
2010.06.22 01:35:03.274,0.7114,0.71165,1.60,3.20
2010.06.22 01:35:04.252,0.7114,0.71165,4.00,1.60
2010.06.22 01:35:04.524,0.7114,0.7117,5.60,3.30
2010.06.22 01:35:05.063,0.7114,0.7117,5.60,3.20
2010.06.22 01:35:06.070,0.7114,0.71165,1.60,3.20
2010.06.22 01:35:06.382,0.71135,0.7116,2.40,6.40
2010.06.22 01:35:06.589,0.71135,0.7116,1.00,6.40
2010.06.22 01:35:06.799,0.71135,0.7116,1.00,7.20
2010.06.22 01:35:09.170,0.71135,0.7116,1.00,4.80
2010.06.22 01:35:09.503,0.71145,0.7117,1.00,3.20
2010.06.22 01:35:09.850,0.71145,0.71175,4.00,4.80
2010.06.22 01:35:10.577,0.7115,0.71175,1.60,4.80
2010.06.22 01:35:12.831,0.71145,0.7117,1.00,3.20
2010.06.22 01:35:12.990,0.71145,0.71165,1.00,1.60
2010.06.22 01:35:13.148,0.7114,0.71165,1.60,1.60
2010.06.22 01:35:13.308,0.7114,0.7117,2.40,3.20
2010.06.22 01:35:14.223,0.7114,0.7117,2.50,3.20
2010.06.22 01:35:19.667,0.7114,0.7117,4.00,3.20
2010.06.22 01:35:19.918,0.71145,0.7117,1.60,1.60
2010.06.22 01:35:21.398,0.71145,0.7117,2.40,1.00
2010.06.22 01:35:23.208,0.71155,0.7117,1.00,1.00
2010.06.22 01:35:40.023,0.71155,0.7117,1.00,1.00
2010.06.22 01:35:42.595,0.71155,0.71175,1.00,1.60
2010.06.22 01:35:43.283,0.71165,0.71175,4.00,1.60
2010.06.22 01:35:43.521,0.7117,0.7119,4.00,2.40
2010.06.22 01:35:44.158,0.71185,0.71205,1.60,2.40
2010.06.22 01:35:45.079,0.71185,0.71205,2.40,2.40
2010.06.22 01:35:46.899,0.71185,0.71205,1.00,5.60
2010.06.22 01:35:47.657,0.7117,0.7119,1.00,1.60
2010.06.22 01:35:47.979,0.7117,0.71195,1.00,3.20
2010.06.22 01:35:48.318,0.7117,0.71195,1.00,2.40
2010.06.22 01:35:51.209,0.71165,0.71195,2.90,3.20
2010.06.22 01:35:52.909,0.71175,0.71195,1.60,1.00
2010.06.22 01:35:53.148,0.71175,0.712,2.40,1.00
2010.06.22 01:35:53.388,0.71175,0.712,1.00,4.80
2010.06.22 01:35:53.697,0.71175,0.712,1.00,6.40
2010.06.22 01:35:54.429,0.71175,0.71195,1.00,1.00
2010.06.22 01:35:54.661,0.71175,0.712,1.00,3.20
2010.06.22 01:35:54.887,0.71175,0.712,2.40,1.60
2010.06.22 01:35:55.118,0.71175,0.71195,1.60,1.00
2010.06.22 01:35:55.801,0.71175,0.71195,1.60,1.60
2010.06.22 01:35:57.539,0.71165,0.7119,2.40,1.60
2010.06.22 01:36:00.418,0.71165,0.71185,1.00,1.00
2010.06.22 01:36:00.591,0.7116,0.71185,1.00,2.40
2010.06.22 01:36:01.215,0.7116,0.71185,1.60,1.60
2010.06.22 01:36:01.391,0.71155,0.71185,5.00,3.20
2010.06.22 01:36:01.733,0.71155,0.71185,2.60,3.20
2010.06.22 01:36:03.238,0.71155,0.71185,9.00,3.20
2010.06.22 01:36:03.741,0.7116,0.71185,1.60,1.60
2010.06.22 01:36:05.738,0.7116,0.71185,1.60,1.70
2010.06.22 01:36:06.208,0.7116,0.71185,1.60,1.60
2010.06.22 01:36:06.449,0.71155,0.71185,4.20,3.20
2010.06.22 01:36:07.428,0.71155,0.71185,4.20,3.30
2010.06.22 01:36:10.124,0.71155,0.7118,4.20,1.00
2010.06.22 01:36:10.221,0.71155,0.7117,1.80,2.40
2010.06.22 01:36:10.299,0.7115,0.7117,4.80,3.20
2010.06.22 01:36:10.798,0.7115,0.7116,1.00,1.00
2010.06.22 01:36:10.890,0.7113,0.7116,4.00,1.60
2010.06.22 01:36:10.973,0.71135,0.71155,1.60,1.60
2010.06.22 01:36:11.138,0.71135,0.71155,1.60,1.00
2010.06.22 01:36:11.765,0.71135,0.7116,1.60,1.60
2010.06.22 01:36:15.750,0.7114,0.7116,1.60,1.60
2010.06.22 01:36:15.888,0.7114,0.71165,1.60,1.60
2010.06.22 01:36:18.337,0.7114,0.71165,1.60,1.70
2010.06.22 01:36:19.143,0.71145,0.7117,1.60,1.70
2010.06.22 01:36:20.111,0.71145,0.7117,2.40,1.60
2010.06.22 01:36:20.821,0.71155,0.7118,1.60,1.60
2010.06.22 01:36:21.859,0.7116,0.7119,2.40,3.20
2010.06.22 01:36:23.407,0.7116,0.7119,2.50,3.20
2010.06.22 01:36:24.453,0.71165,0.7119,1.60,1.60
2010.06.22 01:36:24.801,0.71165,0.7119,2.40,1.00
2010.06.22 01:36:25.389,0.71165,0.7119,2.40,1.00
2010.06.22 01:36:26.585,0.71165,0.7119,2.50,1.00
2010.06.22 01:36:26.702,0.71165,0.7119,2.40,1.00
2010.06.22 01:36:29.059,0.7117,0.71195,2.40,2.40
2010.06.22 01:36:29.750,0.7117,0.71195,6.40,1.00
2010.06.22 01:36:30.467,0.7117,0.71195,5.60,1.00
2010.06.22 01:36:30.626,0.7117,0.71195,5.60,1.00
2010.06.22 01:36:31.088,0.7117,0.71195,5.20,1.00
2010.06.22 01:36:31.263,0.7117,0.71195,5.20,1.00
2010.06.22 01:36:33.708,0.7117,0.71195,4.40,1.60
2010.06.22 01:36:33.938,0.7117,0.71195,2.40,3.20
2010.06.22 01:36:34.167,0.71165,0.71195,2.40,3.20
2010.06.22 01:36:35.390,0.71165,0.71195,2.40,3.30
2010.06.22 01:36:40.417,0.71165,0.71195,2.40,3.20
2010.06.22 01:36:46.424,0.71165,0.71195,2.40,3.30
2010.06.22 01:36:47.067,0.71165,0.71195,2.40,3.20
2010.06.22 01:36:48.366,0.71165,0.71195,2.40,3.30
2010.06.22 01:36:51.048,0.71165,0.71195,2.40,3.20
2010.06.22 01:36:54.816,0.71165,0.71195,2.40,3.30
2010.06.22 01:36:56.382,0.71165,0.7119,1.00,5.60
2010.06.22 01:36:56.922,0.71165,0.7119,2.40,1.70
2010.06.22 01:36:58.052,0.71165,0.7119,1.00,3.20
2010.06.22 01:36:58.368,0.71155,0.7118,1.00,4.80
2010.06.22 01:36:58.675,0.71155,0.71175,1.00,1.60
2010.06.22 01:36:59.401,0.71145,0.7117,1.00,5.60
2010.06.22 01:37:00.534,0.71145,0.7117,1.00,4.80
2010.06.22 01:37:00.793,0.7114,0.7117,6.40,4.80
2010.06.22 01:37:01.298,0.7114,0.71165,6.40,1.00
2010.06.22 01:37:03.013,0.7114,0.71165,4.80,1.00
2010.06.22 01:37:07.369,0.7114,0.71165,4.80,1.00
2010.06.22 01:37:08.651,0.7114,0.7116,2.40,2.40
2010.06.22 01:37:09.198,0.7114,0.7116,1.00,3.20
2010.06.22 01:37:09.495,0.7113,0.7114,1.60,1.60
2010.06.22 01:37:09.791,0.71115,0.7114,3.50,1.60
2010.06.22 01:37:10.442,0.71115,0.7114,2.40,1.60
2010.06.22 01:37:10.688,0.71135,0.71155,2.40,1.00
2010.06.22 01:37:10.931,0.71135,0.7116,2.40,1.60
2010.06.22 01:37:12.726,0.7112,0.7115,5.70,10.10
2010.06.22 01:37:13.318,0.7112,0.7115,5.60,9.30
2010.06.22 01:37:13.588,0.7113,0.71155,2.40,1.00
2010.06.22 01:37:13.850,0.7113,0.71155,2.40,1.60
2010.06.22 01:37:14.601,0.7112,0.71135,2.40,1.00
2010.06.22 01:37:14.945,0.7111,0.71135,1.70,1.60
2010.06.22 01:37:20.098,0.7111,0.71135,1.60,1.60
2010.06.22 01:37:22.510,0.7111,0.7113,1.60,1.00
2010.06.22 01:37:22.856,0.71105,0.7113,2.50,1.60
2010.06.22 01:37:23.040,0.71105,0.7113,1.70,1.60
2010.06.22 01:37:23.219,0.71105,0.7113,1.60,1.60
2010.06.22 01:37:24.158,0.7112,0.7113,1.60,1.60
2010.06.22 01:37:24.501,0.7112,0.7113,3.20,1.00
2010.06.22 01:37:24.842,0.7112,0.7113,1.00,1.60
2010.06.22 01:37:25.188,0.71105,0.7113,1.60,1.60
2010.06.22 01:37:26.748,0.71105,0.7113,1.70,1.60
2010.06.22 01:37:27.439,0.7111,0.7113,1.60,1.60
2010.06.22 01:37:28.321,0.7111,0.7113,1.70,1.60
2010.06.22 01:37:29.000,0.7111,0.71135,1.70,1.60
2010.06.22 01:37:29.339,0.7111,0.71135,1.60,1.60
2010.06.22 01:37:31.482,0.7111,0.7113,1.60,1.00
2010.06.22 01:37:31.749,0.71105,0.7113,2.50,1.60
2010.06.22 01:37:33.699,0.71105,0.7113,2.40,1.60
2010.06.22 01:37:34.293,0.711,0.7112,1.60,1.00
2010.06.22 01:37:34.646,0.711,0.71125,1.60,1.60
2010.06.22 01:37:34.994,0.7112,0.7113,3.20,1.60
2010.06.22 01:37:35.339,0.71125,0.7113,1.60,1.60
2010.06.22 01:37:36.575,0.7112,0.7113,1.60,1.60
2010.06.22 01:37:36.736,0.71115,0.71125,1.60,1.60
2010.06.22 01:37:36.893,0.71115,0.71125,1.60,1.00
2010.06.22 01:37:37.828,0.7112,0.7113,1.60,1.00
2010.06.22 01:37:38.182,0.7111,0.7113,1.60,4.00
2010.06.22 01:37:38.525,0.71135,0.71145,1.60,2.10
2010.06.22 01:37:39.074,0.7113,0.71145,1.60,1.20
2010.06.22 01:37:39.396,0.71125,0.7114,1.60,1.00
2010.06.22 01:37:39.705,0.7113,0.7114,1.60,1.00
2010.06.22 01:37:40.050,0.71125,0.7114,1.60,1.60
2010.06.22 01:37:40.889,0.71115,0.7114,1.00,3.20
2010.06.22 01:37:42.177,0.71115,0.71135,1.00,1.60
2010.06.22 01:37:42.477,0.71105,0.7113,2.40,1.00
2010.06.22 01:37:42.782,0.71105,0.7113,2.40,1.60
2010.06.22 01:37:43.373,0.71105,0.7113,2.50,1.60
2010.06.22 01:37:44.486,0.711,0.7113,2.50,3.20
2010.06.22 01:37:45.452,0.71095,0.71115,3.20,3.20
2010.06.22 01:37:45.724,0.71095,0.7111,2.40,1.60
2010.06.22 01:37:46.782,0.71095,0.71105,2.40,3.20
2010.06.22 01:37:47.078,0.71095,0.71105,2.40,1.60
2010.06.22 01:37:48.057,0.71095,0.711,2.40,2.40
2010.06.22 01:37:48.648,0.71095,0.711,2.40,2.40
2010.06.22 01:37:58.686,0.71095,0.711,2.40,1.00
2010.06.22 01:37:59.374,0.71095,0.71105,2.40,1.60
2010.06.22 01:37:59.820,0.71095,0.71115,4.00,2.00
2010.06.22 01:38:00.140,0.711,0.7112,1.60,1.00
2010.06.22 01:38:00.887,0.71115,0.71135,1.60,1.60
2010.06.22 01:38:04.968,0.71115,0.7114,1.60,1.60
2010.06.22 01:38:05.692,0.71125,0.7115,1.60,1.00
2010.06.22 01:38:05.999,0.71125,0.7115,2.40,1.00
2010.06.22 01:38:07.881,0.71125,0.7115,2.40,1.60
2010.06.22 01:38:08.585,0.71125,0.71145,1.00,1.60
2010.06.22 01:38:08.921,0.71115,0.71145,2.40,3.20
2010.06.22 01:38:10.127,0.71115,0.71145,2.50,3.20
2010.06.22 01:38:11.310,0.7112,0.71145,1.00,1.60
2010.06.22 01:38:17.888,0.7112,0.71145,1.00,1.60
2010.06.22 01:38:18.107,0.71125,0.71145,1.00,1.60
2010.06.22 01:38:22.016,0.7112,0.71145,1.00,2.40
2010.06.22 01:38:25.069,0.7112,0.71145,1.00,2.50
2010.06.22 01:38:25.798,0.7112,0.71145,1.00,2.40
2010.06.22 01:38:26.049,0.71115,0.7114,1.00,1.60
2010.06.22 01:38:26.712,0.71115,0.7114,1.00,3.20
2010.06.22 01:38:28.233,0.7111,0.71135,1.00,3.20
2010.06.22 01:38:29.296,0.71105,0.7113,1.00,1.60
2010.06.22 01:38:30.078,0.711,0.7113,2.40,3.20
2010.06.22 01:38:31.334,0.71105,0.71135,3.20,3.20
2010.06.22 01:38:33.019,0.71105,0.71135,2.40,3.20
2010.06.22 01:38:33.657,0.71105,0.71135,2.40,3.30
2010.06.22 01:38:34.562,0.71105,0.7113,2.40,1.00
2010.06.22 01:38:36.705,0.71105,0.7113,1.20,3.20
2010.06.22 01:38:36.913,0.71105,0.7113,1.60,3.20
2010.06.22 01:38:39.627,0.71105,0.7113,1.20,3.20
2010.06.22 01:38:39.827,0.71105,0.7113,1.00,3.20
2010.06.22 01:38:40.864,0.71105,0.7113,1.60,3.20
2010.06.22 01:38:41.062,0.71105,0.7113,1.20,3.20
2010.06.22 01:38:41.318,0.71105,0.7113,1.00,3.20
2010.06.22 01:38:44.750,0.71105,0.7113,1.60,3.20
2010.06.22 01:38:46.645,0.71105,0.7113,1.20,3.20
2010.06.22 01:38:47.194,0.71105,0.7113,1.00,3.20
2010.06.22 01:38:47.354,0.711,0.7113,2.40,3.30
2010.06.22 01:38:48.530,0.711,0.71125,1.00,3.20
2010.06.22 01:38:48.984,0.71095,0.71125,7.20,4.80
2010.06.22 01:38:49.332,0.71095,0.71125,4.80,4.80
2010.06.22 01:38:51.533,0.71095,0.71125,4.80,4.90
2010.06.22 01:38:53.561,0.71095,0.7112,4.80,1.00
2010.06.22 01:38:53.810,0.71095,0.7112,3.20,5.60
2010.06.22 01:38:54.548,0.71095,0.71115,2.40,3.20
2010.06.22 01:38:55.481,0.71095,0.71115,2.40,3.30
2010.06.22 01:38:58.256,0.71095,0.71115,2.40,4.00
2010.06.22 01:38:58.485,0.71095,0.7111,2.40,1.60
2010.06.22 01:39:01.408,0.71095,0.71105,2.40,1.60
2010.06.22 01:39:01.755,0.71095,0.711,2.40,1.60
2010.06.22 01:39:02.022,0.71095,0.71105,2.40,3.20
2010.06.22 01:39:02.966,0.71095,0.7111,2.40,4.80
2010.06.22 01:39:03.198,0.71095,0.71105,2.40,1.60
2010.06.22 01:39:05.739,0.71095,0.71105,2.40,3.20
2010.06.22 01:39:06.624,0.71095,0.711,2.40,1.60
2010.06.22 01:39:07.914,0.71095,0.711,2.40,2.40
2010.06.22 01:39:12.237,0.71095,0.711,2.40,1.00
2010.06.22 01:39:13.280,0.7106,0.71085,4.80,2.40
2010.06.22 01:39:13.622,0.7106,0.71085,1.60,3.20
2010.06.22 01:39:14.139,0.71095,0.711,2.40,1.60
2010.06.22 01:39:14.488,0.7104,0.71075,2.40,1.00
2010.06.22 01:39:14.832,0.7104,0.71075,1.00,2.40
2010.06.22 01:39:15.171,0.7104,0.7108,2.40,3.20
2010.06.22 01:39:16.781,0.7105,0.71075,2.40,1.00
2010.06.22 01:39:16.889,0.7105,0.71075,1.00,2.40
2010.06.22 01:39:17.221,0.71045,0.71075,2.40,3.20
2010.06.22 01:39:18.332,0.71045,0.71075,2.50,3.20
2010.06.22 01:39:18.675,0.71045,0.7107,2.40,1.60
2010.06.22 01:39:19.199,0.71045,0.7107,1.00,3.20
2010.06.22 01:39:22.521,0.7104,0.71065,1.00,2.40
2010.06.22 01:39:23.198,0.7104,0.71065,2.40,1.00
2010.06.22 01:39:24.327,0.71045,0.71065,1.00,1.60
2010.06.22 01:39:27.129,0.71045,0.71075,2.40,14.00
2010.06.22 01:39:27.357,0.71045,0.7105,1.60,1.60
2010.06.22 01:39:27.575,0.7103,0.71035,2.80,3.20
2010.06.22 01:39:28.339,0.71005,0.7103,1.00,2.40
2010.06.22 01:39:28.662,0.71005,0.7103,1.00,2.80
2010.06.22 01:39:29.284,0.71005,0.71025,1.00,1.00
2010.06.22 01:39:29.973,0.71,0.71025,2.40,1.00
2010.06.22 01:39:30.771,0.71,0.71025,1.70,1.60
2010.06.22 01:39:31.112,0.71005,0.71025,1.60,1.00
2010.06.22 01:39:31.908,0.71,0.71025,1.70,1.60
2010.06.22 01:39:32.512,0.71005,0.71025,1.00,1.60
2010.06.22 01:39:33.301,0.71,0.71025,1.70,1.60
2010.06.22 01:39:34.041,0.71,0.71025,1.60,1.60
2010.06.22 01:39:35.398,0.71,0.71025,1.70,1.60
2010.06.22 01:39:36.253,0.71005,0.71025,1.00,1.60
2010.06.22 01:39:36.402,0.71005,0.71025,1.00,1.00
2010.06.22 01:39:36.541,0.71005,0.71025,1.00,1.00
2010.06.22 01:39:37.470,0.7101,0.7103,1.00,3.20
2010.06.22 01:39:37.813,0.71005,0.7103,4.10,1.00
2010.06.22 01:39:38.610,0.7103,0.71055,1.00,1.70
2010.06.22 01:39:38.954,0.7103,0.71055,2.40,1.00
2010.06.22 01:39:40.609,0.7103,0.71055,1.60,1.70
2010.06.22 01:39:41.546,0.71025,0.71055,2.40,3.30
2010.06.22 01:39:44.718,0.71025,0.7105,1.00,1.60
2010.06.22 01:39:45.000,0.7102,0.71045,2.40,1.60
2010.06.22 01:39:45.714,0.71015,0.7104,1.00,3.20
2010.06.22 01:39:48.251,0.7101,0.71035,2.40,1.00
2010.06.22 01:39:48.337,0.7101,0.71035,2.40,1.60
2010.06.22 01:39:50.753,0.71015,0.7104,1.00,3.20
2010.06.22 01:39:51.341,0.7101,0.71035,2.40,1.60
2010.06.22 01:39:53.428,0.7101,0.7104,2.40,3.20
2010.06.22 01:39:54.339,0.71015,0.7104,1.00,3.20
2010.06.22 01:40:00.586,0.71015,0.7104,2.40,1.60
2010.06.22 01:40:03.039,0.71015,0.7104,1.00,3.20
2010.06.22 01:40:03.642,0.7101,0.7104,2.40,3.20
2010.06.22 01:40:03.908,0.7101,0.7104,4.00,3.20
2010.06.22 01:40:04.175,0.71015,0.7104,1.60,1.60
2010.06.22 01:40:04.819,0.7101,0.7104,2.40,3.20
2010.06.22 01:40:09.386,0.7101,0.71035,2.40,1.60
2010.06.22 01:40:10.775,0.71005,0.71035,2.50,3.20
2010.06.22 01:40:11.007,0.71005,0.71035,6.40,2.40
2010.06.22 01:40:11.236,0.7101,0.7104,2.40,4.00
2010.06.22 01:40:11.870,0.70995,0.71015,2.40,3.20
2010.06.22 01:40:12.695,0.70995,0.71015,2.40,1.60
2010.06.22 01:40:13.050,0.70995,0.71,2.40,1.60
2010.06.22 01:40:13.936,0.70995,0.71,2.40,1.00
2010.06.22 01:40:14.226,0.70995,0.71005,2.40,1.60
2010.06.22 01:40:15.338,0.70995,0.7101,2.40,1.60
2010.06.22 01:40:15.687,0.70995,0.71015,2.40,3.20
2010.06.22 01:40:16.932,0.70995,0.7101,2.40,3.20
2010.06.22 01:40:19.213,0.70995,0.7101,2.40,2.40
2010.06.22 01:40:19.566,0.70995,0.7102,3.20,1.60
2010.06.22 01:40:19.912,0.71,0.71025,1.00,4.80
2010.06.22 01:40:20.700,0.71025,0.7105,1.00,3.20
2010.06.22 01:40:21.045,0.7103,0.71055,2.40,1.00
2010.06.22 01:40:21.861,0.71025,0.7105,1.00,3.20
2010.06.22 01:40:23.021,0.7102,0.71045,1.60,1.60
2010.06.22 01:40:23.368,0.7102,0.7105,1.60,3.20
2010.06.22 01:40:24.152,0.71035,0.71055,1.60,1.00
2010.06.22 01:40:24.498,0.71035,0.71065,2.40,3.20
2010.06.22 01:40:26.855,0.71035,0.71065,2.40,3.30
2010.06.22 01:40:28.073,0.71025,0.71045,1.00,1.60
2010.06.22 01:40:32.370,0.71025,0.71045,1.00,1.70
2010.06.22 01:40:32.887,0.71025,0.71045,1.00,1.60
2010.06.22 01:40:33.617,0.71025,0.71045,1.00,1.70
2010.06.22 01:40:40.528,0.71025,0.71045,1.00,1.60
2010.06.22 01:40:44.096,0.71015,0.71045,2.40,3.20
2010.06.22 01:40:49.164,0.7102,0.71045,1.00,1.60
2010.06.22 01:40:51.674,0.71035,0.71055,2.40,2.40
2010.06.22 01:40:51.747,0.71035,0.7106,2.40,1.00
2010.06.22 01:40:51.828,0.71035,0.7106,1.00,1.60
2010.06.22 01:40:54.623,0.71035,0.7106,1.00,2.40
2010.06.22 01:40:54.792,0.71035,0.7106,1.00,3.20
2010.06.22 01:40:58.049,0.7103,0.7106,2.40,3.20
2010.06.22 01:40:58.848,0.71035,0.7106,1.00,3.20
2010.06.22 01:40:59.187,0.7103,0.7106,2.40,3.20
2010.06.22 01:41:04.078,0.71025,0.71045,1.00,3.20
2010.06.22 01:41:04.399,0.7101,0.7104,2.40,3.20
2010.06.22 01:41:04.719,0.7101,0.71035,1.60,1.60
2010.06.22 01:41:08.438,0.7101,0.71035,2.40,1.00
2010.06.22 01:41:20.746,0.7101,0.71035,1.60,1.60
2010.06.22 01:41:25.148,0.71015,0.71035,1.00,1.00
2010.06.22 01:41:25.501,0.71015,0.7104,1.00,3.20
2010.06.22 01:41:25.959,0.71015,0.7104,1.60,3.20
2010.06.22 01:41:26.189,0.71015,0.7104,1.60,2.40
2010.06.22 01:41:26.700,0.71015,0.7104,1.60,1.60
2010.06.22 01:41:26.942,0.7101,0.7104,2.40,3.20
2010.06.22 01:41:27.191,0.7101,0.71035,1.60,1.60
2010.06.22 01:41:27.815,0.7101,0.71035,2.40,1.00
2010.06.22 01:41:28.499,0.7101,0.71035,1.00,2.40
2010.06.22 01:41:28.839,0.71005,0.71035,2.40,3.20
2010.06.22 01:41:32.698,0.71005,0.71035,2.50,3.20
2010.06.22 01:41:37.406,0.71005,0.71035,2.50,1.60
2010.06.22 01:41:37.499,0.71005,0.71035,6.40,1.60
2010.06.22 01:41:51.926,0.71005,0.7104,6.40,4.80
2010.06.22 01:41:52.166,0.71005,0.7104,6.50,4.80
2010.06.22 01:41:52.407,0.7101,0.7104,1.00,4.80
2010.06.22 01:41:57.289,0.7102,0.7104,1.00,4.00
2010.06.22 01:41:57.409,0.7102,0.7104,1.00,3.20
2010.06.22 01:41:57.914,0.71025,0.7104,1.00,3.20
2010.06.22 01:41:58.212,0.71025,0.7105,1.00,4.40
2010.06.22 01:41:58.798,0.71025,0.7105,2.40,1.60
2010.06.22 01:41:59.100,0.7103,0.71055,2.40,1.00
2010.06.22 01:42:00.553,0.71045,0.71065,1.60,1.60
2010.06.22 01:42:00.729,0.7104,0.71065,1.60,1.60
2010.06.22 01:42:00.908,0.71045,0.7107,1.60,1.60
2010.06.22 01:42:01.673,0.7104,0.71065,1.00,1.60
2010.06.22 01:42:03.898,0.71035,0.71065,2.40,3.20
2010.06.22 01:42:06.908,0.7104,0.71065,1.00,2.40
2010.06.22 01:42:11.684,0.71035,0.7106,2.40,1.00
2010.06.22 01:42:12.300,0.71035,0.71045,1.60,1.60
2010.06.22 01:42:12.644,0.71,0.7103,2.40,3.20
2010.06.22 01:42:12.994,0.71,0.71025,2.40,1.60
2010.06.22 01:42:13.773,0.70995,0.71,2.40,1.00
2010.06.22 01:42:19.417,0.70995,0.71015,4.00,4.00
2010.06.22 01:42:19.582,0.70995,0.71,2.40,3.20
2010.06.22 01:42:21.054,0.70995,0.71,2.40,2.40
2010.06.22 01:42:24.477,0.70995,0.71,2.40,4.00
2010.06.22 01:42:25.281,0.7093,0.7097,2.40,3.20
2010.06.22 01:42:25.598,0.70935,0.7097,1.00,3.20
2010.06.22 01:42:39.676,0.7094,0.70965,2.40,1.60
2010.06.22 01:42:39.992,0.7094,0.70965,1.60,1.60
2010.06.22 01:42:41.067,0.7094,0.7097,2.40,3.20
2010.06.22 01:42:41.841,0.7094,0.70965,1.60,1.60
2010.06.22 01:42:43.290,0.70935,0.70965,2.40,3.20
2010.06.22 01:42:43.598,0.7093,0.70955,1.00,2.40
2010.06.22 01:42:44.390,0.70925,0.70955,2.90,3.20
2010.06.22 01:42:44.718,0.70925,0.70955,2.50,3.20
2010.06.22 01:42:45.048,0.70925,0.70955,2.40,3.20
2010.06.22 01:42:45.791,0.7091,0.7094,4.00,1.60
2010.06.22 01:42:45.984,0.70915,0.7094,1.00,1.60
2010.06.22 01:42:46.368,0.70915,0.7094,1.00,2.40
2010.06.22 01:42:47.630,0.7092,0.7095,2.40,3.20
2010.06.22 01:42:53.270,0.70925,0.7095,1.00,1.60
2010.06.22 01:42:54.737,0.7093,0.70955,1.00,2.40
2010.06.22 01:42:55.079,0.7093,0.70955,1.00,1.60
2010.06.22 01:42:56.906,0.7093,0.70955,1.00,2.40
2010.06.22 01:42:58.354,0.7093,0.70955,3.20,1.00
2010.06.22 01:42:58.658,0.70935,0.7096,1.00,3.20
2010.06.22 01:43:00.348,0.70935,0.70955,1.00,1.00
2010.06.22 01:43:00.616,0.7093,0.70955,1.00,2.40
2010.06.22 01:43:01.288,0.70925,0.70955,2.40,3.20
2010.06.22 01:43:02.259,0.70925,0.7095,2.40,1.00
2010.06.22 01:43:12.551,0.70925,0.7095,2.50,1.00
2010.06.22 01:43:12.888,0.70925,0.7095,2.40,1.00
2010.06.22 01:43:14.036,0.70925,0.7095,2.50,1.00
2010.06.22 01:43:14.217,0.70925,0.7095,2.40,1.00
2010.06.22 01:43:18.923,0.70925,0.70945,1.00,1.00
2010.06.22 01:43:19.154,0.7092,0.70945,3.20,2.40
2010.06.22 01:43:19.954,0.7092,0.70945,1.00,2.40
2010.06.22 01:43:20.302,0.7092,0.70945,1.00,2.50
2010.06.22 01:43:21.019,0.7092,0.70945,1.00,2.40
2010.06.22 01:43:21.570,0.7092,0.70945,1.00,2.50
2010.06.22 01:43:22.128,0.70915,0.70945,4.00,3.30
2010.06.22 01:43:22.347,0.70905,0.7092,2.40,3.20
2010.06.22 01:43:22.999,0.7091,0.70935,1.60,2.40
2010.06.22 01:43:23.349,0.70895,0.7091,2.40,2.40
2010.06.22 01:43:23.643,0.70895,0.7092,4.80,3.20
2010.06.22 01:43:24.081,0.70895,0.7092,4.80,1.00
2010.06.22 01:43:24.373,0.70895,0.7092,3.20,3.20
2010.06.22 01:43:24.719,0.70895,0.70915,2.40,1.00
2010.06.22 01:43:25.700,0.70895,0.70915,4.00,1.00
2010.06.22 01:43:25.972,0.70895,0.70915,4.80,1.00
2010.06.22 01:43:26.245,0.70895,0.70915,2.40,3.20
2010.06.22 01:43:27.004,0.70895,0.7091,2.40,3.20
2010.06.22 01:43:28.899,0.70895,0.70905,2.40,1.60
2010.06.22 01:43:29.927,0.70895,0.709,2.40,1.60
2010.06.22 01:43:30.272,0.70895,0.70905,2.40,1.60
2010.06.22 01:43:31.081,0.70895,0.709,2.40,2.40
2010.06.22 01:43:32.138,0.70895,0.709,2.40,2.40
2010.06.22 01:43:34.261,0.70865,0.7089,3.20,1.00
2010.06.22 01:43:34.609,0.7084,0.70875,3.20,3.20
2010.06.22 01:43:35.084,0.7084,0.70875,1.00,3.20
2010.06.22 01:43:35.436,0.70835,0.70875,2.40,3.30
2010.06.22 01:43:36.217,0.70845,0.7087,2.40,1.00
2010.06.22 01:43:36.567,0.70845,0.70875,2.40,3.30
2010.06.22 01:43:40.013,0.70855,0.7088,1.60,1.60
2010.06.22 01:43:40.829,0.70855,0.7088,2.40,1.00
2010.06.22 01:43:41.515,0.70855,0.7088,1.00,4.80
2010.06.22 01:43:42.303,0.7085,0.70875,1.00,1.70
2010.06.22 01:43:42.991,0.7085,0.70875,1.00,1.60
2010.06.22 01:43:43.677,0.70845,0.70875,2.50,3.20
2010.06.22 01:43:45.200,0.7085,0.70875,1.60,1.60
2010.06.22 01:43:45.528,0.7085,0.7088,2.40,3.20
2010.06.22 01:43:46.230,0.7086,0.7088,1.60,1.00
2010.06.22 01:43:46.466,0.70865,0.7089,2.40,1.00
2010.06.22 01:43:46.701,0.70865,0.70895,2.40,3.20
2010.06.22 01:43:48.815,0.7086,0.7089,2.40,3.20
2010.06.22 01:43:49.877,0.70865,0.7089,1.00,3.20
2010.06.22 01:43:57.803,0.70865,0.70885,1.00,1.00
2010.06.22 01:43:58.307,0.70855,0.70885,2.40,3.20
2010.06.22 01:43:58.539,0.70855,0.70875,1.60,1.60
2010.06.22 01:43:59.175,0.7085,0.70875,2.40,1.60
2010.06.22 01:43:59.533,0.7085,0.7087,1.00,1.00
2010.06.22 01:43:59.885,0.70845,0.7087,2.40,1.60
2010.06.22 01:44:00.985,0.7085,0.70875,2.40,1.60
2010.06.22 01:44:01.183,0.70855,0.7088,2.40,1.60
2010.06.22 01:44:02.021,0.7086,0.70885,1.00,2.40
2010.06.22 01:44:02.358,0.7086,0.70885,1.00,1.60
2010.06.22 01:44:02.698,0.7086,0.7089,2.40,3.20
2010.06.22 01:44:07.737,0.7086,0.70885,1.00,1.60
2010.06.22 01:44:08.082,0.7086,0.7088,1.00,1.60
2010.06.22 01:44:14.103,0.70865,0.7089,1.00,2.40
2010.06.22 01:44:15.640,0.7086,0.70885,2.40,1.00
2010.06.22 01:44:15.860,0.70865,0.7089,1.00,3.20
2010.06.22 01:44:17.139,0.70855,0.7088,2.40,1.60
2010.06.22 01:44:17.347,0.70855,0.7088,1.00,2.40
2010.06.22 01:44:18.660,0.7086,0.7088,1.60,1.00
2010.06.22 01:44:18.791,0.7086,0.70885,1.60,1.60
2010.06.22 01:44:18.919,0.7086,0.70885,1.60,1.00
2010.06.22 01:44:19.050,0.70865,0.7089,1.00,3.20
2010.06.22 01:44:19.630,0.70865,0.70895,2.40,3.30
2010.06.22 01:44:19.977,0.7086,0.70885,1.00,2.40
2010.06.22 01:44:20.322,0.7086,0.7089,2.40,2.40
2010.06.22 01:44:20.822,0.70865,0.7089,1.00,1.60
2010.06.22 01:44:21.165,0.70865,0.70895,2.40,3.20
2010.06.22 01:44:21.505,0.70865,0.7089,1.60,1.60
2010.06.22 01:44:21.847,0.7086,0.70885,2.40,1.60
2010.06.22 01:44:22.141,0.7086,0.70885,1.00,3.20
2010.06.22 01:44:22.874,0.70855,0.7088,1.00,3.20
2010.06.22 01:44:25.316,0.70855,0.7088,1.00,3.30
2010.06.22 01:44:26.907,0.70855,0.7088,1.00,3.20
2010.06.22 01:44:39.282,0.70855,0.7088,1.00,3.20
2010.06.22 01:44:39.522,0.70855,0.7088,1.00,3.20
2010.06.22 01:44:45.651,0.70855,0.7088,1.00,3.20
2010.06.22 01:44:45.988,0.70855,0.7088,1.00,3.20
2010.06.22 01:44:49.262,0.70855,0.7088,2.40,2.40
2010.06.22 01:44:49.615,0.70855,0.70885,2.50,3.20
2010.06.22 01:44:50.512,0.70855,0.70885,3.30,3.20
2010.06.22 01:44:50.814,0.7086,0.70885,1.60,1.00
2010.06.22 01:44:51.113,0.70865,0.7089,1.60,1.60
2010.06.22 01:44:51.551,0.70865,0.7089,2.40,1.60
2010.06.22 01:44:51.874,0.70865,0.70895,2.50,3.20
2010.06.22 01:44:52.194,0.7087,0.70895,4.00,1.00
2010.06.22 01:44:52.633,0.7087,0.70895,5.60,1.00
2010.06.22 01:44:52.982,0.70895,0.70905,4.80,2.40
2010.06.22 01:44:54.207,0.709,0.70905,3.20,2.40
2010.06.22 01:44:55.331,0.70895,0.70905,4.90,2.40
2010.06.22 01:44:56.872,0.70895,0.70905,5.60,2.40
2010.06.22 01:44:57.114,0.70895,0.70905,3.20,2.40
2010.06.22 01:45:01.335,0.70895,0.70905,1.60,2.40
2010.06.22 01:45:01.418,0.70895,0.70905,4.80,2.40
2010.06.22 01:45:01.511,0.709,0.70905,1.60,2.40
2010.06.22 01:45:04.180,0.7089,0.70905,1.60,4.00
2010.06.22 01:45:05.561,0.7089,0.709,1.60,1.00
2010.06.22 01:45:07.589,0.70875,0.709,2.40,1.60
2010.06.22 01:45:08.204,0.70875,0.70895,1.00,1.00
2010.06.22 01:45:08.515,0.7088,0.70895,1.60,1.60
2010.06.22 01:45:10.525,0.70875,0.7089,1.60,1.00
2010.06.22 01:45:11.836,0.7088,0.7089,1.60,1.00
2010.06.22 01:45:13.042,0.7088,0.70895,1.60,1.70
2010.06.22 01:45:13.592,0.70875,0.70895,1.00,1.70
2010.06.22 01:45:13.777,0.70875,0.70895,1.00,1.60
2010.06.22 01:45:15.447,0.70875,0.70895,1.00,1.70
2010.06.22 01:45:15.688,0.7088,0.70895,1.60,1.00
2010.06.22 01:45:16.396,0.70885,0.70905,2.40,3.20
2010.06.22 01:45:16.641,0.7089,0.70905,1.60,2.40
2010.06.22 01:45:17.819,0.70895,0.70905,1.60,2.40
2010.06.22 01:45:18.601,0.7089,0.70905,1.60,3.20
2010.06.22 01:45:18.860,0.7087,0.709,3.20,2.40
2010.06.22 01:45:19.084,0.7088,0.70895,1.00,1.70
2010.06.22 01:45:19.711,0.70885,0.70905,1.00,2.40
2010.06.22 01:45:22.868,0.7089,0.70905,1.00,2.40
2010.06.22 01:45:22.998,0.7089,0.70905,2.40,2.40
2010.06.22 01:45:23.771,0.70895,0.70905,1.00,2.40
2010.06.22 01:45:31.401,0.70895,0.709,1.00,3.20
2010.06.22 01:45:31.559,0.70875,0.709,1.00,4.80
2010.06.22 01:45:31.718,0.70875,0.70895,1.00,1.60
2010.06.22 01:45:34.831,0.70865,0.7089,2.40,1.60
2010.06.22 01:45:35.172,0.7086,0.70885,1.00,2.40
2010.06.22 01:45:35.857,0.7086,0.70885,1.00,1.60
2010.06.22 01:45:36.636,0.70865,0.70885,1.00,1.60
2010.06.22 01:45:42.337,0.7087,0.70885,1.00,1.60
2010.06.22 01:45:42.435,0.7087,0.70895,1.00,1.70
2010.06.22 01:45:43.018,0.7087,0.7089,1.00,1.60
2010.06.22 01:45:43.813,0.70865,0.7089,1.00,1.60
2010.06.22 01:45:50.387,0.70865,0.7089,1.00,3.20
2010.06.22 01:45:55.621,0.70865,0.7089,1.00,3.30
2010.06.22 01:45:55.986,0.70865,0.7089,1.00,3.20
2010.06.22 01:45:56.167,0.70865,0.7089,1.00,3.30
2010.06.22 01:45:58.592,0.70865,0.7089,3.20,3.30
2010.06.22 01:45:58.824,0.7087,0.70895,1.60,1.60
2010.06.22 01:45:59.050,0.70865,0.70895,4.00,3.20
2010.06.22 01:46:00.397,0.70865,0.7088,4.00,1.00
2010.06.22 01:46:00.670,0.7086,0.7088,2.40,1.00
2010.06.22 01:46:00.930,0.7086,0.7089,2.40,5.60
2010.06.22 01:46:01.187,0.7086,0.70885,1.00,3.20
2010.06.22 01:46:02.582,0.7086,0.70885,1.00,1.70
2010.06.22 01:46:02.912,0.7086,0.70885,1.00,1.60
2010.06.22 01:46:03.753,0.7086,0.7089,2.40,3.20
2010.06.22 01:46:05.398,0.7086,0.7088,1.00,1.60
2010.06.22 01:46:10.559,0.7086,0.70885,1.00,3.20
2010.06.22 01:46:14.667,0.7086,0.70885,1.00,3.30
2010.06.22 01:46:15.413,0.7086,0.70885,1.00,3.20
2010.06.22 01:46:16.354,0.7086,0.70885,1.00,3.30
2010.06.22 01:46:17.261,0.7086,0.70885,1.00,3.20
2010.06.22 01:46:28.412,0.7086,0.70885,2.40,1.60
2010.06.22 01:46:30.552,0.7086,0.7088,1.60,1.00
2010.06.22 01:46:30.838,0.70855,0.7088,2.50,1.00
2010.06.22 01:46:38.547,0.7086,0.7088,1.00,1.00
2010.06.22 01:46:39.130,0.7086,0.70885,3.30,1.60
2010.06.22 01:46:39.368,0.7086,0.70885,3.30,1.00
2010.06.22 01:46:39.807,0.7086,0.7089,3.30,3.20
2010.06.22 01:46:40.154,0.7086,0.70885,2.50,1.60
2010.06.22 01:46:41.705,0.7086,0.70885,2.40,1.60
2010.06.22 01:46:41.983,0.70855,0.70885,2.50,3.20
2010.06.22 01:46:44.035,0.7086,0.70885,1.00,3.20
2010.06.22 01:46:44.744,0.7086,0.70885,1.60,1.60
2010.06.22 01:46:45.098,0.70855,0.70885,2.50,3.20
2010.06.22 01:46:45.779,0.7086,0.70885,1.00,3.20
2010.06.22 01:46:48.868,0.70855,0.70885,2.50,3.20
2010.06.22 01:46:49.198,0.7086,0.70885,1.00,3.20
2010.06.22 01:46:50.168,0.7086,0.70885,2.40,1.60
2010.06.22 01:46:51.071,0.70865,0.7089,1.60,1.60
2010.06.22 01:46:55.116,0.70865,0.7089,1.70,1.60
2010.06.22 01:46:55.816,0.7087,0.7089,1.00,1.60
2010.06.22 01:46:56.157,0.7087,0.70895,4.00,2.40
2010.06.22 01:46:56.737,0.7087,0.70895,2.40,2.40
2010.06.22 01:46:56.977,0.7087,0.70895,1.70,2.40
2010.06.22 01:46:57.645,0.7088,0.70895,1.60,1.00
2010.06.22 01:46:57.891,0.70885,0.70895,1.60,1.00
2010.06.22 01:46:58.131,0.70885,0.70905,1.60,3.20
2010.06.22 01:46:58.820,0.7088,0.70905,2.40,3.20
2010.06.22 01:47:01.405,0.7088,0.70905,2.50,3.20
2010.06.22 01:47:02.856,0.70885,0.70905,1.60,2.40
2010.06.22 01:47:10.128,0.70885,0.70905,2.40,2.40
2010.06.22 01:47:10.310,0.7089,0.70905,1.60,2.40
2010.06.22 01:47:10.491,0.70895,0.70905,1.60,2.40
2010.06.22 01:47:11.005,0.709,0.70905,1.60,2.40
2010.06.22 01:47:11.322,0.70895,0.70905,1.60,2.40
2010.06.22 01:47:15.246,0.709,0.70905,1.60,2.40
2010.06.22 01:47:16.489,0.70895,0.70905,2.40,2.40
2010.06.22 01:47:16.969,0.709,0.70905,1.60,2.40
2010.06.22 01:47:20.861,0.70895,0.70905,1.60,2.40
2010.06.22 01:47:21.511,0.70895,0.70905,2.40,2.40
2010.06.22 01:47:23.938,0.70895,0.70905,1.60,2.40
2010.06.22 01:47:24.148,0.70895,0.70905,2.40,2.40
2010.06.22 01:47:24.752,0.7089,0.70905,3.20,2.40
2010.06.22 01:47:25.104,0.70885,0.70905,1.00,2.40
2010.06.22 01:47:25.448,0.7088,0.70905,2.40,2.40
2010.06.22 01:47:26.058,0.70875,0.70905,4.80,4.80
2010.06.22 01:47:26.338,0.70875,0.70905,2.50,5.60
2010.06.22 01:47:27.032,0.7088,0.70905,1.00,4.00
2010.06.22 01:47:27.356,0.70875,0.70905,2.40,5.60
2010.06.22 01:47:28.404,0.7088,0.70905,2.40,4.00
2010.06.22 01:47:30.477,0.7088,0.70905,2.40,2.40
2010.06.22 01:47:31.009,0.7088,0.70905,2.40,3.20
2010.06.22 01:47:40.127,0.7088,0.70905,2.40,2.40
2010.06.22 01:47:45.680,0.7089,0.70905,4.00,2.40
2010.06.22 01:47:45.970,0.709,0.70905,1.60,2.40
2010.06.22 01:48:00.717,0.7089,0.70905,2.40,2.40
2010.06.22 01:48:01.064,0.70885,0.70905,2.40,2.40
2010.06.22 01:48:01.261,0.7088,0.70905,2.40,2.40
2010.06.22 01:48:05.697,0.7088,0.70905,2.40,3.20
2010.06.22 01:48:10.333,0.70875,0.70905,2.40,5.60
2010.06.22 01:48:10.670,0.70875,0.70905,2.40,4.80
2010.06.22 01:48:10.960,0.7088,0.70905,1.00,4.00
2010.06.22 01:48:11.250,0.70885,0.70905,1.00,2.40
2010.06.22 01:48:13.676,0.7088,0.70905,1.00,4.00
2010.06.22 01:48:15.002,0.7088,0.70905,1.00,5.30
2010.06.22 01:48:15.560,0.70875,0.70905,3.20,6.50
2010.06.22 01:48:16.087,0.70875,0.709,1.60,1.60
2010.06.22 01:48:16.433,0.70865,0.70895,1.60,1.60
2010.06.22 01:48:17.102,0.7086,0.70885,3.20,3.20
2010.06.22 01:48:17.377,0.70855,0.70885,2.40,3.20
2010.06.22 01:48:18.413,0.7086,0.70885,1.00,1.60
2010.06.22 01:48:20.549,0.7086,0.70885,1.00,1.60
2010.06.22 01:48:21.322,0.7086,0.70885,1.00,1.60
2010.06.22 01:48:23.210,0.7086,0.7089,2.40,7.20
2010.06.22 01:48:23.389,0.70865,0.7089,1.00,3.20
2010.06.22 01:48:24.010,0.70865,0.7088,1.00,1.00
2010.06.22 01:48:24.348,0.70865,0.70885,1.00,1.60
2010.06.22 01:48:24.688,0.70865,0.7089,2.40,6.40
2010.06.22 01:48:25.030,0.70865,0.7089,2.40,1.00
2010.06.22 01:48:25.790,0.7087,0.7089,1.00,3.20
2010.06.22 01:48:26.130,0.7087,0.7089,1.00,1.60
2010.06.22 01:48:26.399,0.70865,0.7089,1.00,1.60
2010.06.22 01:48:28.641,0.70865,0.7089,1.00,3.20
2010.06.22 01:48:29.240,0.70865,0.7089,1.00,3.30
2010.06.22 01:48:30.169,0.7086,0.70885,1.00,1.60
2010.06.22 01:48:31.482,0.7086,0.7088,1.00,1.00
2010.06.22 01:48:31.828,0.7086,0.70885,1.00,3.30
2010.06.22 01:48:33.963,0.7086,0.70885,1.00,2.50
2010.06.22 01:48:34.247,0.70865,0.70885,1.00,1.00
2010.06.22 01:48:36.532,0.7086,0.70885,2.40,1.00
2010.06.22 01:48:36.838,0.70855,0.70885,4.80,4.90
2010.06.22 01:48:37.570,0.70855,0.7087,2.40,5.60
2010.06.22 01:48:37.921,0.7084,0.7086,1.00,2.40
2010.06.22 01:48:38.265,0.70845,0.70865,1.00,1.00
2010.06.22 01:48:38.713,0.70845,0.7087,1.00,3.20
2010.06.22 01:48:39.083,0.70845,0.7087,2.40,1.60
2010.06.22 01:48:39.432,0.70845,0.70865,1.00,1.60
2010.06.22 01:48:40.529,0.7084,0.70865,1.00,1.60
2010.06.22 01:48:41.826,0.70835,0.70865,2.40,2.40
2010.06.22 01:48:42.106,0.70835,0.7086,1.00,1.60
2010.06.22 01:48:43.288,0.70835,0.70855,1.00,1.00
2010.06.22 01:48:43.602,0.7083,0.70855,2.40,1.00
2010.06.22 01:48:45.139,0.7083,0.70855,1.60,1.60
2010.06.22 01:48:45.407,0.70825,0.70855,4.10,3.20
2010.06.22 01:48:45.926,0.7083,0.70855,1.00,3.20
2010.06.22 01:48:46.272,0.7083,0.70855,1.00,3.20
2010.06.22 01:48:46.620,0.70825,0.70855,4.00,3.20
2010.06.22 01:48:46.782,0.70825,0.70855,4.10,3.20
2010.06.22 01:48:48.814,0.7083,0.70855,1.00,3.20
2010.06.22 01:48:50.160,0.70825,0.70855,4.00,3.20
2010.06.22 01:48:51.963,0.70825,0.7085,4.00,1.60
2010.06.22 01:48:52.755,0.70825,0.70845,1.60,1.60
2010.06.22 01:48:52.873,0.7082,0.70845,2.40,1.60
2010.06.22 01:48:52.994,0.70815,0.70845,4.10,3.20
2010.06.22 01:48:59.290,0.70815,0.70845,4.00,3.20
2010.06.22 01:49:00.162,0.70815,0.7084,4.10,1.60
2010.06.22 01:49:04.407,0.7082,0.7084,1.00,1.60
2010.06.22 01:49:05.102,0.70825,0.70845,1.60,1.00
2010.06.22 01:49:05.454,0.70825,0.7085,4.00,1.00
2010.06.22 01:49:06.882,0.70825,0.7085,4.10,1.00
2010.06.22 01:49:09.951,0.70825,0.7085,4.00,1.00
2010.06.22 01:49:11.510,0.70825,0.7085,3.20,1.60
2010.06.22 01:49:12.338,0.70825,0.7085,3.30,1.60
2010.06.22 01:49:12.935,0.70825,0.7085,4.10,1.00
2010.06.22 01:49:14.907,0.7083,0.7085,1.00,1.00
2010.06.22 01:49:15.709,0.7085,0.7086,1.60,4.00
2010.06.22 01:49:16.043,0.70845,0.70875,2.40,3.20
2010.06.22 01:49:16.258,0.7085,0.70875,1.00,3.20
2010.06.22 01:49:16.473,0.7085,0.70875,1.00,1.60
2010.06.22 01:49:16.960,0.7085,0.7088,2.40,5.60
2010.06.22 01:49:17.188,0.7085,0.7088,2.40,4.80
2010.06.22 01:49:17.441,0.70845,0.70875,3.20,3.20
2010.06.22 01:49:17.688,0.70845,0.70875,2.40,3.20
2010.06.22 01:49:18.483,0.7085,0.70875,1.00,3.20
2010.06.22 01:49:21.947,0.7085,0.70875,1.60,3.20
2010.06.22 01:49:22.139,0.70855,0.70875,1.60,1.60
2010.06.22 01:49:22.664,0.70855,0.70875,1.60,1.00
2010.06.22 01:49:22.804,0.70855,0.7088,1.60,1.60
2010.06.22 01:49:24.598,0.70865,0.7089,1.00,3.20
2010.06.22 01:49:24.928,0.7086,0.70885,1.00,3.20
2010.06.22 01:49:25.753,0.7086,0.70885,1.00,5.20
2010.06.22 01:49:26.071,0.7086,0.70885,1.00,5.60
2010.06.22 01:49:26.374,0.7086,0.70885,1.00,4.00
2010.06.22 01:49:27.385,0.70855,0.7088,2.40,4.00
2010.06.22 01:49:27.550,0.70855,0.70875,1.00,1.00
2010.06.22 01:49:27.719,0.70855,0.70875,1.00,1.00
2010.06.22 01:49:27.888,0.7085,0.70875,5.60,2.40
2010.06.22 01:49:28.498,0.7085,0.70875,7.30,1.00
2010.06.22 01:49:28.842,0.7085,0.70875,5.70,1.00
2010.06.22 01:49:30.596,0.7085,0.70875,1.00,4.00
2010.06.22 01:49:35.058,0.7085,0.70875,1.00,5.60
2010.06.22 01:49:35.398,0.7085,0.7087,1.00,1.00
2010.06.22 01:49:36.017,0.70845,0.7087,2.40,1.00
2010.06.22 01:49:37.778,0.70845,0.70865,2.40,1.60
2010.06.22 01:49:37.944,0.7084,0.7086,1.00,1.60
2010.06.22 01:49:38.561,0.70835,0.70845,1.00,1.60
2010.06.22 01:49:38.907,0.70825,0.7085,1.00,3.20
2010.06.22 01:49:40.013,0.7082,0.70845,4.00,1.00
2010.06.22 01:49:41.101,0.7082,0.70845,2.40,1.00
2010.06.22 01:49:42.252,0.70815,0.70845,4.00,3.20
2010.06.22 01:49:43.030,0.70815,0.7084,1.60,3.20
2010.06.22 01:49:43.372,0.7081,0.7084,2.40,3.20
2010.06.22 01:49:44.748,0.7081,0.7084,2.50,3.20
2010.06.22 01:49:45.412,0.70815,0.7084,6.40,1.60
2010.06.22 01:49:45.750,0.7082,0.70845,1.60,1.00
2010.06.22 01:49:46.544,0.70825,0.7085,1.60,1.60
2010.06.22 01:49:49.461,0.70825,0.7085,1.60,2.00
2010.06.22 01:49:49.745,0.70815,0.70835,1.60,1.00
2010.06.22 01:49:50.445,0.70815,0.70835,1.60,1.60
2010.06.22 01:49:54.755,0.70815,0.70835,3.20,1.60
2010.06.22 01:49:55.006,0.7082,0.7084,1.60,1.60
2010.06.22 01:49:56.665,0.7082,0.70835,1.60,1.60
2010.06.22 01:49:57.019,0.70795,0.70825,2.40,3.20
2010.06.22 01:49:57.180,0.70795,0.7082,1.60,1.60
2010.06.22 01:49:58.240,0.70795,0.7082,4.00,1.00
2010.06.22 01:49:58.506,0.708,0.70825,4.00,1.00
2010.06.22 01:49:59.227,0.7082,0.70845,1.60,1.60
2010.06.22 01:49:59.573,0.7082,0.70845,1.60,3.20
2010.06.22 01:50:00.001,0.7082,0.7084,1.60,1.00
2010.06.22 01:50:00.682,0.7082,0.70845,1.60,1.60
2010.06.22 01:50:01.476,0.7083,0.7085,3.20,1.60
2010.06.22 01:50:01.798,0.70825,0.70845,1.60,1.60
2010.06.22 01:50:02.113,0.70815,0.70845,4.00,3.20
2010.06.22 01:50:03.648,0.70815,0.70845,4.10,3.20
2010.06.22 01:50:04.449,0.70815,0.70845,4.00,3.20
2010.06.22 01:50:07.170,0.70815,0.70845,4.10,3.20
2010.06.22 01:50:07.445,0.7082,0.70845,1.60,1.60
2010.06.22 01:50:07.613,0.7082,0.7085,2.40,3.20
2010.06.22 01:50:08.550,0.7082,0.7085,2.50,3.20
2010.06.22 01:50:08.748,0.70825,0.7085,1.00,3.20
2010.06.22 01:50:08.950,0.70825,0.7085,1.00,1.60
2010.06.22 01:50:09.150,0.70835,0.7085,1.00,1.60
2010.06.22 01:50:09.873,0.70835,0.7086,2.40,1.00
2010.06.22 01:50:12.859,0.70835,0.70865,2.40,4.80
2010.06.22 01:50:13.038,0.7084,0.70865,1.00,3.20
2010.06.22 01:50:20.504,0.7084,0.7087,2.40,4.80
2010.06.22 01:50:20.701,0.70845,0.7087,2.40,2.40
2010.06.22 01:50:21.312,0.70845,0.7087,4.00,1.00
2010.06.22 01:50:27.329,0.7086,0.7087,9.60,1.00
2010.06.22 01:50:27.537,0.70865,0.7089,2.40,1.60
2010.06.22 01:50:28.691,0.7087,0.70895,1.00,4.80
2010.06.22 01:50:34.596,0.7088,0.70895,1.00,1.00
2010.06.22 01:50:34.888,0.7088,0.709,2.40,1.00
2010.06.22 01:50:37.086,0.7088,0.70905,2.40,4.00
2010.06.22 01:50:37.433,0.7088,0.70905,2.50,4.00
2010.06.22 01:50:38.170,0.7088,0.70905,2.40,4.00
2010.06.22 01:50:39.994,0.7088,0.70905,2.50,4.00
2010.06.22 01:50:40.231,0.7088,0.70905,2.50,2.40
2010.06.22 01:50:45.587,0.7088,0.70905,2.40,2.40
2010.06.22 01:50:46.426,0.70875,0.7089,1.00,2.40
2010.06.22 01:50:46.769,0.7086,0.7089,2.40,3.20
2010.06.22 01:50:48.667,0.7086,0.70885,1.60,1.00
2010.06.22 01:50:48.836,0.7086,0.70885,1.60,1.60
2010.06.22 01:50:57.824,0.7086,0.7089,2.40,3.20
2010.06.22 01:50:59.296,0.70875,0.70895,1.60,1.00
2010.06.22 01:50:59.532,0.70875,0.70905,2.40,7.20
2010.06.22 01:51:00.890,0.70875,0.70905,4.00,5.60
2010.06.22 01:51:01.233,0.7088,0.70905,1.60,4.00
2010.06.22 01:51:02.247,0.70885,0.70905,1.60,2.40
2010.06.22 01:51:02.432,0.70885,0.70905,2.40,2.40
2010.06.22 01:51:03.643,0.70895,0.70905,1.00,2.40
2010.06.22 01:51:03.896,0.70895,0.70905,2.40,2.40
2010.06.22 01:51:05.786,0.70895,0.70905,1.60,2.40
2010.06.22 01:51:06.135,0.7088,0.70905,2.40,2.40
2010.06.22 01:51:11.231,0.70885,0.70905,1.60,2.40
2010.06.22 01:51:11.839,0.70885,0.70905,2.40,2.40
2010.06.22 01:51:13.934,0.70885,0.70905,1.00,2.40
2010.06.22 01:51:15.482,0.7088,0.70905,2.40,2.40
2010.06.22 01:51:20.890,0.70885,0.70905,1.00,2.40
2010.06.22 01:51:23.077,0.70885,0.70905,2.40,2.40
2010.06.22 01:51:23.246,0.70895,0.70905,1.60,2.40
2010.06.22 01:51:23.411,0.70895,0.70905,2.40,2.40
2010.06.22 01:51:33.809,0.70895,0.70905,1.00,2.40
2010.06.22 01:51:33.950,0.7089,0.70905,1.00,4.00
2010.06.22 01:51:34.660,0.7088,0.709,1.00,1.60
2010.06.22 01:51:36.186,0.7088,0.70905,4.00,2.40
2010.06.22 01:51:36.535,0.7088,0.70905,2.40,2.40
2010.06.22 01:51:37.272,0.7088,0.7089,1.00,1.60
2010.06.22 01:51:37.618,0.70895,0.70905,1.60,4.00
2010.06.22 01:51:37.967,0.7089,0.70905,1.60,4.00
2010.06.22 01:51:38.132,0.70895,0.70905,1.60,4.00
2010.06.22 01:51:38.686,0.70895,0.70905,1.60,5.60
2010.06.22 01:51:38.843,0.70895,0.70905,1.60,4.00
2010.06.22 01:51:43.627,0.7089,0.70905,1.60,4.00
2010.06.22 01:51:43.850,0.7088,0.70905,1.60,4.00
2010.06.22 01:51:47.192,0.7088,0.70905,4.00,4.00
2010.06.22 01:51:47.437,0.70885,0.70905,2.40,2.40
2010.06.22 01:51:47.685,0.7089,0.70905,1.60,2.40
2010.06.22 01:51:50.000,0.7089,0.70905,2.40,2.40
2010.06.22 01:51:55.736,0.7089,0.70905,1.60,2.40
2010.06.22 01:51:56.081,0.70885,0.70905,2.40,2.40
2010.06.22 01:52:31.933,0.7089,0.70905,1.60,2.40
2010.06.22 01:52:32.155,0.70895,0.70905,2.40,2.40
2010.06.22 01:52:32.860,0.70895,0.70905,4.80,2.40
2010.06.22 01:52:33.177,0.7091,0.70935,2.40,3.20
2010.06.22 01:52:33.380,0.7091,0.70935,1.60,3.20
2010.06.22 01:52:33.579,0.709,0.70905,5.60,2.40
2010.06.22 01:52:33.778,0.709,0.70905,4.00,2.40
2010.06.22 01:52:37.190,0.709,0.70905,6.40,2.40
2010.06.22 01:52:37.319,0.709,0.70905,2.40,2.40
2010.06.22 01:52:38.299,0.709,0.70905,2.40,2.40
2010.06.22 01:52:38.803,0.709,0.70905,8.80,2.40
2010.06.22 01:52:43.095,0.709,0.70905,8.10,2.40
2010.06.22 01:52:43.912,0.70905,0.7093,1.60,1.00
2010.06.22 01:52:44.047,0.709,0.70905,8.10,2.40
2010.06.22 01:52:44.438,0.709,0.70905,4.80,2.40
2010.06.22 01:52:45.142,0.709,0.70905,1.60,2.40
2010.06.22 01:52:47.681,0.7089,0.70905,1.00,2.40
2010.06.22 01:52:48.364,0.7088,0.70905,1.60,3.20
2010.06.22 01:52:48.678,0.7088,0.70905,2.40,3.20
2010.06.22 01:52:50.085,0.7088,0.70905,4.00,2.40
2010.06.22 01:52:59.628,0.7088,0.70905,4.10,2.40
2010.06.22 01:52:59.778,0.7088,0.70905,4.10,3.20
2010.06.22 01:53:00.337,0.7088,0.70905,2.40,3.20
2010.06.22 01:53:00.693,0.70885,0.70905,4.00,2.40
2010.06.22 01:53:01.045,0.7088,0.70905,1.00,4.80
2010.06.22 01:53:01.819,0.7088,0.70905,2.50,4.80
2010.06.22 01:53:02.169,0.70885,0.70905,2.40,2.40
2010.06.22 01:53:03.253,0.7089,0.70905,2.40,2.40
2010.06.22 01:53:03.539,0.7089,0.70905,1.00,2.40
2010.06.22 01:53:06.010,0.70885,0.70905,1.00,4.00
2010.06.22 01:53:06.321,0.7088,0.70905,1.00,5.60
2010.06.22 01:53:07.863,0.7088,0.709,1.00,1.60
2010.06.22 01:53:08.368,0.7088,0.70905,1.00,5.60
2010.06.22 01:53:15.556,0.7088,0.70905,1.00,5.60
2010.06.22 01:53:16.675,0.70885,0.70905,2.40,2.40
2010.06.22 01:53:16.874,0.70885,0.70905,1.00,2.40
2010.06.22 01:53:17.716,0.70885,0.70905,2.40,2.40
2010.06.22 01:53:18.036,0.7089,0.70905,1.60,2.40
2010.06.22 01:53:18.765,0.70895,0.70905,5.60,2.40
2010.06.22 01:53:19.044,0.709,0.70905,3.20,2.40
2010.06.22 01:53:19.754,0.7091,0.70935,2.40,4.00
2010.06.22 01:53:20.108,0.70915,0.70945,1.60,4.80
2010.06.22 01:53:20.792,0.709,0.70905,18.20,2.40
2010.06.22 01:53:21.712,0.709,0.70905,9.70,2.40
2010.06.22 01:53:25.351,0.709,0.70905,18.30,2.40
2010.06.22 01:53:25.603,0.709,0.70905,9.70,2.40
2010.06.22 01:53:31.987,0.709,0.70905,7.20,2.40
2010.06.22 01:53:32.236,0.7091,0.70935,1.60,5.60
2010.06.22 01:53:47.559,0.7091,0.7093,1.60,1.00
2010.06.22 01:53:48.485,0.709,0.70905,9.60,2.40
2010.06.22 01:53:51.818,0.7091,0.70935,2.40,5.60
2010.06.22 01:53:53.418,0.7091,0.70935,2.40,3.20
2010.06.22 01:53:53.730,0.709,0.70905,10.40,2.40
2010.06.22 01:53:55.013,0.709,0.70905,6.40,2.40
2010.06.22 01:54:04.323,0.709,0.70905,7.20,2.40
2010.06.22 01:54:07.315,0.709,0.70905,5.60,2.40
2010.06.22 01:54:11.835,0.7091,0.7094,7.20,5.60
2010.06.22 01:54:14.389,0.709,0.70905,35.00,2.40
2010.06.22 01:54:14.571,0.7091,0.7094,7.20,4.00
2010.06.22 01:54:15.202,0.709,0.70905,34.30,2.40
2010.06.22 01:54:16.143,0.70915,0.7094,2.70,1.60
2010.06.22 01:54:16.481,0.70915,0.7094,2.40,1.60
2010.06.22 01:54:19.485,0.709,0.70905,33.10,2.40
2010.06.22 01:54:22.435,0.709,0.70905,9.70,2.40
2010.06.22 01:54:24.417,0.709,0.70905,12.50,2.40
2010.06.22 01:54:24.619,0.70915,0.7094,1.00,7.20
2010.06.22 01:54:25.020,0.709,0.70905,9.60,2.40
2010.06.22 01:54:26.293,0.709,0.70905,19.40,2.40
2010.06.22 01:54:26.557,0.7092,0.7094,3.20,4.80
2010.06.22 01:54:27.113,0.7092,0.7094,3.20,2.40
2010.06.22 01:54:27.392,0.70935,0.70945,1.60,3.20
2010.06.22 01:54:27.678,0.70935,0.7094,1.60,1.60
2010.06.22 01:54:27.969,0.70935,0.70945,1.60,3.20
2010.06.22 01:54:29.599,0.70935,0.70945,1.60,2.40
2010.06.22 01:54:29.689,0.70935,0.70945,1.60,1.60
2010.06.22 01:54:29.779,0.70935,0.7095,1.60,3.30
2010.06.22 01:54:31.271,0.70935,0.70945,1.60,1.60
2010.06.22 01:54:33.357,0.7092,0.70945,3.20,1.60
2010.06.22 01:54:35.148,0.7092,0.70945,3.20,3.20
2010.06.22 01:54:35.969,0.7092,0.7094,1.60,1.60
2010.06.22 01:54:36.311,0.7092,0.7094,1.00,1.60
2010.06.22 01:54:47.407,0.7092,0.70945,1.00,4.80
2010.06.22 01:54:54.793,0.7092,0.7094,1.00,1.60
2010.06.22 01:54:55.387,0.70915,0.7094,2.40,1.60
2010.06.22 01:55:01.045,0.70915,0.7094,1.00,4.00
2010.06.22 01:55:01.323,0.70915,0.7094,1.00,4.80
2010.06.22 01:55:03.629,0.70915,0.7094,1.00,4.90
2010.06.22 01:55:18.382,0.70915,0.7094,1.00,6.50
2010.06.22 01:55:18.470,0.70915,0.70935,1.00,3.20
2010.06.22 01:55:18.558,0.7091,0.70935,1.00,3.20
2010.06.22 01:55:19.138,0.7091,0.70915,1.00,5.60
2010.06.22 01:55:19.233,0.709,0.7091,2.40,1.60
2010.06.22 01:55:19.329,0.70895,0.7091,2.90,1.60
2010.06.22 01:55:20.091,0.70895,0.70905,2.40,1.60
2010.06.22 01:55:24.273,0.70865,0.70895,5.60,1.00
2010.06.22 01:55:37.578,0.70865,0.70895,4.80,1.60
2010.06.22 01:55:38.359,0.70895,0.70905,2.40,4.50
2010.06.22 01:55:40.840,0.70895,0.709,2.40,2.40
2010.06.22 01:55:41.980,0.70895,0.70905,2.40,10.50
2010.06.22 01:55:42.472,0.70895,0.709,2.40,2.40
2010.06.22 01:55:44.261,0.70895,0.709,2.40,1.60
2010.06.22 01:55:44.349,0.70895,0.70905,2.40,3.20
2010.06.22 01:55:46.212,0.70895,0.7091,2.40,1.00
2010.06.22 01:55:51.255,0.70895,0.7091,2.40,3.20
2010.06.22 01:56:06.153,0.70895,0.709,2.40,1.60
2010.06.22 01:56:09.921,0.7087,0.70895,4.00,1.00
2010.06.22 01:56:10.148,0.7087,0.7089,3.20,1.00
2010.06.22 01:56:10.299,0.7086,0.70885,4.80,1.00
2010.06.22 01:56:11.559,0.70895,0.709,2.40,4.00
2010.06.22 01:56:12.117,0.70895,0.709,2.40,4.00
2010.06.22 01:56:12.373,0.70845,0.7088,1.60,2.40
2010.06.22 01:56:12.620,0.70845,0.7088,1.00,3.20
2010.06.22 01:56:13.545,0.7085,0.70875,1.60,1.60
2010.06.22 01:56:15.741,0.70845,0.70875,6.40,3.20
2010.06.22 01:56:15.988,0.70845,0.70875,4.80,3.20
2010.06.22 01:56:16.238,0.70845,0.70875,4.00,3.20
2010.06.22 01:56:17.191,0.7085,0.70875,4.00,1.00
2010.06.22 01:56:17.532,0.70855,0.7088,1.00,3.30
2010.06.22 01:56:21.829,0.70855,0.7088,1.00,3.20
2010.06.22 01:56:22.172,0.7085,0.7088,2.40,3.20
2010.06.22 01:56:22.439,0.7085,0.70875,1.60,1.60
2010.06.22 01:56:22.909,0.7085,0.70875,1.60,1.60
2010.06.22 01:56:23.188,0.7085,0.70875,2.40,1.00
2010.06.22 01:56:30.050,0.7085,0.7087,2.40,1.00
2010.06.22 01:56:30.200,0.7085,0.70875,2.40,1.00
2010.06.22 01:56:30.357,0.7085,0.70875,2.40,1.00
2010.06.22 01:56:30.787,0.7085,0.70875,2.40,3.20
2010.06.22 01:56:31.137,0.70825,0.70855,10.40,1.60
2010.06.22 01:56:31.482,0.70835,0.7086,1.00,3.20
2010.06.22 01:56:33.687,0.70835,0.7086,1.20,3.20
2010.06.22 01:56:33.781,0.70835,0.7086,1.60,3.20
2010.06.22 01:56:34.790,0.70835,0.70865,4.80,3.20
2010.06.22 01:56:35.599,0.70845,0.7087,2.40,1.00
2010.06.22 01:56:35.835,0.7085,0.7087,1.00,1.00
2010.06.22 01:56:36.077,0.7085,0.7088,2.40,3.20
2010.06.22 01:56:36.900,0.7085,0.7088,2.40,2.40
2010.06.22 01:56:37.579,0.7085,0.7088,2.40,3.20
2010.06.22 01:56:38.829,0.7085,0.7088,2.40,4.80
2010.06.22 01:56:39.308,0.7085,0.7087,1.00,1.60
2010.06.22 01:56:39.388,0.70845,0.70875,4.00,3.20
2010.06.22 01:56:39.462,0.7085,0.70875,1.60,1.60
2010.06.22 01:56:39.539,0.7085,0.70875,2.40,1.00
2010.06.22 01:56:40.171,0.70865,0.7088,1.60,1.00
2010.06.22 01:56:40.536,0.70865,0.7089,2.40,1.00
2010.06.22 01:56:40.965,0.70865,0.7089,2.40,3.20
2010.06.22 01:56:41.236,0.70865,0.7089,1.00,2.40
2010.06.22 01:56:41.720,0.70865,0.7089,1.00,1.60
2010.06.22 01:56:41.995,0.70865,0.7089,2.40,1.00
2010.06.22 01:56:43.688,0.70865,0.7089,1.00,2.40
2010.06.22 01:56:44.433,0.7086,0.70885,1.00,2.40
2010.06.22 01:56:45.898,0.7086,0.7088,1.00,1.00
2010.06.22 01:56:46.089,0.70855,0.70875,1.00,1.60
2010.06.22 01:56:50.988,0.70855,0.7088,4.00,4.00
2010.06.22 01:56:51.723,0.7086,0.7089,2.40,3.20
2010.06.22 01:57:03.435,0.7086,0.7089,6.40,3.20
2010.06.22 01:57:03.651,0.70865,0.70895,2.40,4.80
2010.06.22 01:57:05.090,0.70865,0.70895,2.50,4.80
2010.06.22 01:57:11.982,0.70865,0.70895,2.50,2.40
2010.06.22 01:57:12.100,0.7087,0.709,2.40,4.80
2010.06.22 01:57:12.441,0.70875,0.709,1.00,4.80
2010.06.22 01:57:14.392,0.70875,0.70905,2.40,7.20
2010.06.22 01:57:14.536,0.7089,0.70905,1.60,4.00
2010.06.22 01:57:14.682,0.7089,0.70905,1.60,2.40
2010.06.22 01:57:14.831,0.70885,0.70905,4.80,2.40
2010.06.22 01:57:15.362,0.70885,0.70905,2.40,2.40
2010.06.22 01:57:19.084,0.70895,0.70905,1.00,2.40
2010.06.22 01:57:19.826,0.70905,0.7093,5.60,4.00
2010.06.22 01:57:20.603,0.709,0.70905,13.20,2.40
2010.06.22 01:57:22.352,0.709,0.70905,15.10,2.40
2010.06.22 01:57:24.737,0.709,0.70905,7.30,2.40
2010.06.22 01:57:29.172,0.7093,0.7097,4.80,3.20
2010.06.22 01:57:29.497,0.70935,0.7098,1.00,1.60
2010.06.22 01:57:29.696,0.70945,0.7098,1.00,1.60
2010.06.22 01:57:30.346,0.70955,0.70985,2.40,4.80
2010.06.22 01:57:31.227,0.70955,0.70985,2.40,7.20
2010.06.22 01:57:31.576,0.70955,0.7098,1.00,1.60
2010.06.22 01:57:32.279,0.70955,0.7098,1.00,3.20
2010.06.22 01:57:32.570,0.70955,0.7098,2.40,3.20
2010.06.22 01:57:33.385,0.70965,0.70985,1.00,3.20
2010.06.22 01:57:33.570,0.70965,0.70985,1.00,1.60
2010.06.22 01:57:34.349,0.7096,0.7099,2.40,4.80
2010.06.22 01:57:34.690,0.70965,0.7099,1.00,4.80
2010.06.22 01:57:36.907,0.7096,0.70985,1.00,4.00
2010.06.22 01:57:40.968,0.7096,0.70985,1.00,4.00
2010.06.22 01:57:45.141,0.7096,0.70985,1.00,4.00
2010.06.22 01:57:47.074,0.70955,0.70985,2.40,4.80
2010.06.22 01:57:52.925,0.7095,0.70975,1.00,1.60
2010.06.22 01:57:54.570,0.70945,0.7097,3.20,1.00
2010.06.22 01:57:56.495,0.70945,0.7096,1.00,3.20
2010.06.22 01:57:57.988,0.70935,0.70955,1.00,1.60
2010.06.22 01:57:58.340,0.70925,0.7095,2.40,1.00
2010.06.22 01:58:01.349,0.7093,0.70945,1.60,1.60
2010.06.22 01:58:06.742,0.70925,0.70945,1.60,3.20
2010.06.22 01:58:07.018,0.70915,0.70945,2.40,3.20
2010.06.22 01:58:08.228,0.70915,0.70945,2.40,4.80
2010.06.22 01:58:08.289,0.70915,0.7094,1.00,2.40
2010.06.22 01:58:08.782,0.70915,0.70935,1.00,1.60
2010.06.22 01:58:09.548,0.70915,0.7094,1.00,4.80
2010.06.22 01:58:12.337,0.70915,0.70935,1.00,1.60
2010.06.22 01:58:12.568,0.70925,0.70935,1.00,1.60
2010.06.22 01:58:18.500,0.70925,0.7094,1.00,4.80
2010.06.22 01:58:18.561,0.70925,0.70935,1.00,1.60
2010.06.22 01:58:20.690,0.70925,0.70945,1.00,3.20
2010.06.22 01:58:21.717,0.7093,0.70955,1.60,1.60
2010.06.22 01:58:22.649,0.7093,0.7096,2.40,3.20
2010.06.22 01:58:23.397,0.70935,0.70965,2.40,3.20
2010.06.22 01:58:23.603,0.7094,0.70965,1.60,1.60
2010.06.22 01:58:23.813,0.7094,0.7097,2.40,3.20
2010.06.22 01:58:24.442,0.70945,0.7097,2.40,1.00
2010.06.22 01:58:31.888,0.70945,0.7097,2.50,1.00
2010.06.22 01:58:32.230,0.70945,0.7097,2.40,1.00
2010.06.22 01:58:32.997,0.7094,0.7097,2.50,4.80
2010.06.22 01:59:00.632,0.7094,0.7097,2.50,3.20
2010.06.22 01:59:07.979,0.70945,0.70975,4.40,5.60
2010.06.22 01:59:08.037,0.70945,0.70975,4.40,3.20
2010.06.22 01:59:08.466,0.70945,0.70975,4.80,3.20
2010.06.22 01:59:08.535,0.70945,0.70975,4.80,2.40
2010.06.22 01:59:08.599,0.70945,0.70975,6.40,2.40
2010.06.22 01:59:08.717,0.7095,0.70975,1.60,1.00
2010.06.22 01:59:08.778,0.7095,0.70975,2.40,1.00
2010.06.22 01:59:28.721,0.7095,0.70975,1.60,1.60
2010.06.22 01:59:28.875,0.70945,0.70975,4.90,3.20
2010.06.22 01:59:34.919,0.70945,0.70965,1.70,1.60
2010.06.22 01:59:35.199,0.70945,0.70965,1.00,2.40
2010.06.22 01:59:35.349,0.70945,0.7096,1.00,1.60
2010.06.22 01:59:36.119,0.70945,0.7096,1.00,1.60
2010.06.22 01:59:37.733,0.70945,0.7096,1.00,3.20
2010.06.22 01:59:37.968,0.70935,0.7096,1.60,3.20
2010.06.22 01:59:39.208,0.70935,0.7096,1.60,2.40
2010.06.22 01:59:39.307,0.70935,0.7096,1.60,2.40
2010.06.22 01:59:42.891,0.70935,0.7096,1.20,2.40
2010.06.22 01:59:43.113,0.70935,0.7096,1.00,2.40
2010.06.22 01:59:43.330,0.70935,0.70955,1.00,1.60
2010.06.22 01:59:43.512,0.7093,0.70955,1.00,1.60
2010.06.22 01:59:44.903,0.70935,0.70955,1.00,1.60
2010.06.22 01:59:45.270,0.70935,0.7096,1.60,7.20
2010.06.22 01:59:45.733,0.70935,0.7096,1.60,5.60
2010.06.22 01:59:46.423,0.70935,0.7096,1.60,3.20
2010.06.22 01:59:46.775,0.7094,0.70965,2.40,1.60
2010.06.22 01:59:47.554,0.70945,0.7097,3.20,1.00
2010.06.22 01:59:58.374,0.70945,0.7097,1.00,4.80
2010.06.22 01:59:58.506,0.70945,0.7096,1.00,1.00
