2010.08.30 06:00:00.497,0.71055,0.71075,1.00,2.80
2010.08.30 06:00:00.606,0.71055,0.71075,1.00,2.40
2010.08.30 06:00:00.711,0.71055,0.71075,1.00,3.20
2010.08.30 06:00:03.377,0.71055,0.71075,1.00,3.30
2010.08.30 06:00:03.655,0.71055,0.71075,1.00,4.40
2010.08.30 06:00:04.208,0.7105,0.7107,1.00,1.00
2010.08.30 06:00:04.505,0.71045,0.7107,2.60,5.60
2010.08.30 06:00:05.215,0.71055,0.7107,1.00,4.80
2010.08.30 06:00:05.451,0.71055,0.7107,1.00,1.00
2010.08.30 06:00:05.689,0.7105,0.71075,1.00,8.40
2010.08.30 06:00:06.308,0.7105,0.71065,1.00,2.40
2010.08.30 06:00:06.659,0.71045,0.71065,1.00,5.00
2010.08.30 06:00:06.944,0.71045,0.71065,1.00,4.60
2010.08.30 06:00:07.226,0.71045,0.71065,1.00,4.20
2010.08.30 06:00:07.792,0.71045,0.71065,1.00,4.70
2010.08.30 06:00:08.003,0.7104,0.7106,1.00,3.20
2010.08.30 06:00:09.232,0.7104,0.7106,1.00,2.40
2010.08.30 06:00:20.791,0.71035,0.71055,1.80,1.00
2010.08.30 06:00:22.504,0.71035,0.71055,2.60,1.00
2010.08.30 06:00:22.725,0.71035,0.7106,3.40,3.40
2010.08.30 06:00:27.214,0.71045,0.7106,1.00,1.90
2010.08.30 06:00:27.556,0.71045,0.7106,1.00,1.00
2010.08.30 06:00:28.219,0.71045,0.71065,1.00,4.40
2010.08.30 06:00:28.452,0.71045,0.71065,1.00,3.60
2010.08.30 06:00:29.483,0.71045,0.71065,1.00,3.60
2010.08.30 06:00:30.612,0.71045,0.71065,1.00,4.40
2010.08.30 06:00:31.138,0.71045,0.71065,1.00,4.00
2010.08.30 06:00:31.314,0.71045,0.71065,1.00,3.60
2010.08.30 06:00:32.275,0.71045,0.7106,1.00,3.00
2010.08.30 06:00:32.557,0.71045,0.7106,1.00,1.60
2010.08.30 06:00:32.888,0.71045,0.71065,1.00,3.60
2010.08.30 06:00:33.613,0.71045,0.71065,1.00,2.70
2010.08.30 06:00:33.889,0.71045,0.71065,1.00,3.50
2010.08.30 06:00:34.158,0.71045,0.71065,1.00,4.30
2010.08.30 06:00:34.426,0.71045,0.71065,1.80,1.60
2010.08.30 06:00:34.820,0.71045,0.71065,2.60,1.00
2010.08.30 06:00:35.617,0.71045,0.71065,2.60,1.40
2010.08.30 06:00:35.884,0.71045,0.71065,1.80,1.80
2010.08.30 06:00:36.594,0.71045,0.71065,1.80,1.90
2010.08.30 06:00:36.855,0.71045,0.71065,1.00,2.80
2010.08.30 06:00:37.115,0.71045,0.71065,2.60,1.60
2010.08.30 06:00:38.207,0.71045,0.71065,2.60,1.80
2010.08.30 06:00:38.475,0.71045,0.71065,1.80,1.80
2010.08.30 06:00:39.514,0.71045,0.71065,1.00,5.20
2010.08.30 06:00:40.017,0.71045,0.71065,1.00,5.10
2010.08.30 06:00:40.298,0.71045,0.71055,1.00,1.00
2010.08.30 06:00:40.577,0.71045,0.71055,1.00,1.00
2010.08.30 06:00:43.182,0.7104,0.71055,1.60,1.00
2010.08.30 06:00:43.481,0.7104,0.71055,1.00,1.00
2010.08.30 06:00:43.712,0.71035,0.71055,3.40,1.00
2010.08.30 06:00:44.635,0.71035,0.71055,2.60,1.00
2010.08.30 06:00:46.042,0.71035,0.71055,2.60,3.20
2010.08.30 06:00:46.263,0.71035,0.71055,1.00,3.00
2010.08.30 06:00:46.481,0.7103,0.7105,2.60,2.40
2010.08.30 06:00:46.699,0.7103,0.7105,1.80,1.00
2010.08.30 06:00:49.866,0.71035,0.7105,1.00,1.00
2010.08.30 06:00:52.233,0.71035,0.7105,1.00,1.00
2010.08.30 06:00:53.943,0.7103,0.7105,4.20,1.00
2010.08.30 06:00:54.224,0.71035,0.71055,1.00,4.20
2010.08.30 06:00:54.364,0.71035,0.71055,1.00,2.60
2010.08.30 06:00:55.236,0.7103,0.7105,1.00,1.80
2010.08.30 06:00:55.455,0.7103,0.7105,1.00,4.20
2010.08.30 06:00:55.625,0.7103,0.7105,1.00,5.00
2010.08.30 06:00:56.519,0.71035,0.7105,1.00,1.60
2010.08.30 06:00:56.843,0.71035,0.71055,1.00,2.70
2010.08.30 06:00:57.165,0.71035,0.71055,1.00,2.60
2010.08.30 06:01:01.222,0.7103,0.7105,1.00,1.00
2010.08.30 06:01:01.703,0.7103,0.7105,1.00,1.00
2010.08.30 06:01:02.918,0.7103,0.71055,2.60,3.40
2010.08.30 06:01:06.238,0.7103,0.71055,2.60,3.40
2010.08.30 06:01:07.833,0.71035,0.71055,1.00,2.60
2010.08.30 06:01:08.177,0.71035,0.7106,1.80,7.60
2010.08.30 06:01:14.197,0.71035,0.71055,1.60,1.00
2010.08.30 06:01:14.450,0.71035,0.71055,1.60,2.40
2010.08.30 06:01:14.696,0.7103,0.71055,2.60,3.40
2010.08.30 06:01:15.491,0.71035,0.71055,1.60,2.40
2010.08.30 06:01:15.706,0.7104,0.7106,1.00,2.60
2010.08.30 06:01:15.890,0.7104,0.7106,1.00,2.40
2010.08.30 06:01:16.067,0.7104,0.7106,1.00,1.00
2010.08.30 06:01:16.246,0.7104,0.7106,2.60,1.60
2010.08.30 06:01:16.697,0.7104,0.71065,2.60,7.50
2010.08.30 06:01:17.048,0.7104,0.71065,2.60,5.10
2010.08.30 06:01:17.918,0.7104,0.71065,1.80,5.10
2010.08.30 06:01:19.005,0.7104,0.7106,1.80,1.00
2010.08.30 06:01:19.558,0.7104,0.71065,1.80,5.10
2010.08.30 06:01:20.547,0.7104,0.7106,1.00,3.20
2010.08.30 06:01:20.898,0.7104,0.7106,1.00,4.20
2010.08.30 06:01:21.938,0.7104,0.71055,1.00,1.00
2010.08.30 06:01:25.042,0.7104,0.7106,1.00,4.30
2010.08.30 06:01:27.102,0.7104,0.7106,1.00,4.00
2010.08.30 06:01:27.304,0.7104,0.7106,1.00,3.20
2010.08.30 06:01:27.705,0.7104,0.7106,1.00,1.60
2010.08.30 06:01:27.903,0.7104,0.7106,1.80,1.00
2010.08.30 06:01:33.518,0.7104,0.71055,1.00,1.00
2010.08.30 06:01:33.805,0.7104,0.71055,1.00,1.00
2010.08.30 06:01:34.082,0.7104,0.71055,1.00,1.00
2010.08.30 06:01:34.387,0.7104,0.71055,1.00,1.00
2010.08.30 06:01:34.942,0.7104,0.7106,2.60,1.00
2010.08.30 06:01:37.534,0.7104,0.71055,1.80,1.00
2010.08.30 06:01:37.628,0.7104,0.71055,1.00,1.00
2010.08.30 06:01:37.807,0.7104,0.7106,2.60,1.00
2010.08.30 06:01:38.203,0.7104,0.71065,2.60,5.90
2010.08.30 06:01:38.388,0.7104,0.71065,3.40,5.10
2010.08.30 06:01:38.748,0.7104,0.7106,1.00,3.40
2010.08.30 06:01:47.057,0.7104,0.7106,1.00,4.20
2010.08.30 06:01:48.885,0.7104,0.7106,1.00,3.40
2010.08.30 06:01:50.562,0.7104,0.7106,1.00,4.20
2010.08.30 06:01:50.906,0.7104,0.7106,1.00,2.60
2010.08.30 06:01:51.087,0.7104,0.7106,1.00,2.40
2010.08.30 06:01:51.399,0.7104,0.7106,1.00,1.60
2010.08.30 06:01:51.753,0.7104,0.71065,1.80,5.90
2010.08.30 06:01:52.626,0.7104,0.7106,1.80,1.00
2010.08.30 06:01:58.085,0.7104,0.71065,1.80,5.90
2010.08.30 06:01:58.232,0.7104,0.7106,1.80,1.00
2010.08.30 06:02:00.808,0.7104,0.71065,1.60,3.40
2010.08.30 06:02:01.116,0.7104,0.71065,1.60,1.80
2010.08.30 06:02:03.593,0.7104,0.71065,1.00,2.60
2010.08.30 06:02:04.203,0.7104,0.7106,1.00,1.00
2010.08.30 06:02:06.371,0.71035,0.7106,2.40,2.60
2010.08.30 06:02:06.590,0.71035,0.7106,3.20,3.40
2010.08.30 06:02:07.046,0.7104,0.7106,1.00,1.00
2010.08.30 06:02:08.465,0.7104,0.71065,1.00,4.20
2010.08.30 06:02:10.213,0.7104,0.71065,1.60,3.40
2010.08.30 06:02:12.375,0.7104,0.71065,1.00,4.20
2010.08.30 06:02:12.664,0.7104,0.7106,1.00,1.00
2010.08.30 06:02:15.634,0.7104,0.71065,1.00,4.20
2010.08.30 06:02:15.805,0.71035,0.7106,1.60,4.20
2010.08.30 06:02:16.134,0.71035,0.7106,2.40,3.40
2010.08.30 06:02:16.243,0.71035,0.7106,3.20,2.60
2010.08.30 06:02:16.354,0.7104,0.7106,1.60,1.60
2010.08.30 06:02:17.004,0.7104,0.71065,1.60,1.80
2010.08.30 06:02:17.699,0.7104,0.71065,1.60,3.60
2010.08.30 06:02:18.231,0.7104,0.7106,1.60,1.00
2010.08.30 06:02:18.505,0.7104,0.7106,1.00,3.20
2010.08.30 06:02:18.780,0.7104,0.7106,1.60,1.60
2010.08.30 06:02:19.045,0.7104,0.71065,1.60,5.00
2010.08.30 06:02:19.304,0.7104,0.71065,1.60,3.40
2010.08.30 06:02:20.743,0.7104,0.71065,1.60,5.00
2010.08.30 06:02:21.079,0.7104,0.7106,1.00,1.60
2010.08.30 06:02:21.275,0.7104,0.7106,1.00,1.00
2010.08.30 06:02:21.475,0.7104,0.71065,1.00,6.60
2010.08.30 06:02:21.952,0.7104,0.71065,1.00,7.40
2010.08.30 06:02:22.180,0.7104,0.7106,1.00,1.00
2010.08.30 06:02:22.408,0.7104,0.7106,1.60,1.60
2010.08.30 06:02:22.960,0.7104,0.7106,1.60,1.00
2010.08.30 06:02:23.244,0.7104,0.7106,1.00,1.00
2010.08.30 06:02:23.522,0.7104,0.7106,1.00,2.40
2010.08.30 06:02:23.883,0.7104,0.7106,1.60,1.60
2010.08.30 06:02:24.171,0.7104,0.7106,1.00,1.60
2010.08.30 06:02:24.522,0.7104,0.71065,1.60,6.60
2010.08.30 06:02:24.868,0.7104,0.71065,1.60,3.40
2010.08.30 06:02:26.102,0.7104,0.71065,1.60,3.00
2010.08.30 06:02:26.315,0.7104,0.71065,2.40,1.80
2010.08.30 06:02:26.978,0.7104,0.71065,2.40,2.60
2010.08.30 06:02:30.958,0.7104,0.71065,1.60,2.60
2010.08.30 06:02:32.882,0.7104,0.71065,1.60,3.40
2010.08.30 06:02:33.305,0.7104,0.71065,3.20,2.60
2010.08.30 06:02:33.445,0.71045,0.71065,1.60,1.60
2010.08.30 06:02:34.389,0.71045,0.71065,1.60,2.40
2010.08.30 06:02:37.524,0.71045,0.71065,1.80,2.40
2010.08.30 06:02:38.159,0.7104,0.7106,1.60,1.00
2010.08.30 06:02:38.447,0.7104,0.71065,1.60,9.80
2010.08.30 06:02:38.992,0.71045,0.7106,1.00,1.60
2010.08.30 06:02:39.284,0.71045,0.71065,1.00,5.80
2010.08.30 06:02:41.592,0.7104,0.71065,1.60,5.80
2010.08.30 06:02:45.670,0.7104,0.71065,1.60,6.60
2010.08.30 06:02:45.876,0.7104,0.71065,1.60,5.80
2010.08.30 06:02:46.565,0.7104,0.71065,1.60,6.60
2010.08.30 06:02:47.596,0.7104,0.71065,1.60,5.80
2010.08.30 06:02:49.105,0.7104,0.71065,2.40,5.80
2010.08.30 06:02:49.361,0.7104,0.71065,1.60,5.80
2010.08.30 06:03:05.345,0.71045,0.71065,1.60,3.20
2010.08.30 06:03:05.627,0.7105,0.71065,1.00,2.40
2010.08.30 06:03:06.103,0.7105,0.71065,3.20,1.00
2010.08.30 06:03:06.303,0.71055,0.71065,3.20,1.00
2010.08.30 06:03:06.497,0.71055,0.71065,2.40,1.00
2010.08.30 06:03:06.688,0.71055,0.71075,2.40,1.00
2010.08.30 06:03:07.493,0.7106,0.71075,1.00,1.00
2010.08.30 06:03:07.835,0.7106,0.71075,1.60,1.00
2010.08.30 06:03:09.128,0.7106,0.71075,1.00,1.00
2010.08.30 06:03:11.634,0.71055,0.71075,1.60,1.00
2010.08.30 06:03:14.395,0.71055,0.71075,1.60,1.60
2010.08.30 06:03:14.738,0.71055,0.71075,1.00,4.80
2010.08.30 06:03:15.085,0.7105,0.71075,1.60,5.10
2010.08.30 06:03:24.997,0.7105,0.71075,1.60,6.70
2010.08.30 06:03:25.350,0.7105,0.71075,1.00,6.90
2010.08.30 06:03:26.038,0.7105,0.71075,1.60,5.30
2010.08.30 06:03:26.520,0.7105,0.71075,1.60,4.40
2010.08.30 06:03:26.720,0.7105,0.71075,3.20,3.70
2010.08.30 06:03:26.914,0.7105,0.71075,4.00,3.60
2010.08.30 06:03:28.474,0.7105,0.71075,4.00,3.70
2010.08.30 06:03:29.055,0.7105,0.71075,4.00,3.60
2010.08.30 06:03:31.353,0.7105,0.71075,3.20,3.60
2010.08.30 06:03:31.545,0.7105,0.71075,1.60,5.20
2010.08.30 06:03:31.856,0.7105,0.71075,1.60,6.80
2010.08.30 06:03:31.869,0.7105,0.7107,1.60,1.00
2010.08.30 06:03:31.896,0.7105,0.7107,1.00,1.00
2010.08.30 06:03:34.317,0.7105,0.7107,1.60,1.00
2010.08.30 06:03:34.359,0.7105,0.7107,3.20,1.00
2010.08.30 06:03:39.125,0.7105,0.71065,1.00,1.00
2010.08.30 06:03:39.412,0.71045,0.71065,1.60,1.00
2010.08.30 06:03:45.062,0.71045,0.71065,3.20,1.00
2010.08.30 06:03:45.263,0.71045,0.7107,4.00,4.20
2010.08.30 06:03:45.950,0.71045,0.7107,2.40,2.60
2010.08.30 06:03:46.118,0.71045,0.71065,4.00,1.00
2010.08.30 06:03:46.638,0.71045,0.71065,3.20,1.00
2010.08.30 06:03:46.988,0.71045,0.7107,9.60,1.80
2010.08.30 06:03:47.401,0.7105,0.7107,1.00,1.00
2010.08.30 06:03:47.617,0.7105,0.7107,1.60,1.60
2010.08.30 06:03:48.276,0.7105,0.7107,1.60,1.00
2010.08.30 06:03:49.697,0.7105,0.71075,1.60,5.20
2010.08.30 06:03:52.247,0.71045,0.7107,1.60,3.50
2010.08.30 06:03:52.487,0.7104,0.7107,4.80,4.20
2010.08.30 06:03:52.725,0.7104,0.71065,3.20,1.50
2010.08.30 06:03:52.964,0.7104,0.71065,3.20,1.90
2010.08.30 06:03:53.788,0.7104,0.7106,2.40,1.00
2010.08.30 06:03:59.043,0.71035,0.7106,18.00,1.00
2010.08.30 06:03:59.185,0.71035,0.71055,11.00,1.00
2010.08.30 06:03:59.326,0.71035,0.71055,7.00,1.00
2010.08.30 06:03:59.465,0.71035,0.71055,5.00,1.00
2010.08.30 06:03:59.895,0.71035,0.71055,8.00,1.00
2010.08.30 06:04:00.035,0.71035,0.71055,7.00,1.00
2010.08.30 06:04:00.308,0.71035,0.71055,5.00,1.00
2010.08.30 06:04:00.577,0.71035,0.7105,5.00,1.00
2010.08.30 06:04:01.367,0.71035,0.7105,5.00,1.00
2010.08.30 06:04:01.619,0.71035,0.71045,5.00,1.00
2010.08.30 06:04:01.867,0.71035,0.71045,5.25,1.00
2010.08.30 06:04:06.129,0.71035,0.7105,5.25,1.00
2010.08.30 06:04:17.206,0.71035,0.7105,5.00,1.00
2010.08.30 06:04:40.208,0.71035,0.7105,5.25,1.00
2010.08.30 06:05:40.145,0.71035,0.7105,5.00,1.00
2010.08.30 06:06:08.279,0.71035,0.7105,5.00,1.20
2010.08.30 06:06:45.773,0.71035,0.7105,6.00,1.20
2010.08.30 06:06:46.253,0.71035,0.7105,5.00,1.20
2010.08.30 06:06:46.594,0.71035,0.7105,6.00,1.20
2010.08.30 06:06:48.136,0.71035,0.7105,5.00,1.20
2010.08.30 06:07:00.290,0.71035,0.7105,5.20,1.20
2010.08.30 06:07:01.348,0.71035,0.7105,6.20,1.20
2010.08.30 06:07:01.949,0.71035,0.7105,5.20,1.20
2010.08.30 06:07:07.964,0.71035,0.71045,5.20,1.00
2010.08.30 06:07:08.082,0.71035,0.71045,5.00,1.00
2010.08.30 06:07:10.405,0.71035,0.71045,5.20,1.00
2010.08.30 06:07:10.751,0.71035,0.71045,5.10,1.00
2010.08.30 06:07:11.068,0.71035,0.7105,6.10,1.00
2010.08.30 06:07:11.628,0.71035,0.7105,6.20,1.00
2010.08.30 06:07:12.267,0.71035,0.7105,6.00,1.00
2010.08.30 06:07:19.636,0.71035,0.7105,5.00,1.00
2010.08.30 06:07:23.545,0.71035,0.7105,5.10,1.00
2010.08.30 06:07:23.630,0.71035,0.7105,6.10,1.00
2010.08.30 06:07:23.687,0.71035,0.7105,6.10,1.00
2010.08.30 06:07:23.955,0.71035,0.7105,6.00,1.00
2010.08.30 06:07:23.996,0.71035,0.7105,5.00,1.00
2010.08.30 06:07:24.518,0.71035,0.7105,6.00,1.00
2010.08.30 06:07:24.870,0.71035,0.7105,5.00,1.00
2010.08.30 06:07:26.465,0.71035,0.7105,6.00,1.00
2010.08.30 06:07:27.192,0.71035,0.7105,5.00,1.00
2010.08.30 06:07:27.373,0.71035,0.7105,6.00,1.00
2010.08.30 06:07:27.553,0.71035,0.71045,6.00,2.40
2010.08.30 06:07:28.018,0.71025,0.7103,7.40,1.00
2010.08.30 06:07:28.456,0.71025,0.7104,1.00,1.00
2010.08.30 06:07:28.940,0.7102,0.7104,5.20,1.00
2010.08.30 06:07:29.161,0.71035,0.7104,5.00,1.00
2010.08.30 06:07:45.510,0.7102,0.71025,7.80,2.00
2010.08.30 06:07:46.500,0.71005,0.71025,2.00,1.60
2010.08.30 06:07:46.755,0.71005,0.71025,1.20,1.60
2010.08.30 06:07:47.275,0.71005,0.71025,1.20,1.80
2010.08.30 06:07:47.866,0.71005,0.71025,1.60,1.80
2010.08.30 06:07:50.098,0.7101,0.71025,1.00,1.80
2010.08.30 06:07:50.208,0.7101,0.71025,1.00,1.00
2010.08.30 06:07:56.942,0.71005,0.71025,3.20,1.00
2010.08.30 06:07:57.057,0.7101,0.71025,1.00,1.00
2010.08.30 06:07:57.243,0.71005,0.71025,3.20,1.00
2010.08.30 06:07:57.840,0.7101,0.71025,1.00,1.00
2010.08.30 06:08:01.418,0.7101,0.71025,1.00,1.00
2010.08.30 06:08:01.769,0.71015,0.7103,5.20,1.00
2010.08.30 06:08:02.119,0.7102,0.71035,1.20,1.00
2010.08.30 06:08:02.467,0.7102,0.71035,3.60,1.00
2010.08.30 06:08:04.051,0.7102,0.71035,2.80,1.00
2010.08.30 06:08:04.175,0.7102,0.71035,1.00,1.10
2010.08.30 06:08:12.762,0.7102,0.71035,1.00,1.30
2010.08.30 06:08:13.888,0.71015,0.71035,1.00,1.30
2010.08.30 06:08:24.323,0.7102,0.71035,1.00,2.10
2010.08.30 06:08:26.921,0.7102,0.71035,1.00,1.30
2010.08.30 06:08:56.844,0.7102,0.71035,1.00,1.00
2010.08.30 06:08:57.141,0.7102,0.71035,1.20,1.00
2010.08.30 06:08:57.446,0.7102,0.71035,3.60,1.00
2010.08.30 06:09:00.665,0.7102,0.71035,4.40,1.00
2010.08.30 06:09:04.453,0.7102,0.71035,3.60,1.00
2010.08.30 06:09:23.243,0.7102,0.7104,3.60,1.00
2010.08.30 06:09:25.692,0.71025,0.7104,1.00,1.00
2010.08.30 06:09:26.381,0.7102,0.7104,3.60,1.00
2010.08.30 06:09:30.976,0.71025,0.7104,1.00,1.00
2010.08.30 06:09:35.971,0.7102,0.7104,3.60,1.00
2010.08.30 06:09:38.409,0.7102,0.7104,4.40,1.00
2010.08.30 06:09:40.005,0.71025,0.7104,1.00,1.00
2010.08.30 06:09:40.899,0.71025,0.7104,1.00,1.00
2010.08.30 06:09:44.905,0.7103,0.7104,1.00,1.00
2010.08.30 06:09:45.518,0.71025,0.7104,1.00,1.00
2010.08.30 06:09:58.977,0.7103,0.7104,1.00,1.00
2010.08.30 06:10:11.296,0.71025,0.7104,1.00,1.00
2010.08.30 06:10:13.222,0.7102,0.7104,5.30,1.00
2010.08.30 06:10:13.904,0.7102,0.7104,2.90,1.00
2010.08.30 06:10:14.124,0.71025,0.7104,1.00,1.00
2010.08.30 06:10:16.375,0.7102,0.7104,5.20,1.00
2010.08.30 06:10:17.049,0.7102,0.7104,2.80,1.00
2010.08.30 06:10:27.975,0.7102,0.71045,4.40,1.00
2010.08.30 06:10:28.610,0.71025,0.71045,1.00,1.00
2010.08.30 06:10:29.046,0.71025,0.7105,1.60,3.40
2010.08.30 06:10:29.349,0.71025,0.7105,2.40,3.40
2010.08.30 06:10:32.668,0.7103,0.7105,1.00,2.60
2010.08.30 06:10:35.734,0.7103,0.7105,1.20,1.00
2010.08.30 06:10:43.098,0.7103,0.7105,2.00,1.00
2010.08.30 06:10:43.279,0.71035,0.71055,1.00,1.00
2010.08.30 06:10:43.627,0.71035,0.71055,2.40,1.00
2010.08.30 06:10:43.976,0.71035,0.7106,4.00,12.20
2010.08.30 06:10:48.215,0.71035,0.7106,4.00,13.80
2010.08.30 06:10:48.403,0.71035,0.71055,4.00,1.00
2010.08.30 06:10:48.554,0.71035,0.71055,3.20,1.60
2010.08.30 06:10:48.880,0.71035,0.71055,1.00,1.80
2010.08.30 06:10:49.037,0.7103,0.7105,1.00,1.00
2010.08.30 06:10:49.190,0.7103,0.7105,1.20,1.00
2010.08.30 06:10:55.724,0.7103,0.7105,1.20,1.00
2010.08.30 06:10:56.109,0.7103,0.7105,1.00,3.40
2010.08.30 06:11:13.234,0.7103,0.7105,1.00,4.20
2010.08.30 06:11:13.833,0.7103,0.7105,1.00,3.40
2010.08.30 06:11:17.582,0.7103,0.7105,1.00,3.20
2010.08.30 06:11:23.943,0.7103,0.7105,1.00,3.40
2010.08.30 06:11:24.117,0.7103,0.71035,1.00,1.00
2010.08.30 06:11:24.293,0.71025,0.71035,2.40,1.00
2010.08.30 06:11:24.476,0.71025,0.7104,2.40,4.00
2010.08.30 06:11:24.988,0.71025,0.7104,1.60,1.00
2010.08.30 06:11:25.725,0.71025,0.71045,2.40,1.00
2010.08.30 06:11:26.006,0.71025,0.71045,3.20,1.00
2010.08.30 06:11:27.046,0.71025,0.71045,4.00,1.00
2010.08.30 06:11:27.530,0.71025,0.71045,4.40,1.00
2010.08.30 06:11:28.098,0.71025,0.71045,4.00,1.00
2010.08.30 06:11:28.252,0.71025,0.7105,4.00,3.20
2010.08.30 06:11:30.130,0.7103,0.7105,1.20,3.20
2010.08.30 06:11:30.785,0.7103,0.7105,1.20,1.00
2010.08.30 06:11:32.505,0.7103,0.7105,1.00,3.20
2010.08.30 06:11:37.354,0.71025,0.7105,4.00,3.20
2010.08.30 06:11:41.802,0.71025,0.71045,4.00,1.00
2010.08.30 06:11:42.083,0.71025,0.71045,4.40,1.00
2010.08.30 06:11:51.626,0.71025,0.7105,4.40,3.20
2010.08.30 06:11:56.914,0.71025,0.71045,4.40,1.00
2010.08.30 06:12:01.166,0.71025,0.71045,3.60,1.00
2010.08.30 06:12:04.192,0.71025,0.7105,3.60,3.20
2010.08.30 06:12:06.620,0.71025,0.7105,3.60,3.20
2010.08.30 06:12:06.772,0.71025,0.71045,3.60,1.00
2010.08.30 06:12:19.183,0.71025,0.7105,3.60,3.20
2010.08.30 06:12:20.734,0.71025,0.7105,3.60,3.20
2010.08.30 06:12:20.942,0.7103,0.7105,1.60,3.20
2010.08.30 06:12:21.992,0.7103,0.71045,1.60,1.00
2010.08.30 06:12:23.805,0.7103,0.7105,1.60,3.20
2010.08.30 06:12:23.867,0.7103,0.7105,2.40,1.00
2010.08.30 06:12:24.055,0.7103,0.7105,2.80,1.00
2010.08.30 06:12:24.668,0.7103,0.7105,2.00,1.00
2010.08.30 06:12:25.965,0.71035,0.7105,1.60,1.00
2010.08.30 06:12:39.717,0.71035,0.7105,1.60,1.00
2010.08.30 06:12:43.448,0.71035,0.7105,1.60,1.00
2010.08.30 06:12:52.839,0.71035,0.7105,1.60,1.00
2010.08.30 06:12:53.427,0.71035,0.7105,1.60,1.00
2010.08.30 06:12:55.447,0.71035,0.7105,1.60,1.00
2010.08.30 06:12:56.214,0.71035,0.7105,1.60,1.00
2010.08.30 06:13:22.667,0.71035,0.71055,1.60,3.20
2010.08.30 06:13:23.915,0.71035,0.71055,1.60,1.00
2010.08.30 06:13:27.233,0.71035,0.7105,1.60,1.00
2010.08.30 06:13:50.217,0.71035,0.71055,1.60,1.00
2010.08.30 06:13:53.402,0.71035,0.7105,1.60,1.00
2010.08.30 06:13:55.096,0.71035,0.7105,1.70,1.00
2010.08.30 06:13:55.634,0.71035,0.71055,3.20,1.00
2010.08.30 06:13:55.799,0.71035,0.7105,1.60,1.00
2010.08.30 06:13:56.283,0.71035,0.71055,2.40,3.20
2010.08.30 06:13:56.626,0.71035,0.7105,1.60,1.00
2010.08.30 06:13:59.540,0.71035,0.71055,1.60,3.20
2010.08.30 06:14:02.901,0.71035,0.7105,1.60,1.00
2010.08.30 06:14:07.532,0.71035,0.71055,1.60,3.20
2010.08.30 06:14:12.583,0.71035,0.7105,1.60,1.00
2010.08.30 06:14:52.723,0.71035,0.71055,1.60,3.20
2010.08.30 06:14:56.235,0.71035,0.71055,1.60,1.00
2010.08.30 06:14:57.804,0.71035,0.7105,1.60,1.00
2010.08.30 06:15:52.971,0.71035,0.71055,1.60,1.00
2010.08.30 06:15:57.961,0.71035,0.7105,1.60,1.00
2010.08.30 06:16:16.141,0.71035,0.71055,1.60,1.00
2010.08.30 06:16:18.923,0.71035,0.7105,1.60,1.00
2010.08.30 06:16:19.893,0.71035,0.71055,1.60,1.00
2010.08.30 06:16:43.387,0.7104,0.71055,1.00,1.00
2010.08.30 06:16:57.843,0.7104,0.71055,1.00,1.60
2010.08.30 06:16:58.373,0.7104,0.71055,1.00,1.70
2010.08.30 06:16:58.584,0.7104,0.7105,1.00,1.60
2010.08.30 06:16:58.795,0.71035,0.7105,1.60,4.80
2010.08.30 06:16:59.496,0.71035,0.7105,1.60,1.00
2010.08.30 06:17:00.179,0.71035,0.71055,1.60,5.60
2010.08.30 06:17:00.937,0.71035,0.71055,1.60,5.10
2010.08.30 06:17:01.211,0.71035,0.71055,1.60,4.90
2010.08.30 06:17:01.492,0.7104,0.7105,1.00,1.00
2010.08.30 06:17:06.736,0.71045,0.7106,2.40,1.50
2010.08.30 06:17:06.865,0.71045,0.7106,2.40,1.00
2010.08.30 06:17:06.995,0.71045,0.71065,2.40,1.60
2010.08.30 06:17:07.477,0.71045,0.71065,2.40,1.00
2010.08.30 06:17:08.327,0.71045,0.71065,2.40,1.00
2010.08.30 06:17:08.477,0.71045,0.71065,2.40,1.00
2010.08.30 06:17:29.656,0.71045,0.71065,1.60,1.00
2010.08.30 06:17:29.932,0.71045,0.71065,1.60,3.20
2010.08.30 06:17:32.763,0.71045,0.7106,1.60,1.00
2010.08.30 06:17:58.565,0.71045,0.7106,1.00,1.00
2010.08.30 06:17:59.516,0.71045,0.7106,1.60,1.00
2010.08.30 06:18:07.309,0.71045,0.71065,2.40,3.20
2010.08.30 06:18:07.586,0.71045,0.71065,2.40,1.00
2010.08.30 06:18:09.794,0.7105,0.71065,1.00,1.00
2010.08.30 06:18:13.578,0.7105,0.71065,1.00,1.00
2010.08.30 06:18:14.909,0.7105,0.7106,1.00,1.00
2010.08.30 06:18:15.158,0.71045,0.7106,1.60,1.00
2010.08.30 06:18:15.693,0.71035,0.71055,3.20,1.00
2010.08.30 06:18:15.939,0.7103,0.71055,4.80,3.40
2010.08.30 06:18:16.233,0.7103,0.71055,2.40,3.40
2010.08.30 06:18:16.789,0.7103,0.7105,1.60,1.00
2010.08.30 06:18:17.081,0.71035,0.7105,1.00,1.00
2010.08.30 06:18:18.851,0.71035,0.71055,1.60,3.40
2010.08.30 06:18:19.128,0.7104,0.71055,1.00,1.00
2010.08.30 06:18:20.088,0.7104,0.71055,1.60,1.00
2010.08.30 06:18:23.414,0.7104,0.7106,1.60,2.40
2010.08.30 06:18:24.088,0.7104,0.71065,1.60,8.20
2010.08.30 06:18:24.396,0.7104,0.71055,1.00,1.00
2010.08.30 06:18:24.689,0.71035,0.71055,1.60,3.20
2010.08.30 06:18:26.676,0.7104,0.71055,1.00,3.20
2010.08.30 06:18:46.763,0.7104,0.71055,1.00,2.40
2010.08.30 06:18:47.090,0.7104,0.7106,1.00,8.10
2010.08.30 06:18:47.577,0.71045,0.7106,1.00,5.70
2010.08.30 06:18:47.827,0.71045,0.7106,1.60,2.40
2010.08.30 06:18:48.123,0.71045,0.71065,1.60,5.60
2010.08.30 06:18:48.307,0.71045,0.71065,1.60,3.20
2010.08.30 06:18:54.912,0.7105,0.71065,1.60,2.40
2010.08.30 06:18:55.448,0.7105,0.7107,1.60,2.40
2010.08.30 06:18:55.773,0.71055,0.71075,1.60,2.40
2010.08.30 06:19:00.245,0.71055,0.71075,1.60,1.00
2010.08.30 06:19:00.788,0.71055,0.71075,1.60,1.00
2010.08.30 06:19:01.328,0.71055,0.71075,1.60,3.30
2010.08.30 06:19:02.215,0.71055,0.7107,1.60,1.00
2010.08.30 06:19:02.367,0.71055,0.7107,1.60,3.20
2010.08.30 06:19:02.526,0.71055,0.7107,1.00,3.20
2010.08.30 06:19:16.094,0.71055,0.7107,1.00,2.40
2010.08.30 06:19:16.247,0.71055,0.7107,1.60,2.40
2010.08.30 06:19:16.547,0.71055,0.71075,1.60,5.60
2010.08.30 06:19:16.857,0.71055,0.71075,1.60,3.20
2010.08.30 06:19:19.148,0.71055,0.71075,1.60,1.00
2010.08.30 06:19:19.899,0.71055,0.7107,1.60,1.00
2010.08.30 06:19:20.238,0.71055,0.7107,1.00,1.00
2010.08.30 06:19:20.506,0.71055,0.7107,1.00,3.20
2010.08.30 06:19:23.378,0.71055,0.7107,1.00,3.30
2010.08.30 06:19:24.412,0.71055,0.7107,1.00,3.20
2010.08.30 06:19:29.518,0.71055,0.7107,1.00,3.20
2010.08.30 06:19:33.801,0.71055,0.7107,1.00,3.30
2010.08.30 06:19:34.398,0.71055,0.7107,1.00,3.20
2010.08.30 06:19:48.880,0.7105,0.71065,1.60,1.00
2010.08.30 06:19:49.676,0.7105,0.71065,1.60,3.20
2010.08.30 06:19:49.776,0.7105,0.71065,1.00,3.20
2010.08.30 06:19:49.985,0.7105,0.71065,1.00,2.40
2010.08.30 06:19:50.296,0.7105,0.7107,1.00,4.80
2010.08.30 06:19:50.494,0.7105,0.7107,1.60,4.80
2010.08.30 06:19:53.246,0.7105,0.7107,1.60,1.60
2010.08.30 06:19:53.386,0.7105,0.71075,2.40,5.80
2010.08.30 06:19:53.526,0.71055,0.71075,1.60,4.80
2010.08.30 06:19:54.436,0.71055,0.71075,1.60,4.80
2010.08.30 06:19:55.416,0.71055,0.71075,1.60,4.80
2010.08.30 06:19:55.697,0.71055,0.71075,1.60,2.40
2010.08.30 06:19:55.926,0.71055,0.7108,2.40,8.30
2010.08.30 06:19:56.014,0.7106,0.7108,1.60,7.50
2010.08.30 06:19:56.107,0.7106,0.7108,2.40,7.50
2010.08.30 06:19:56.195,0.7106,0.7108,2.40,7.20
2010.08.30 06:19:56.285,0.7106,0.7108,2.40,2.40
2010.08.30 06:19:56.377,0.7106,0.71085,2.40,8.30
2010.08.30 06:19:56.554,0.7106,0.71085,2.40,5.90
2010.08.30 06:19:57.296,0.7106,0.71085,2.40,6.00
2010.08.30 06:19:57.472,0.71065,0.71085,1.60,4.90
2010.08.30 06:19:57.650,0.71065,0.71085,1.60,4.80
2010.08.30 06:19:57.988,0.71065,0.71085,1.60,4.90
2010.08.30 06:19:59.515,0.71065,0.71085,1.60,4.80
2010.08.30 06:20:02.294,0.71065,0.71085,1.60,4.90
2010.08.30 06:20:02.525,0.71065,0.71085,1.60,6.80
2010.08.30 06:20:02.757,0.71065,0.7108,1.00,1.00
2010.08.30 06:20:03.193,0.7106,0.7108,1.60,3.20
2010.08.30 06:20:09.795,0.7106,0.7108,1.60,3.20
2010.08.30 06:20:10.052,0.7106,0.71075,1.60,1.00
2010.08.30 06:20:10.866,0.7106,0.71075,1.60,1.00
2010.08.30 06:20:11.221,0.7106,0.71075,1.00,1.00
2010.08.30 06:20:12.214,0.7106,0.7108,1.00,3.40
2010.08.30 06:20:18.929,0.7106,0.71075,1.00,1.00
2010.08.30 06:20:19.058,0.7106,0.71075,1.00,1.30
2010.08.30 06:20:19.184,0.7106,0.71075,1.00,1.70
2010.08.30 06:20:19.481,0.71055,0.71075,1.60,2.00
2010.08.30 06:20:19.608,0.7105,0.71065,2.40,1.00
2010.08.30 06:20:19.966,0.7105,0.71065,1.60,1.00
2010.08.30 06:20:20.406,0.7105,0.71065,1.60,1.00
2010.08.30 06:20:20.751,0.7105,0.7107,1.60,3.20
2010.08.30 06:20:22.301,0.7105,0.7107,1.60,1.00
2010.08.30 06:20:22.552,0.7105,0.7107,1.60,3.20
2010.08.30 06:20:27.249,0.71055,0.7107,2.40,1.00
2010.08.30 06:20:29.316,0.7106,0.71075,2.40,4.20
2010.08.30 06:20:29.659,0.7106,0.71075,2.40,1.60
2010.08.30 06:20:30.265,0.71055,0.71075,1.00,4.00
2010.08.30 06:20:31.341,0.71055,0.71075,1.00,4.10
2010.08.30 06:20:32.608,0.71055,0.71075,1.00,4.00
2010.08.30 06:20:35.505,0.7105,0.7107,3.20,1.70
2010.08.30 06:20:35.852,0.71055,0.71075,1.60,4.00
2010.08.30 06:20:42.533,0.7105,0.71075,2.40,5.00
2010.08.30 06:20:45.168,0.7105,0.71075,1.60,7.00
2010.08.30 06:20:45.449,0.7105,0.7107,1.60,1.60
2010.08.30 06:20:45.662,0.7105,0.7107,1.00,5.70
2010.08.30 06:20:47.149,0.7105,0.7107,1.00,7.70
2010.08.30 06:20:47.246,0.71045,0.71065,2.40,1.00
2010.08.30 06:20:47.348,0.71045,0.71065,1.60,3.20
2010.08.30 06:20:58.009,0.71045,0.7106,1.60,1.00
2010.08.30 06:20:58.290,0.7104,0.7106,1.60,1.00
2010.08.30 06:20:59.870,0.7104,0.71065,2.40,6.60
2010.08.30 06:21:00.035,0.7104,0.71065,2.40,4.20
2010.08.30 06:21:00.339,0.7104,0.71065,2.40,3.40
2010.08.30 06:21:00.526,0.71045,0.71065,1.00,3.40
2010.08.30 06:21:45.096,0.7105,0.7107,9.60,1.00
2010.08.30 06:21:45.378,0.7105,0.71075,5.60,2.60
2010.08.30 06:21:45.923,0.7105,0.71075,2.40,5.00
2010.08.30 06:21:46.447,0.7105,0.7107,2.40,1.00
2010.08.30 06:21:46.700,0.7105,0.7107,1.60,1.00
2010.08.30 06:22:08.635,0.7105,0.7107,1.60,2.40
2010.08.30 06:22:08.835,0.7105,0.71065,1.60,1.00
2010.08.30 06:22:09.320,0.7104,0.71065,8.90,1.80
2010.08.30 06:22:09.518,0.7104,0.71065,6.50,1.80
2010.08.30 06:22:09.716,0.7104,0.71065,4.10,4.20
2010.08.30 06:22:09.916,0.7104,0.71065,3.30,4.20
2010.08.30 06:22:10.514,0.7104,0.71065,3.20,4.20
2010.08.30 06:22:11.923,0.7104,0.71065,3.20,4.20
2010.08.30 06:22:12.600,0.7104,0.71065,2.40,5.80
2010.08.30 06:22:13.943,0.71045,0.71065,1.60,3.40
2010.08.30 06:22:14.127,0.71045,0.71065,1.60,1.00
2010.08.30 06:22:16.267,0.71045,0.71065,1.00,1.00
2010.08.30 06:22:27.263,0.71045,0.71065,2.40,1.00
2010.08.30 06:22:33.398,0.71045,0.71065,3.20,1.00
2010.08.30 06:22:33.472,0.71045,0.7107,3.20,13.20
2010.08.30 06:22:33.543,0.71045,0.7107,1.60,13.20
2010.08.30 06:22:34.357,0.71045,0.7107,1.60,13.20
2010.08.30 06:22:41.825,0.71055,0.7107,2.40,6.50
2010.08.30 06:22:42.092,0.7106,0.7108,1.00,2.60
2010.08.30 06:22:42.407,0.7106,0.7108,1.00,2.60
2010.08.30 06:22:42.659,0.7106,0.71085,2.60,7.40
2010.08.30 06:22:43.143,0.7106,0.7108,1.60,1.00
2010.08.30 06:22:43.766,0.7106,0.71085,2.60,5.80
2010.08.30 06:22:44.112,0.71065,0.71085,1.60,4.80
2010.08.30 06:22:46.555,0.7106,0.7108,1.00,1.00
2010.08.30 06:22:46.887,0.7106,0.71085,1.80,7.40
2010.08.30 06:22:47.214,0.7106,0.71085,2.60,5.80
2010.08.30 06:22:47.543,0.7106,0.71085,2.40,7.80
2010.08.30 06:22:48.114,0.71055,0.7108,6.60,1.00
2010.08.30 06:22:48.463,0.71055,0.7108,2.40,3.80
2010.08.30 06:22:48.809,0.71055,0.71075,2.40,1.00
2010.08.30 06:22:49.160,0.71055,0.71075,2.40,1.20
2010.08.30 06:22:49.510,0.71055,0.71075,2.40,1.60
2010.08.30 06:22:49.857,0.71055,0.71075,2.40,1.00
2010.08.30 06:22:50.159,0.71055,0.71075,2.40,1.20
2010.08.30 06:22:50.463,0.71055,0.71075,2.40,1.60
2010.08.30 06:22:51.372,0.71055,0.71075,2.40,1.00
2010.08.30 06:22:51.997,0.71055,0.71075,2.40,1.20
2010.08.30 06:22:52.305,0.71055,0.71075,2.40,1.60
2010.08.30 06:22:56.149,0.71055,0.71075,2.40,1.00
2010.08.30 06:22:57.315,0.71055,0.71075,2.40,1.60
2010.08.30 06:22:57.610,0.71055,0.71075,2.40,1.00
2010.08.30 06:22:58.193,0.7106,0.7108,1.00,3.20
2010.08.30 06:23:02.962,0.71065,0.7109,2.60,10.60
2010.08.30 06:23:03.981,0.7107,0.7109,1.00,10.80
2010.08.30 06:23:04.629,0.7107,0.71085,1.00,4.80
2010.08.30 06:23:04.986,0.71065,0.71085,1.60,4.80
2010.08.30 06:23:05.402,0.71065,0.71085,1.60,5.60
2010.08.30 06:23:05.715,0.71065,0.71085,1.60,5.70
2010.08.30 06:23:06.030,0.71065,0.71085,1.60,6.40
2010.08.30 06:23:06.574,0.71065,0.71085,1.60,6.00
2010.08.30 06:23:06.900,0.71065,0.7108,1.60,1.00
2010.08.30 06:23:09.061,0.71065,0.71085,1.60,4.90
2010.08.30 06:23:09.418,0.7106,0.7108,1.60,3.20
2010.08.30 06:23:11.491,0.7106,0.7108,1.60,1.00
2010.08.30 06:23:13.402,0.7106,0.7108,1.60,3.20
2010.08.30 06:23:16.039,0.7106,0.7107,1.60,1.00
2010.08.30 06:23:16.251,0.71055,0.7107,1.60,1.00
2010.08.30 06:23:21.308,0.71055,0.7107,1.60,1.80
2010.08.30 06:23:21.606,0.71055,0.7107,1.00,2.00
2010.08.30 06:23:21.913,0.71045,0.7107,6.80,7.80
2010.08.30 06:23:22.220,0.71045,0.7107,4.40,7.80
2010.08.30 06:23:24.225,0.71045,0.7107,6.80,7.80
2010.08.30 06:23:24.417,0.7105,0.7107,1.60,2.00
2010.08.30 06:23:24.617,0.7105,0.7107,2.40,1.00
2010.08.30 06:23:25.039,0.71055,0.7107,1.00,1.00
2010.08.30 06:23:25.349,0.71055,0.7107,1.60,1.00
2010.08.30 06:23:38.218,0.71055,0.71075,1.60,3.20
2010.08.30 06:23:40.478,0.71055,0.71075,1.60,4.00
2010.08.30 06:23:42.077,0.7106,0.71075,1.00,4.00
2010.08.30 06:23:46.983,0.7106,0.7107,1.00,1.00
2010.08.30 06:23:54.668,0.7106,0.71075,1.00,5.00
2010.08.30 06:23:57.074,0.71055,0.71075,1.60,5.00
2010.08.30 06:24:09.437,0.71055,0.71075,1.60,4.00
2010.08.30 06:24:14.945,0.71055,0.7107,1.60,1.00
2010.08.30 06:24:38.186,0.71055,0.71075,1.60,1.80
2010.08.30 06:24:38.537,0.71055,0.71075,2.40,1.80
2010.08.30 06:24:41.838,0.71055,0.7107,2.40,1.00
2010.08.30 06:24:41.991,0.71055,0.7107,1.60,1.00
2010.08.30 06:24:42.840,0.7105,0.7107,2.40,1.00
2010.08.30 06:24:51.081,0.7105,0.71075,2.40,5.20
2010.08.30 06:24:51.335,0.71055,0.71075,1.60,2.60
2010.08.30 06:24:51.596,0.71055,0.7107,1.60,1.00
2010.08.30 06:24:52.057,0.71055,0.71075,1.60,5.00
2010.08.30 06:24:52.299,0.71055,0.71075,1.60,2.60
2010.08.30 06:24:53.242,0.7105,0.71075,4.80,4.20
2010.08.30 06:24:53.588,0.71055,0.71075,1.00,2.60
2010.08.30 06:24:53.941,0.71055,0.7107,1.60,1.00
2010.08.30 06:24:54.335,0.71055,0.7107,1.00,1.00
2010.08.30 06:24:54.689,0.7105,0.71065,7.20,1.00
2010.08.30 06:24:54.941,0.7105,0.71065,1.60,1.00
2010.08.30 06:24:59.464,0.7105,0.7107,4.80,4.90
2010.08.30 06:24:59.688,0.71055,0.7107,1.60,1.10
2010.08.30 06:25:00.203,0.71055,0.71075,1.60,2.60
2010.08.30 06:25:08.753,0.71055,0.71075,1.60,1.80
2010.08.30 06:25:13.208,0.71055,0.71075,1.60,2.60
2010.08.30 06:25:19.616,0.71055,0.71075,2.40,1.80
2010.08.30 06:25:19.989,0.71055,0.71075,2.40,2.60
2010.08.30 06:25:20.253,0.71055,0.71075,2.40,1.80
2010.08.30 06:25:21.200,0.71055,0.71075,2.40,1.80
2010.08.30 06:25:26.257,0.71055,0.71075,2.40,1.80
2010.08.30 06:25:40.794,0.71055,0.71075,2.40,1.80
2010.08.30 06:25:42.024,0.71055,0.71075,2.40,1.00
2010.08.30 06:25:42.557,0.7106,0.71075,1.00,1.00
2010.08.30 06:26:10.545,0.7106,0.71075,1.00,1.00
2010.08.30 06:26:12.557,0.71055,0.71075,7.20,1.00
2010.08.30 06:26:16.604,0.71055,0.71075,7.20,1.00
2010.08.30 06:26:16.745,0.71055,0.7107,2.40,1.00
2010.08.30 06:26:16.885,0.71055,0.71065,2.40,1.00
2010.08.30 06:26:17.017,0.71055,0.71065,1.60,1.00
2010.08.30 06:26:33.225,0.71055,0.7107,1.60,1.00
2010.08.30 06:26:33.344,0.71055,0.7107,2.40,1.00
2010.08.30 06:26:45.324,0.71055,0.7107,2.40,1.00
2010.08.30 06:26:56.578,0.71055,0.7107,2.40,1.00
2010.08.30 06:26:56.716,0.71055,0.7107,2.40,1.00
2010.08.30 06:26:56.848,0.71055,0.71075,2.40,1.60
2010.08.30 06:26:56.988,0.71055,0.71075,8.00,1.00
2010.08.30 06:26:57.361,0.7106,0.71075,1.00,1.00
2010.08.30 06:27:06.570,0.7106,0.71075,7.20,1.00
2010.08.30 06:27:06.730,0.7106,0.71075,8.10,1.00
2010.08.30 06:27:07.177,0.7106,0.7108,5.70,1.00
2010.08.30 06:27:07.438,0.7106,0.71075,1.60,1.00
2010.08.30 06:27:07.709,0.71055,0.7107,2.40,1.00
2010.08.30 06:27:08.221,0.71055,0.7107,1.60,1.00
2010.08.30 06:27:21.728,0.7106,0.7108,2.50,1.20
2010.08.30 06:27:22.357,0.7106,0.7108,1.70,3.60
2010.08.30 06:27:22.706,0.7106,0.71075,3.30,1.00
2010.08.30 06:27:23.055,0.7106,0.7108,1.00,1.00
2010.08.30 06:27:23.404,0.7106,0.7108,1.00,4.20
2010.08.30 06:27:23.753,0.7106,0.7108,3.30,1.00
2010.08.30 06:27:24.101,0.7106,0.71075,2.50,1.00
2010.08.30 06:27:24.384,0.7106,0.7108,1.00,1.00
2010.08.30 06:27:24.741,0.7106,0.7108,2.50,1.00
2010.08.30 06:27:25.039,0.71055,0.7108,7.60,1.80
2010.08.30 06:27:25.322,0.7106,0.7108,2.50,2.60
2010.08.30 06:27:25.612,0.7106,0.7107,1.70,1.00
2010.08.30 06:27:26.169,0.7106,0.7108,1.00,2.80
2010.08.30 06:27:26.462,0.7106,0.7108,3.30,1.00
2010.08.30 06:27:26.648,0.7106,0.7107,3.30,1.00
2010.08.30 06:27:26.841,0.7106,0.7107,1.00,1.00
2010.08.30 06:27:27.028,0.71055,0.7107,2.40,1.00
2010.08.30 06:27:27.596,0.71055,0.7107,1.60,1.00
2010.08.30 06:27:33.154,0.7106,0.7107,1.00,1.00
2010.08.30 06:27:33.268,0.7106,0.71075,1.00,2.40
2010.08.30 06:27:33.382,0.7106,0.71075,1.60,2.40
2010.08.30 06:27:33.742,0.7106,0.7108,2.50,1.20
2010.08.30 06:27:33.858,0.7106,0.71075,1.00,1.00
2010.08.30 06:27:34.085,0.7106,0.7108,1.60,3.40
2010.08.30 06:27:34.382,0.7106,0.71075,2.50,1.00
2010.08.30 06:27:35.213,0.7106,0.7107,1.00,1.00
2010.08.30 06:27:35.512,0.71055,0.7107,1.60,1.00
2010.08.30 06:27:44.940,0.71055,0.71075,1.60,3.40
2010.08.30 06:27:45.076,0.71055,0.71075,2.40,2.60
2010.08.30 06:27:45.207,0.71055,0.71075,2.40,2.40
2010.08.30 06:27:45.338,0.71055,0.7108,2.40,5.20
2010.08.30 06:27:45.476,0.7106,0.7108,2.40,3.40
2010.08.30 06:27:45.868,0.7106,0.7108,3.20,1.00
2010.08.30 06:27:45.965,0.7106,0.7107,1.00,1.00
2010.08.30 06:27:46.315,0.7106,0.7108,2.40,3.60
2010.08.30 06:27:46.929,0.7106,0.71075,1.80,1.00
2010.08.30 06:27:47.236,0.7106,0.71075,1.00,1.00
2010.08.30 06:27:49.765,0.71055,0.7107,2.00,1.00
2010.08.30 06:27:49.983,0.71055,0.71075,3.20,1.00
2010.08.30 06:27:50.478,0.7106,0.7108,1.00,4.00
2010.08.30 06:27:50.833,0.7106,0.7108,1.00,1.00
2010.08.30 06:27:53.167,0.71055,0.7107,2.80,1.00
2010.08.30 06:27:53.289,0.71055,0.7107,2.00,1.00
2010.08.30 06:27:53.640,0.71055,0.7107,1.60,1.00
2010.08.30 06:27:55.270,0.71055,0.7107,1.70,1.00
2010.08.30 06:27:58.237,0.71055,0.71075,1.70,3.40
2010.08.30 06:27:58.396,0.71055,0.71075,2.50,3.40
2010.08.30 06:27:58.729,0.71055,0.7107,2.50,1.00
2010.08.30 06:27:59.148,0.71055,0.7107,1.70,1.00
2010.08.30 06:27:59.568,0.71055,0.7107,4.10,1.00
2010.08.30 06:27:59.626,0.71055,0.71075,4.10,2.40
2010.08.30 06:27:59.686,0.7106,0.71075,1.00,2.40
2010.08.30 06:27:59.806,0.7106,0.7108,1.00,2.80
2010.08.30 06:27:59.915,0.7106,0.7108,1.70,2.00
2010.08.30 06:28:00.028,0.7106,0.7108,1.70,4.00
2010.08.30 06:28:00.357,0.7106,0.7107,1.70,1.00
2010.08.30 06:28:00.424,0.7106,0.7107,1.00,1.00
2010.08.30 06:28:00.487,0.71055,0.7107,4.10,1.00
2010.08.30 06:28:00.830,0.71055,0.7107,1.70,1.00
2010.08.30 06:28:04.810,0.71055,0.7107,1.80,1.00
2010.08.30 06:28:05.160,0.71055,0.7107,1.60,1.00
2010.08.30 06:28:11.938,0.71055,0.7107,1.70,1.00
2010.08.30 06:28:12.305,0.71055,0.7107,1.60,1.00
2010.08.30 06:28:12.457,0.71055,0.7107,2.40,1.00
2010.08.30 06:28:12.877,0.71055,0.7107,1.60,1.00
2010.08.30 06:28:15.500,0.71055,0.7107,1.70,1.00
2010.08.30 06:28:17.763,0.71055,0.71075,1.70,3.20
2010.08.30 06:28:21.886,0.71055,0.71075,1.60,4.00
2010.08.30 06:28:21.994,0.71055,0.7107,1.60,1.00
2010.08.30 06:28:24.289,0.71055,0.71075,1.60,4.00
2010.08.30 06:28:38.563,0.7106,0.71075,1.00,3.20
2010.08.30 06:28:38.762,0.7106,0.7108,2.00,3.40
2010.08.30 06:28:39.040,0.7106,0.7108,2.40,3.40
2010.08.30 06:28:39.271,0.71075,0.7109,1.00,4.00
2010.08.30 06:28:39.493,0.71075,0.7109,1.00,1.60
2010.08.30 06:28:40.435,0.71075,0.71095,1.00,3.40
2010.08.30 06:28:45.224,0.71075,0.71095,1.00,5.20
2010.08.30 06:28:45.327,0.71075,0.71085,1.00,1.00
2010.08.30 06:28:45.857,0.7107,0.71085,1.00,1.00
2010.08.30 06:28:46.039,0.7107,0.71085,1.00,3.20
2010.08.30 06:28:50.878,0.71065,0.71085,1.60,4.00
2010.08.30 06:28:51.629,0.71065,0.71085,1.00,8.60
2010.08.30 06:28:51.981,0.7106,0.71085,2.40,7.40
2010.08.30 06:28:52.332,0.7106,0.7108,2.00,1.00
2010.08.30 06:28:52.827,0.7106,0.71085,2.00,9.00
2010.08.30 06:28:53.246,0.7106,0.71085,2.40,5.00
2010.08.30 06:28:53.859,0.71065,0.71085,1.60,4.00
2010.08.30 06:29:50.846,0.71065,0.7108,1.60,1.00
2010.08.30 06:29:51.379,0.7106,0.7108,1.60,3.20
2010.08.30 06:29:51.716,0.7106,0.7108,1.60,4.00
2010.08.30 06:29:52.379,0.7106,0.7108,1.00,4.00
2010.08.30 06:29:56.737,0.7106,0.71075,1.00,1.00
2010.08.30 06:30:10.707,0.71055,0.71075,1.60,1.60
2010.08.30 06:30:11.055,0.71055,0.71075,1.60,4.00
2010.08.30 06:30:24.748,0.71055,0.71075,1.60,4.10
2010.08.30 06:30:26.500,0.71055,0.71075,1.60,4.40
2010.08.30 06:30:27.801,0.71055,0.71075,1.60,4.00
2010.08.30 06:30:34.297,0.71055,0.71075,1.60,4.10
2010.08.30 06:30:34.353,0.71055,0.71075,1.60,4.90
2010.08.30 06:30:34.415,0.71055,0.71075,1.00,4.90
2010.08.30 06:30:34.473,0.71055,0.71075,1.00,5.20
2010.08.30 06:30:36.996,0.71055,0.71075,1.00,6.00
2010.08.30 06:30:38.064,0.71055,0.71075,1.00,8.40
2010.08.30 06:30:38.276,0.71055,0.7107,1.00,4.80
2010.08.30 06:30:38.621,0.7105,0.7107,1.60,5.00
2010.08.30 06:30:38.968,0.7105,0.7107,1.00,1.80
2010.08.30 06:30:39.432,0.7105,0.7107,1.00,1.00
2010.08.30 06:30:39.677,0.7105,0.7107,1.20,1.00
2010.08.30 06:30:44.706,0.7105,0.7107,1.60,1.00
2010.08.30 06:30:44.754,0.7105,0.7107,3.20,1.00
2010.08.30 06:30:45.500,0.7105,0.7107,1.60,5.80
2010.08.30 06:30:46.122,0.7104,0.71065,11.30,5.00
2010.08.30 06:30:46.475,0.7104,0.7106,1.00,1.00
2010.08.30 06:30:49.001,0.7104,0.7106,1.00,1.10
2010.08.30 06:30:49.944,0.7104,0.71055,1.00,1.00
2010.08.30 06:30:51.203,0.7104,0.7106,1.00,5.00
2010.08.30 06:30:51.544,0.7104,0.7106,1.00,6.00
2010.08.30 06:30:51.877,0.7104,0.7106,1.00,5.20
2010.08.30 06:30:54.439,0.7104,0.7106,1.00,5.20
2010.08.30 06:30:56.467,0.7104,0.7106,1.00,4.40
2010.08.30 06:30:58.279,0.7104,0.7106,1.00,4.20
2010.08.30 06:30:58.787,0.7104,0.7106,1.00,7.00
2010.08.30 06:30:58.947,0.7104,0.71055,1.00,3.20
2010.08.30 06:30:59.109,0.71035,0.71055,1.60,4.00
2010.08.30 06:30:59.559,0.7103,0.71055,3.60,5.00
2010.08.30 06:30:59.913,0.7103,0.7105,3.60,1.00
2010.08.30 06:31:00.260,0.7103,0.71055,3.60,4.20
2010.08.30 06:31:00.932,0.7103,0.7105,3.60,1.00
2010.08.30 06:31:04.492,0.7103,0.7105,4.00,1.00
2010.08.30 06:31:10.230,0.7103,0.7105,4.00,1.00
2010.08.30 06:31:11.903,0.7103,0.7105,3.60,4.10
2010.08.30 06:31:12.212,0.7103,0.7105,2.00,4.00
2010.08.30 06:31:12.524,0.71035,0.7105,1.00,1.00
2010.08.30 06:31:14.443,0.71035,0.71055,1.00,5.00
2010.08.30 06:31:14.665,0.71035,0.71055,1.00,4.30
2010.08.30 06:31:15.579,0.71035,0.71055,1.00,4.20
2010.08.30 06:31:16.271,0.71035,0.71055,1.00,1.80
2010.08.30 06:31:18.126,0.71035,0.71055,1.00,4.20
2010.08.30 06:31:18.473,0.71035,0.71055,1.00,1.90
2010.08.30 06:31:19.434,0.71035,0.71055,1.00,4.30
2010.08.30 06:31:20.798,0.71035,0.71055,2.00,4.30
2010.08.30 06:31:21.057,0.7104,0.71055,1.60,2.40
2010.08.30 06:31:21.315,0.71045,0.7106,2.40,3.00
2010.08.30 06:31:21.567,0.71045,0.7106,2.40,1.00
2010.08.30 06:31:28.953,0.7105,0.7106,1.00,1.00
2010.08.30 06:31:29.097,0.7105,0.71065,1.00,1.00
2010.08.30 06:31:30.959,0.7105,0.71065,1.00,1.00
2010.08.30 06:31:34.509,0.7105,0.71065,1.00,1.00
2010.08.30 06:31:35.410,0.7105,0.7107,1.00,5.80
2010.08.30 06:31:35.883,0.7105,0.7107,1.00,5.00
2010.08.30 06:31:36.231,0.7105,0.7107,1.00,4.20
2010.08.30 06:31:39.997,0.7105,0.7107,1.00,5.00
2010.08.30 06:31:44.623,0.7105,0.7107,1.00,5.00
2010.08.30 06:31:53.440,0.7105,0.7107,1.00,4.20
2010.08.30 06:31:54.005,0.7105,0.7107,1.00,1.80
2010.08.30 06:31:55.008,0.7105,0.7107,1.00,2.60
2010.08.30 06:31:58.686,0.7105,0.71065,1.00,1.00
2010.08.30 06:31:59.099,0.7105,0.71065,1.00,1.80
2010.08.30 06:31:59.314,0.7104,0.7106,2.10,1.00
2010.08.30 06:31:59.716,0.7104,0.7106,2.00,1.00
2010.08.30 06:32:03.169,0.7104,0.7106,2.00,1.00
2010.08.30 06:32:04.496,0.7104,0.7106,2.40,1.00
2010.08.30 06:32:06.597,0.7104,0.7106,5.60,1.00
2010.08.30 06:32:07.013,0.7105,0.7106,1.00,1.00
2010.08.30 06:32:07.195,0.7105,0.7107,1.00,4.20
2010.08.30 06:32:08.222,0.7105,0.7107,1.00,3.40
2010.08.30 06:32:08.573,0.7105,0.7107,1.00,1.00
2010.08.30 06:32:09.536,0.7105,0.7107,1.00,1.80
2010.08.30 06:32:09.848,0.7105,0.7107,1.00,4.20
2010.08.30 06:32:10.160,0.7105,0.7107,1.00,1.80
2010.08.30 06:32:10.735,0.7105,0.7107,1.00,1.00
2010.08.30 06:32:17.376,0.71055,0.7107,1.00,1.00
2010.08.30 06:32:17.557,0.71055,0.71075,1.00,1.80
2010.08.30 06:32:17.915,0.71055,0.71075,2.40,1.80
2010.08.30 06:32:18.553,0.71055,0.71075,2.40,1.60
2010.08.30 06:32:22.398,0.71055,0.71075,2.00,1.60
2010.08.30 06:32:26.378,0.71055,0.71075,2.40,1.60
2010.08.30 06:32:28.254,0.71055,0.71075,2.00,1.60
2010.08.30 06:32:30.042,0.71055,0.71075,2.40,1.60
2010.08.30 06:32:30.757,0.71055,0.71075,2.60,1.60
2010.08.30 06:32:30.830,0.71055,0.71075,2.60,1.80
2010.08.30 06:32:31.279,0.71055,0.71075,2.80,1.80
2010.08.30 06:32:31.702,0.71055,0.71075,2.40,1.80
2010.08.30 06:32:32.639,0.71055,0.71075,2.80,1.80
2010.08.30 06:32:34.568,0.71055,0.71075,2.80,1.60
2010.08.30 06:33:42.556,0.71055,0.71075,4.40,1.00
2010.08.30 06:33:44.567,0.7106,0.71075,1.00,1.00
2010.08.30 06:33:44.915,0.7106,0.71075,2.40,1.00
2010.08.30 06:33:44.927,0.7106,0.71075,3.20,1.00
2010.08.30 06:33:45.013,0.7106,0.71075,3.20,1.00
2010.08.30 06:33:46.552,0.7106,0.71075,2.80,1.00
2010.08.30 06:33:48.284,0.71065,0.71075,1.00,1.00
2010.08.30 06:33:52.684,0.7106,0.71075,2.40,1.00
2010.08.30 06:33:54.756,0.71065,0.71075,1.00,1.00
2010.08.30 06:33:59.255,0.7106,0.71075,10.50,1.00
2010.08.30 06:33:59.365,0.7106,0.71075,8.90,1.00
2010.08.30 06:34:09.235,0.71065,0.71075,1.00,1.00
2010.08.30 06:34:11.226,0.71065,0.71075,3.20,1.00
2010.08.30 06:34:11.336,0.71065,0.71075,4.00,1.00
2010.08.30 06:34:11.659,0.7107,0.7108,1.00,1.00
2010.08.30 06:34:12.630,0.71065,0.7108,1.60,1.00
2010.08.30 06:34:13.137,0.7106,0.7108,1.60,1.60
2010.08.30 06:34:15.688,0.7106,0.71075,1.60,1.00
2010.08.30 06:34:15.957,0.7106,0.71075,1.00,1.00
2010.08.30 06:34:19.084,0.7106,0.7108,1.60,5.00
2010.08.30 06:34:19.226,0.7106,0.7108,1.60,2.60
2010.08.30 06:34:19.295,0.7106,0.7108,1.60,2.40
2010.08.30 06:34:19.365,0.7106,0.71075,1.60,1.00
2010.08.30 06:34:19.756,0.7106,0.71075,1.00,1.60
2010.08.30 06:34:28.617,0.7106,0.71075,1.60,1.00
2010.08.30 06:34:29.256,0.7106,0.71075,7.30,1.00
2010.08.30 06:34:34.185,0.7106,0.71075,6.50,1.00
2010.08.30 06:34:46.769,0.71065,0.71085,1.00,2.70
2010.08.30 06:34:49.214,0.7106,0.7108,7.30,1.00
2010.08.30 06:34:49.369,0.7106,0.7108,3.20,1.00
2010.08.30 06:34:49.621,0.7106,0.7108,1.60,1.00
2010.08.30 06:34:49.868,0.7106,0.7108,1.00,1.00
2010.08.30 06:34:55.088,0.71065,0.71085,1.00,2.70
2010.08.30 06:34:55.297,0.71065,0.71085,1.00,1.90
2010.08.30 06:34:57.661,0.7106,0.7108,7.30,1.00
2010.08.30 06:34:57.806,0.7106,0.7108,1.60,1.00
2010.08.30 06:34:57.947,0.7106,0.7108,1.00,1.00
2010.08.30 06:34:58.230,0.7106,0.7108,1.60,1.00
2010.08.30 06:34:58.367,0.7106,0.7108,2.40,1.00
2010.08.30 06:34:58.506,0.7106,0.7108,3.20,1.00
2010.08.30 06:35:02.627,0.7106,0.7108,1.60,1.00
2010.08.30 06:35:03.208,0.71065,0.71085,1.60,1.00
2010.08.30 06:35:04.631,0.71065,0.71085,1.60,1.40
2010.08.30 06:35:04.903,0.71065,0.71085,1.60,1.80
2010.08.30 06:35:06.798,0.71065,0.71085,1.60,1.40
2010.08.30 06:35:07.098,0.71065,0.71085,1.60,1.00
2010.08.30 06:35:09.396,0.71065,0.71085,2.40,1.00
2010.08.30 06:35:09.596,0.71065,0.71085,2.40,1.00
2010.08.30 06:35:10.616,0.7107,0.7109,1.00,6.80
2010.08.30 06:35:10.761,0.7107,0.7109,1.60,2.50
2010.08.30 06:35:11.447,0.71075,0.71095,2.40,1.00
2010.08.30 06:35:25.465,0.7108,0.711,1.00,3.40
2010.08.30 06:35:25.683,0.7108,0.711,1.60,1.00
2010.08.30 06:35:25.894,0.71085,0.71105,1.00,5.00
2010.08.30 06:35:26.107,0.71085,0.71105,1.60,4.00
2010.08.30 06:35:26.733,0.71085,0.71105,3.20,4.00
2010.08.30 06:35:30.048,0.71085,0.71105,2.40,4.00
2010.08.30 06:35:30.970,0.71085,0.71105,1.60,5.00
2010.08.30 06:35:32.797,0.71085,0.71105,2.40,4.20
2010.08.30 06:35:45.715,0.71085,0.71105,1.00,4.20
2010.08.30 06:35:45.807,0.7108,0.71105,4.80,7.40
2010.08.30 06:35:45.895,0.7108,0.71105,2.40,9.80
2010.08.30 06:35:46.446,0.7108,0.711,1.60,1.00
2010.08.30 06:35:46.541,0.7108,0.711,1.00,1.00
2010.08.30 06:35:46.798,0.7108,0.711,1.60,1.00
2010.08.30 06:35:47.579,0.7108,0.711,1.00,2.60
2010.08.30 06:35:47.813,0.7108,0.711,1.60,1.00
2010.08.30 06:35:54.092,0.7108,0.711,1.60,1.00
2010.08.30 06:35:54.286,0.7108,0.711,1.00,3.40
2010.08.30 06:35:54.480,0.7108,0.711,1.60,1.00
2010.08.30 06:35:55.005,0.7108,0.711,1.60,1.00
2010.08.30 06:35:56.528,0.7108,0.711,1.60,1.00
2010.08.30 06:35:56.708,0.7108,0.711,1.00,3.40
2010.08.30 06:35:57.409,0.7108,0.711,1.60,1.00
2010.08.30 06:35:57.674,0.7108,0.711,1.60,1.00
2010.08.30 06:35:57.898,0.7108,0.711,1.00,2.60
2010.08.30 06:35:58.120,0.7108,0.711,1.60,1.00
2010.08.30 06:36:00.127,0.7108,0.711,1.00,3.40
2010.08.30 06:36:00.357,0.71075,0.711,4.00,4.20
2010.08.30 06:36:00.589,0.71075,0.711,3.20,4.20
2010.08.30 06:36:04.286,0.7108,0.711,1.00,3.40
2010.08.30 06:36:05.097,0.7108,0.711,2.40,2.60
2010.08.30 06:36:05.217,0.7108,0.711,3.20,2.60
2010.08.30 06:36:05.340,0.7108,0.711,1.60,1.00
2010.08.30 06:36:06.051,0.7108,0.71105,3.20,9.00
2010.08.30 06:36:06.257,0.7108,0.711,1.60,3.20
2010.08.30 06:36:09.903,0.7108,0.71105,2.40,6.60
2010.08.30 06:36:10.010,0.7108,0.71105,3.20,5.80
2010.08.30 06:36:10.068,0.7108,0.71105,4.80,4.20
2010.08.30 06:36:10.177,0.71085,0.71105,1.00,4.20
2010.08.30 06:36:10.237,0.71085,0.71105,3.20,4.00
2010.08.30 06:36:10.606,0.71085,0.71105,4.00,4.00
2010.08.30 06:36:10.671,0.71085,0.71105,4.80,4.00
2010.08.30 06:36:11.243,0.71085,0.711,1.60,3.20
2010.08.30 06:36:11.588,0.7108,0.711,2.40,4.80
2010.08.30 06:36:12.349,0.7108,0.711,2.40,4.00
2010.08.30 06:36:12.569,0.7108,0.711,1.60,4.80
2010.08.30 06:36:12.787,0.7108,0.71095,1.00,1.00
2010.08.30 06:36:16.875,0.71075,0.71095,1.60,3.20
2010.08.30 06:36:17.173,0.71075,0.71095,1.00,3.20
2010.08.30 06:36:17.469,0.7107,0.71095,2.40,5.00
2010.08.30 06:36:20.666,0.7107,0.7109,2.40,1.00
2010.08.30 06:36:21.519,0.7107,0.71095,2.40,5.00
2010.08.30 06:36:21.945,0.7107,0.71095,2.40,4.20
2010.08.30 06:36:24.612,0.7107,0.71095,2.40,5.00
2010.08.30 06:36:25.101,0.7107,0.71095,2.40,4.20
2010.08.30 06:36:27.250,0.7107,0.71095,2.50,4.20
2010.08.30 06:36:27.791,0.71075,0.71095,1.00,1.80
2010.08.30 06:36:27.962,0.71075,0.71095,1.00,1.00
2010.08.30 06:36:28.132,0.71075,0.711,1.70,8.80
2010.08.30 06:36:28.442,0.71075,0.71095,1.70,1.00
2010.08.30 06:36:28.800,0.7107,0.71095,2.50,1.80
2010.08.30 06:36:29.156,0.7107,0.71095,2.40,4.20
2010.08.30 06:36:30.078,0.7107,0.71095,2.00,4.20
2010.08.30 06:36:30.869,0.71075,0.71095,1.60,3.20
2010.08.30 06:36:31.554,0.71075,0.71095,1.60,1.00
2010.08.30 06:36:36.054,0.71075,0.711,1.60,13.60
2010.08.30 06:36:36.105,0.71075,0.711,1.60,11.60
2010.08.30 06:36:36.155,0.71075,0.711,2.40,11.60
2010.08.30 06:36:36.204,0.71075,0.711,2.40,9.20
2010.08.30 06:36:36.406,0.7108,0.711,1.00,3.60
2010.08.30 06:36:36.518,0.7108,0.711,1.00,1.80
2010.08.30 06:36:36.857,0.7108,0.711,1.00,1.00
2010.08.30 06:36:36.967,0.7108,0.711,1.00,1.00
2010.08.30 06:36:37.188,0.71085,0.711,1.20,1.00
2010.08.30 06:36:37.568,0.71085,0.71105,2.80,3.20
2010.08.30 06:36:37.842,0.71085,0.71105,2.80,2.40
2010.08.30 06:36:47.255,0.71085,0.71105,3.60,2.40
2010.08.30 06:36:52.155,0.71085,0.71105,2.80,2.40
2010.08.30 06:36:54.724,0.7109,0.71105,1.00,2.40
2010.08.30 06:37:04.315,0.71095,0.71105,1.00,2.40
2010.08.30 06:37:04.453,0.71095,0.71105,1.60,2.40
2010.08.30 06:37:04.475,0.71095,0.71105,2.40,2.40
2010.08.30 06:37:05.231,0.71105,0.71125,1.00,6.70
2010.08.30 06:37:06.357,0.711,0.71125,8.00,6.60
2010.08.30 06:37:08.357,0.71095,0.71105,18.00,2.40
2010.08.30 06:37:10.163,0.711,0.71105,1.00,2.40
2010.08.30 06:37:13.681,0.71095,0.71105,6.40,2.40
2010.08.30 06:37:15.136,0.71095,0.71105,7.20,2.40
2010.08.30 06:37:20.677,0.711,0.71105,1.00,2.40
2010.08.30 06:37:21.818,0.71095,0.71105,6.50,2.40
2010.08.30 06:37:25.559,0.71095,0.71105,2.00,2.40
2010.08.30 06:37:27.545,0.711,0.71125,2.00,9.80
2010.08.30 06:37:27.892,0.711,0.71125,4.00,9.80
2010.08.30 06:37:28.240,0.71105,0.71125,1.00,5.60
2010.08.30 06:37:30.644,0.711,0.71105,7.30,2.40
2010.08.30 06:37:30.779,0.71105,0.71125,2.50,5.60
2010.08.30 06:37:31.709,0.71095,0.71105,17.60,2.40
2010.08.30 06:37:32.084,0.711,0.71105,2.80,2.40
2010.08.30 06:37:32.456,0.711,0.71105,2.00,2.40
2010.08.30 06:37:32.806,0.711,0.71105,1.60,2.40
2010.08.30 06:37:35.866,0.711,0.71105,1.00,2.40
2010.08.30 06:38:03.165,0.711,0.71105,1.60,2.40
2010.08.30 06:38:05.038,0.711,0.71105,1.00,2.40
2010.08.30 06:38:42.075,0.711,0.71105,1.00,2.40
2010.08.30 06:38:42.946,0.711,0.71105,1.00,2.40
2010.08.30 06:39:00.749,0.711,0.71105,1.00,2.40
2010.08.30 06:39:09.740,0.711,0.71105,1.00,2.40
2010.08.30 06:39:09.969,0.711,0.71105,1.20,2.40
2010.08.30 06:39:12.786,0.71095,0.71105,3.60,2.40
2010.08.30 06:39:13.471,0.71095,0.71105,3.60,2.40
2010.08.30 06:39:17.417,0.71095,0.71105,3.70,2.40
2010.08.30 06:39:22.625,0.71095,0.71105,3.60,2.40
2010.08.30 06:39:22.805,0.71095,0.71105,3.70,2.40
2010.08.30 06:39:23.488,0.71095,0.71105,5.60,2.40
2010.08.30 06:39:23.720,0.711,0.71105,1.00,2.40
2010.08.30 06:39:24.231,0.71095,0.71105,4.80,2.40
2010.08.30 06:39:24.584,0.71095,0.71105,4.00,2.40
2010.08.30 06:39:27.748,0.7109,0.71105,19.80,2.40
2010.08.30 06:39:28.610,0.71095,0.71105,5.10,2.40
2010.08.30 06:39:31.365,0.71115,0.7113,1.00,2.60
2010.08.30 06:39:31.544,0.7111,0.7113,3.20,1.80
2010.08.30 06:39:32.049,0.7112,0.7114,2.50,7.20
2010.08.30 06:39:32.405,0.7112,0.7114,2.40,2.40
2010.08.30 06:39:34.970,0.7113,0.7114,1.00,1.00
2010.08.30 06:39:35.174,0.7113,0.71145,1.00,1.60
2010.08.30 06:39:36.222,0.7113,0.71145,1.00,1.00
2010.08.30 06:39:36.378,0.71125,0.7115,5.60,1.00
2010.08.30 06:39:36.824,0.71125,0.7115,4.80,1.00
2010.08.30 06:39:37.031,0.71125,0.7115,4.80,1.60
2010.08.30 06:39:37.527,0.71125,0.7115,6.40,1.60
2010.08.30 06:39:37.878,0.71125,0.7115,4.40,1.00
2010.08.30 06:39:38.219,0.71125,0.7115,4.40,1.60
2010.08.30 06:39:40.296,0.71125,0.7115,4.40,1.60
2010.08.30 06:39:43.390,0.71125,0.7115,4.50,1.60
2010.08.30 06:39:43.901,0.71125,0.7115,5.30,1.60
2010.08.30 06:39:44.141,0.7113,0.7115,1.00,1.60
2010.08.30 06:39:47.138,0.71125,0.7115,4.60,1.60
2010.08.30 06:39:47.432,0.71125,0.7115,5.00,1.60
2010.08.30 06:39:48.995,0.7113,0.7115,1.00,1.60
2010.08.30 06:39:49.899,0.71125,0.7115,5.10,1.60
2010.08.30 06:39:51.417,0.7113,0.7115,1.00,1.60
2010.08.30 06:40:02.917,0.7113,0.7115,1.20,1.00
2010.08.30 06:40:03.782,0.7113,0.7115,5.20,1.00
2010.08.30 06:40:08.831,0.7113,0.7115,5.20,1.60
2010.08.30 06:40:10.956,0.7113,0.7115,5.20,1.60
2010.08.30 06:40:11.160,0.7113,0.7115,4.80,1.60
2010.08.30 06:40:11.714,0.7113,0.7115,4.80,1.60
2010.08.30 06:40:11.982,0.7113,0.7115,1.00,2.40
2010.08.30 06:40:13.629,0.71135,0.7115,1.00,1.60
2010.08.30 06:40:14.191,0.71135,0.7115,1.00,1.60
2010.08.30 06:40:15.168,0.7113,0.7115,5.60,1.60
2010.08.30 06:40:15.376,0.7113,0.7115,4.80,2.40
2010.08.30 06:40:15.829,0.7113,0.7115,1.60,2.40
2010.08.30 06:40:16.031,0.7113,0.7115,1.00,2.40
2010.08.30 06:40:17.578,0.71125,0.7115,6.10,2.40
2010.08.30 06:40:17.823,0.7113,0.7115,1.00,2.40
2010.08.30 06:40:18.049,0.7113,0.71145,1.00,1.00
2010.08.30 06:40:18.398,0.7113,0.71145,1.00,1.00
2010.08.30 06:40:19.275,0.71125,0.71145,6.10,1.00
2010.08.30 06:40:19.910,0.7113,0.71145,1.00,1.00
2010.08.30 06:40:23.457,0.7113,0.7115,1.00,2.50
2010.08.30 06:40:24.110,0.7113,0.71145,1.00,1.00
2010.08.30 06:40:24.617,0.7113,0.7115,1.00,2.40
2010.08.30 06:40:25.527,0.7113,0.71145,1.00,1.00
2010.08.30 06:40:29.256,0.7113,0.7115,1.00,2.40
2010.08.30 06:40:34.185,0.7113,0.71145,1.00,1.00
2010.08.30 06:40:34.807,0.7113,0.71145,1.00,1.60
2010.08.30 06:40:35.256,0.71125,0.71145,4.80,1.60
2010.08.30 06:40:36.499,0.7113,0.71145,1.00,1.60
2010.08.30 06:40:36.714,0.71125,0.71145,4.80,1.60
2010.08.30 06:40:36.928,0.71125,0.71145,4.00,1.60
2010.08.30 06:40:38.559,0.71125,0.71145,4.80,1.60
2010.08.30 06:40:38.859,0.7113,0.71145,1.00,1.60
2010.08.30 06:40:41.341,0.71125,0.71145,4.80,1.60
2010.08.30 06:40:45.349,0.71125,0.71145,4.00,1.60
2010.08.30 06:40:47.479,0.71125,0.71145,4.80,1.60
2010.08.30 06:40:47.886,0.71125,0.71145,5.30,1.00
2010.08.30 06:40:49.543,0.71125,0.71145,4.50,1.00
2010.08.30 06:40:56.047,0.71125,0.71145,5.30,1.00
2010.08.30 06:41:01.121,0.7113,0.71145,1.00,1.00
2010.08.30 06:41:03.247,0.71125,0.71145,5.30,1.00
2010.08.30 06:41:05.716,0.71125,0.71145,4.50,1.00
2010.08.30 06:41:05.832,0.7113,0.71145,1.00,1.00
2010.08.30 06:41:06.833,0.7113,0.7115,1.60,1.60
2010.08.30 06:41:07.365,0.7113,0.7115,4.80,1.60
2010.08.30 06:41:07.715,0.7113,0.71145,3.20,1.00
2010.08.30 06:41:08.069,0.71125,0.71145,4.50,1.00
2010.08.30 06:41:09.012,0.71125,0.71145,5.30,1.00
2010.08.30 06:41:11.126,0.7113,0.71145,1.00,1.00
2010.08.30 06:41:12.153,0.7113,0.71135,1.00,1.00
2010.08.30 06:41:12.224,0.7113,0.71135,1.00,1.60
2010.08.30 06:41:12.980,0.71125,0.71135,4.50,1.60
2010.08.30 06:41:13.572,0.7113,0.71135,1.00,1.60
2010.08.30 06:41:14.261,0.71125,0.71135,1.00,1.60
2010.08.30 06:41:14.807,0.71115,0.7113,2.20,1.00
2010.08.30 06:41:15.528,0.71115,0.7113,2.10,1.00
2010.08.30 06:41:16.551,0.71115,0.7113,2.20,1.00
2010.08.30 06:41:16.903,0.71115,0.7113,2.10,1.00
2010.08.30 06:41:17.512,0.71115,0.7113,1.30,1.00
2010.08.30 06:41:17.681,0.7111,0.7113,2.10,1.00
2010.08.30 06:41:26.314,0.7111,0.71125,1.30,1.00
2010.08.30 06:41:48.059,0.7111,0.71125,1.30,1.00
2010.08.30 06:41:56.715,0.7111,0.71125,1.00,1.00
2010.08.30 06:42:05.016,0.7111,0.71125,1.00,1.00
2010.08.30 06:42:05.527,0.71105,0.71125,5.30,1.00
2010.08.30 06:42:05.763,0.71105,0.71125,4.50,1.00
2010.08.30 06:42:06.000,0.711,0.71125,6.10,2.40
2010.08.30 06:42:08.861,0.711,0.71125,5.30,2.40
2010.08.30 06:42:09.709,0.711,0.71125,5.30,3.20
2010.08.30 06:42:25.996,0.711,0.71125,5.30,2.40
2010.08.30 06:42:27.588,0.711,0.71125,5.30,3.20
2010.08.30 06:42:27.722,0.711,0.71125,4.50,2.40
2010.08.30 06:42:30.756,0.711,0.71125,5.30,1.60
2010.08.30 06:42:31.895,0.711,0.71125,4.50,1.60
2010.08.30 06:42:38.258,0.711,0.71125,4.50,2.40
2010.08.30 06:42:39.166,0.711,0.71125,4.50,1.60
2010.08.30 06:42:40.375,0.711,0.71125,5.30,1.60
2010.08.30 06:42:40.837,0.71105,0.71125,1.00,1.60
2010.08.30 06:42:42.084,0.711,0.71125,5.30,1.60
2010.08.30 06:42:44.061,0.711,0.71125,5.70,1.60
2010.08.30 06:42:44.307,0.711,0.71125,6.10,1.60
2010.08.30 06:42:45.012,0.711,0.71125,5.70,1.60
2010.08.30 06:42:45.160,0.71105,0.71125,1.00,1.60
2010.08.30 06:42:45.619,0.711,0.71125,5.30,1.60
2010.08.30 06:42:48.502,0.711,0.71125,4.50,1.60
2010.08.30 06:43:00.590,0.711,0.71125,4.50,2.00
2010.08.30 06:43:01.329,0.711,0.71125,4.50,1.60
2010.08.30 06:43:06.008,0.711,0.71125,1.30,1.60
2010.08.30 06:43:11.509,0.711,0.71125,1.70,1.60
2010.08.30 06:43:12.235,0.71105,0.71125,1.00,1.60
2010.08.30 06:43:12.574,0.71105,0.71125,3.20,2.40
2010.08.30 06:43:12.918,0.71105,0.71125,1.00,1.60
2010.08.30 06:43:13.572,0.71105,0.71125,4.00,1.60
2010.08.30 06:43:15.072,0.71105,0.71125,4.10,1.60
2010.08.30 06:43:16.584,0.71105,0.71125,4.00,1.60
2010.08.30 06:43:16.937,0.7111,0.7113,3.20,2.40
2010.08.30 06:43:18.371,0.7111,0.7113,3.30,2.40
2010.08.30 06:43:18.974,0.7111,0.7113,3.20,2.40
2010.08.30 06:43:19.659,0.7111,0.7113,3.30,2.40
2010.08.30 06:43:20.011,0.7111,0.7113,3.70,2.40
2010.08.30 06:43:20.277,0.7111,0.7113,3.60,2.40
2010.08.30 06:43:52.773,0.7111,0.71125,3.60,2.40
2010.08.30 06:43:53.097,0.71105,0.7112,1.00,1.00
2010.08.30 06:44:06.717,0.71105,0.7112,1.00,1.60
2010.08.30 06:44:15.001,0.711,0.7112,4.40,1.60
2010.08.30 06:44:15.622,0.711,0.7112,3.60,2.40
2010.08.30 06:44:16.126,0.711,0.71115,1.00,1.60
2010.08.30 06:44:16.474,0.71095,0.71115,2.80,2.40
2010.08.30 06:44:47.472,0.71095,0.71115,2.80,3.20
2010.08.30 06:44:50.438,0.71095,0.71115,2.80,2.40
2010.08.30 06:44:54.927,0.71095,0.71115,2.40,2.40
2010.08.30 06:44:57.337,0.71095,0.71115,2.40,2.80
2010.08.30 06:44:57.749,0.71095,0.71115,2.40,3.20
2010.08.30 06:44:59.546,0.71095,0.71115,2.40,2.40
2010.08.30 06:45:06.944,0.71095,0.71115,2.40,4.00
2010.08.30 06:45:07.086,0.71095,0.71115,2.40,4.20
2010.08.30 06:45:07.238,0.71095,0.71105,2.40,1.00
2010.08.30 06:45:08.589,0.71095,0.7111,2.40,8.00
2010.08.30 06:45:08.778,0.71095,0.7111,2.40,6.40
2010.08.30 06:45:09.007,0.71095,0.7111,2.40,5.60
2010.08.30 06:45:09.769,0.71095,0.71105,2.40,1.60
2010.08.30 06:45:09.992,0.71095,0.71105,2.40,2.40
2010.08.30 06:45:13.156,0.7108,0.711,1.30,1.00
2010.08.30 06:45:14.458,0.7108,0.711,1.00,2.40
2010.08.30 06:45:15.159,0.71085,0.711,1.00,2.40
2010.08.30 06:45:17.839,0.71095,0.711,2.40,2.40
2010.08.30 06:45:19.939,0.71095,0.71105,2.40,3.20
2010.08.30 06:45:20.115,0.71095,0.71105,2.40,5.60
2010.08.30 06:45:20.390,0.71095,0.71105,2.40,2.40
2010.08.30 06:45:38.430,0.71095,0.71105,2.40,1.60
2010.08.30 06:46:27.733,0.71095,0.7111,2.40,1.60
2010.08.30 06:46:44.186,0.71105,0.7111,1.00,1.60
2010.08.30 06:46:44.341,0.71115,0.7112,2.40,4.00
2010.08.30 06:46:44.506,0.71115,0.7113,3.70,2.40
2010.08.30 06:46:44.662,0.7112,0.71135,1.30,1.00
2010.08.30 06:46:44.822,0.7112,0.71135,1.00,1.00
2010.08.30 06:46:45.359,0.71115,0.71135,6.90,1.00
2010.08.30 06:46:46.617,0.71115,0.71135,6.90,1.00
2010.08.30 06:46:48.166,0.71115,0.71135,5.30,1.00
2010.08.30 06:47:17.528,0.71115,0.7113,4.80,1.00
2010.08.30 06:47:17.905,0.71115,0.7113,3.20,1.60
2010.08.30 06:47:18.056,0.7111,0.7113,4.90,1.60
2010.08.30 06:47:18.198,0.7111,0.7113,4.00,1.60
2010.08.30 06:47:35.387,0.7111,0.7113,4.10,1.60
2010.08.30 06:47:37.158,0.7111,0.7113,4.00,1.60
2010.08.30 06:47:45.499,0.7111,0.71125,4.00,1.00
2010.08.30 06:47:45.845,0.7111,0.71125,4.00,1.00
2010.08.30 06:47:53.285,0.7111,0.71125,4.00,1.00
2010.08.30 06:47:53.389,0.7111,0.7113,4.00,1.60
2010.08.30 06:47:59.545,0.7111,0.71125,4.00,1.00
2010.08.30 06:47:59.616,0.7111,0.71125,4.00,1.00
2010.08.30 06:48:02.621,0.7111,0.71125,4.00,1.00
2010.08.30 06:48:02.656,0.7111,0.7113,4.00,1.60
2010.08.30 06:48:05.459,0.71115,0.71125,1.30,1.00
2010.08.30 06:48:06.279,0.7112,0.71135,1.30,1.00
2010.08.30 06:48:22.183,0.7112,0.71135,1.30,1.00
2010.08.30 06:48:26.839,0.7112,0.71135,1.30,1.00
2010.08.30 06:48:27.318,0.7112,0.71135,1.30,1.00
2010.08.30 06:48:27.356,0.7112,0.71135,1.00,1.00
2010.08.30 06:49:00.448,0.7112,0.71135,1.00,1.00
2010.08.30 06:49:00.575,0.7112,0.71135,1.00,1.00
2010.08.30 06:49:00.707,0.7112,0.7114,1.00,1.00
2010.08.30 06:49:15.232,0.7112,0.71135,1.00,1.00
2010.08.30 06:49:15.422,0.7112,0.71135,1.00,1.00
2010.08.30 06:49:22.039,0.7112,0.71135,1.00,1.00
2010.08.30 06:49:22.187,0.7112,0.71145,1.00,8.10
2010.08.30 06:49:25.256,0.7112,0.71135,1.00,1.00
2010.08.30 06:49:25.678,0.7112,0.71135,1.00,1.00
2010.08.30 06:49:30.399,0.7112,0.71135,1.00,1.00
2010.08.30 06:49:31.925,0.7112,0.71135,1.00,1.00
2010.08.30 06:49:35.868,0.7112,0.7114,1.00,1.00
2010.08.30 06:49:36.276,0.7112,0.71135,1.00,1.00
2010.08.30 06:49:36.557,0.7112,0.71135,1.00,1.00
2010.08.30 06:49:38.339,0.7112,0.71135,1.00,1.00
2010.08.30 06:49:38.481,0.7112,0.7114,1.00,1.00
2010.08.30 06:49:39.041,0.7112,0.7114,1.30,1.00
2010.08.30 06:49:39.186,0.7112,0.7114,2.10,1.00
2010.08.30 06:49:39.671,0.71125,0.7114,1.30,1.00
2010.08.30 06:49:40.022,0.71125,0.71145,2.10,4.00
2010.08.30 06:49:40.560,0.71125,0.71145,2.90,1.00
2010.08.30 06:49:40.752,0.7113,0.7115,1.30,1.60
2010.08.30 06:49:40.931,0.7113,0.7115,1.30,1.00
2010.08.30 06:49:41.570,0.7113,0.71145,1.30,1.00
2010.08.30 06:49:56.486,0.7113,0.7114,1.30,1.00
2010.08.30 06:49:56.688,0.71125,0.7114,1.30,1.00
2010.08.30 06:50:04.112,0.7113,0.71145,1.00,4.00
2010.08.30 06:50:04.251,0.7113,0.71145,1.00,1.00
2010.08.30 06:50:07.469,0.71135,0.7115,1.00,3.60
2010.08.30 06:50:07.532,0.71135,0.7115,1.00,3.20
2010.08.30 06:50:07.647,0.7114,0.7115,1.00,3.20
2010.08.30 06:50:08.196,0.7114,0.71155,1.30,1.00
2010.08.30 06:50:08.259,0.7114,0.71155,2.10,1.00
2010.08.30 06:50:08.321,0.71145,0.71155,1.00,1.00
2010.08.30 06:50:09.015,0.71155,0.7117,1.00,2.40
2010.08.30 06:50:09.362,0.7115,0.7117,1.30,3.20
2010.08.30 06:50:09.909,0.7115,0.7117,1.00,3.20
2010.08.30 06:50:10.444,0.71145,0.7117,6.10,2.40
2010.08.30 06:50:10.472,0.71145,0.7117,6.10,3.20
2010.08.30 06:50:10.798,0.71145,0.7117,6.10,2.40
2010.08.30 06:50:19.066,0.71145,0.7117,5.30,3.20
2010.08.30 06:50:19.787,0.71145,0.71165,3.20,3.20
2010.08.30 06:50:20.336,0.7114,0.71165,5.30,3.20
2010.08.30 06:50:21.074,0.7114,0.71165,5.30,2.00
2010.08.30 06:50:21.301,0.7114,0.7116,4.50,1.00
2010.08.30 06:50:21.801,0.7114,0.7116,1.00,1.00
2010.08.30 06:50:22.052,0.7114,0.7116,1.30,1.00
2010.08.30 06:50:22.537,0.7114,0.71155,1.00,1.00
2010.08.30 06:50:22.778,0.71135,0.71155,4.70,1.00
2010.08.30 06:50:24.201,0.7114,0.71155,1.60,1.00
2010.08.30 06:50:24.777,0.7114,0.7116,5.60,2.00
2010.08.30 06:50:25.082,0.7114,0.71155,1.00,1.00
2010.08.30 06:50:25.626,0.7114,0.71155,1.60,1.00
2010.08.30 06:50:25.895,0.7114,0.7116,1.00,2.00
2010.08.30 06:50:26.160,0.7114,0.71155,1.00,1.00
2010.08.30 06:50:26.508,0.71135,0.71155,6.10,1.00
2010.08.30 06:50:27.107,0.71135,0.71155,8.50,1.00
2010.08.30 06:50:27.210,0.7114,0.71155,1.00,1.00
2010.08.30 06:50:27.318,0.7114,0.71155,1.70,1.00
2010.08.30 06:50:27.417,0.7114,0.71155,5.70,1.00
2010.08.30 06:50:27.518,0.7114,0.7116,6.50,1.60
2010.08.30 06:50:27.617,0.7114,0.7116,5.70,1.60
2010.08.30 06:50:27.716,0.7114,0.7116,6.50,1.60
2010.08.30 06:50:27.819,0.7114,0.71155,2.50,1.00
2010.08.30 06:50:27.917,0.7114,0.71155,1.70,1.00
2010.08.30 06:50:28.020,0.71135,0.71155,6.10,1.00
2010.08.30 06:50:28.318,0.71135,0.71155,5.30,1.00
2010.08.30 06:50:28.603,0.71135,0.7116,4.00,3.60
2010.08.30 06:50:28.883,0.71135,0.7116,1.00,8.40
2010.08.30 06:50:29.346,0.71135,0.71155,1.00,1.60
2010.08.30 06:50:29.699,0.7114,0.7116,1.00,2.40
2010.08.30 06:50:30.051,0.71135,0.71155,1.00,1.60
2010.08.30 06:50:30.652,0.71135,0.71155,4.80,1.00
2010.08.30 06:50:30.964,0.71135,0.7116,6.10,2.40
2010.08.30 06:50:32.495,0.71135,0.7116,6.10,1.60
2010.08.30 06:50:32.799,0.7114,0.7116,1.00,1.60
2010.08.30 06:50:32.950,0.71145,0.7116,1.00,1.00
2010.08.30 06:50:33.100,0.71145,0.71165,4.50,4.40
2010.08.30 06:50:33.250,0.71155,0.71165,1.30,4.40
2010.08.30 06:50:33.609,0.71155,0.71165,1.30,1.20
2010.08.30 06:50:33.902,0.71155,0.7117,1.30,1.00
2010.08.30 06:50:35.057,0.71155,0.71175,1.30,6.50
2010.08.30 06:50:40.219,0.71155,0.71175,1.30,4.90
2010.08.30 06:50:45.818,0.71155,0.71175,1.30,4.80
2010.08.30 06:50:50.135,0.71155,0.71175,1.30,4.00
2010.08.30 06:50:53.442,0.71155,0.71175,1.30,1.00
2010.08.30 06:50:57.749,0.71155,0.71175,1.30,2.40
2010.08.30 06:50:57.918,0.71155,0.7117,1.30,1.00
2010.08.30 06:50:58.430,0.71155,0.7117,1.00,1.00
2010.08.30 06:50:59.190,0.71155,0.7117,1.00,1.20
2010.08.30 06:51:01.817,0.71155,0.7117,1.00,4.40
2010.08.30 06:51:04.477,0.71155,0.7117,1.00,5.20
2010.08.30 06:51:06.837,0.71155,0.7117,1.00,4.40
2010.08.30 06:51:07.471,0.71155,0.7117,1.00,6.00
2010.08.30 06:51:09.901,0.71155,0.71165,1.00,1.00
2010.08.30 06:51:10.141,0.7115,0.71165,1.00,1.00
2010.08.30 06:51:10.563,0.71145,0.71165,1.30,1.00
2010.08.30 06:51:10.858,0.71145,0.71165,1.30,1.70
2010.08.30 06:51:11.141,0.71145,0.71165,1.30,1.60
2010.08.30 06:51:13.853,0.71145,0.71165,1.30,1.70
2010.08.30 06:51:14.209,0.71145,0.7116,1.30,1.00
2010.08.30 06:51:14.759,0.71135,0.71155,4.00,1.20
2010.08.30 06:51:15.112,0.7113,0.7115,2.10,2.80
2010.08.30 06:51:15.730,0.7113,0.7115,1.00,2.80
2010.08.30 06:51:16.054,0.7112,0.71135,5.60,1.60
2010.08.30 06:51:16.384,0.71115,0.71135,1.30,2.00
2010.08.30 06:51:16.723,0.71115,0.71135,1.00,2.80
2010.08.30 06:51:17.028,0.71105,0.7113,5.70,1.60
2010.08.30 06:51:17.337,0.71105,0.71125,4.00,2.00
2010.08.30 06:51:17.933,0.71105,0.71125,3.30,1.00
2010.08.30 06:51:18.258,0.71105,0.7113,6.50,3.60
2010.08.30 06:51:22.029,0.71105,0.71125,6.50,1.00
2010.08.30 06:51:22.249,0.71105,0.71125,3.30,1.00
2010.08.30 06:51:22.799,0.7111,0.7113,2.10,1.00
2010.08.30 06:51:23.045,0.71115,0.71135,1.00,1.00
2010.08.30 06:51:23.281,0.71115,0.7114,2.10,7.20
2010.08.30 06:51:24.069,0.7112,0.7114,2.40,7.20
2010.08.30 06:51:24.332,0.71125,0.7114,1.00,1.00
2010.08.30 06:51:25.457,0.7112,0.71135,1.30,1.00
2010.08.30 06:51:27.815,0.7112,0.71125,1.30,2.40
2010.08.30 06:51:28.125,0.71105,0.71115,5.60,1.60
2010.08.30 06:51:28.404,0.7111,0.71115,1.30,1.60
2010.08.30 06:51:28.557,0.7111,0.71125,1.00,1.00
2010.08.30 06:51:28.711,0.7111,0.71125,1.00,1.00
2010.08.30 06:51:28.860,0.7111,0.71125,1.00,1.00
2010.08.30 06:51:29.009,0.7111,0.7113,1.00,2.00
2010.08.30 06:51:33.821,0.7111,0.7113,1.00,2.40
2010.08.30 06:51:34.398,0.7111,0.7113,1.00,2.00
2010.08.30 06:51:48.295,0.7111,0.71125,1.00,1.00
2010.08.30 06:51:48.478,0.7111,0.71125,1.00,1.00
2010.08.30 06:52:06.703,0.7111,0.7113,1.00,1.00
2010.08.30 06:52:11.869,0.7111,0.71125,1.00,1.60
2010.08.30 06:52:12.014,0.71105,0.7112,2.40,4.80
2010.08.30 06:52:12.194,0.7111,0.71125,1.00,1.00
2010.08.30 06:52:12.371,0.7111,0.71135,1.00,9.80
2010.08.30 06:52:12.549,0.7111,0.7113,1.00,1.60
2010.08.30 06:52:16.757,0.7111,0.7113,1.00,2.40
2010.08.30 06:52:18.977,0.7111,0.7113,1.00,1.60
2010.08.30 06:52:19.449,0.7111,0.71135,1.00,5.60
2010.08.30 06:52:22.088,0.7111,0.7113,1.00,1.00
2010.08.30 06:52:22.309,0.7111,0.71135,1.00,6.40
2010.08.30 06:52:22.826,0.7111,0.7113,1.00,1.00
2010.08.30 06:52:24.465,0.7111,0.71135,1.00,6.40
2010.08.30 06:52:26.727,0.7111,0.7113,1.00,1.00
2010.08.30 06:52:27.432,0.7111,0.71135,1.00,6.40
2010.08.30 06:52:28.168,0.7111,0.71135,1.00,5.60
2010.08.30 06:52:28.338,0.7111,0.7113,1.00,1.60
2010.08.30 06:52:30.314,0.7111,0.7113,1.00,1.00
2010.08.30 06:52:30.449,0.7111,0.7113,2.10,1.00
2010.08.30 06:52:30.800,0.71115,0.71135,1.00,4.80
2010.08.30 06:52:30.957,0.71115,0.7114,2.10,5.60
2010.08.30 06:52:35.754,0.71115,0.7114,1.30,5.70
2010.08.30 06:52:35.903,0.71115,0.7114,1.30,5.60
2010.08.30 06:52:36.840,0.71115,0.7114,2.10,5.60
2010.08.30 06:53:15.300,0.71115,0.7114,2.10,7.20
2010.08.30 06:53:15.449,0.71115,0.71135,2.10,1.00
2010.08.30 06:53:15.597,0.71115,0.71135,1.30,1.00
2010.08.30 06:53:15.750,0.71115,0.71135,1.00,4.80
2010.08.30 06:53:15.897,0.7111,0.71135,2.10,6.40
2010.08.30 06:53:16.053,0.7111,0.7113,1.00,1.00
2010.08.30 06:53:16.189,0.71105,0.7113,6.10,2.40
2010.08.30 06:53:16.448,0.71105,0.7113,2.90,2.40
2010.08.30 06:53:17.179,0.71105,0.7113,2.90,1.60
2010.08.30 06:53:17.322,0.71105,0.7113,6.10,1.60
2010.08.30 06:53:17.467,0.7111,0.71135,1.00,2.40
2010.08.30 06:53:18.148,0.7111,0.71135,1.00,5.60
2010.08.30 06:53:22.686,0.7111,0.71135,1.60,4.80
2010.08.30 06:53:22.837,0.7111,0.71135,4.80,1.60
2010.08.30 06:53:22.938,0.7111,0.71135,4.00,1.00
2010.08.30 06:53:23.209,0.71115,0.7114,1.30,4.00
2010.08.30 06:53:23.932,0.71115,0.7114,1.00,5.60
2010.08.30 06:53:25.768,0.7111,0.7114,6.10,6.40
2010.08.30 06:53:31.102,0.71115,0.7114,1.00,4.80
2010.08.30 06:53:31.256,0.71115,0.7114,1.00,4.00
2010.08.30 06:53:34.990,0.7111,0.7114,6.10,4.00
2010.08.30 06:53:35.333,0.71115,0.7114,1.00,4.00
2010.08.30 06:53:35.684,0.7111,0.7114,6.10,8.00
2010.08.30 06:53:45.340,0.7111,0.7114,6.10,7.20
2010.08.30 06:53:46.510,0.7111,0.7114,6.10,8.00
2010.08.30 06:53:46.896,0.7111,0.7114,6.10,7.20
2010.08.30 06:53:47.801,0.7111,0.71135,5.60,1.00
2010.08.30 06:53:48.111,0.7111,0.71135,4.80,1.60
2010.08.30 06:53:48.313,0.7111,0.71135,4.00,2.40
2010.08.30 06:53:49.633,0.7112,0.71135,1.00,2.40
2010.08.30 06:53:49.987,0.7112,0.71135,4.80,1.60
2010.08.30 06:53:50.335,0.71115,0.71135,1.00,2.40
2010.08.30 06:53:50.569,0.7111,0.71135,5.60,2.40
2010.08.30 06:53:51.097,0.7112,0.71135,1.00,1.60
2010.08.30 06:53:51.334,0.7112,0.71135,2.40,1.60
2010.08.30 06:53:51.617,0.7112,0.71135,1.00,1.60
2010.08.30 06:53:51.903,0.7111,0.71135,5.60,1.00
2010.08.30 06:53:52.518,0.71115,0.71135,1.00,1.00
2010.08.30 06:53:52.783,0.71115,0.71145,4.50,9.20
2010.08.30 06:53:53.329,0.7112,0.71145,1.00,4.80
2010.08.30 06:53:53.602,0.7112,0.71145,4.00,1.60
2010.08.30 06:53:54.550,0.7112,0.71145,4.80,1.60
2010.08.30 06:53:54.900,0.7112,0.71145,4.00,1.60
2010.08.30 06:53:55.248,0.7112,0.71145,4.80,1.00
2010.08.30 06:53:56.199,0.7112,0.7115,4.80,8.00
2010.08.30 06:54:00.433,0.7112,0.71145,4.00,1.00
2010.08.30 06:54:04.314,0.7112,0.7115,4.80,8.00
2010.08.30 06:54:04.898,0.7112,0.71145,4.00,1.00
2010.08.30 06:54:14.765,0.7112,0.71145,4.00,1.20
2010.08.30 06:54:15.144,0.7112,0.71145,4.00,1.60
2010.08.30 06:54:29.046,0.7112,0.71145,4.00,3.20
2010.08.30 06:54:29.412,0.7112,0.7114,4.00,1.60
2010.08.30 06:54:29.558,0.7112,0.71135,3.20,1.00
2010.08.30 06:54:29.700,0.71115,0.71135,1.00,1.60
2010.08.30 06:54:31.475,0.71115,0.71135,1.00,1.00
2010.08.30 06:54:32.228,0.71115,0.71135,1.00,1.60
2010.08.30 06:54:46.760,0.71115,0.71135,1.00,1.00
2010.08.30 06:54:56.024,0.71115,0.71135,4.80,1.00
2010.08.30 06:54:56.121,0.71115,0.7114,4.80,1.00
2010.08.30 06:54:56.441,0.7112,0.7114,3.20,1.00
2010.08.30 06:54:57.231,0.71115,0.71135,1.60,1.00
2010.08.30 06:54:59.527,0.71115,0.7114,4.80,4.00
2010.08.30 06:54:59.781,0.71115,0.7114,4.80,2.40
2010.08.30 06:55:00.943,0.71115,0.71135,1.60,1.00
2010.08.30 06:55:08.618,0.71115,0.71135,1.00,1.00
2010.08.30 06:55:09.315,0.71115,0.71135,1.60,1.00
2010.08.30 06:55:10.482,0.71115,0.71135,1.00,1.00
2010.08.30 06:55:14.968,0.7111,0.7113,5.30,1.00
2010.08.30 06:55:15.248,0.71105,0.7113,4.50,1.00
2010.08.30 06:55:15.751,0.71105,0.7113,4.50,1.60
2010.08.30 06:55:26.801,0.71105,0.7113,4.50,1.00
2010.08.30 06:55:27.709,0.71105,0.71125,4.50,1.00
2010.08.30 06:55:28.037,0.71105,0.71125,5.30,1.00
2010.08.30 06:55:28.337,0.71105,0.71125,2.10,1.00
2010.08.30 06:55:52.457,0.71105,0.71125,1.30,1.00
2010.08.30 06:55:55.710,0.71105,0.71125,1.30,1.60
2010.08.30 06:55:57.391,0.71105,0.71125,1.30,1.70
2010.08.30 06:55:57.714,0.71105,0.71125,1.30,2.50
2010.08.30 06:55:58.369,0.71105,0.71125,1.30,1.70
2010.08.30 06:55:59.065,0.71105,0.71125,1.30,2.50
2010.08.30 06:56:01.241,0.71105,0.71125,1.30,2.40
2010.08.30 06:56:02.328,0.71105,0.71125,1.30,1.60
2010.08.30 06:56:03.045,0.71105,0.71125,1.30,2.40
2010.08.30 06:56:04.392,0.71105,0.71125,1.30,1.60
2010.08.30 06:56:06.749,0.71105,0.71125,2.10,1.60
2010.08.30 06:56:07.301,0.71105,0.71125,1.30,1.60
2010.08.30 06:56:07.690,0.71105,0.71125,2.10,1.60
2010.08.30 06:56:08.028,0.71105,0.71125,1.30,1.60
2010.08.30 06:56:10.797,0.71105,0.71125,2.10,1.60
2010.08.30 06:56:18.079,0.71105,0.71125,1.30,1.60
2010.08.30 06:56:18.340,0.71105,0.71125,2.10,1.60
2010.08.30 06:56:19.110,0.71105,0.71125,1.30,1.60
2010.08.30 06:56:24.799,0.71105,0.71125,2.10,1.60
2010.08.30 06:56:27.859,0.71105,0.71125,1.30,1.00
2010.08.30 06:56:40.481,0.71105,0.71115,1.30,1.00
2010.08.30 06:56:40.883,0.71105,0.71115,1.00,1.00
2010.08.30 06:56:41.086,0.71105,0.71125,1.60,1.60
2010.08.30 06:56:42.459,0.711,0.7112,4.50,1.00
2010.08.30 06:56:42.731,0.711,0.7112,1.00,1.00
2010.08.30 06:56:47.108,0.711,0.71115,1.00,1.00
2010.08.30 06:56:47.267,0.71095,0.71115,11.00,1.00
2010.08.30 06:56:47.792,0.711,0.7112,1.00,4.00
2010.08.30 06:56:49.488,0.711,0.7111,1.00,1.00
2010.08.30 06:56:49.624,0.71095,0.71105,5.40,1.00
2010.08.30 06:56:49.753,0.71095,0.71105,5.30,1.00
2010.08.30 06:56:49.879,0.71095,0.71115,6.10,1.00
2010.08.30 06:56:50.011,0.71095,0.71115,5.30,1.00
2010.08.30 06:56:52.466,0.71095,0.7111,4.50,1.00
2010.08.30 06:56:52.576,0.71095,0.7111,2.40,1.00
2010.08.30 06:57:52.298,0.71095,0.71115,2.40,4.00
2010.08.30 06:57:52.448,0.71095,0.71115,2.40,4.90
2010.08.30 06:57:52.588,0.71095,0.71115,2.40,1.00
2010.08.30 06:57:53.859,0.71095,0.71115,2.40,1.70
2010.08.30 06:57:54.729,0.71095,0.71115,2.40,1.00
2010.08.30 06:58:00.128,0.71095,0.7111,2.40,1.00
2010.08.30 06:58:01.078,0.71095,0.7111,2.40,1.00
2010.08.30 06:58:01.437,0.7108,0.711,1.00,4.80
2010.08.30 06:58:02.085,0.71075,0.711,7.70,1.00
2010.08.30 06:58:02.387,0.71075,0.711,9.30,1.00
2010.08.30 06:58:03.003,0.71075,0.711,7.70,1.00
2010.08.30 06:58:04.158,0.71075,0.711,8.50,1.00
2010.08.30 06:58:04.455,0.71095,0.711,2.40,1.00
2010.08.30 06:58:06.955,0.71095,0.71105,2.40,3.20
2010.08.30 06:58:07.506,0.71095,0.71105,2.40,4.80
2010.08.30 06:58:08.203,0.71095,0.71105,2.40,5.60
2010.08.30 06:58:08.832,0.71095,0.71105,2.40,4.80
2010.08.30 06:58:09.173,0.71095,0.71105,2.40,4.00
2010.08.30 06:58:10.610,0.71095,0.71105,2.40,4.80
2010.08.30 06:58:12.463,0.71095,0.71105,2.40,5.60
2010.08.30 06:58:14.872,0.71095,0.71105,2.40,4.80
2010.08.30 06:58:15.171,0.71095,0.71105,2.40,5.60
2010.08.30 06:58:17.165,0.71095,0.71105,2.40,4.80
2010.08.30 06:58:17.994,0.71095,0.71105,2.40,5.60
2010.08.30 06:58:18.343,0.71095,0.71105,2.40,4.80
2010.08.30 06:58:19.540,0.71095,0.71105,2.40,5.60
2010.08.30 06:58:20.219,0.71095,0.71105,2.40,4.80
2010.08.30 06:58:25.428,0.71095,0.71105,2.40,4.40
2010.08.30 06:58:25.673,0.71095,0.71105,2.40,4.00
2010.08.30 06:58:26.702,0.71095,0.71105,2.40,4.80
2010.08.30 06:58:27.990,0.71095,0.71105,2.40,4.00
2010.08.30 06:58:31.063,0.71095,0.71105,2.40,4.80
2010.08.30 06:58:31.734,0.71095,0.71105,2.40,4.00
2010.08.30 06:58:32.858,0.71095,0.71105,2.40,4.80
2010.08.30 06:58:34.538,0.71095,0.71105,2.40,4.40
2010.08.30 06:58:34.707,0.71095,0.71105,2.40,4.00
2010.08.30 06:58:35.205,0.71095,0.71105,2.40,4.80
2010.08.30 06:58:35.385,0.7108,0.711,1.00,1.00
2010.08.30 06:58:35.684,0.7108,0.711,1.00,1.00
2010.08.30 06:58:37.221,0.71085,0.71105,3.20,4.00
2010.08.30 06:58:37.391,0.71095,0.71105,2.40,4.80
2010.08.30 06:58:38.065,0.71095,0.71105,2.40,1.60
2010.08.30 06:58:39.009,0.71095,0.7111,2.40,4.80
2010.08.30 06:58:39.254,0.71095,0.7111,2.40,1.00
2010.08.30 06:58:45.668,0.71095,0.71105,2.40,1.00
2010.08.30 06:58:45.970,0.71095,0.71105,2.40,1.60
2010.08.30 06:58:46.834,0.71095,0.7111,2.40,5.00
2010.08.30 06:58:47.183,0.71095,0.71105,2.40,1.00
2010.08.30 06:58:48.190,0.71095,0.71105,2.40,1.60
2010.08.30 06:58:51.061,0.71095,0.71105,2.40,2.40
2010.08.30 06:58:51.433,0.71095,0.71105,2.40,1.60
2010.08.30 06:59:04.031,0.71095,0.71105,2.40,1.00
2010.08.30 06:59:04.475,0.71095,0.7111,2.40,1.00
2010.08.30 06:59:20.858,0.71095,0.7111,2.40,1.60
2010.08.30 06:59:29.458,0.71095,0.7111,2.40,1.00
