2014.10.16 06:00:00.739,0.79885,0.79899,1.19,1.15
2014.10.16 06:00:01.710,0.79885,0.79899,1.25,1.15
2014.10.16 06:00:05.645,0.79885,0.79899,2.81,1.15
2014.10.16 06:00:05.696,0.79885,0.79899,2.81,1.17
2014.10.16 06:00:06.208,0.79885,0.79901,2.81,1.15
2014.10.16 06:00:06.641,0.79885,0.79901,2.06,1.15
2014.10.16 06:00:06.871,0.79884,0.79894,1.19,1.07
2014.10.16 06:00:06.973,0.79883,0.79894,1.19,1.17
2014.10.16 06:00:07.428,0.79884,0.79898,3.19,1.15
2014.10.16 06:00:07.530,0.79886,0.799,1.39,1.10
2014.10.16 06:00:07.582,0.79886,0.79901,2.14,1.07
2014.10.16 06:00:08.460,0.79888,0.79904,1.31,1.15
2014.10.16 06:00:09.484,0.79888,0.79905,1.39,1.65
2014.10.16 06:00:09.991,0.79888,0.79903,1.19,1.27
2014.10.16 06:00:10.939,0.79886,0.79902,1.39,1.17
2014.10.16 06:00:11.629,0.79886,0.79902,1.19,1.15
2014.10.16 06:00:12.143,0.79886,0.79902,1.29,1.10
2014.10.16 06:00:12.970,0.79886,0.79903,1.84,1.15
2014.10.16 06:00:13.497,0.79888,0.79903,1.62,1.10
2014.10.16 06:00:13.649,0.79892,0.79903,1.00,1.10
2014.10.16 06:00:14.437,0.79894,0.79905,1.00,1.65
2014.10.16 06:00:15.710,0.79893,0.79907,1.31,1.15
2014.10.16 06:00:15.761,0.79893,0.79907,1.31,1.17
2014.10.16 06:00:16.266,0.79895,0.79907,1.00,1.17
2014.10.16 06:00:17.703,0.79894,0.7991,1.31,1.15
2014.10.16 06:00:20.673,0.79895,0.7991,1.25,1.15
2014.10.16 06:00:22.682,0.79893,0.7991,1.31,1.15
2014.10.16 06:00:25.687,0.79893,0.79907,1.31,1.17
2014.10.16 06:00:27.691,0.79893,0.7991,1.31,1.65
2014.10.16 06:00:29.976,0.79893,0.7991,1.56,1.15
2014.10.16 06:00:30.496,0.79893,0.7991,1.56,1.15
2014.10.16 06:00:31.847,0.79893,0.7991,1.56,1.15
2014.10.16 06:00:33.791,0.79893,0.7991,1.25,2.70
2014.10.16 06:00:34.096,0.79892,0.79906,1.19,1.15
2014.10.16 06:00:34.713,0.79891,0.79906,1.31,1.15
2014.10.16 06:00:35.801,0.79891,0.79906,1.31,1.15
2014.10.16 06:00:36.105,0.79891,0.79906,2.06,1.10
2014.10.16 06:00:36.719,0.79891,0.79906,2.81,1.10
2014.10.16 06:00:38.107,0.79891,0.79906,2.06,1.07
2014.10.16 06:00:38.725,0.79891,0.79906,2.81,1.17
2014.10.16 06:00:39.739,0.79892,0.79905,1.00,1.07
2014.10.16 06:00:44.306,0.79892,0.79906,1.12,1.17
2014.10.16 06:00:44.408,0.79892,0.79906,1.12,1.15
2014.10.16 06:00:45.143,0.79892,0.79906,1.31,1.17
2014.10.16 06:00:46.524,0.79892,0.79906,1.31,1.15
2014.10.16 06:00:47.048,0.79892,0.79906,1.31,1.15
2014.10.16 06:00:47.830,0.79892,0.79906,1.31,1.17
2014.10.16 06:00:51.960,0.79892,0.79908,1.31,1.65
2014.10.16 06:00:52.476,0.79893,0.79907,1.00,1.15
2014.10.16 06:00:52.852,0.79893,0.79907,1.00,1.15
2014.10.16 06:00:53.872,0.79893,0.79907,1.00,1.15
2014.10.16 06:00:54.377,0.79893,0.79907,1.00,1.15
2014.10.16 06:01:03.864,0.79893,0.79906,1.00,1.10
2014.10.16 06:01:06.633,0.79892,0.79907,1.31,1.17
2014.10.16 06:01:07.458,0.79893,0.79907,1.00,1.17
2014.10.16 06:01:07.839,0.79891,0.79906,2.44,1.15
2014.10.16 06:01:08.386,0.79891,0.79906,2.44,1.15
2014.10.16 06:01:09.530,0.79891,0.79906,1.69,1.65
2014.10.16 06:01:10.077,0.79891,0.79906,1.69,1.65
2014.10.16 06:01:11.121,0.79894,0.79906,1.00,1.65
2014.10.16 06:01:11.727,0.79894,0.79906,1.00,1.15
2014.10.16 06:01:13.768,0.79894,0.79906,1.00,1.20
2014.10.16 06:01:14.279,0.79894,0.79906,1.00,1.07
2014.10.16 06:01:14.864,0.79894,0.79906,1.00,1.15
2014.10.16 06:01:15.539,0.79893,0.79906,1.00,1.15
2014.10.16 06:01:16.360,0.79892,0.79906,1.25,1.15
2014.10.16 06:01:19.380,0.79892,0.79906,1.25,1.15
2014.10.16 06:01:19.987,0.79892,0.79906,1.00,1.17
2014.10.16 06:01:20.652,0.79892,0.79906,1.00,1.17
2014.10.16 06:01:21.186,0.79891,0.79906,2.62,1.15
2014.10.16 06:01:21.698,0.79891,0.79906,2.62,1.17
2014.10.16 06:01:22.103,0.79893,0.79906,1.00,1.17
2014.10.16 06:01:22.675,0.79896,0.79906,1.00,1.17
2014.10.16 06:01:23.186,0.79895,0.79909,1.00,2.02
2014.10.16 06:01:23.716,0.79895,0.79909,1.00,6.75
2014.10.16 06:01:23.767,0.79893,0.79909,1.00,6.75
2014.10.16 06:01:25.042,0.79893,0.79906,1.00,1.17
2014.10.16 06:01:25.558,0.79892,0.79906,1.12,1.15
2014.10.16 06:01:26.083,0.79892,0.79906,1.00,1.15
2014.10.16 06:01:26.588,0.79892,0.79906,1.00,1.17
2014.10.16 06:01:27.958,0.79892,0.79906,1.00,1.65
2014.10.16 06:01:28.473,0.79892,0.79906,1.00,1.65
2014.10.16 06:01:37.503,0.79891,0.79905,1.69,1.17
2014.10.16 06:01:38.855,0.7989,0.79906,2.06,1.15
2014.10.16 06:01:40.946,0.79892,0.79907,1.00,1.15
2014.10.16 06:01:42.814,0.7989,0.79906,1.87,1.15
2014.10.16 06:01:57.102,0.79894,0.79906,1.00,1.15
2014.10.16 06:01:57.937,0.79891,0.79906,1.00,1.15
2014.10.16 06:02:02.119,0.7989,0.79903,1.87,1.00
2014.10.16 06:02:06.525,0.7989,0.79901,1.00,1.15
2014.10.16 06:02:06.829,0.7988,0.79891,1.00,1.50
2014.10.16 06:02:06.880,0.79878,0.79891,1.50,1.50
2014.10.16 06:02:06.931,0.79878,0.79889,1.00,1.00
2014.10.16 06:02:07.083,0.79875,0.79889,2.06,1.00
2014.10.16 06:02:07.134,0.79875,0.79885,1.37,1.00
2014.10.16 06:02:07.185,0.79874,0.79885,1.20,1.00
2014.10.16 06:02:07.438,0.7987,0.79884,4.87,1.17
2014.10.16 06:02:07.540,0.79867,0.79885,1.47,1.15
2014.10.16 06:02:07.692,0.79865,0.79882,1.32,2.32
2014.10.16 06:02:07.998,0.79863,0.79877,2.06,1.07
2014.10.16 06:02:08.151,0.79861,0.79877,1.12,1.65
2014.10.16 06:02:08.662,0.79856,0.79875,2.21,1.15
2014.10.16 06:02:09.565,0.79857,0.79875,1.71,1.15
2014.10.16 06:02:10.026,0.79857,0.79875,1.64,1.27
2014.10.16 06:02:13.699,0.79854,0.79869,2.14,1.07
2014.10.16 06:02:14.002,0.79852,0.79866,1.25,1.17
2014.10.16 06:02:14.255,0.79852,0.79868,2.06,1.17
2014.10.16 06:02:14.407,0.79852,0.79869,2.21,1.10
2014.10.16 06:02:16.197,0.79853,0.79869,1.20,1.17
2014.10.16 06:02:19.074,0.79851,0.79869,2.21,1.15
2014.10.16 06:02:23.307,0.79851,0.79869,2.21,1.15
2014.10.16 06:02:25.019,0.79851,0.79869,2.96,1.15
2014.10.16 06:02:30.417,0.79851,0.79869,2.21,1.15
2014.10.16 06:02:30.926,0.79851,0.79869,2.21,1.15
2014.10.16 06:02:33.627,0.79851,0.79869,1.71,1.15
2014.10.16 06:02:34.819,0.79851,0.79868,1.46,1.17
2014.10.16 06:02:35.325,0.79851,0.79866,1.39,1.00
2014.10.16 06:02:40.267,0.7985,0.79866,2.96,1.00
2014.10.16 06:02:41.239,0.79852,0.79866,1.00,1.00
2014.10.16 06:02:42.815,0.79855,0.79866,1.00,1.00
2014.10.16 06:02:43.325,0.79855,0.79869,1.00,1.15
2014.10.16 06:02:43.585,0.79853,0.79869,1.00,1.15
2014.10.16 06:02:43.834,0.79857,0.79869,1.00,1.10
2014.10.16 06:02:44.188,0.79857,0.79872,1.10,1.00
2014.10.16 06:02:45.008,0.79858,0.79872,1.00,1.00
2014.10.16 06:02:46.366,0.79855,0.79872,1.71,1.00
2014.10.16 06:02:46.467,0.79855,0.79871,1.07,1.07
2014.10.16 06:02:46.771,0.79855,0.79868,1.00,1.07
2014.10.16 06:02:47.276,0.79855,0.79868,1.00,1.00
2014.10.16 06:02:47.479,0.79853,0.79868,2.06,1.10
2014.10.16 06:02:48.268,0.79853,0.79868,1.76,1.10
2014.10.16 06:02:48.783,0.79853,0.79868,1.57,1.07
2014.10.16 06:02:49.336,0.79853,0.79868,1.57,1.00
2014.10.16 06:02:49.651,0.79857,0.79868,1.50,1.00
2014.10.16 06:02:49.702,0.79857,0.79871,1.50,2.25
2014.10.16 06:02:50.524,0.79858,0.79871,1.00,2.25
2014.10.16 06:02:53.254,0.79857,0.79871,1.10,2.25
2014.10.16 06:02:55.377,0.79854,0.79871,1.77,2.32
2014.10.16 06:02:55.428,0.79854,0.79868,1.09,1.00
2014.10.16 06:02:55.480,0.79854,0.79868,1.01,1.10
2014.10.16 06:02:55.986,0.79854,0.79867,1.25,1.00
2014.10.16 06:02:56.567,0.79851,0.79867,1.65,1.50
2014.10.16 06:02:59.101,0.79851,0.79867,1.00,1.17
2014.10.16 06:03:02.788,0.79851,0.79867,2.62,1.65
2014.10.16 06:03:03.091,0.79851,0.79867,1.87,1.65
2014.10.16 06:03:03.495,0.79851,0.79867,1.87,1.65
2014.10.16 06:03:03.701,0.79851,0.79867,1.87,1.65
2014.10.16 06:03:05.175,0.79853,0.79867,1.00,1.65
2014.10.16 06:03:05.681,0.79853,0.79867,1.00,1.65
2014.10.16 06:03:06.005,0.79853,0.79867,1.00,1.65
2014.10.16 06:03:06.405,0.79853,0.79867,1.00,1.65
2014.10.16 06:03:07.061,0.79852,0.79867,1.87,1.65
2014.10.16 06:03:07.201,0.79852,0.79867,1.87,1.65
2014.10.16 06:03:07.711,0.79852,0.79867,1.95,1.57
2014.10.16 06:03:08.236,0.79852,0.79867,1.87,1.15
2014.10.16 06:03:08.616,0.79853,0.79867,1.00,1.65
2014.10.16 06:03:10.606,0.79853,0.79867,2.32,1.50
2014.10.16 06:03:11.386,0.79853,0.79869,2.32,2.70
2014.10.16 06:03:11.994,0.79853,0.79869,2.70,2.70
2014.10.16 06:03:12.298,0.79853,0.79867,1.00,1.00
2014.10.16 06:03:12.799,0.79853,0.79866,1.00,1.00
2014.10.16 06:03:13.308,0.79853,0.79867,1.10,1.50
2014.10.16 06:03:14.925,0.79852,0.79867,1.10,1.50
2014.10.16 06:03:15.532,0.79851,0.79864,1.00,1.00
2014.10.16 06:03:15.836,0.79849,0.79863,1.20,1.87
2014.10.16 06:03:16.816,0.79849,0.79861,1.00,1.00
2014.10.16 06:03:18.573,0.79847,0.79861,1.20,1.50
2014.10.16 06:03:18.624,0.79847,0.79859,1.00,1.87
2014.10.16 06:03:18.929,0.79843,0.79855,1.40,2.62
2014.10.16 06:03:19.031,0.79843,0.79855,1.00,2.62
2014.10.16 06:03:19.385,0.79843,0.79853,1.00,1.87
2014.10.16 06:03:19.841,0.79842,0.7985,1.00,1.87
2014.10.16 06:03:19.892,0.79836,0.7985,1.46,1.87
2014.10.16 06:03:20.045,0.79836,0.7985,1.19,1.87
2014.10.16 06:03:20.666,0.79834,0.79849,1.15,1.00
2014.10.16 06:03:21.559,0.79833,0.79849,2.21,1.00
2014.10.16 06:03:22.073,0.79833,0.79849,2.21,1.00
2014.10.16 06:03:22.589,0.79833,0.79849,2.21,1.00
2014.10.16 06:03:23.101,0.79833,0.7985,2.21,2.70
2014.10.16 06:03:23.811,0.79833,0.7985,1.46,1.10
2014.10.16 06:03:23.966,0.79833,0.7985,1.39,1.17
2014.10.16 06:03:24.171,0.79834,0.79847,1.00,1.00
2014.10.16 06:03:27.070,0.79832,0.79844,1.37,1.00
2014.10.16 06:03:27.374,0.7983,0.79843,1.00,1.00
2014.10.16 06:03:27.881,0.7983,0.79843,1.00,1.07
2014.10.16 06:03:28.408,0.79829,0.79843,1.00,1.07
2014.10.16 06:03:29.445,0.79829,0.79843,1.10,1.10
2014.10.16 06:03:30.018,0.79828,0.79842,1.07,1.00
2014.10.16 06:03:30.566,0.79828,0.79842,1.00,1.00
2014.10.16 06:03:30.807,0.79828,0.79842,1.60,1.00
2014.10.16 06:03:30.960,0.7983,0.79846,1.12,1.50
2014.10.16 06:03:31.010,0.79835,0.79846,1.00,1.50
2014.10.16 06:03:31.264,0.79829,0.79843,1.00,2.40
2014.10.16 06:03:31.784,0.79829,0.79842,1.00,1.95
2014.10.16 06:03:32.290,0.79828,0.79842,1.00,3.45
2014.10.16 06:03:32.670,0.79828,0.79841,1.00,4.87
2014.10.16 06:03:34.282,0.79827,0.79841,1.00,5.62
2014.10.16 06:03:34.828,0.79827,0.79841,1.50,1.27
2014.10.16 06:03:36.260,0.79827,0.79842,1.00,2.77
2014.10.16 06:03:36.361,0.79827,0.79842,1.00,2.40
2014.10.16 06:03:36.868,0.79827,0.79842,1.00,1.15
2014.10.16 06:03:37.071,0.79827,0.79844,1.00,1.84
2014.10.16 06:03:38.453,0.79827,0.79844,1.37,2.40
2014.10.16 06:03:40.574,0.79833,0.79844,1.00,1.15
2014.10.16 06:03:40.675,0.79833,0.79844,1.12,1.07
2014.10.16 06:03:40.777,0.79833,0.79847,1.12,1.15
2014.10.16 06:03:41.081,0.79834,0.7985,1.00,1.27
2014.10.16 06:03:41.626,0.79835,0.79851,1.12,2.21
2014.10.16 06:03:43.945,0.79837,0.79851,1.00,1.65
2014.10.16 06:03:44.200,0.79838,0.79851,1.00,1.17
2014.10.16 06:03:44.504,0.79838,0.79852,1.62,1.15
2014.10.16 06:03:44.706,0.7984,0.79855,1.37,1.17
2014.10.16 06:03:45.225,0.79842,0.79857,1.00,1.15
2014.10.16 06:03:46.678,0.79843,0.79857,1.00,1.15
2014.10.16 06:03:46.830,0.79843,0.79858,1.50,1.20
2014.10.16 06:03:46.881,0.79847,0.79858,1.00,1.20
2014.10.16 06:03:47.391,0.79847,0.79861,1.50,1.57
2014.10.16 06:03:52.056,0.79847,0.79861,1.00,1.65
2014.10.16 06:03:54.327,0.79845,0.7986,1.00,1.15
2014.10.16 06:03:54.429,0.7984,0.79854,2.32,1.07
2014.10.16 06:03:54.480,0.7984,0.79854,1.50,1.15
2014.10.16 06:03:54.531,0.79838,0.79854,2.44,1.15
2014.10.16 06:03:55.124,0.79838,0.79854,1.00,1.15
2014.10.16 06:03:55.631,0.79838,0.79854,1.00,1.15
2014.10.16 06:03:56.749,0.79839,0.79854,1.00,1.65
2014.10.16 06:03:57.577,0.79839,0.79854,1.00,1.65
2014.10.16 06:03:58.169,0.79839,0.79854,1.00,1.65
2014.10.16 06:03:59.282,0.79839,0.79854,1.00,1.65
2014.10.16 06:03:59.796,0.79839,0.79854,1.50,1.15
2014.10.16 06:04:00.302,0.79839,0.79853,1.50,1.15
2014.10.16 06:04:00.898,0.79839,0.79853,1.00,1.15
2014.10.16 06:04:00.999,0.79839,0.79853,1.00,1.15
2014.10.16 06:04:01.474,0.79839,0.79853,1.00,1.15
2014.10.16 06:04:01.840,0.79839,0.79853,1.00,1.15
2014.10.16 06:04:02.067,0.79839,0.79853,1.00,1.15
2014.10.16 06:04:02.371,0.79841,0.79853,1.00,1.17
2014.10.16 06:04:02.574,0.79841,0.79855,1.00,1.65
2014.10.16 06:04:02.827,0.79843,0.79855,1.00,3.52
2014.10.16 06:04:03.333,0.79843,0.79855,1.00,3.52
2014.10.16 06:04:11.083,0.79841,0.79855,1.00,2.77
2014.10.16 06:04:11.336,0.79841,0.79853,1.00,1.17
2014.10.16 06:04:11.488,0.79837,0.79851,2.06,1.10
2014.10.16 06:04:11.994,0.79837,0.79851,1.25,1.20
2014.10.16 06:04:12.521,0.79838,0.79851,1.00,1.20
2014.10.16 06:04:14.056,0.79838,0.79848,1.00,1.00
2014.10.16 06:04:14.361,0.79831,0.79841,1.00,1.10
2014.10.16 06:04:14.463,0.79827,0.79841,3.19,1.00
2014.10.16 06:04:14.969,0.79827,0.79841,1.00,1.10
2014.10.16 06:04:15.673,0.79826,0.79841,1.69,1.10
2014.10.16 06:04:17.144,0.79827,0.79841,1.00,1.10
2014.10.16 06:04:17.829,0.79827,0.79838,1.00,1.87
2014.10.16 06:04:18.342,0.79826,0.79838,1.00,1.87
2014.10.16 06:04:18.596,0.79827,0.79841,1.00,1.10
2014.10.16 06:04:19.104,0.79827,0.79842,1.50,1.57
2014.10.16 06:04:19.776,0.79827,0.79842,1.25,1.17
2014.10.16 06:04:20.681,0.79827,0.79842,1.25,1.10
2014.10.16 06:04:21.805,0.79827,0.79842,1.25,1.17
2014.10.16 06:04:22.311,0.79827,0.79842,1.25,1.20
2014.10.16 06:04:22.851,0.79827,0.79842,1.25,1.17
2014.10.16 06:04:23.370,0.79827,0.79842,1.25,1.20
2014.10.16 06:04:25.432,0.79828,0.79842,1.00,1.20
2014.10.16 06:04:26.813,0.79828,0.79842,1.00,1.17
2014.10.16 06:04:26.915,0.79826,0.7984,2.06,1.95
2014.10.16 06:04:27.220,0.79821,0.79837,1.66,1.20
2014.10.16 06:04:27.271,0.79823,0.79839,1.37,1.15
2014.10.16 06:04:27.373,0.79821,0.79837,1.31,1.07
2014.10.16 06:04:27.963,0.7982,0.79837,2.14,1.17
2014.10.16 06:04:28.268,0.79822,0.79833,1.00,1.10
2014.10.16 06:04:28.521,0.79818,0.79833,1.00,2.70
2014.10.16 06:04:28.623,0.79818,0.79829,1.00,1.95
2014.10.16 06:04:28.876,0.79813,0.79829,2.81,2.02
2014.10.16 06:04:29.383,0.79813,0.79829,2.06,2.02
2014.10.16 06:04:29.536,0.79813,0.7983,1.69,3.45
2014.10.16 06:04:29.587,0.79813,0.79827,1.00,1.07
2014.10.16 06:04:29.740,0.7981,0.79827,1.31,1.15
2014.10.16 06:04:30.260,0.79809,0.79828,2.21,1.15
2014.10.16 06:04:30.769,0.7981,0.79828,1.31,3.07
2014.10.16 06:04:31.178,0.7981,0.79828,1.31,1.15
2014.10.16 06:04:31.283,0.79813,0.79828,1.00,1.15
2014.10.16 06:04:31.588,0.79817,0.79829,1.00,1.17
2014.10.16 06:04:31.842,0.79818,0.79832,1.50,1.20
2014.10.16 06:04:32.363,0.79818,0.79833,1.95,1.50
2014.10.16 06:04:32.414,0.7982,0.79833,1.00,1.50
2014.10.16 06:04:32.722,0.7982,0.79833,1.00,1.65
2014.10.16 06:04:33.585,0.79819,0.79833,1.25,1.65
2014.10.16 06:04:34.783,0.79822,0.79833,1.00,1.65
2014.10.16 06:04:34.884,0.79822,0.79833,1.00,1.50
2014.10.16 06:04:34.986,0.79822,0.79838,1.50,1.17
2014.10.16 06:04:35.391,0.79824,0.79838,1.00,1.00
2014.10.16 06:04:35.645,0.79824,0.79841,2.14,1.17
2014.10.16 06:04:35.747,0.79824,0.79837,1.10,1.10
2014.10.16 06:04:36.050,0.7982,0.79837,2.06,1.15
2014.10.16 06:04:36.456,0.79819,0.79834,1.25,1.15
2014.10.16 06:04:36.609,0.79816,0.79832,1.39,1.10
2014.10.16 06:04:36.711,0.79816,0.79832,1.29,1.17
2014.10.16 06:04:37.153,0.79812,0.79829,4.31,1.65
2014.10.16 06:04:37.683,0.79812,0.79829,4.39,1.65
2014.10.16 06:04:38.194,0.79812,0.79829,4.39,1.65
2014.10.16 06:04:38.807,0.79812,0.79829,3.64,1.17
2014.10.16 06:04:39.846,0.79813,0.79829,1.69,1.17
2014.10.16 06:04:41.070,0.79812,0.79829,2.81,1.17
2014.10.16 06:04:41.172,0.79812,0.79828,1.19,1.17
2014.10.16 06:04:42.164,0.7981,0.79828,2.14,1.15
2014.10.16 06:04:43.090,0.79813,0.79828,1.00,1.65
2014.10.16 06:04:43.500,0.79813,0.79828,1.00,1.15
2014.10.16 06:04:43.602,0.79813,0.79828,1.00,1.17
2014.10.16 06:04:44.103,0.79813,0.79828,1.00,1.17
2014.10.16 06:04:44.691,0.79813,0.79828,1.00,1.15
2014.10.16 06:04:45.100,0.79811,0.79828,2.59,1.15
2014.10.16 06:04:45.609,0.7981,0.79828,2.14,1.15
2014.10.16 06:04:46.015,0.79806,0.79824,2.96,1.07
2014.10.16 06:04:46.218,0.79806,0.79823,1.19,1.27
2014.10.16 06:04:46.523,0.79806,0.79823,1.19,4.20
2014.10.16 06:04:47.251,0.79804,0.7982,1.10,1.17
2014.10.16 06:04:54.528,0.79804,0.79814,1.01,1.00
2014.10.16 06:04:54.680,0.79801,0.79813,1.00,1.10
2014.10.16 06:04:54.731,0.79801,0.79813,1.00,1.17
2014.10.16 06:04:54.782,0.79797,0.79813,1.29,1.80
2014.10.16 06:04:54.833,0.79797,0.79805,1.26,1.00
2014.10.16 06:04:54.934,0.79792,0.79805,1.19,1.00
2014.10.16 06:04:55.087,0.79791,0.79805,1.57,1.00
2014.10.16 06:04:55.189,0.79792,0.79805,1.52,1.00
2014.10.16 06:04:55.290,0.79795,0.79808,1.31,1.00
2014.10.16 06:04:55.341,0.79793,0.7981,1.71,1.00
2014.10.16 06:04:55.493,0.79792,0.7981,1.84,1.15
2014.10.16 06:04:55.695,0.79792,0.79805,1.39,1.00
2014.10.16 06:04:55.847,0.79792,0.7981,1.39,2.40
2014.10.16 06:04:55.999,0.79792,0.7981,1.34,1.57
2014.10.16 06:04:56.505,0.79792,0.79809,1.15,1.00
2014.10.16 06:04:57.019,0.79791,0.7981,2.96,1.50
2014.10.16 06:04:57.539,0.79792,0.7981,1.27,1.87
2014.10.16 06:04:58.046,0.79791,0.7981,1.77,1.55
2014.10.16 06:04:58.300,0.79791,0.79807,1.77,1.87
2014.10.16 06:04:58.401,0.79791,0.79804,1.25,1.00
2014.10.16 06:04:58.604,0.79793,0.79804,1.00,1.00
2014.10.16 06:04:58.656,0.79793,0.79809,1.07,2.47
2014.10.16 06:04:58.757,0.79794,0.79809,1.45,1.00
2014.10.16 06:04:59.640,0.79793,0.79809,3.82,1.37
2014.10.16 06:04:59.741,0.79791,0.79809,1.46,1.37
2014.10.16 06:05:00.702,0.7979,0.79809,4.31,1.57
2014.10.16 06:05:01.208,0.79793,0.79807,1.20,1.00
2014.10.16 06:05:01.310,0.79795,0.79809,1.00,1.20
2014.10.16 06:05:01.706,0.79795,0.79809,1.00,1.65
2014.10.16 06:05:01.858,0.7979,0.79807,1.01,1.17
2014.10.16 06:05:02.213,0.7979,0.79807,1.40,1.00
2014.10.16 06:05:02.719,0.7979,0.79807,1.15,1.20
2014.10.16 06:05:03.225,0.7979,0.79807,1.27,1.00
2014.10.16 06:05:03.731,0.79792,0.79809,1.52,1.50
2014.10.16 06:05:04.238,0.79792,0.79809,1.52,1.20
2014.10.16 06:05:04.956,0.79792,0.79809,1.77,1.20
2014.10.16 06:05:05.916,0.79792,0.79809,1.46,1.27
2014.10.16 06:05:06.422,0.79792,0.79805,1.00,1.00
2014.10.16 06:05:06.524,0.79792,0.79809,1.00,1.52
2014.10.16 06:05:06.625,0.79792,0.79805,1.00,1.00
2014.10.16 06:05:07.415,0.79792,0.79806,1.00,1.00
2014.10.16 06:05:07.720,0.79792,0.79809,2.21,2.32
2014.10.16 06:05:08.340,0.79799,0.79812,2.17,1.32
2014.10.16 06:05:08.442,0.79802,0.79817,1.05,1.20
2014.10.16 06:05:08.493,0.79806,0.79817,1.00,1.10
2014.10.16 06:05:08.798,0.79808,0.79823,1.00,2.40
2014.10.16 06:05:09.001,0.79808,0.79819,1.00,1.87
2014.10.16 06:05:09.103,0.79808,0.79822,1.00,1.15
2014.10.16 06:05:09.458,0.79806,0.79819,1.12,1.00
2014.10.16 06:05:09.983,0.79806,0.79823,1.00,2.02
2014.10.16 06:05:10.135,0.79804,0.79818,1.39,1.00
2014.10.16 06:05:10.945,0.79803,0.79817,1.39,1.87
2014.10.16 06:05:11.654,0.79801,0.79817,2.06,2.77
2014.10.16 06:05:12.059,0.798,0.79818,2.89,1.15
2014.10.16 06:05:12.615,0.798,0.79818,1.56,1.15
2014.10.16 06:05:13.252,0.798,0.79818,1.64,1.15
2014.10.16 06:05:14.654,0.79801,0.79818,2.14,1.65
2014.10.16 06:05:15.615,0.79801,0.79818,2.14,1.65
2014.10.16 06:05:16.147,0.79802,0.79818,1.00,1.15
2014.10.16 06:05:17.243,0.798,0.79818,2.89,1.15
2014.10.16 06:05:18.479,0.79799,0.79818,1.76,2.02
2014.10.16 06:05:19.162,0.79798,0.79815,1.10,1.17
2014.10.16 06:05:23.147,0.79798,0.79815,1.00,1.46
2014.10.16 06:05:23.451,0.79794,0.79812,1.19,1.52
2014.10.16 06:05:23.756,0.79794,0.79813,1.17,1.77
2014.10.16 06:05:24.262,0.79794,0.79813,1.27,1.40
2014.10.16 06:05:24.464,0.79794,0.79813,2.96,1.00
2014.10.16 06:05:26.032,0.79796,0.79813,1.20,1.17
2014.10.16 06:05:26.640,0.79796,0.79813,1.27,1.17
2014.10.16 06:05:27.173,0.79796,0.79813,1.27,1.17
2014.10.16 06:05:27.376,0.79796,0.79813,1.27,1.15
2014.10.16 06:05:27.579,0.79796,0.7981,1.27,1.87
2014.10.16 06:05:28.085,0.79796,0.7981,1.17,1.87
2014.10.16 06:05:28.591,0.79796,0.7981,1.10,1.87
2014.10.16 06:05:29.532,0.79796,0.79812,1.10,1.20
2014.10.16 06:05:29.787,0.79797,0.79813,1.27,2.81
2014.10.16 06:05:30.173,0.798,0.79814,1.10,2.25
2014.10.16 06:05:30.543,0.79801,0.79815,1.10,1.00
2014.10.16 06:05:30.797,0.79801,0.79815,1.17,1.00
2014.10.16 06:05:31.202,0.79801,0.79815,1.00,1.95
2014.10.16 06:05:31.802,0.798,0.79815,1.00,1.95
2014.10.16 06:05:33.358,0.798,0.79813,1.00,2.25
2014.10.16 06:05:33.665,0.79796,0.79808,2.25,4.50
2014.10.16 06:05:34.170,0.79797,0.79803,1.00,2.25
2014.10.16 06:05:34.557,0.79789,0.79802,1.00,2.70
2014.10.16 06:05:34.962,0.79786,0.79799,1.00,2.02
2014.10.16 06:05:35.470,0.79786,0.79801,1.00,3.07
2014.10.16 06:05:36.949,0.79787,0.79803,1.12,3.07
2014.10.16 06:05:37.151,0.79787,0.79803,1.12,1.15
2014.10.16 06:05:37.662,0.79788,0.79804,1.00,1.40
2014.10.16 06:05:39.287,0.79787,0.79804,1.87,1.65
2014.10.16 06:05:39.831,0.79787,0.79804,2.62,1.65
2014.10.16 06:05:40.363,0.79788,0.79804,1.00,1.65
2014.10.16 06:05:40.618,0.79789,0.79806,2.06,1.15
2014.10.16 06:05:41.074,0.79793,0.79806,1.00,1.17
2014.10.16 06:05:41.581,0.79793,0.79809,2.89,1.17
2014.10.16 06:05:41.733,0.79796,0.7981,1.00,1.15
2014.10.16 06:05:43.475,0.79795,0.7981,1.50,1.15
2014.10.16 06:05:45.352,0.79795,0.79806,1.00,1.00
2014.10.16 06:05:45.656,0.79791,0.79805,1.00,1.15
2014.10.16 06:05:46.164,0.7979,0.79805,1.00,3.52
2014.10.16 06:05:47.484,0.79791,0.79804,1.00,2.02
2014.10.16 06:05:47.989,0.7979,0.79803,1.00,1.55
2014.10.16 06:05:48.521,0.7979,0.79803,1.00,1.27
2014.10.16 06:05:49.105,0.7979,0.79803,1.00,1.10
2014.10.16 06:05:49.409,0.79792,0.79805,1.00,1.65
2014.10.16 06:05:49.510,0.79792,0.79805,1.00,1.65
2014.10.16 06:05:49.713,0.79792,0.79807,1.24,1.20
2014.10.16 06:05:50.230,0.79792,0.79807,1.00,1.20
2014.10.16 06:05:50.636,0.79792,0.79807,1.00,1.17
2014.10.16 06:05:51.377,0.79792,0.79807,1.00,1.15
2014.10.16 06:05:51.688,0.79792,0.79807,1.00,1.15
2014.10.16 06:05:53.076,0.79792,0.79805,1.00,1.87
2014.10.16 06:05:53.177,0.7979,0.79805,1.57,1.95
2014.10.16 06:05:53.686,0.79789,0.79803,1.50,1.27
2014.10.16 06:05:55.814,0.79789,0.79803,1.00,1.95
2014.10.16 06:05:56.320,0.79789,0.79803,1.00,1.95
2014.10.16 06:05:56.855,0.79789,0.79803,1.00,1.95
2014.10.16 06:05:56.956,0.79786,0.79801,1.07,1.00
2014.10.16 06:05:57.463,0.79786,0.79801,1.10,1.07
2014.10.16 06:05:59.984,0.79787,0.79802,1.00,1.46
2014.10.16 06:06:02.117,0.79788,0.79803,1.00,1.65
2014.10.16 06:06:02.426,0.7979,0.79803,1.00,1.15
2014.10.16 06:06:02.735,0.79791,0.79805,1.20,1.25
2014.10.16 06:06:02.996,0.79793,0.79807,1.00,1.10
2014.10.16 06:06:05.021,0.79794,0.79807,1.00,1.00
2014.10.16 06:06:07.565,0.79796,0.79807,1.00,1.00
2014.10.16 06:06:07.768,0.79797,0.79811,1.00,1.20
2014.10.16 06:06:07.970,0.79799,0.79813,1.00,1.17
2014.10.16 06:06:08.679,0.79799,0.79813,1.00,2.02
2014.10.16 06:06:08.730,0.79796,0.7981,1.50,1.10
2014.10.16 06:06:08.882,0.79796,0.7981,1.50,1.15
2014.10.16 06:06:08.984,0.79796,0.7981,1.50,1.10
2014.10.16 06:06:10.461,0.79796,0.7981,1.00,1.07
2014.10.16 06:06:16.637,0.79796,0.7981,1.00,1.00
2014.10.16 06:06:17.152,0.79797,0.79811,1.00,1.57
2014.10.16 06:06:17.678,0.79797,0.79811,1.07,1.50
2014.10.16 06:06:18.319,0.79799,0.79813,1.00,1.07
2014.10.16 06:06:18.471,0.79799,0.79809,1.00,1.87
2014.10.16 06:06:19.822,0.79799,0.79809,1.00,1.95
2014.10.16 06:06:20.126,0.79798,0.79804,1.00,1.10
2014.10.16 06:06:20.228,0.798,0.79807,1.00,1.00
2014.10.16 06:06:20.278,0.79802,0.79812,1.00,1.95
2014.10.16 06:06:20.329,0.79802,0.79812,1.00,1.87
2014.10.16 06:06:20.885,0.79802,0.79815,1.00,1.95
2014.10.16 06:06:21.390,0.79802,0.79814,1.00,1.20
2014.10.16 06:06:21.897,0.79802,0.79814,1.00,1.12
2014.10.16 06:06:22.666,0.79802,0.79812,1.00,1.87
2014.10.16 06:06:23.075,0.79803,0.79817,1.00,1.27
2014.10.16 06:06:23.227,0.79803,0.79817,1.07,1.20
2014.10.16 06:06:23.329,0.79804,0.79819,1.07,3.45
2014.10.16 06:06:23.430,0.79808,0.79819,1.00,1.87
2014.10.16 06:06:23.735,0.7981,0.79821,1.00,2.70
2014.10.16 06:06:24.039,0.79808,0.79821,1.00,3.45
2014.10.16 06:06:24.243,0.79806,0.79817,1.00,2.70
2014.10.16 06:06:24.782,0.79804,0.79817,1.00,3.45
2014.10.16 06:06:24.833,0.79804,0.79814,1.50,2.32
2014.10.16 06:06:25.238,0.79804,0.79815,1.50,1.15
2014.10.16 06:06:25.750,0.79804,0.79815,1.50,1.15
2014.10.16 06:06:26.450,0.79804,0.79815,1.00,1.15
2014.10.16 06:06:26.793,0.79805,0.79817,1.00,1.15
2014.10.16 06:06:26.845,0.79805,0.79817,1.00,1.10
2014.10.16 06:06:27.047,0.79805,0.79815,1.00,1.87
2014.10.16 06:06:29.213,0.79803,0.79815,1.00,2.40
2014.10.16 06:06:29.572,0.79803,0.7981,1.00,1.87
2014.10.16 06:06:29.776,0.798,0.7981,1.00,1.87
2014.10.16 06:06:29.979,0.79798,0.7981,1.25,1.95
2014.10.16 06:06:30.080,0.79796,0.7981,1.00,2.02
2014.10.16 06:06:30.586,0.79795,0.79808,1.00,2.02
2014.10.16 06:06:30.891,0.79794,0.79803,1.00,1.87
2014.10.16 06:06:32.560,0.79794,0.79805,1.00,2.70
2014.10.16 06:06:34.202,0.79794,0.79806,1.00,1.17
2014.10.16 06:06:35.073,0.79792,0.79806,1.00,1.27
2014.10.16 06:06:35.174,0.7979,0.79804,1.00,1.27
2014.10.16 06:06:35.478,0.79788,0.79802,1.00,1.17
2014.10.16 06:06:35.935,0.7979,0.798,1.00,1.87
2014.10.16 06:06:36.088,0.7979,0.79803,1.00,1.87
2014.10.16 06:06:36.392,0.79792,0.79804,1.00,1.12
2014.10.16 06:06:36.697,0.79794,0.79804,1.00,1.12
2014.10.16 06:06:37.142,0.79794,0.79806,1.00,1.10
2014.10.16 06:06:45.153,0.79794,0.79808,1.00,1.27
2014.10.16 06:06:45.697,0.79795,0.79809,1.00,1.65
2014.10.16 06:06:50.855,0.79795,0.79809,1.00,1.65
2014.10.16 06:06:50.906,0.79793,0.79808,1.00,1.52
2014.10.16 06:06:52.034,0.79793,0.79807,1.00,1.84
2014.10.16 06:06:52.085,0.7979,0.798,1.07,1.30
2014.10.16 06:06:52.186,0.79788,0.79794,1.00,1.10
2014.10.16 06:06:52.338,0.7979,0.79801,2.10,1.15
2014.10.16 06:06:52.439,0.79789,0.79803,1.50,1.50
2014.10.16 06:06:52.541,0.79794,0.79805,1.00,1.57
2014.10.16 06:06:52.845,0.79789,0.79801,1.00,2.70
2014.10.16 06:06:53.149,0.79786,0.79799,1.00,1.65
2014.10.16 06:06:53.453,0.79784,0.79798,1.00,1.27
2014.10.16 06:06:53.965,0.79784,0.79798,1.00,1.27
2014.10.16 06:06:54.470,0.79784,0.79798,1.00,1.27
2014.10.16 06:06:55.043,0.79784,0.79798,1.00,1.52
2014.10.16 06:06:57.476,0.79781,0.79793,1.00,1.00
2014.10.16 06:06:58.134,0.79781,0.79793,1.00,1.07
2014.10.16 06:06:59.012,0.79781,0.79793,1.00,1.10
2014.10.16 06:06:59.518,0.79781,0.79792,1.00,1.10
2014.10.16 06:06:59.670,0.79779,0.79792,1.00,1.10
2014.10.16 06:06:59.721,0.79779,0.79792,1.00,1.52
2014.10.16 06:06:59.924,0.79773,0.79789,1.00,2.02
2014.10.16 06:07:00.379,0.79771,0.79786,1.00,2.59
2014.10.16 06:07:00.430,0.79767,0.79786,1.10,2.59
2014.10.16 06:07:00.633,0.79766,0.7978,1.09,1.00
2014.10.16 06:07:01.636,0.79768,0.79784,2.85,2.51
2014.10.16 06:07:01.788,0.79773,0.79787,1.15,1.00
2014.10.16 06:07:01.839,0.79773,0.79784,1.07,1.87
2014.10.16 06:07:01.941,0.79773,0.79781,1.10,1.00
2014.10.16 06:07:02.043,0.79767,0.79781,1.57,1.00
2014.10.16 06:07:02.144,0.79767,0.79783,1.10,1.92
2014.10.16 06:07:02.195,0.79762,0.79777,3.26,1.00
2014.10.16 06:07:02.651,0.79761,0.79777,1.34,1.00
2014.10.16 06:07:03.189,0.7976,0.79777,4.01,1.00
2014.10.16 06:07:03.557,0.7976,0.79777,1.84,1.00
2014.10.16 06:07:03.916,0.7976,0.7978,1.84,1.84
2014.10.16 06:07:04.119,0.7976,0.79779,1.84,1.95
2014.10.16 06:07:04.221,0.7976,0.79777,1.10,1.64
2014.10.16 06:07:04.524,0.79757,0.79772,1.00,1.20
2014.10.16 06:07:04.829,0.79755,0.79771,1.00,1.77
2014.10.16 06:07:05.084,0.7975,0.7977,1.65,1.71
2014.10.16 06:07:05.629,0.7975,0.7977,1.15,1.71
2014.10.16 06:07:06.172,0.79753,0.7977,1.72,1.84
2014.10.16 06:07:06.224,0.79754,0.7977,1.26,1.07
2014.10.16 06:07:06.275,0.79755,0.79771,1.09,1.20
2014.10.16 06:07:06.326,0.79755,0.79771,1.09,1.20
2014.10.16 06:07:06.630,0.79755,0.79771,1.01,1.27
2014.10.16 06:07:07.948,0.79755,0.7977,1.00,1.77
2014.10.16 06:07:07.999,0.79752,0.7977,1.20,1.77
2014.10.16 06:07:08.354,0.79751,0.79767,1.00,1.27
2014.10.16 06:07:08.810,0.7975,0.79763,1.09,1.00
2014.10.16 06:07:09.321,0.7975,0.79763,1.17,1.00
2014.10.16 06:07:09.684,0.79746,0.79763,1.25,1.52
2014.10.16 06:07:09.736,0.79746,0.79763,1.25,1.52
2014.10.16 06:07:09.837,0.79746,0.79763,1.01,1.55
2014.10.16 06:07:10.142,0.79747,0.79764,1.17,1.20
2014.10.16 06:07:10.972,0.79747,0.79764,1.10,1.27
2014.10.16 06:07:11.430,0.79749,0.79764,1.07,1.00
2014.10.16 06:07:11.937,0.79751,0.79764,1.07,1.00
2014.10.16 06:07:11.988,0.79751,0.79768,1.15,1.31
2014.10.16 06:07:12.646,0.79751,0.79768,3.82,1.25
2014.10.16 06:07:12.950,0.79754,0.7977,1.10,1.66
2014.10.16 06:07:13.405,0.79754,0.79771,1.10,1.46
2014.10.16 06:07:13.934,0.79754,0.79771,1.07,1.77
2014.10.16 06:07:14.441,0.79756,0.79771,1.10,1.17
2014.10.16 06:07:14.968,0.79756,0.79771,1.20,1.00
2014.10.16 06:07:15.477,0.7976,0.79774,1.10,1.00
2014.10.16 06:07:15.680,0.7976,0.79777,1.15,1.50
2014.10.16 06:07:16.223,0.79758,0.79777,1.25,1.15
2014.10.16 06:07:16.729,0.79755,0.79774,1.15,1.84
2014.10.16 06:07:17.087,0.79755,0.79774,1.10,2.21
2014.10.16 06:07:17.800,0.79758,0.79773,1.00,1.46
2014.10.16 06:07:17.902,0.79758,0.79774,1.10,2.51
2014.10.16 06:07:17.953,0.79758,0.79774,1.07,1.00
2014.10.16 06:07:18.258,0.79761,0.79779,1.15,1.46
2014.10.16 06:07:18.359,0.79761,0.79779,1.15,1.77
2014.10.16 06:07:18.664,0.79761,0.7978,1.00,1.71
2014.10.16 06:07:19.184,0.79759,0.79776,1.07,2.21
2014.10.16 06:07:19.487,0.79758,0.79776,1.00,2.21
2014.10.16 06:07:20.010,0.79756,0.79776,1.15,2.21
2014.10.16 06:07:20.519,0.79756,0.79773,1.15,1.56
2014.10.16 06:07:20.924,0.79757,0.79773,1.10,1.66
2014.10.16 06:07:21.076,0.79751,0.7977,1.40,1.55
2014.10.16 06:07:21.279,0.79752,0.7977,1.00,2.21
2014.10.16 06:07:21.381,0.79752,0.79768,1.15,1.25
2014.10.16 06:07:21.482,0.79753,0.79772,1.71,1.10
2014.10.16 06:07:21.584,0.79756,0.79771,1.15,1.00
2014.10.16 06:07:21.888,0.79753,0.79766,1.00,1.46
2014.10.16 06:07:21.939,0.7975,0.79766,1.00,1.46
2014.10.16 06:07:22.439,0.7975,0.79767,1.15,2.06
2014.10.16 06:07:24.176,0.79749,0.79767,1.15,1.76
2014.10.16 06:07:24.432,0.79748,0.79767,1.15,1.76
2014.10.16 06:07:28.410,0.79748,0.79766,1.07,2.21
2014.10.16 06:07:28.613,0.79748,0.79762,1.07,1.37
2014.10.16 06:07:28.716,0.79745,0.79762,1.00,1.52
2014.10.16 06:07:29.384,0.79741,0.79763,5.81,2.96
2014.10.16 06:07:29.892,0.79743,0.79764,1.40,1.71
2014.10.16 06:07:30.095,0.79745,0.79765,2.89,2.14
2014.10.16 06:07:30.146,0.79746,0.79765,2.70,1.69
2014.10.16 06:07:30.920,0.79747,0.79766,1.27,1.56
2014.10.16 06:07:31.123,0.79747,0.79766,3.26,1.10
2014.10.16 06:07:31.225,0.79749,0.79766,2.32,1.37
2014.10.16 06:07:31.428,0.79747,0.79766,3.26,1.37
2014.10.16 06:07:31.529,0.79747,0.79766,1.40,1.52
2014.10.16 06:07:32.036,0.79746,0.79766,1.34,1.47
2014.10.16 06:07:32.543,0.79746,0.79766,1.15,1.74
2014.10.16 06:07:34.040,0.79745,0.79766,3.64,2.14
2014.10.16 06:07:34.091,0.79747,0.79766,2.32,1.39
2014.10.16 06:07:34.345,0.79748,0.79768,1.17,2.21
2014.10.16 06:07:34.750,0.79747,0.79767,1.57,2.21
2014.10.16 06:07:35.205,0.79745,0.79765,1.36,2.21
2014.10.16 06:07:35.732,0.79745,0.79765,1.39,2.21
2014.10.16 06:07:36.420,0.79745,0.79764,1.40,1.71
2014.10.16 06:07:36.931,0.79745,0.79764,1.46,1.46
2014.10.16 06:07:39.050,0.79745,0.79765,1.27,1.74
2014.10.16 06:07:40.316,0.79745,0.79765,1.15,1.74
2014.10.16 06:07:41.072,0.79745,0.79765,1.15,1.71
2014.10.16 06:07:43.662,0.79745,0.79765,1.15,2.21
2014.10.16 06:07:44.208,0.79747,0.79765,1.46,1.17
2014.10.16 06:07:44.512,0.79749,0.79769,2.21,2.14
2014.10.16 06:07:45.023,0.79749,0.79769,2.21,1.46
2014.10.16 06:07:46.254,0.7975,0.79769,2.89,1.12
2014.10.16 06:07:47.071,0.79751,0.79771,1.27,1.71
2014.10.16 06:07:47.122,0.79751,0.79767,1.27,1.00
2014.10.16 06:07:47.377,0.79748,0.79765,1.84,1.47
2014.10.16 06:07:47.985,0.79748,0.79765,1.84,1.37
2014.10.16 06:07:48.492,0.79748,0.79765,1.65,1.47
2014.10.16 06:07:49.298,0.79748,0.79765,1.65,2.32
2014.10.16 06:07:49.349,0.7975,0.79765,2.02,2.25
2014.10.16 06:07:49.653,0.79752,0.79762,1.00,1.00
2014.10.16 06:07:49.755,0.79746,0.79762,3.34,1.00
2014.10.16 06:07:50.058,0.79746,0.79762,1.09,1.12
2014.10.16 06:07:50.339,0.79746,0.7976,1.17,1.50
2014.10.16 06:07:50.492,0.79742,0.79759,1.57,1.46
2014.10.16 06:07:50.999,0.79742,0.79756,1.57,1.00
2014.10.16 06:07:53.335,0.79739,0.79754,1.84,1.00
2014.10.16 06:07:53.386,0.79739,0.79754,1.76,1.57
2014.10.16 06:07:55.393,0.79739,0.79754,1.15,1.50
2014.10.16 06:07:55.961,0.79739,0.79754,1.15,1.50
2014.10.16 06:07:56.113,0.79738,0.79754,1.00,1.65
2014.10.16 06:07:56.620,0.79738,0.79754,1.09,1.65
2014.10.16 06:07:57.808,0.79738,0.79754,1.00,1.65
2014.10.16 06:07:58.320,0.79738,0.79754,1.20,1.65
2014.10.16 06:07:58.866,0.79738,0.79753,1.10,1.10
2014.10.16 06:08:00.149,0.79737,0.79753,1.57,1.10
2014.10.16 06:08:00.656,0.79737,0.79753,1.65,1.00
2014.10.16 06:08:01.899,0.79738,0.79754,1.20,1.10
2014.10.16 06:08:02.001,0.79738,0.79755,1.27,1.00
2014.10.16 06:08:02.508,0.79738,0.79755,2.77,1.12
2014.10.16 06:08:05.397,0.79739,0.79755,1.09,1.00
2014.10.16 06:08:06.411,0.79739,0.79755,1.84,1.00
2014.10.16 06:08:06.821,0.79739,0.79755,1.84,1.00
2014.10.16 06:08:07.388,0.79739,0.79755,2.59,1.10
2014.10.16 06:08:07.693,0.79739,0.79753,1.25,1.27
2014.10.16 06:08:08.201,0.79739,0.79753,1.62,1.00
2014.10.16 06:08:08.661,0.7974,0.79757,1.20,1.65
2014.10.16 06:08:09.530,0.7974,0.79757,1.17,1.57
2014.10.16 06:08:10.460,0.7974,0.79757,1.66,1.17
2014.10.16 06:08:11.179,0.79742,0.79757,1.00,1.20
2014.10.16 06:08:11.706,0.79743,0.79759,1.12,1.84
2014.10.16 06:08:14.271,0.79743,0.79759,1.19,1.65
2014.10.16 06:08:15.325,0.79743,0.79759,1.19,2.02
2014.10.16 06:08:15.375,0.79742,0.79754,1.69,1.65
2014.10.16 06:08:15.477,0.79741,0.79754,1.19,1.15
2014.10.16 06:08:15.578,0.79741,0.79753,1.00,1.15
2014.10.16 06:08:15.629,0.79739,0.79753,2.06,1.15
2014.10.16 06:08:15.680,0.79741,0.79754,1.00,1.15
2014.10.16 06:08:16.216,0.79741,0.79755,1.00,1.65
2014.10.16 06:08:16.734,0.79741,0.79755,1.19,1.65
2014.10.16 06:08:17.570,0.79741,0.79755,1.00,2.40
2014.10.16 06:08:18.382,0.79741,0.79753,1.00,1.95
2014.10.16 06:08:18.902,0.7974,0.79753,1.00,1.95
2014.10.16 06:08:19.517,0.7974,0.79753,1.00,1.65
2014.10.16 06:08:20.076,0.79738,0.79753,1.25,2.77
2014.10.16 06:08:20.601,0.79737,0.7975,1.50,1.10
2014.10.16 06:08:20.855,0.79732,0.79747,1.50,1.17
2014.10.16 06:08:24.810,0.79732,0.79747,1.00,2.14
2014.10.16 06:08:26.091,0.79732,0.79743,1.00,1.00
2014.10.16 06:08:26.605,0.79731,0.79743,1.25,1.00
2014.10.16 06:08:26.908,0.79731,0.79736,1.00,1.00
2014.10.16 06:08:27.010,0.79726,0.79735,2.32,1.00
2014.10.16 06:08:27.061,0.79726,0.79735,2.25,1.00
2014.10.16 06:08:27.112,0.79726,0.79738,2.25,1.50
2014.10.16 06:08:27.163,0.79726,0.79736,1.00,1.00
2014.10.16 06:08:27.455,0.79721,0.79735,1.12,1.00
2014.10.16 06:08:27.608,0.79725,0.79737,1.00,1.01
2014.10.16 06:08:27.911,0.7972,0.79733,1.25,1.50
2014.10.16 06:08:28.417,0.79719,0.79734,2.81,1.00
2014.10.16 06:08:28.468,0.79723,0.79735,1.00,1.10
2014.10.16 06:08:29.547,0.7972,0.79735,1.31,1.10
2014.10.16 06:08:29.750,0.79717,0.79731,1.25,1.00
2014.10.16 06:08:30.004,0.79713,0.79727,1.29,1.10
2014.10.16 06:08:30.512,0.79712,0.79727,1.19,1.65
2014.10.16 06:08:30.990,0.7971,0.79727,1.69,1.84
2014.10.16 06:08:31.505,0.7971,0.79725,1.25,1.10
2014.10.16 06:08:32.011,0.7971,0.79725,1.00,1.32
2014.10.16 06:08:35.794,0.79709,0.79725,2.06,1.17
2014.10.16 06:08:36.199,0.79708,0.79725,2.06,1.15
2014.10.16 06:08:37.405,0.79707,0.79725,1.69,2.96
2014.10.16 06:08:38.638,0.79707,0.79722,1.19,1.10
2014.10.16 06:08:39.221,0.79707,0.79722,1.25,1.10
2014.10.16 06:08:44.727,0.79706,0.79722,1.25,1.57
2014.10.16 06:08:45.120,0.79706,0.79722,1.62,1.10
2014.10.16 06:08:46.148,0.79707,0.79724,2.06,1.15
2014.10.16 06:08:48.520,0.79707,0.79724,2.06,1.17
2014.10.16 06:08:49.343,0.79709,0.79724,2.06,1.17
2014.10.16 06:08:49.653,0.79714,0.79725,1.19,1.00
2014.10.16 06:08:49.906,0.79714,0.7973,1.19,2.59
2014.10.16 06:08:50.863,0.79714,0.7973,1.19,2.59
2014.10.16 06:08:51.400,0.79714,0.7973,1.19,2.59
2014.10.16 06:08:52.457,0.79713,0.79729,1.31,1.40
2014.10.16 06:08:53.000,0.79713,0.79729,1.31,1.09
2014.10.16 06:08:54.176,0.79713,0.79729,1.31,1.09
2014.10.16 06:08:54.880,0.79713,0.7973,1.31,1.84
2014.10.16 06:08:55.388,0.79716,0.79731,1.19,1.57
2014.10.16 06:08:57.389,0.79717,0.79731,1.19,1.10
2014.10.16 06:08:59.143,0.79717,0.79734,2.06,1.84
2014.10.16 06:08:59.296,0.7972,0.79734,1.31,1.00
2014.10.16 06:08:59.803,0.7972,0.79738,1.56,1.65
2014.10.16 06:09:00.107,0.7972,0.79738,1.69,1.65
2014.10.16 06:09:00.310,0.79723,0.79738,1.56,1.17
2014.10.16 06:09:00.715,0.79723,0.7974,1.74,1.69
2014.10.16 06:09:02.108,0.79724,0.79742,1.39,2.06
2014.10.16 06:09:02.159,0.79726,0.79742,1.29,1.50
2014.10.16 06:09:02.463,0.7973,0.79744,1.31,1.00
2014.10.16 06:09:02.666,0.79731,0.79749,2.81,1.26
2014.10.16 06:09:02.767,0.79734,0.7975,1.00,2.51
2014.10.16 06:09:03.683,0.79734,0.7975,1.12,1.01
2014.10.16 06:09:04.190,0.79733,0.79751,1.25,1.46
2014.10.16 06:09:04.665,0.79734,0.79751,1.19,1.46
2014.10.16 06:09:06.709,0.79734,0.7975,1.29,1.25
2014.10.16 06:09:07.696,0.79733,0.79751,3.71,1.00
2014.10.16 06:09:08.734,0.79735,0.79751,1.25,1.07
2014.10.16 06:09:09.039,0.79734,0.79743,1.19,1.00
2014.10.16 06:09:09.140,0.79727,0.79741,1.69,1.50
2014.10.16 06:09:09.191,0.79727,0.79738,1.25,1.00
2014.10.16 06:09:09.293,0.79722,0.79738,2.51,1.10
2014.10.16 06:09:09.496,0.7972,0.79732,1.26,1.00
2014.10.16 06:09:09.952,0.79719,0.79736,1.69,1.50
2014.10.16 06:09:10.470,0.79719,0.79736,1.76,1.57
2014.10.16 06:09:12.471,0.79719,0.79736,2.14,1.57
2014.10.16 06:09:13.428,0.79719,0.79737,2.59,1.00
2014.10.16 06:09:13.959,0.79723,0.79736,1.00,1.00
2014.10.16 06:09:18.928,0.79723,0.79736,1.62,1.00
2014.10.16 06:09:19.080,0.79727,0.79741,1.50,1.00
2014.10.16 06:09:19.131,0.79727,0.79741,1.87,1.00
2014.10.16 06:09:19.233,0.79727,0.79743,2.89,1.00
2014.10.16 06:09:19.528,0.7973,0.79745,1.12,1.25
2014.10.16 06:09:19.630,0.7973,0.79746,1.39,1.00
2014.10.16 06:09:19.935,0.79735,0.79749,1.00,1.00
2014.10.16 06:09:20.239,0.79735,0.79751,1.37,2.59
2014.10.16 06:09:20.442,0.79735,0.79751,1.00,1.84
2014.10.16 06:09:21.070,0.79735,0.79751,1.31,1.65
2014.10.16 06:09:21.988,0.79735,0.79751,1.31,1.65
2014.10.16 06:09:22.344,0.79735,0.79751,1.31,1.57
2014.10.16 06:09:22.919,0.79735,0.79751,1.31,1.57
2014.10.16 06:09:25.405,0.79735,0.79751,1.94,1.50
2014.10.16 06:09:25.456,0.79739,0.79753,1.00,1.07
2014.10.16 06:09:25.558,0.79739,0.79754,1.00,1.10
2014.10.16 06:09:26.089,0.79739,0.79754,1.00,1.17
2014.10.16 06:09:29.364,0.79739,0.79753,1.25,1.07
2014.10.16 06:09:29.669,0.79736,0.7975,1.19,1.65
2014.10.16 06:09:30.480,0.79734,0.7975,1.00,2.21
2014.10.16 06:09:30.684,0.79732,0.79748,1.19,1.57
2014.10.16 06:09:30.786,0.7973,0.79746,2.06,1.17
2014.10.16 06:09:31.293,0.7973,0.79746,1.69,2.02
2014.10.16 06:09:31.801,0.7973,0.79746,1.69,2.02
2014.10.16 06:09:32.111,0.7973,0.79746,1.25,2.02
2014.10.16 06:09:32.213,0.7973,0.79746,1.25,2.02
2014.10.16 06:09:32.314,0.7973,0.79746,1.25,2.96
2014.10.16 06:09:32.822,0.79728,0.79744,2.44,1.57
2014.10.16 06:09:33.321,0.79728,0.79744,1.50,1.76
2014.10.16 06:09:38.384,0.79728,0.79743,1.00,1.29
2014.10.16 06:09:38.687,0.79726,0.7974,1.50,1.17
2014.10.16 06:09:39.196,0.79726,0.7974,1.50,1.10
2014.10.16 06:09:41.420,0.79728,0.79741,1.00,1.50
2014.10.16 06:09:41.724,0.7973,0.79743,1.00,1.00
2014.10.16 06:09:43.023,0.7973,0.79743,1.32,1.00
2014.10.16 06:09:43.567,0.79731,0.79744,1.20,1.00
2014.10.16 06:09:44.318,0.79731,0.79744,1.17,1.00
2014.10.16 06:09:44.470,0.79733,0.79747,1.10,1.69
2014.10.16 06:09:44.723,0.79735,0.79748,1.00,1.00
2014.10.16 06:09:48.909,0.79733,0.79746,1.76,1.00
2014.10.16 06:09:49.367,0.79732,0.79745,1.57,1.00
2014.10.16 06:09:49.722,0.79733,0.79746,1.32,1.00
2014.10.16 06:09:50.228,0.79735,0.79747,1.00,1.00
2014.10.16 06:09:50.330,0.79733,0.79746,1.25,1.00
2014.10.16 06:09:50.684,0.79733,0.79742,1.00,1.00
2014.10.16 06:09:50.735,0.79731,0.79741,1.00,1.00
2014.10.16 06:09:50.837,0.79728,0.79741,1.50,1.00
2014.10.16 06:09:51.343,0.79728,0.7974,1.00,1.00
2014.10.16 06:09:52.387,0.79726,0.7974,1.69,1.00
2014.10.16 06:09:52.954,0.79726,0.79737,1.00,1.00
2014.10.16 06:09:53.055,0.79723,0.79736,1.69,1.00
2014.10.16 06:09:57.038,0.79721,0.79734,2.14,1.00
2014.10.16 06:10:00.880,0.79721,0.79734,1.39,1.00
2014.10.16 06:10:01.388,0.79721,0.79734,3.71,1.00
2014.10.16 06:10:03.356,0.79723,0.79734,1.32,1.00
2014.10.16 06:10:03.407,0.79723,0.79736,1.84,1.00
2014.10.16 06:10:03.911,0.79723,0.79736,1.57,1.00
2014.10.16 06:10:04.621,0.79723,0.79734,1.00,1.00
2014.10.16 06:10:04.925,0.7972,0.79732,1.76,1.00
2014.10.16 06:10:05.431,0.7972,0.79731,1.69,1.00
2014.10.16 06:10:06.368,0.79718,0.79731,1.00,1.50
2014.10.16 06:10:07.874,0.79718,0.7973,1.00,1.00
2014.10.16 06:10:08.924,0.79716,0.79729,1.00,1.87
2014.10.16 06:10:09.025,0.79713,0.79726,1.00,1.00
2014.10.16 06:10:09.329,0.79711,0.79723,1.00,1.20
2014.10.16 06:10:10.043,0.79711,0.79722,1.00,1.00
2014.10.16 06:10:11.086,0.79709,0.79722,1.00,2.25
2014.10.16 06:10:11.605,0.79711,0.79725,1.00,2.14
2014.10.16 06:10:12.011,0.79713,0.79725,1.00,1.00
2014.10.16 06:10:12.524,0.79713,0.79726,1.00,1.00
2014.10.16 06:10:12.625,0.79714,0.79728,1.00,1.50
2014.10.16 06:10:13.159,0.79715,0.79728,1.12,1.00
2014.10.16 06:10:13.332,0.79715,0.79731,1.12,1.25
2014.10.16 06:10:20.338,0.79714,0.79729,2.14,1.00
2014.10.16 06:10:21.711,0.79714,0.79729,2.89,1.00
2014.10.16 06:10:22.233,0.79716,0.79727,1.25,1.00
2014.10.16 06:10:22.538,0.79716,0.79723,1.25,1.00
2014.10.16 06:10:23.812,0.79714,0.79723,1.00,1.00
2014.10.16 06:10:24.640,0.79714,0.79722,1.00,1.00
2014.10.16 06:10:25.420,0.79714,0.79722,1.07,1.00
2014.10.16 06:10:25.932,0.79714,0.79722,1.00,1.00
2014.10.16 06:10:26.135,0.79717,0.79722,1.00,1.00
2014.10.16 06:10:28.447,0.79715,0.79722,1.00,1.00
2014.10.16 06:10:29.149,0.79715,0.79724,1.00,1.00
2014.10.16 06:10:29.815,0.79715,0.79721,1.00,1.00
2014.10.16 06:10:29.967,0.79713,0.79721,1.00,1.00
2014.10.16 06:10:30.473,0.79711,0.79721,1.19,1.00
2014.10.16 06:10:30.777,0.7971,0.79721,1.76,1.00
2014.10.16 06:10:36.277,0.79709,0.79721,1.01,1.00
2014.10.16 06:10:38.337,0.79708,0.79721,1.65,1.25
2014.10.16 06:10:38.793,0.79708,0.7972,1.10,1.19
2014.10.16 06:10:39.401,0.79709,0.7972,1.00,1.19
2014.10.16 06:10:40.022,0.79709,0.79721,1.00,1.00
2014.10.16 06:10:41.341,0.79708,0.79721,1.00,1.00
2014.10.16 06:10:41.494,0.79708,0.79717,1.00,1.00
2014.10.16 06:10:41.799,0.79704,0.79717,1.26,1.00
2014.10.16 06:10:42.412,0.79703,0.79717,2.44,1.00
2014.10.16 06:10:46.102,0.79703,0.79717,1.69,1.00
2014.10.16 06:10:48.407,0.79703,0.79717,1.69,1.00
2014.10.16 06:10:49.459,0.79703,0.79717,1.25,1.00
2014.10.16 06:10:51.879,0.79703,0.79717,1.00,1.15
2014.10.16 06:10:52.182,0.79697,0.7971,1.76,1.00
2014.10.16 06:10:52.487,0.79694,0.79706,1.00,1.00
2014.10.16 06:10:52.690,0.79694,0.79709,1.15,1.69
2014.10.16 06:10:52.892,0.79694,0.79706,1.15,1.00
2014.10.16 06:10:52.994,0.79691,0.79706,1.84,1.00
2014.10.16 06:10:53.146,0.79691,0.79706,1.01,1.25
2014.10.16 06:10:53.247,0.7969,0.79704,1.36,1.00
2014.10.16 06:10:53.349,0.7969,0.79706,1.36,1.69
2014.10.16 06:10:54.388,0.79689,0.79706,1.25,2.59
2014.10.16 06:10:54.591,0.79688,0.79702,1.19,1.50
2014.10.16 06:10:54.844,0.79687,0.79702,1.00,2.89
2014.10.16 06:10:55.148,0.79687,0.79699,1.00,1.00
2014.10.16 06:10:55.350,0.79683,0.79699,1.31,1.00
2014.10.16 06:10:55.553,0.79681,0.79699,1.01,2.21
2014.10.16 06:10:56.076,0.79681,0.79699,1.01,2.06
2014.10.16 06:10:56.338,0.7968,0.79698,1.36,2.44
2014.10.16 06:10:56.642,0.7968,0.79693,1.00,1.00
2014.10.16 06:10:57.114,0.79678,0.79693,1.19,1.37
2014.10.16 06:10:58.075,0.79677,0.79689,1.20,1.00
2014.10.16 06:10:58.328,0.79671,0.79685,1.17,1.25
2014.10.16 06:10:58.755,0.7967,0.79682,1.10,1.37
2014.10.16 06:10:59.262,0.79669,0.79681,1.00,1.30
2014.10.16 06:10:59.859,0.79669,0.79682,1.00,1.00
2014.10.16 06:11:00.164,0.79669,0.79683,1.69,3.37
2014.10.16 06:11:00.316,0.79669,0.79683,1.69,1.50
2014.10.16 06:11:00.823,0.7967,0.79683,1.00,1.50
2014.10.16 06:11:01.078,0.7967,0.79686,1.69,1.10
2014.10.16 06:11:01.483,0.79672,0.79689,1.25,1.25
2014.10.16 06:11:01.812,0.79671,0.79686,2.96,1.00
2014.10.16 06:11:02.267,0.79672,0.79689,1.25,1.25
2014.10.16 06:11:03.512,0.79673,0.7969,1.00,2.06
2014.10.16 06:11:04.272,0.79673,0.7969,1.25,2.21
2014.10.16 06:11:04.568,0.79673,0.79684,1.25,1.00
2014.10.16 06:11:04.720,0.79669,0.79683,1.00,1.37
2014.10.16 06:11:05.242,0.79669,0.79683,1.00,1.37
2014.10.16 06:11:05.612,0.79669,0.79683,1.00,1.00
2014.10.16 06:11:05.714,0.7967,0.79685,1.25,1.00
2014.10.16 06:11:05.816,0.7967,0.79687,1.25,2.44
2014.10.16 06:11:06.105,0.79673,0.79687,1.00,2.44
2014.10.16 06:11:06.460,0.7967,0.79682,1.84,1.00
2014.10.16 06:11:06.764,0.79661,0.79672,1.69,1.12
2014.10.16 06:11:06.815,0.7966,0.7967,1.00,1.30
2014.10.16 06:11:06.916,0.79658,0.79672,1.00,3.37
2014.10.16 06:11:06.967,0.79656,0.79671,1.25,1.72
2014.10.16 06:11:07.478,0.79654,0.79671,1.32,1.62
2014.10.16 06:11:07.983,0.79656,0.79671,1.00,1.91
2014.10.16 06:11:08.287,0.79658,0.7967,1.00,1.31
2014.10.16 06:11:08.843,0.79656,0.7967,1.00,1.31
2014.10.16 06:11:09.097,0.79654,0.7967,1.09,1.12
2014.10.16 06:11:09.605,0.79656,0.7967,1.00,1.00
2014.10.16 06:11:09.818,0.79653,0.7967,2.59,1.00
2014.10.16 06:11:10.324,0.79654,0.79662,1.09,1.00
2014.10.16 06:11:10.426,0.79653,0.79666,1.00,1.37
2014.10.16 06:11:10.629,0.79658,0.7967,1.00,3.71
2014.10.16 06:11:10.731,0.79658,0.7967,1.00,1.00
2014.10.16 06:11:11.035,0.79656,0.79672,1.31,1.00
2014.10.16 06:11:11.086,0.79656,0.79672,1.62,1.00
2014.10.16 06:11:11.390,0.79661,0.79677,2.06,1.07
2014.10.16 06:11:11.441,0.79661,0.79679,2.06,3.71
2014.10.16 06:11:11.846,0.79664,0.79681,1.19,1.57
2014.10.16 06:11:11.947,0.79665,0.79683,1.39,1.50
2014.10.16 06:11:12.252,0.79671,0.79684,1.47,1.00
2014.10.16 06:11:12.404,0.79672,0.79689,1.64,1.00
2014.10.16 06:11:12.853,0.79672,0.79689,1.71,1.00
2014.10.16 06:11:13.467,0.79673,0.7969,2.21,1.00
2014.10.16 06:11:13.772,0.79675,0.79693,1.15,2.44
2014.10.16 06:11:14.357,0.79675,0.79693,1.84,1.69
2014.10.16 06:11:14.815,0.79675,0.79693,2.51,1.84
2014.10.16 06:11:15.321,0.79676,0.79695,1.19,1.74
2014.10.16 06:11:15.524,0.79676,0.79695,1.19,1.71
2014.10.16 06:11:15.828,0.79676,0.79694,1.26,2.06
2014.10.16 06:11:16.361,0.79676,0.79693,1.19,1.10
2014.10.16 06:11:16.869,0.79675,0.79694,1.39,2.21
2014.10.16 06:11:16.971,0.79675,0.79694,1.39,2.21
2014.10.16 06:11:17.224,0.79675,0.79694,1.46,1.76
2014.10.16 06:11:17.529,0.79678,0.79693,1.65,1.25
2014.10.16 06:11:17.731,0.7968,0.79698,1.46,2.06
2014.10.16 06:11:18.156,0.7968,0.79698,1.40,2.06
2014.10.16 06:11:18.922,0.7968,0.79698,1.34,1.69
2014.10.16 06:11:18.973,0.7968,0.79698,1.36,1.69
2014.10.16 06:11:20.219,0.79679,0.79698,1.46,1.76
2014.10.16 06:11:20.731,0.79679,0.79698,1.71,1.84
2014.10.16 06:11:21.142,0.79681,0.79698,1.64,1.29
2014.10.16 06:11:21.244,0.79682,0.79701,1.71,1.69
2014.10.16 06:11:21.547,0.79684,0.79704,1.74,2.51
2014.10.16 06:11:21.649,0.79685,0.79704,1.46,2.51
2014.10.16 06:11:22.171,0.7969,0.79704,1.19,1.00
2014.10.16 06:11:22.221,0.7969,0.79708,1.19,1.84
2014.10.16 06:11:22.272,0.79693,0.79708,1.00,1.26
2014.10.16 06:11:22.374,0.79693,0.79709,1.32,1.50
2014.10.16 06:11:22.728,0.79694,0.79711,1.69,1.00
2014.10.16 06:11:22.931,0.79694,0.79712,1.69,1.20
2014.10.16 06:11:23.449,0.79695,0.79712,1.25,1.20
2014.10.16 06:11:23.753,0.79693,0.79706,1.19,1.07
2014.10.16 06:11:23.855,0.7969,0.79705,2.51,1.00
2014.10.16 06:11:24.361,0.79688,0.79704,1.19,1.80
2014.10.16 06:11:24.463,0.79686,0.79704,1.84,3.19
2014.10.16 06:11:25.458,0.79684,0.79702,1.76,1.15
2014.10.16 06:11:26.001,0.79684,0.79701,1.76,1.00
2014.10.16 06:11:26.873,0.79684,0.79701,1.26,1.47
2014.10.16 06:11:28.044,0.79684,0.79701,1.19,1.55
2014.10.16 06:11:28.398,0.79683,0.797,1.00,1.46
2014.10.16 06:11:28.906,0.79682,0.79699,1.69,1.62
2014.10.16 06:11:29.109,0.79682,0.79698,1.00,1.39
2014.10.16 06:11:29.463,0.79678,0.79698,2.59,1.66
2014.10.16 06:11:33.048,0.79678,0.79698,1.84,2.14
2014.10.16 06:11:33.150,0.7968,0.79696,1.00,1.46
2014.10.16 06:11:33.403,0.79678,0.79696,1.25,1.71
2014.10.16 06:11:33.454,0.79678,0.79696,1.25,1.74
2014.10.16 06:11:34.090,0.79678,0.79695,1.00,1.31
2014.10.16 06:11:36.839,0.79676,0.79695,1.29,1.46
2014.10.16 06:11:37.760,0.79677,0.79695,1.25,1.46
2014.10.16 06:11:38.367,0.79677,0.79695,1.00,1.46
2014.10.16 06:11:38.881,0.79676,0.79695,1.25,1.46
2014.10.16 06:11:39.405,0.79676,0.79695,1.19,1.46
2014.10.16 06:11:40.105,0.79676,0.79695,1.25,1.46
2014.10.16 06:11:41.590,0.79675,0.79695,2.06,1.46
2014.10.16 06:11:42.303,0.79675,0.79694,2.14,1.71
2014.10.16 06:11:43.132,0.79675,0.79694,1.31,2.21
2014.10.16 06:11:44.397,0.79675,0.79694,1.31,2.21
2014.10.16 06:11:44.701,0.79672,0.79683,1.69,1.00
2014.10.16 06:11:44.853,0.79672,0.7969,1.19,1.34
2014.10.16 06:11:45.005,0.79672,0.7969,1.19,1.34
2014.10.16 06:11:46.878,0.79672,0.7969,1.39,2.21
2014.10.16 06:11:47.389,0.79672,0.79685,1.17,1.00
2014.10.16 06:11:47.491,0.79672,0.79689,1.65,1.19
2014.10.16 06:11:48.001,0.79672,0.79691,1.84,2.14
2014.10.16 06:11:48.515,0.79672,0.79691,1.76,2.21
2014.10.16 06:11:49.183,0.79672,0.79691,1.32,2.21
2014.10.16 06:11:51.120,0.79673,0.7969,1.00,1.46
2014.10.16 06:11:51.633,0.79672,0.79688,1.25,1.17
2014.10.16 06:11:51.987,0.79672,0.79688,1.76,1.00
2014.10.16 06:11:52.241,0.79673,0.79691,1.32,2.14
2014.10.16 06:11:53.746,0.79675,0.79691,1.00,1.26
2014.10.16 06:11:54.506,0.79675,0.79691,1.25,1.00
2014.10.16 06:11:54.911,0.79675,0.79691,1.84,1.00
2014.10.16 06:11:55.417,0.79678,0.79693,1.00,2.47
2014.10.16 06:11:56.063,0.79682,0.79693,1.00,1.54
2014.10.16 06:11:56.165,0.79684,0.79696,1.00,1.00
2014.10.16 06:11:56.266,0.79684,0.79699,1.00,1.69
2014.10.16 06:11:56.618,0.79686,0.797,1.00,1.69
2014.10.16 06:11:57.413,0.79686,0.797,1.00,1.00
2014.10.16 06:11:57.939,0.79687,0.79703,1.10,2.44
2014.10.16 06:11:58.091,0.79688,0.79703,1.69,1.00
2014.10.16 06:11:58.194,0.79688,0.79705,3.64,1.25
2014.10.16 06:11:59.104,0.79688,0.79707,2.81,1.34
2014.10.16 06:11:59.560,0.79691,0.79707,1.00,1.46
2014.10.16 06:11:59.863,0.79694,0.79709,1.50,1.19
2014.10.16 06:12:00.217,0.79694,0.79711,1.50,1.76
2014.10.16 06:12:00.932,0.79694,0.79711,1.65,1.69
2014.10.16 06:12:02.336,0.79694,0.7971,1.10,1.69
2014.10.16 06:12:02.387,0.79694,0.7971,1.10,2.06
2014.10.16 06:12:02.903,0.79693,0.79708,1.00,1.25
2014.10.16 06:12:03.418,0.79693,0.79708,1.00,1.76
2014.10.16 06:12:04.397,0.79693,0.79708,1.00,2.51
2014.10.16 06:12:06.767,0.79689,0.79708,3.71,1.76
2014.10.16 06:12:11.014,0.79689,0.79708,2.06,2.96
2014.10.16 06:12:11.267,0.79689,0.79704,1.39,1.00
2014.10.16 06:12:11.793,0.79689,0.79704,1.01,1.00
2014.10.16 06:12:12.237,0.79689,0.79707,1.01,1.39
2014.10.16 06:12:12.831,0.79689,0.79707,1.32,1.39
2014.10.16 06:12:13.926,0.79689,0.79707,1.09,1.31
2014.10.16 06:12:15.083,0.79688,0.79704,2.59,1.00
2014.10.16 06:12:15.710,0.79688,0.79704,2.59,1.00
2014.10.16 06:12:16.471,0.79688,0.79704,1.84,1.00
2014.10.16 06:12:18.475,0.79687,0.79704,2.21,1.25
2014.10.16 06:12:21.725,0.79687,0.79704,2.21,1.25
2014.10.16 06:12:22.226,0.79689,0.79705,1.17,1.31
2014.10.16 06:12:22.745,0.79689,0.79705,1.09,1.12
2014.10.16 06:12:23.964,0.7969,0.79707,1.19,2.81
2014.10.16 06:12:24.468,0.7969,0.79707,1.00,2.06
2014.10.16 06:12:25.546,0.7969,0.79707,1.25,2.06
2014.10.16 06:12:26.379,0.79689,0.79704,1.29,1.00
2014.10.16 06:12:26.897,0.79688,0.79703,1.76,1.00
2014.10.16 06:12:28.406,0.7969,0.79704,1.00,1.25
2014.10.16 06:12:28.942,0.7969,0.79705,1.00,1.00
2014.10.16 06:12:29.454,0.7969,0.79705,1.17,1.00
2014.10.16 06:12:29.977,0.7969,0.79705,1.00,1.00
2014.10.16 06:12:31.467,0.7969,0.79705,1.69,1.00
2014.10.16 06:12:36.775,0.79692,0.79705,1.87,1.00
2014.10.16 06:12:37.080,0.79707,0.79719,1.00,1.00
2014.10.16 06:12:37.182,0.79707,0.79722,1.69,1.50
2014.10.16 06:12:37.688,0.79707,0.79721,1.69,1.27
2014.10.16 06:12:39.118,0.79705,0.7972,1.00,1.01
2014.10.16 06:12:39.646,0.79705,0.7972,1.00,1.32
2014.10.16 06:12:40.192,0.79705,0.7972,1.00,1.09
2014.10.16 06:12:40.552,0.79704,0.79718,1.12,1.00
2014.10.16 06:12:40.857,0.797,0.79717,1.25,1.46
2014.10.16 06:12:41.364,0.797,0.79717,1.25,1.46
2014.10.16 06:12:41.516,0.797,0.79714,1.00,1.12
2014.10.16 06:12:41.718,0.79696,0.79714,1.69,2.21
2014.10.16 06:12:42.224,0.79696,0.79714,1.25,2.96
2014.10.16 06:12:42.764,0.79696,0.79712,1.25,1.00
2014.10.16 06:12:43.068,0.79705,0.79714,1.00,1.74
2014.10.16 06:12:43.119,0.79705,0.79716,1.00,1.29
2014.10.16 06:12:43.220,0.79705,0.79717,1.00,1.00
2014.10.16 06:12:43.322,0.79707,0.79718,1.00,1.00
2014.10.16 06:12:43.372,0.79707,0.79721,1.00,1.84
2014.10.16 06:12:44.386,0.79706,0.79721,1.00,1.34
2014.10.16 06:12:47.493,0.79706,0.79723,1.50,3.49
2014.10.16 06:12:47.646,0.79708,0.79723,1.19,1.10
2014.10.16 06:12:47.798,0.7971,0.79725,1.31,1.10
2014.10.16 06:12:48.305,0.7971,0.79728,1.31,1.84
2014.10.16 06:12:49.407,0.7971,0.79728,1.39,1.34
2014.10.16 06:12:49.932,0.7971,0.79728,1.39,1.40
2014.10.16 06:12:50.630,0.7971,0.79728,1.31,1.32
2014.10.16 06:12:55.740,0.7971,0.79727,2.14,1.00
2014.10.16 06:12:56.065,0.79711,0.7973,1.69,3.56
2014.10.16 06:12:56.774,0.79713,0.79729,1.19,1.05
2014.10.16 06:12:57.813,0.79714,0.7973,1.31,1.00
2014.10.16 06:13:01.782,0.79713,0.7973,1.29,1.00
2014.10.16 06:13:06.165,0.79713,0.7973,1.76,1.00
2014.10.16 06:13:06.671,0.79713,0.7973,1.76,1.00
2014.10.16 06:13:06.823,0.79714,0.7973,1.19,1.00
2014.10.16 06:13:07.331,0.79714,0.79729,1.19,1.00
2014.10.16 06:13:07.809,0.79713,0.79729,2.51,1.00
2014.10.16 06:13:08.468,0.79713,0.79729,2.96,1.00
2014.10.16 06:13:08.825,0.79716,0.79732,1.00,1.32
2014.10.16 06:13:08.927,0.79717,0.79733,1.31,1.00
2014.10.16 06:13:09.181,0.79721,0.79736,1.25,1.25
2014.10.16 06:13:09.691,0.79721,0.79736,1.76,1.00
2014.10.16 06:13:10.275,0.79721,0.79739,1.19,1.39
2014.10.16 06:13:11.516,0.79721,0.79739,1.46,1.01
2014.10.16 06:13:12.028,0.79722,0.79739,2.14,1.00
2014.10.16 06:13:12.707,0.79722,0.79739,1.69,1.10
2014.10.16 06:13:13.264,0.79722,0.7974,1.19,1.95
2014.10.16 06:13:13.366,0.79722,0.7974,1.29,2.02
2014.10.16 06:13:13.675,0.79722,0.7974,1.29,1.80
2014.10.16 06:13:13.726,0.79721,0.7974,2.21,1.99
2014.10.16 06:13:14.085,0.79721,0.79737,1.76,1.12
2014.10.16 06:13:14.389,0.79717,0.79733,1.31,1.72
2014.10.16 06:13:14.440,0.79716,0.79733,1.25,2.29
2014.10.16 06:13:14.542,0.79716,0.7973,1.25,2.10
2014.10.16 06:13:15.049,0.79713,0.79729,1.19,1.30
2014.10.16 06:13:15.960,0.79713,0.79728,1.19,1.00
2014.10.16 06:13:16.061,0.7971,0.79728,1.46,1.25
2014.10.16 06:13:16.466,0.79709,0.79728,2.96,1.25
2014.10.16 06:13:19.468,0.79709,0.79725,1.77,1.00
2014.10.16 06:13:19.569,0.79709,0.79725,1.39,1.00
2014.10.16 06:13:19.620,0.79707,0.79723,2.21,1.00
2014.10.16 06:13:20.166,0.79707,0.79725,2.96,1.00
2014.10.16 06:13:20.575,0.79707,0.79723,1.40,1.00
2014.10.16 06:13:21.281,0.79707,0.79723,1.01,1.12
2014.10.16 06:13:21.795,0.79706,0.79723,1.01,1.31
2014.10.16 06:13:22.469,0.79706,0.79723,1.09,1.31
2014.10.16 06:13:22.976,0.79706,0.79723,1.39,1.25
2014.10.16 06:13:23.495,0.79706,0.79723,1.39,1.00
2014.10.16 06:13:23.749,0.79709,0.79725,1.00,2.51
2014.10.16 06:13:24.275,0.79709,0.79725,1.25,1.50
2014.10.16 06:13:25.298,0.79709,0.79725,1.69,1.00
2014.10.16 06:13:25.802,0.7971,0.79726,1.29,1.50
2014.10.16 06:13:27.157,0.7971,0.79726,1.29,1.50
2014.10.16 06:13:28.161,0.7971,0.79726,1.01,1.00
2014.10.16 06:13:29.900,0.79711,0.79726,1.19,1.00
2014.10.16 06:13:32.177,0.7971,0.79726,2.06,1.00
2014.10.16 06:13:34.211,0.7971,0.79726,1.00,1.39
2014.10.16 06:13:34.721,0.7971,0.79725,1.00,1.39
2014.10.16 06:13:35.590,0.7971,0.79723,1.00,1.12
2014.10.16 06:13:36.700,0.7971,0.79723,1.00,3.56
2014.10.16 06:13:37.116,0.7971,0.79719,1.00,1.00
2014.10.16 06:13:37.166,0.79707,0.79719,1.00,1.00
2014.10.16 06:13:37.673,0.79706,0.79719,1.00,1.10
2014.10.16 06:13:38.179,0.79703,0.79719,1.69,1.20
2014.10.16 06:13:38.230,0.79703,0.79719,1.25,1.20
2014.10.16 06:13:43.711,0.79703,0.79719,1.32,1.00
2014.10.16 06:13:44.017,0.79705,0.79721,1.27,1.19
2014.10.16 06:13:44.320,0.79708,0.79719,1.29,1.00
2014.10.16 06:13:44.422,0.79708,0.79722,1.29,1.00
2014.10.16 06:13:44.523,0.79711,0.79722,1.00,1.00
2014.10.16 06:13:45.181,0.79711,0.79722,2.14,1.00
2014.10.16 06:13:45.232,0.79713,0.79724,1.25,1.00
2014.10.16 06:13:45.334,0.79714,0.79724,1.19,1.00
2014.10.16 06:13:45.435,0.79714,0.79727,1.84,1.00
2014.10.16 06:13:45.739,0.79716,0.79727,1.19,1.00
2014.10.16 06:13:46.855,0.79716,0.79727,1.19,1.00
2014.10.16 06:13:47.750,0.79715,0.79727,1.19,1.00
2014.10.16 06:13:48.342,0.79714,0.79727,1.76,1.00
2014.10.16 06:13:51.648,0.79715,0.79727,1.00,1.00
2014.10.16 06:13:53.957,0.79715,0.79727,1.76,1.00
2014.10.16 06:13:55.170,0.79715,0.79727,1.76,1.00
2014.10.16 06:13:57.702,0.79716,0.79727,1.00,1.00
2014.10.16 06:13:59.429,0.79717,0.79727,1.00,1.00
2014.10.16 06:13:59.582,0.79717,0.79727,2.44,1.00
2014.10.16 06:13:59.735,0.79717,0.7973,3.26,1.00
2014.10.16 06:13:59.938,0.79719,0.79732,1.39,1.50
2014.10.16 06:13:59.988,0.79721,0.79732,1.00,1.00
2014.10.16 06:14:02.189,0.7972,0.79732,1.00,1.00
2014.10.16 06:14:03.190,0.79724,0.79732,1.25,1.00
2014.10.16 06:14:05.228,0.79725,0.79732,1.25,1.00
2014.10.16 06:14:06.548,0.79725,0.79732,1.19,1.00
2014.10.16 06:14:12.917,0.79721,0.79732,1.69,1.00
2014.10.16 06:14:13.119,0.79721,0.79732,1.00,1.00
2014.10.16 06:14:13.880,0.7972,0.79732,2.21,1.00
2014.10.16 06:14:14.422,0.79723,0.79732,1.00,1.00
2014.10.16 06:14:14.574,0.79723,0.79736,1.50,1.50
2014.10.16 06:14:15.080,0.79724,0.79736,1.00,1.00
2014.10.16 06:14:15.595,0.79723,0.79736,1.20,1.00
2014.10.16 06:14:23.407,0.79723,0.79736,1.07,1.00
2014.10.16 06:14:23.932,0.79724,0.79737,1.10,1.00
2014.10.16 06:14:48.139,0.79722,0.79736,1.76,1.00
2014.10.16 06:14:48.753,0.79722,0.79736,1.25,1.00
2014.10.16 06:14:49.209,0.79725,0.79736,1.00,1.00
2014.10.16 06:14:55.596,0.79723,0.79736,1.00,1.00
2014.10.16 06:14:56.607,0.79725,0.79736,1.00,1.00
2014.10.16 06:15:00.988,0.79724,0.79734,1.19,1.00
2014.10.16 06:15:01.970,0.79723,0.79734,1.19,1.00
2014.10.16 06:15:02.072,0.79723,0.79736,1.69,1.00
2014.10.16 06:15:03.367,0.79724,0.79736,1.19,1.00
2014.10.16 06:15:04.448,0.79723,0.79736,1.69,1.00
2014.10.16 06:15:05.051,0.79723,0.79736,1.00,1.00
2014.10.16 06:15:05.153,0.79723,0.79736,1.69,1.00
2014.10.16 06:15:06.124,0.79723,0.79736,1.25,1.00
2014.10.16 06:15:08.797,0.79723,0.79736,1.19,1.00
2014.10.16 06:15:09.401,0.79723,0.79736,1.00,1.00
2014.10.16 06:15:19.706,0.79722,0.79733,1.00,1.00
2014.10.16 06:15:20.263,0.7972,0.79732,1.25,1.00
2014.10.16 06:15:21.204,0.79719,0.79732,1.00,1.00
2014.10.16 06:15:23.202,0.79718,0.79731,1.00,1.00
2014.10.16 06:15:39.042,0.79721,0.79734,1.00,1.50
2014.10.16 06:15:39.911,0.79719,0.79732,1.57,1.00
2014.10.16 06:15:51.713,0.79717,0.7973,1.37,1.00
2014.10.16 06:15:52.563,0.79719,0.7973,1.00,1.00
2014.10.16 06:16:01.136,0.79723,0.7973,1.00,1.00
2014.10.16 06:16:01.187,0.79723,0.79733,1.00,1.00
2014.10.16 06:16:01.288,0.79723,0.79737,1.50,1.69
2014.10.16 06:16:01.592,0.79725,0.79739,1.00,1.00
2014.10.16 06:16:01.896,0.79728,0.79741,1.00,1.00
2014.10.16 06:16:04.783,0.79727,0.79741,1.50,1.00
2014.10.16 06:16:07.218,0.79727,0.79741,2.21,1.00
2014.10.16 06:16:07.522,0.79733,0.79746,1.00,1.00
2014.10.16 06:16:08.356,0.79733,0.79746,1.17,1.00
2014.10.16 06:16:12.837,0.79733,0.79746,2.32,1.00
2014.10.16 06:16:12.939,0.79736,0.7975,1.12,1.50
2014.10.16 06:16:13.445,0.79736,0.7975,1.20,1.00
2014.10.16 06:16:15.756,0.79736,0.7975,2.77,1.00
2014.10.16 06:16:16.472,0.79736,0.7975,2.77,1.00
2014.10.16 06:16:21.363,0.79738,0.7975,1.00,1.00
2014.10.16 06:16:23.065,0.79738,0.79751,1.00,1.00
2014.10.16 06:16:24.369,0.79737,0.79751,1.10,1.00
2014.10.16 06:16:24.814,0.79737,0.79751,1.76,1.00
2014.10.16 06:16:25.910,0.79738,0.79751,1.19,1.00
2014.10.16 06:16:26.951,0.79739,0.79751,1.36,1.00
2014.10.16 06:16:27.675,0.79739,0.79753,1.84,1.00
2014.10.16 06:16:27.928,0.79743,0.79755,1.19,1.00
2014.10.16 06:16:28.030,0.79744,0.79757,1.09,1.00
2014.10.16 06:16:28.132,0.79744,0.79757,2.21,1.00
2014.10.16 06:16:28.335,0.79745,0.79759,1.36,1.00
2014.10.16 06:16:28.437,0.79747,0.79761,1.39,1.00
2014.10.16 06:16:28.640,0.79748,0.79761,1.40,1.00
2014.10.16 06:16:28.843,0.79748,0.79761,1.40,1.00
2014.10.16 06:16:29.349,0.79748,0.79762,2.21,1.00
2014.10.16 06:16:29.400,0.79752,0.79762,1.00,1.00
2014.10.16 06:16:30.020,0.79752,0.79765,1.00,1.00
2014.10.16 06:16:30.945,0.79751,0.79765,1.25,1.00
2014.10.16 06:16:31.400,0.79756,0.79765,1.00,1.00
2014.10.16 06:16:31.452,0.79756,0.7977,1.00,1.57
2014.10.16 06:16:31.901,0.79756,0.79771,1.69,1.10
2014.10.16 06:16:33.146,0.79756,0.79771,3.19,1.00
2014.10.16 06:16:34.162,0.79758,0.79771,1.19,1.00
2014.10.16 06:16:35.260,0.79758,0.7977,1.19,1.00
2014.10.16 06:16:38.472,0.79757,0.7977,1.69,1.00
2014.10.16 06:16:39.681,0.79757,0.7977,1.19,1.00
2014.10.16 06:16:41.653,0.79757,0.7977,1.19,1.00
2014.10.16 06:16:42.656,0.79756,0.7977,2.44,1.00
2014.10.16 06:16:43.662,0.79756,0.7977,1.69,1.00
2014.10.16 06:16:46.801,0.79756,0.7977,2.44,1.00
2014.10.16 06:16:51.417,0.79756,0.79768,1.69,1.00
2014.10.16 06:16:51.721,0.79756,0.7977,2.06,1.10
2014.10.16 06:16:52.229,0.79756,0.7977,2.06,1.10
2014.10.16 06:16:52.898,0.79753,0.7977,3.56,1.10
2014.10.16 06:16:54.476,0.79755,0.79772,1.62,1.17
2014.10.16 06:16:54.982,0.79756,0.79772,1.37,1.00
2014.10.16 06:17:03.320,0.79756,0.79772,2.81,1.00
2014.10.16 06:17:03.826,0.79757,0.79774,2.06,1.20
2014.10.16 06:17:04.029,0.79764,0.79777,1.00,1.00
2014.10.16 06:17:04.333,0.79769,0.79782,1.00,1.00
2014.10.16 06:17:04.435,0.79769,0.79786,1.00,1.65
2014.10.16 06:17:04.941,0.79768,0.79786,1.50,1.10
2014.10.16 06:17:05.226,0.79769,0.79786,1.19,1.10
2014.10.16 06:17:05.783,0.79769,0.79786,1.19,1.07
2014.10.16 06:17:06.316,0.79768,0.79786,1.69,1.10
2014.10.16 06:17:06.948,0.79768,0.79787,1.29,2.02
2014.10.16 06:17:07.454,0.79768,0.79787,1.39,2.02
2014.10.16 06:17:09.431,0.79769,0.79787,1.26,1.20
2014.10.16 06:17:09.735,0.79774,0.79789,1.10,1.00
2014.10.16 06:17:10.263,0.79774,0.79791,1.10,1.10
2014.10.16 06:17:10.956,0.79773,0.79792,3.34,1.12
2014.10.16 06:17:11.477,0.79773,0.79792,2.44,3.37
2014.10.16 06:17:12.436,0.79774,0.79792,1.19,3.37
2014.10.16 06:17:13.558,0.79774,0.79792,1.19,3.37
2014.10.16 06:17:13.716,0.79774,0.79792,1.19,1.87
2014.10.16 06:17:14.020,0.79775,0.79792,1.19,1.87
2014.10.16 06:17:14.071,0.79776,0.79794,1.31,2.92
2014.10.16 06:17:14.572,0.7978,0.79795,1.00,1.80
2014.10.16 06:17:17.081,0.7978,0.79796,2.44,1.80
2014.10.16 06:17:18.176,0.7978,0.79796,3.19,1.87
2014.10.16 06:17:18.688,0.7978,0.79796,3.19,1.42
2014.10.16 06:17:18.839,0.79784,0.79797,1.00,1.50
2014.10.16 06:17:19.144,0.79785,0.79799,1.69,1.27
2014.10.16 06:17:19.246,0.79786,0.79804,1.46,1.50
2014.10.16 06:17:19.347,0.79787,0.79805,1.29,1.12
2014.10.16 06:17:19.854,0.7979,0.79806,1.25,1.10
2014.10.16 06:17:20.158,0.7979,0.79804,1.25,1.37
2014.10.16 06:17:20.665,0.7979,0.79804,1.00,1.42
2014.10.16 06:17:21.171,0.7979,0.79804,1.00,1.42
2014.10.16 06:17:21.755,0.7979,0.79804,1.00,1.42
2014.10.16 06:17:23.645,0.79787,0.79803,1.19,1.45
2014.10.16 06:17:23.696,0.79784,0.79803,3.26,1.45
2014.10.16 06:17:23.949,0.79784,0.798,1.69,1.65
2014.10.16 06:17:24.202,0.79784,0.79799,1.00,1.20
2014.10.16 06:17:26.352,0.79784,0.79798,1.00,1.00
2014.10.16 06:17:29.431,0.79784,0.798,1.25,1.65
2014.10.16 06:17:30.334,0.79784,0.79797,1.25,1.00
2014.10.16 06:17:30.875,0.79781,0.79797,1.39,1.00
2014.10.16 06:17:30.926,0.79781,0.79797,1.20,1.00
2014.10.16 06:17:32.093,0.79781,0.79796,1.00,1.00
2014.10.16 06:17:32.600,0.79781,0.79797,1.00,1.12
2014.10.16 06:17:33.106,0.7978,0.79796,2.06,1.00
2014.10.16 06:17:33.612,0.7978,0.79796,1.87,1.62
2014.10.16 06:17:35.964,0.7978,0.79792,1.00,1.07
2014.10.16 06:17:36.167,0.79775,0.79791,1.37,2.02
2014.10.16 06:17:36.977,0.79774,0.7979,1.37,1.27
2014.10.16 06:17:38.656,0.79774,0.7979,1.37,1.80
2014.10.16 06:17:38.861,0.79774,0.79792,1.45,2.06
2014.10.16 06:17:39.184,0.79778,0.79793,1.52,1.00
2014.10.16 06:17:39.235,0.79778,0.79796,1.52,1.19
2014.10.16 06:17:40.206,0.79779,0.79796,1.47,1.00
2014.10.16 06:17:48.409,0.79779,0.79796,1.39,1.00
2014.10.16 06:17:49.019,0.79779,0.79796,1.47,1.00
2014.10.16 06:17:53.814,0.79778,0.79795,2.02,1.87
2014.10.16 06:17:53.916,0.79778,0.79794,1.12,2.10
2014.10.16 06:17:54.219,0.79777,0.79789,1.00,1.10
2014.10.16 06:17:54.726,0.79772,0.79788,1.37,1.00
2014.10.16 06:17:55.030,0.79769,0.79783,1.12,1.57
2014.10.16 06:17:55.081,0.79769,0.79781,1.12,1.60
2014.10.16 06:17:55.486,0.79764,0.79779,1.37,1.57
2014.10.16 06:17:56.000,0.79764,0.79778,1.37,1.00
2014.10.16 06:17:56.655,0.79762,0.79778,1.62,1.00
2014.10.16 06:17:57.193,0.79762,0.79777,1.39,1.00
2014.10.16 06:17:57.396,0.79762,0.79779,1.70,1.50
2014.10.16 06:17:57.447,0.79763,0.79779,1.55,1.00
2014.10.16 06:17:57.750,0.79763,0.79781,1.90,1.00
2014.10.16 06:17:58.155,0.79767,0.79783,1.57,1.10
2014.10.16 06:17:58.257,0.79767,0.79785,1.65,1.87
2014.10.16 06:17:58.763,0.79768,0.79785,1.09,1.00
2014.10.16 06:17:59.283,0.79769,0.79785,1.01,1.00
2014.10.16 06:18:00.162,0.79769,0.79783,1.01,1.00
2014.10.16 06:18:00.371,0.79769,0.79785,1.01,1.00
2014.10.16 06:18:00.777,0.79768,0.79785,1.74,1.00
2014.10.16 06:18:01.132,0.79767,0.79782,1.09,1.50
2014.10.16 06:18:01.183,0.79766,0.79782,2.21,1.87
2014.10.16 06:18:01.233,0.79766,0.79779,1.52,1.00
2014.10.16 06:18:01.760,0.79762,0.79778,1.09,1.00
2014.10.16 06:18:02.166,0.79761,0.79778,1.77,1.00
2014.10.16 06:18:04.468,0.79761,0.79778,1.69,1.00
2014.10.16 06:18:04.773,0.79761,0.79778,2.00,1.00
2014.10.16 06:18:05.178,0.79765,0.79779,1.01,1.00
2014.10.16 06:18:05.685,0.79764,0.79779,1.01,1.00
2014.10.16 06:18:06.302,0.79764,0.79779,1.01,1.00
2014.10.16 06:18:06.762,0.79764,0.79779,1.66,1.00
2014.10.16 06:18:07.471,0.79762,0.79779,2.89,1.00
2014.10.16 06:18:07.623,0.79762,0.79777,1.62,1.00
2014.10.16 06:18:13.989,0.79761,0.79777,1.94,1.00
2014.10.16 06:18:14.547,0.79763,0.79779,1.56,1.10
2014.10.16 06:18:14.598,0.79764,0.79779,1.25,1.10
2014.10.16 06:18:14.649,0.79766,0.7978,1.19,1.00
2014.10.16 06:18:14.903,0.79766,0.79782,1.71,1.00
2014.10.16 06:18:15.208,0.79767,0.79782,1.76,1.00
2014.10.16 06:18:16.274,0.79768,0.79782,1.74,1.00
2014.10.16 06:18:16.950,0.79768,0.79784,1.66,1.10
2014.10.16 06:18:17.260,0.79769,0.79786,1.31,1.10
2014.10.16 06:18:17.362,0.79771,0.79787,1.31,1.10
2014.10.16 06:18:17.666,0.79775,0.79787,1.00,1.00
2014.10.16 06:18:18.982,0.79775,0.79789,1.12,1.00
2014.10.16 06:18:19.033,0.79775,0.79789,2.06,1.00
2014.10.16 06:18:21.790,0.79774,0.79789,1.19,1.00
2014.10.16 06:18:22.373,0.79774,0.79789,1.01,1.00
2014.10.16 06:18:22.829,0.79774,0.79787,1.69,1.00
2014.10.16 06:18:23.336,0.79774,0.79786,1.00,1.00
2014.10.16 06:18:26.999,0.79774,0.79783,1.00,1.00
2014.10.16 06:18:29.575,0.79772,0.79783,1.00,1.00
2014.10.16 06:18:29.728,0.79773,0.79786,1.25,1.00
2014.10.16 06:18:30.185,0.79773,0.79787,1.69,1.00
2014.10.16 06:18:32.816,0.79777,0.79787,1.00,1.00
2014.10.16 06:18:33.018,0.79777,0.79789,1.00,1.00
2014.10.16 06:18:34.599,0.79777,0.79788,1.00,1.00
2014.10.16 06:18:39.801,0.79776,0.79788,1.69,1.00
2014.10.16 06:18:40.055,0.79776,0.79788,1.62,1.00
2014.10.16 06:18:40.571,0.79776,0.79789,1.62,1.00
2014.10.16 06:18:46.226,0.79779,0.79791,1.50,1.00
2014.10.16 06:18:46.428,0.79781,0.79791,1.00,1.00
2014.10.16 06:18:46.683,0.79783,0.79795,1.19,1.00
2014.10.16 06:18:46.784,0.79785,0.79798,1.00,1.50
2014.10.16 06:18:47.139,0.79786,0.79798,1.19,1.00
2014.10.16 06:18:47.647,0.79789,0.79798,1.00,1.00
2014.10.16 06:18:50.169,0.79787,0.79798,1.31,1.00
2014.10.16 06:18:53.021,0.79787,0.79798,2.06,1.00
2014.10.16 06:18:56.018,0.79789,0.79798,1.62,1.00
2014.10.16 06:18:56.340,0.79789,0.79799,1.62,1.00
2014.10.16 06:18:59.164,0.79789,0.79799,1.37,1.00
2014.10.16 06:19:03.740,0.79788,0.79799,2.06,1.00
2014.10.16 06:19:12.020,0.79787,0.79798,2.44,2.10
2014.10.16 06:19:12.071,0.79787,0.79797,1.37,1.35
2014.10.16 06:19:12.173,0.79784,0.79797,2.06,2.85
2014.10.16 06:19:12.274,0.79784,0.79797,1.12,1.70
2014.10.16 06:19:12.325,0.79783,0.79794,1.62,1.00
2014.10.16 06:19:12.528,0.79788,0.79801,1.00,1.17
2014.10.16 06:19:12.579,0.79788,0.79801,1.00,1.10
2014.10.16 06:19:13.085,0.79788,0.79801,1.62,1.10
2014.10.16 06:19:13.600,0.79788,0.798,1.62,1.00
2014.10.16 06:19:13.701,0.79784,0.79798,2.81,1.00
2014.10.16 06:19:15.127,0.79784,0.79798,1.69,1.00
2014.10.16 06:19:17.308,0.79784,0.79797,1.69,1.00
2014.10.16 06:19:18.568,0.79782,0.79797,1.19,1.10
2014.10.16 06:19:21.714,0.79782,0.79797,1.69,1.10
2014.10.16 06:19:27.899,0.79782,0.79797,2.44,1.00
2014.10.16 06:19:31.540,0.79782,0.79797,2.44,1.00
2014.10.16 06:19:33.606,0.79782,0.79797,2.44,1.00
2014.10.16 06:19:40.248,0.79782,0.79797,3.19,1.00
2014.10.16 06:19:46.865,0.79785,0.79797,1.50,1.00
2014.10.16 06:19:54.044,0.79785,0.79793,1.50,1.00
2014.10.16 06:19:55.474,0.79784,0.79793,1.69,1.00
2014.10.16 06:19:56.891,0.79784,0.79791,1.50,1.00
2014.10.16 06:19:57.094,0.7978,0.79788,1.00,1.00
2014.10.16 06:19:57.398,0.79777,0.79788,1.00,1.00
2014.10.16 06:19:57.449,0.79776,0.79784,1.50,1.00
2014.10.16 06:19:57.753,0.79776,0.79781,1.00,1.00
2014.10.16 06:19:57.804,0.79773,0.79781,1.00,1.00
2014.10.16 06:19:58.129,0.79773,0.79783,1.00,1.50
2014.10.16 06:19:58.461,0.79773,0.79781,1.00,1.00
2014.10.16 06:19:59.017,0.79769,0.79781,1.00,1.00
2014.10.16 06:19:59.568,0.79769,0.7978,1.00,1.00
2014.10.16 06:20:08.031,0.79768,0.7978,1.00,1.00
2014.10.16 06:20:08.184,0.79767,0.79778,1.50,1.00
2014.10.16 06:20:09.628,0.79763,0.79778,1.50,1.57
2014.10.16 06:20:09.679,0.79763,0.79776,1.50,1.00
2014.10.16 06:20:11.675,0.79763,0.79773,1.50,1.00
2014.10.16 06:20:14.269,0.79763,0.79774,1.50,1.10
2014.10.16 06:20:15.908,0.79763,0.79772,1.50,1.00
2014.10.16 06:20:15.959,0.7976,0.79771,1.00,1.00
2014.10.16 06:20:16.909,0.7976,0.79772,1.00,1.00
2014.10.16 06:20:18.580,0.7976,0.79776,2.25,2.02
2014.10.16 06:20:18.631,0.7976,0.79776,2.25,1.95
2014.10.16 06:20:18.682,0.79763,0.79776,1.00,1.10
2014.10.16 06:20:18.986,0.79765,0.79776,1.00,1.00
2014.10.16 06:20:19.301,0.7977,0.79779,1.00,1.00
2014.10.16 06:20:19.938,0.7977,0.7978,1.00,1.00
2014.10.16 06:20:23.282,0.7977,0.79778,1.00,1.00
2014.10.16 06:20:28.384,0.79768,0.79778,1.00,1.00
2014.10.16 06:20:36.332,0.79767,0.79778,1.00,1.00
2014.10.16 06:20:36.434,0.79765,0.79778,1.25,1.00
2014.10.16 06:20:36.939,0.79765,0.79777,1.25,1.00
2014.10.16 06:20:37.537,0.79767,0.79777,1.00,1.00
2014.10.16 06:20:37.824,0.79765,0.79777,1.25,1.00
2014.10.16 06:20:38.587,0.79766,0.79777,1.00,1.00
2014.10.16 06:20:39.100,0.79767,0.79777,1.00,1.00
2014.10.16 06:20:40.636,0.79766,0.79777,1.25,1.00
2014.10.16 06:20:41.665,0.79766,0.79778,1.25,1.00
2014.10.16 06:20:42.211,0.79766,0.79778,1.19,1.00
2014.10.16 06:20:42.839,0.79766,0.79778,1.00,1.00
2014.10.16 06:20:47.703,0.79766,0.79778,1.19,1.00
2014.10.16 06:20:49.815,0.79766,0.7978,1.19,1.12
2014.10.16 06:20:51.645,0.79767,0.7978,1.19,1.00
2014.10.16 06:20:51.696,0.7977,0.79784,1.00,1.00
2014.10.16 06:20:51.797,0.79772,0.79785,1.07,1.00
2014.10.16 06:20:52.000,0.79776,0.79789,1.00,1.00
2014.10.16 06:20:52.152,0.79779,0.79792,1.00,1.10
2014.10.16 06:20:52.457,0.79779,0.79795,1.76,1.07
2014.10.16 06:20:52.558,0.79784,0.79798,1.00,1.10
2014.10.16 06:20:53.014,0.79785,0.798,1.50,1.00
2014.10.16 06:20:53.547,0.79785,0.798,1.69,1.00
2014.10.16 06:20:53.750,0.79788,0.798,1.00,1.00
2014.10.16 06:20:54.262,0.79789,0.798,1.00,1.00
2014.10.16 06:20:56.111,0.79789,0.79801,1.00,1.35
2014.10.16 06:20:57.070,0.79789,0.79801,1.25,1.72
2014.10.16 06:20:57.602,0.79788,0.79801,1.19,1.35
2014.10.16 06:21:00.209,0.7979,0.79801,1.00,1.35
2014.10.16 06:21:00.751,0.79788,0.798,1.69,1.00
2014.10.16 06:21:03.219,0.79787,0.79801,1.69,1.35
2014.10.16 06:21:03.788,0.79787,0.79801,1.69,1.72
2014.10.16 06:21:04.659,0.79787,0.798,1.19,1.00
2014.10.16 06:21:05.092,0.79786,0.798,1.00,1.12
2014.10.16 06:21:05.602,0.79787,0.798,1.00,1.12
2014.10.16 06:21:05.653,0.79787,0.79798,1.00,1.00
2014.10.16 06:21:06.244,0.79784,0.79798,1.00,1.00
2014.10.16 06:21:06.447,0.79784,0.79794,1.00,1.00
2014.10.16 06:21:07.105,0.79784,0.79795,1.00,1.12
2014.10.16 06:21:11.073,0.79783,0.79795,1.00,1.12
2014.10.16 06:21:11.125,0.7978,0.79795,1.00,1.20
2014.10.16 06:21:12.610,0.79786,0.79795,1.00,1.00
2014.10.16 06:21:12.713,0.79786,0.79797,1.00,1.12
2014.10.16 06:21:12.815,0.79784,0.79797,1.00,1.87
2014.10.16 06:21:13.272,0.7978,0.79795,1.50,1.12
2014.10.16 06:21:14.221,0.7978,0.79795,1.69,1.57
2014.10.16 06:21:14.678,0.79779,0.79792,1.19,1.37
2014.10.16 06:21:14.729,0.79776,0.79792,2.44,1.80
2014.10.16 06:21:15.185,0.79776,0.79789,1.00,1.47
2014.10.16 06:21:15.590,0.79772,0.79789,1.69,2.02
2014.10.16 06:21:16.105,0.79772,0.79785,1.69,1.00
2014.10.16 06:21:16.650,0.79772,0.79785,1.00,1.00
2014.10.16 06:21:17.869,0.79777,0.79787,1.00,1.00
2014.10.16 06:21:18.071,0.79778,0.79789,1.00,1.00
2014.10.16 06:21:18.577,0.79779,0.79788,1.00,1.00
2014.10.16 06:21:19.133,0.79779,0.79787,1.00,1.00
2014.10.16 06:21:19.336,0.79776,0.79787,1.00,1.00
2014.10.16 06:21:21.488,0.79776,0.79789,1.00,1.00
2014.10.16 06:21:25.115,0.79778,0.79789,1.00,1.00
2014.10.16 06:21:25.621,0.79778,0.7979,1.00,1.00
2014.10.16 06:21:39.752,0.79778,0.79789,1.00,1.00
2014.10.16 06:21:40.253,0.79775,0.79789,1.50,1.10
2014.10.16 06:21:40.304,0.79775,0.79789,1.50,1.17
2014.10.16 06:21:41.473,0.79775,0.79788,1.50,1.20
2014.10.16 06:21:53.843,0.79775,0.79787,1.00,1.00
2014.10.16 06:21:54.148,0.79775,0.79784,1.00,1.00
2014.10.16 06:21:57.260,0.79775,0.79787,1.00,1.50
2014.10.16 06:21:57.891,0.79777,0.79787,1.00,1.00
2014.10.16 06:21:58.245,0.79777,0.79791,1.00,2.02
2014.10.16 06:21:58.860,0.79777,0.79791,1.00,2.02
2014.10.16 06:22:00.853,0.79776,0.79791,1.00,2.02
2014.10.16 06:22:02.370,0.79776,0.7979,1.00,1.10
2014.10.16 06:22:04.048,0.79776,0.7979,1.19,1.10
2014.10.16 06:22:05.077,0.79776,0.7979,1.00,1.20
2014.10.16 06:22:14.957,0.79776,0.79788,1.00,1.00
2014.10.16 06:22:17.906,0.79776,0.79787,1.00,1.00
2014.10.16 06:22:19.391,0.79776,0.79786,1.00,1.00
2014.10.16 06:22:19.698,0.79766,0.79776,1.50,1.00
2014.10.16 06:22:19.902,0.79757,0.79771,1.10,1.60
2014.10.16 06:22:20.005,0.79755,0.79765,1.00,1.00
2014.10.16 06:22:20.260,0.79752,0.79763,1.50,1.00
2014.10.16 06:22:20.665,0.79749,0.79761,1.50,1.00
2014.10.16 06:22:20.817,0.79749,0.79761,1.00,1.50
2014.10.16 06:22:20.919,0.79744,0.79761,1.50,3.00
2014.10.16 06:22:21.021,0.79744,0.7976,1.50,2.92
2014.10.16 06:22:22.204,0.79744,0.79758,1.50,1.84
2014.10.16 06:22:23.196,0.79744,0.79758,1.50,2.44
2014.10.16 06:22:24.605,0.79744,0.79761,1.50,1.39
2014.10.16 06:22:25.579,0.79744,0.79761,1.87,1.01
2014.10.16 06:22:26.085,0.79744,0.79762,2.89,1.39
2014.10.16 06:22:26.237,0.79747,0.79762,1.10,1.25
2014.10.16 06:22:26.542,0.7975,0.79764,1.00,1.19
2014.10.16 06:22:26.643,0.7975,0.79764,1.00,1.00
2014.10.16 06:22:27.173,0.7975,0.79768,1.50,1.46
2014.10.16 06:22:27.732,0.7975,0.79768,1.50,1.46
2014.10.16 06:22:27.834,0.7975,0.79768,1.57,1.46
2014.10.16 06:22:28.138,0.79755,0.79768,1.00,1.20
2014.10.16 06:22:28.643,0.79755,0.7977,1.00,1.31
2014.10.16 06:22:28.949,0.79758,0.79772,1.00,1.31
2014.10.16 06:22:29.759,0.79758,0.79772,1.00,1.05
2014.10.16 06:22:31.603,0.79759,0.79773,1.00,2.92
2014.10.16 06:22:31.907,0.79762,0.79773,1.50,1.10
2014.10.16 06:22:32.718,0.79757,0.79774,2.25,2.74
2014.10.16 06:22:32.920,0.79756,0.79771,1.50,1.80
2014.10.16 06:22:33.224,0.79754,0.79768,1.00,1.15
2014.10.16 06:22:33.427,0.79752,0.79768,1.00,1.52
2014.10.16 06:22:33.955,0.79751,0.79768,1.50,2.02
2014.10.16 06:22:34.461,0.79751,0.79768,1.00,2.96
2014.10.16 06:22:34.980,0.79751,0.79768,1.00,2.96
2014.10.16 06:22:35.627,0.79751,0.79768,1.00,2.89
2014.10.16 06:22:37.126,0.79751,0.79768,1.00,3.64
2014.10.16 06:22:40.585,0.7975,0.79767,1.00,2.21
2014.10.16 06:22:40.940,0.79749,0.79763,1.00,1.91
2014.10.16 06:22:41.092,0.79746,0.79762,1.50,1.31
2014.10.16 06:22:41.244,0.79745,0.79757,1.50,1.00
2014.10.16 06:22:41.750,0.79744,0.79757,1.00,1.00
2014.10.16 06:22:43.235,0.79744,0.79755,1.00,1.00
2014.10.16 06:22:45.656,0.79744,0.79756,1.00,1.00
2014.10.16 06:22:48.855,0.79741,0.79757,1.50,1.27
2014.10.16 06:22:49.369,0.79741,0.79758,1.17,1.66
2014.10.16 06:22:53.755,0.79741,0.79758,1.00,1.56
2014.10.16 06:23:09.338,0.79741,0.79757,1.10,1.62
2014.10.16 06:23:12.041,0.79741,0.79757,1.10,1.56
2014.10.16 06:23:12.622,0.79741,0.79757,1.07,2.06
2014.10.16 06:23:13.149,0.79741,0.79757,1.07,2.06
2014.10.16 06:23:14.142,0.79742,0.79757,1.10,2.06
2014.10.16 06:23:19.026,0.79742,0.79757,1.10,1.56
2014.10.16 06:23:19.978,0.79743,0.79757,1.00,1.56
2014.10.16 06:23:20.505,0.79743,0.79757,1.00,1.62
2014.10.16 06:23:21.961,0.79743,0.79757,1.00,1.31
2014.10.16 06:23:26.152,0.79744,0.79758,1.50,1.56
2014.10.16 06:23:26.455,0.79748,0.7976,1.17,1.69
2014.10.16 06:23:26.962,0.79752,0.79761,1.10,1.00
2014.10.16 06:23:27.115,0.79752,0.79764,1.20,1.00
2014.10.16 06:23:27.165,0.79754,0.79764,1.10,1.00
2014.10.16 06:23:27.369,0.79756,0.7977,1.10,1.87
2014.10.16 06:23:27.470,0.79757,0.79771,1.17,1.31
2014.10.16 06:23:27.926,0.79761,0.79771,1.07,1.25
2014.10.16 06:23:28.230,0.79763,0.79776,1.50,1.26
2014.10.16 06:23:28.332,0.79763,0.79776,1.50,1.10
2014.10.16 06:23:28.686,0.79765,0.79778,1.00,1.29
2014.10.16 06:23:30.628,0.79764,0.79779,1.00,1.56
2014.10.16 06:23:32.403,0.79764,0.79774,1.00,1.00
2014.10.16 06:23:32.985,0.79761,0.79774,1.00,1.12
2014.10.16 06:23:33.036,0.79761,0.79772,1.00,1.00
2014.10.16 06:23:33.188,0.79758,0.79772,2.25,1.00
2014.10.16 06:23:33.390,0.79758,0.79771,1.00,1.37
2014.10.16 06:23:33.441,0.79755,0.79771,1.50,1.80
2014.10.16 06:23:33.594,0.79753,0.79765,1.00,1.00
2014.10.16 06:23:34.100,0.79752,0.79765,1.10,1.00
2014.10.16 06:23:34.407,0.79749,0.79763,2.40,1.00
2014.10.16 06:23:34.710,0.79749,0.79763,3.15,1.00
2014.10.16 06:23:35.259,0.79749,0.79764,1.57,1.12
2014.10.16 06:23:39.180,0.79749,0.79765,1.65,1.56
2014.10.16 06:23:39.697,0.79749,0.79765,1.65,1.62
2014.10.16 06:23:40.397,0.79749,0.79766,1.57,1.56
2014.10.16 06:23:44.400,0.79749,0.79766,1.65,2.06
2014.10.16 06:23:44.919,0.79749,0.79766,1.65,1.56
2014.10.16 06:23:45.588,0.79749,0.79765,1.65,1.37
2014.10.16 06:23:46.779,0.79749,0.79765,1.65,1.62
2014.10.16 06:23:46.984,0.79747,0.79764,1.57,1.37
2014.10.16 06:23:47.140,0.79747,0.79764,1.57,1.87
2014.10.16 06:23:48.491,0.79747,0.7976,1.00,1.00
2014.10.16 06:23:49.043,0.79747,0.7976,1.00,1.62
2014.10.16 06:23:49.752,0.79747,0.7976,1.00,1.25
2014.10.16 06:23:59.993,0.79745,0.7976,1.10,1.00
2014.10.16 06:24:00.521,0.79746,0.79761,1.10,1.00
2014.10.16 06:24:00.827,0.79746,0.79761,1.15,1.00
2014.10.16 06:24:01.131,0.79747,0.79763,1.27,1.00
2014.10.16 06:24:01.385,0.79748,0.79765,1.15,1.00
2014.10.16 06:24:01.538,0.7975,0.79766,1.15,1.31
2014.10.16 06:24:02.551,0.7975,0.79766,1.27,1.00
2014.10.16 06:24:03.057,0.7975,0.79766,1.65,1.00
2014.10.16 06:24:03.572,0.7975,0.79766,1.00,1.00
2014.10.16 06:24:04.150,0.79748,0.79762,1.57,1.00
2014.10.16 06:24:06.833,0.79749,0.79762,1.00,1.00
2014.10.16 06:24:06.986,0.79751,0.79765,1.00,1.00
2014.10.16 06:24:08.433,0.79753,0.79767,1.00,1.00
2014.10.16 06:24:15.190,0.79754,0.79767,1.00,1.57
2014.10.16 06:24:16.710,0.79754,0.79767,1.00,1.07
2014.10.16 06:24:17.217,0.79753,0.79765,1.00,1.07
2014.10.16 06:24:17.723,0.79752,0.79765,1.00,1.65
2014.10.16 06:24:18.264,0.79751,0.79765,1.00,1.65
2014.10.16 06:24:18.986,0.7975,0.79762,1.00,1.00
2014.10.16 06:24:19.746,0.79749,0.79761,1.00,1.00
2014.10.16 06:24:23.118,0.79749,0.79761,1.00,1.07
2014.10.16 06:24:23.626,0.79748,0.7976,1.00,1.00
2014.10.16 06:24:27.712,0.79746,0.7976,1.00,1.00
2014.10.16 06:24:28.219,0.79746,0.79759,1.00,1.00
2014.10.16 06:24:29.138,0.79746,0.7976,1.00,1.01
2014.10.16 06:24:29.240,0.79744,0.79759,1.00,1.07
2014.10.16 06:24:29.544,0.79742,0.79756,1.69,1.10
2014.10.16 06:24:29.849,0.79739,0.79752,1.00,1.00
2014.10.16 06:24:30.360,0.79739,0.79752,1.00,1.17
2014.10.16 06:24:30.411,0.79739,0.79752,1.00,1.20
2014.10.16 06:24:30.918,0.79738,0.79752,1.00,1.15
2014.10.16 06:24:31.828,0.79738,0.79752,1.00,1.20
2014.10.16 06:24:32.840,0.79736,0.79751,2.25,1.10
2014.10.16 06:24:32.942,0.79736,0.79749,1.50,1.10
2014.10.16 06:24:33.618,0.79736,0.79749,1.50,1.07
2014.10.16 06:24:34.129,0.79735,0.79749,1.00,1.17
2014.10.16 06:24:35.007,0.79735,0.79746,1.00,1.00
2014.10.16 06:24:35.489,0.79733,0.79746,2.32,1.00
2014.10.16 06:24:35.996,0.79733,0.79749,1.50,1.00
2014.10.16 06:24:36.402,0.79733,0.79749,1.95,1.00
2014.10.16 06:24:36.705,0.79738,0.79752,1.00,1.00
2014.10.16 06:24:37.009,0.7974,0.79752,1.00,1.00
2014.10.16 06:24:37.516,0.79741,0.79757,1.00,1.26
2014.10.16 06:24:38.025,0.79742,0.79757,1.00,1.29
2014.10.16 06:24:38.548,0.79742,0.79755,1.00,1.00
2014.10.16 06:24:39.213,0.79744,0.79756,1.00,1.00
2014.10.16 06:24:39.734,0.79746,0.79756,1.00,1.00
2014.10.16 06:24:44.698,0.79747,0.79759,1.00,1.00
2014.10.16 06:24:45.053,0.79748,0.7976,1.57,1.00
2014.10.16 06:24:45.206,0.7975,0.79762,1.50,1.00
2014.10.16 06:24:49.436,0.7975,0.79764,1.50,1.00
2014.10.16 06:24:50.397,0.7975,0.79764,1.57,1.00
2014.10.16 06:24:50.905,0.79752,0.79764,1.00,1.00
2014.10.16 06:24:53.127,0.79749,0.79764,1.25,1.00
2014.10.16 06:24:53.279,0.79749,0.79761,1.00,1.00
2014.10.16 06:24:53.584,0.79748,0.79759,1.00,1.00
2014.10.16 06:24:53.837,0.79745,0.79758,1.00,1.10
2014.10.16 06:24:54.192,0.79747,0.79759,1.00,1.12
2014.10.16 06:24:54.293,0.79743,0.79757,1.00,1.50
2014.10.16 06:24:55.027,0.79745,0.79757,1.00,1.00
2014.10.16 06:24:55.615,0.79745,0.79758,1.00,1.25
2014.10.16 06:24:59.245,0.79743,0.79757,1.50,1.00
2014.10.16 06:25:00.433,0.79744,0.79757,1.00,1.00
2014.10.16 06:25:00.942,0.79748,0.79757,1.00,1.00
2014.10.16 06:25:00.993,0.79748,0.7976,1.87,1.00
2014.10.16 06:25:01.044,0.79751,0.7976,1.00,1.00
2014.10.16 06:25:01.197,0.79751,0.79764,1.00,1.00
2014.10.16 06:25:01.248,0.79752,0.79766,1.00,1.50
2014.10.16 06:25:01.400,0.79752,0.79766,2.02,1.00
2014.10.16 06:25:01.907,0.79755,0.79766,1.00,1.00
2014.10.16 06:25:10.509,0.79756,0.79766,1.00,1.00
2014.10.16 06:25:10.817,0.79756,0.79763,1.00,1.00
2014.10.16 06:25:11.728,0.79756,0.79761,1.00,1.00
2014.10.16 06:25:11.779,0.79754,0.79761,1.00,1.00
2014.10.16 06:25:11.981,0.79751,0.79758,1.00,1.00
2014.10.16 06:25:12.528,0.79747,0.79758,1.50,1.00
2014.10.16 06:25:12.682,0.79745,0.79757,1.00,1.00
2014.10.16 06:25:12.732,0.79745,0.79754,1.00,1.50
2014.10.16 06:25:12.885,0.79743,0.79753,1.00,1.00
2014.10.16 06:25:12.936,0.79743,0.79749,1.00,1.00
2014.10.16 06:25:12.987,0.7974,0.79749,1.50,1.00
2014.10.16 06:25:23.719,0.79739,0.79749,1.50,1.00
2014.10.16 06:25:25.878,0.79736,0.79749,1.50,1.50
2014.10.16 06:25:25.979,0.79735,0.79746,1.00,1.12
2014.10.16 06:25:26.183,0.79731,0.79744,2.25,2.02
2014.10.16 06:25:26.284,0.79731,0.7974,1.00,1.10
2014.10.16 06:25:26.335,0.79728,0.79738,1.00,1.00
2014.10.16 06:25:26.437,0.79725,0.79736,1.50,1.00
2014.10.16 06:25:26.639,0.79722,0.79733,1.50,1.00
2014.10.16 06:25:26.943,0.79716,0.79724,1.00,1.00
2014.10.16 06:25:27.045,0.79716,0.79728,1.50,1.77
2014.10.16 06:25:27.096,0.79716,0.79728,1.50,1.20
2014.10.16 06:25:27.248,0.7972,0.79729,1.00,1.01
2014.10.16 06:25:27.452,0.79717,0.79729,1.00,1.50
2014.10.16 06:25:27.994,0.79717,0.79726,1.00,1.00
2014.10.16 06:25:28.567,0.79716,0.79725,1.00,1.00
2014.10.16 06:25:29.124,0.79716,0.79727,1.00,1.00
2014.10.16 06:25:29.175,0.7972,0.79727,1.00,1.00
2014.10.16 06:25:29.592,0.79719,0.79729,1.00,1.00
2014.10.16 06:25:29.999,0.79723,0.7973,1.00,1.00
2014.10.16 06:25:30.101,0.79723,0.79733,1.00,1.25
2014.10.16 06:25:30.253,0.79726,0.79735,1.00,1.69
2014.10.16 06:25:30.456,0.79723,0.79736,1.00,1.19
2014.10.16 06:25:30.557,0.79725,0.79736,1.00,1.00
2014.10.16 06:25:30.659,0.79723,0.79736,1.50,1.00
2014.10.16 06:25:30.761,0.79727,0.79736,1.00,1.12
2014.10.16 06:25:30.965,0.79724,0.79736,1.00,1.00
2014.10.16 06:25:31.369,0.79727,0.79735,1.00,1.00
2014.10.16 06:25:31.471,0.79724,0.79735,1.50,1.00
2014.10.16 06:25:31.572,0.79728,0.79735,1.00,1.00
2014.10.16 06:25:31.775,0.79726,0.79735,1.00,1.00
2014.10.16 06:25:32.028,0.79725,0.79738,1.00,1.09
2014.10.16 06:25:32.552,0.79725,0.79738,1.00,1.40
2014.10.16 06:25:33.087,0.79725,0.79738,1.00,1.09
2014.10.16 06:25:34.135,0.79725,0.79738,1.00,1.40
2014.10.16 06:25:35.049,0.79725,0.79738,1.00,2.21
2014.10.16 06:25:35.191,0.79722,0.79738,1.00,2.21
2014.10.16 06:25:35.498,0.79724,0.79738,1.00,2.21
2014.10.16 06:25:36.150,0.79723,0.79736,1.00,1.27
2014.10.16 06:25:36.504,0.79725,0.79736,1.00,2.02
2014.10.16 06:25:37.010,0.79726,0.79736,1.00,1.95
2014.10.16 06:25:37.111,0.79724,0.79736,1.00,1.12
2014.10.16 06:25:37.618,0.79724,0.79736,1.00,1.20
2014.10.16 06:25:38.731,0.79724,0.79736,1.00,2.21
2014.10.16 06:25:39.332,0.79724,0.79736,1.00,2.96
2014.10.16 06:25:40.044,0.79724,0.79735,1.00,1.70
2014.10.16 06:25:40.196,0.79718,0.79733,1.50,1.20
2014.10.16 06:25:40.298,0.79721,0.79733,1.00,1.27
2014.10.16 06:25:40.501,0.79718,0.79733,1.00,1.27
2014.10.16 06:25:40.602,0.79721,0.79733,1.50,1.27
2014.10.16 06:25:40.906,0.79717,0.79733,1.50,1.55
2014.10.16 06:25:41.008,0.79717,0.79731,1.50,1.17
2014.10.16 06:25:41.311,0.79716,0.79731,1.00,1.52
2014.10.16 06:25:41.615,0.79719,0.79729,1.50,1.27
2014.10.16 06:25:42.029,0.79716,0.79729,1.00,1.20
2014.10.16 06:25:42.131,0.79719,0.79731,1.00,1.52
2014.10.16 06:25:42.334,0.79716,0.79731,1.50,1.95
2014.10.16 06:25:42.435,0.7972,0.79731,1.00,1.20
2014.10.16 06:25:42.842,0.79722,0.79731,1.00,1.12
2014.10.16 06:25:43.146,0.7972,0.79732,1.00,1.01
2014.10.16 06:25:43.247,0.79718,0.79732,1.00,1.25
2014.10.16 06:25:43.298,0.7972,0.79732,1.50,1.25
2014.10.16 06:25:43.805,0.79719,0.79732,1.00,1.25
2014.10.16 06:25:44.109,0.79721,0.79732,1.00,1.01
2014.10.16 06:25:44.719,0.7972,0.79731,1.00,1.20
2014.10.16 06:25:44.821,0.79717,0.79731,1.50,1.20
2014.10.16 06:25:45.129,0.7972,0.79731,1.00,1.20
2014.10.16 06:25:45.433,0.79718,0.79731,1.00,1.20
2014.10.16 06:25:45.535,0.79722,0.79731,1.00,1.20
2014.10.16 06:25:45.839,0.79725,0.79733,1.00,2.96
2014.10.16 06:25:45.940,0.79719,0.79733,1.00,2.21
2014.10.16 06:25:46.244,0.79717,0.79731,1.00,1.00
2014.10.16 06:25:46.346,0.7972,0.79731,1.00,1.00
2014.10.16 06:25:48.659,0.7972,0.79734,1.00,1.66
2014.10.16 06:25:51.643,0.79721,0.79733,1.50,1.12
2014.10.16 06:25:51.948,0.79721,0.79733,1.50,1.27
2014.10.16 06:25:52.166,0.79719,0.79733,1.00,1.27
2014.10.16 06:25:52.370,0.79721,0.79733,1.00,1.27
2014.10.16 06:25:52.472,0.79718,0.79734,1.00,2.96
2014.10.16 06:25:52.573,0.79721,0.79734,1.00,2.96
2014.10.16 06:25:52.831,0.79721,0.79734,1.00,2.96
2014.10.16 06:25:53.272,0.79717,0.79734,1.00,2.21
2014.10.16 06:25:53.323,0.79717,0.79734,1.00,2.21
2014.10.16 06:25:53.627,0.79721,0.79734,1.00,2.21
2014.10.16 06:25:53.678,0.79718,0.79734,1.50,1.71
2014.10.16 06:25:53.881,0.7972,0.79733,1.00,1.77
2014.10.16 06:25:54.590,0.7972,0.79727,1.00,1.00
2014.10.16 06:25:54.641,0.79718,0.79727,1.00,1.00
2014.10.16 06:25:54.945,0.79716,0.79727,1.00,1.20
2014.10.16 06:25:55.249,0.79716,0.79724,1.00,1.00
2014.10.16 06:25:55.763,0.79715,0.79724,1.00,1.00
2014.10.16 06:25:56.378,0.79712,0.79724,1.00,1.00
2014.10.16 06:25:56.479,0.79716,0.79724,1.00,1.00
2014.10.16 06:25:57.092,0.79715,0.79724,1.00,1.00
2014.10.16 06:25:58.684,0.79713,0.79724,1.50,1.00
2014.10.16 06:25:58.785,0.79717,0.79727,1.00,1.17
2014.10.16 06:25:58.887,0.79714,0.79727,1.00,1.20
2014.10.16 06:25:59.090,0.79717,0.79727,1.00,1.17
2014.10.16 06:25:59.191,0.79715,0.79727,1.00,1.17
2014.10.16 06:25:59.496,0.79717,0.79725,1.00,1.00
2014.10.16 06:26:00.159,0.79718,0.79725,1.00,1.00
2014.10.16 06:26:00.719,0.79714,0.79725,1.00,1.00
2014.10.16 06:26:00.923,0.79716,0.79725,1.00,1.00
2014.10.16 06:26:01.025,0.79713,0.79725,1.00,1.00
2014.10.16 06:26:01.127,0.79715,0.79725,1.00,1.00
2014.10.16 06:26:01.329,0.79713,0.79725,1.50,1.00
2014.10.16 06:26:01.532,0.79715,0.79725,1.00,1.00
2014.10.16 06:26:01.734,0.79713,0.79725,1.50,1.00
2014.10.16 06:26:02.241,0.79714,0.79725,1.00,1.00
2014.10.16 06:26:02.798,0.79715,0.79725,1.00,1.00
2014.10.16 06:26:03.053,0.79713,0.79724,1.00,1.00
2014.10.16 06:26:03.409,0.79715,0.79724,1.00,1.10
2014.10.16 06:26:03.561,0.79713,0.79724,1.00,1.00
2014.10.16 06:26:03.663,0.79715,0.79725,1.00,1.00
2014.10.16 06:26:03.765,0.79713,0.79725,1.00,1.00
2014.10.16 06:26:04.069,0.79715,0.79725,1.00,1.00
2014.10.16 06:26:04.576,0.79714,0.79725,1.00,1.00
2014.10.16 06:26:05.133,0.79716,0.79725,1.00,1.00
2014.10.16 06:26:05.487,0.79715,0.79727,1.00,1.25
2014.10.16 06:26:06.003,0.79715,0.79727,1.00,1.32
2014.10.16 06:26:06.511,0.79715,0.79725,1.00,1.00
2014.10.16 06:26:06.904,0.79713,0.79726,1.00,1.00
2014.10.16 06:26:08.877,0.79713,0.79724,1.00,1.00
2014.10.16 06:26:08.979,0.79711,0.79724,1.50,1.00
2014.10.16 06:26:09.080,0.79711,0.79726,1.50,1.00
2014.10.16 06:26:09.131,0.79711,0.79724,1.50,1.00
2014.10.16 06:26:09.637,0.79712,0.79724,1.50,1.00
2014.10.16 06:26:09.941,0.79712,0.79721,1.00,1.00
2014.10.16 06:26:10.093,0.7971,0.79721,1.50,1.00
2014.10.16 06:26:10.144,0.79712,0.79721,1.00,1.00
2014.10.16 06:26:10.346,0.79711,0.79724,1.00,1.00
2014.10.16 06:26:10.448,0.7971,0.79721,1.00,1.00
2014.10.16 06:26:10.752,0.79712,0.79723,1.00,1.00
2014.10.16 06:26:10.955,0.7971,0.79723,1.00,1.00
2014.10.16 06:26:11.360,0.79712,0.79723,1.00,1.00
2014.10.16 06:26:14.646,0.79712,0.79725,1.00,1.50
2014.10.16 06:26:14.798,0.79714,0.79725,1.00,1.00
2014.10.16 06:26:15.307,0.79716,0.79725,1.00,1.00
2014.10.16 06:26:15.873,0.79716,0.79724,1.50,1.00
2014.10.16 06:26:17.153,0.79716,0.79725,1.50,1.00
2014.10.16 06:26:17.457,0.79718,0.79725,1.00,1.00
2014.10.16 06:26:17.912,0.7972,0.79726,1.00,1.00
2014.10.16 06:26:18.115,0.79717,0.79726,1.00,1.00
2014.10.16 06:26:18.166,0.79721,0.79725,1.00,1.00
2014.10.16 06:26:18.268,0.79722,0.79728,1.00,1.00
2014.10.16 06:26:18.319,0.7972,0.79728,1.00,1.00
2014.10.16 06:26:18.369,0.79723,0.79731,1.00,1.00
2014.10.16 06:26:18.875,0.79723,0.79727,1.50,1.00
2014.10.16 06:26:23.318,0.79718,0.79725,1.00,1.00
2014.10.16 06:26:23.420,0.7972,0.79725,1.00,1.00
2014.10.16 06:26:23.522,0.79718,0.79725,1.00,1.00
2014.10.16 06:26:23.574,0.79716,0.79725,1.50,1.00
2014.10.16 06:26:24.011,0.79713,0.79725,1.50,1.00
2014.10.16 06:26:24.164,0.79715,0.79725,1.00,1.00
2014.10.16 06:26:24.268,0.79713,0.79725,1.00,1.00
2014.10.16 06:26:24.421,0.79713,0.79722,1.00,1.00
2014.10.16 06:26:24.472,0.7971,0.79722,1.50,1.00
2014.10.16 06:26:24.675,0.79712,0.79721,1.00,1.00
2014.10.16 06:26:25.181,0.79711,0.79721,1.00,1.00
2014.10.16 06:26:25.485,0.7971,0.79719,2.25,1.00
2014.10.16 06:26:25.738,0.79706,0.79719,1.25,1.00
2014.10.16 06:26:25.840,0.79709,0.79718,1.50,1.00
2014.10.16 06:26:26.144,0.79706,0.79714,1.00,1.00
2014.10.16 06:26:26.196,0.79707,0.79716,1.00,1.00
2014.10.16 06:26:26.297,0.79704,0.79716,1.50,1.00
2014.10.16 06:26:26.450,0.79706,0.79716,1.00,1.10
2014.10.16 06:26:26.753,0.79703,0.79714,1.00,1.00
2014.10.16 06:26:27.259,0.79701,0.79713,1.00,1.00
2014.10.16 06:26:27.360,0.79703,0.79713,1.00,1.00
2014.10.16 06:26:27.715,0.79703,0.7971,1.00,1.00
2014.10.16 06:26:27.766,0.797,0.7971,1.00,1.00
2014.10.16 06:26:28.019,0.79699,0.79706,1.00,1.00
2014.10.16 06:26:28.070,0.79697,0.79706,1.00,1.00
2014.10.16 06:26:28.172,0.79699,0.79709,1.00,1.00
2014.10.16 06:26:30.770,0.79698,0.79708,1.00,1.00
2014.10.16 06:26:31.124,0.79697,0.79706,1.50,1.00
2014.10.16 06:26:31.467,0.79697,0.79709,1.00,1.00
2014.10.16 06:26:31.975,0.79698,0.79709,1.00,1.00
2014.10.16 06:26:32.178,0.79701,0.79709,1.00,1.00
2014.10.16 06:26:32.280,0.79699,0.79709,1.00,1.00
2014.10.16 06:26:32.786,0.797,0.79712,1.00,1.50
2014.10.16 06:26:33.654,0.797,0.7971,1.00,1.00
2014.10.16 06:26:33.705,0.79698,0.7971,1.00,1.00
2014.10.16 06:26:33.908,0.797,0.7971,1.00,1.00
2014.10.16 06:26:35.560,0.79701,0.7971,1.00,1.00
2014.10.16 06:26:35.611,0.79702,0.79712,1.00,1.10
2014.10.16 06:26:35.713,0.79698,0.79712,1.00,1.10
2014.10.16 06:26:35.814,0.797,0.79712,1.00,1.10
2014.10.16 06:26:36.068,0.79698,0.79712,1.50,1.17
2014.10.16 06:26:36.574,0.79697,0.79712,2.25,1.01
2014.10.16 06:26:36.625,0.79697,0.79709,2.25,1.00
2014.10.16 06:26:36.726,0.79697,0.79712,2.25,1.01
2014.10.16 06:26:36.777,0.79699,0.79712,1.00,1.09
2014.10.16 06:26:36.979,0.79697,0.79713,2.25,2.21
2014.10.16 06:26:37.030,0.797,0.79713,1.00,1.46
2014.10.16 06:26:37.132,0.79698,0.7971,1.00,1.00
2014.10.16 06:26:37.385,0.79699,0.79713,1.00,1.46
2014.10.16 06:26:37.537,0.79703,0.79713,1.00,1.19
2014.10.16 06:26:37.638,0.797,0.79714,1.50,1.19
2014.10.16 06:26:37.942,0.79701,0.79715,1.00,1.95
2014.10.16 06:26:38.094,0.79704,0.79715,1.00,1.95
2014.10.16 06:26:38.297,0.797,0.79715,1.00,1.95
2014.10.16 06:26:38.399,0.79704,0.79715,1.00,2.02
2014.10.16 06:26:38.915,0.79703,0.79715,1.00,2.21
2014.10.16 06:26:42.529,0.79702,0.79715,1.00,2.02
2014.10.16 06:26:42.684,0.79698,0.79715,1.00,2.02
2014.10.16 06:26:44.616,0.79698,0.79715,1.00,1.95
2014.10.16 06:26:44.718,0.79698,0.79715,1.00,2.77
2014.10.16 06:26:45.225,0.79698,0.79715,1.00,2.70
2014.10.16 06:26:45.478,0.79698,0.79715,1.00,2.77
2014.10.16 06:26:45.782,0.79698,0.79715,1.00,1.10
2014.10.16 06:26:46.288,0.79699,0.79715,1.50,1.17
2014.10.16 06:26:48.298,0.79699,0.79715,1.50,1.00
2014.10.16 06:26:49.007,0.79699,0.79715,1.00,1.65
2014.10.16 06:26:49.514,0.79698,0.79715,1.25,2.02
2014.10.16 06:26:51.799,0.79698,0.79715,1.00,2.96
2014.10.16 06:26:52.393,0.79697,0.79714,1.10,1.20
2014.10.16 06:26:53.529,0.79697,0.79714,1.00,1.31
2014.10.16 06:26:54.036,0.79698,0.79714,1.00,1.32
2014.10.16 06:26:54.592,0.79697,0.79714,2.92,1.01
2014.10.16 06:26:55.509,0.79698,0.79715,1.00,2.96
2014.10.16 06:26:56.658,0.79699,0.79715,1.00,1.29
2014.10.16 06:26:57.315,0.79699,0.79715,1.12,1.57
2014.10.16 06:26:57.921,0.797,0.79715,1.00,1.50
2014.10.16 06:26:58.427,0.79699,0.79715,1.12,1.50
2014.10.16 06:26:59.034,0.79699,0.79715,1.12,1.57
2014.10.16 06:26:59.539,0.79699,0.79715,1.87,1.95
2014.10.16 06:27:00.095,0.79699,0.79714,1.12,1.00
2014.10.16 06:27:00.601,0.797,0.79714,1.00,1.00
2014.10.16 06:27:01.124,0.797,0.79713,1.00,1.00
2014.10.16 06:27:01.638,0.79699,0.79713,2.55,1.00
2014.10.16 06:27:01.943,0.79695,0.79708,1.00,1.00
2014.10.16 06:27:02.246,0.79699,0.79709,1.00,1.00
2014.10.16 06:27:02.348,0.79699,0.79712,1.00,1.00
2014.10.16 06:27:02.793,0.79699,0.79714,1.00,1.00
2014.10.16 06:27:04.344,0.79703,0.79714,1.00,1.00
2014.10.16 06:27:07.875,0.79704,0.79714,1.00,1.50
2014.10.16 06:27:09.343,0.79702,0.79714,1.00,1.00
2014.10.16 06:27:09.445,0.79704,0.79714,1.50,1.00
2014.10.16 06:27:09.749,0.79706,0.79714,1.00,1.00
2014.10.16 06:27:10.002,0.79706,0.79716,1.00,1.00
2014.10.16 06:27:10.154,0.79704,0.79714,1.00,1.00
2014.10.16 06:27:10.462,0.79708,0.79713,1.00,1.00
2014.10.16 06:27:10.844,0.79708,0.79715,1.00,1.00
2014.10.16 06:27:11.838,0.79708,0.79717,1.00,1.57
2014.10.16 06:27:12.501,0.79709,0.79717,1.00,1.57
2014.10.16 06:27:12.907,0.79706,0.79717,1.00,1.00
2014.10.16 06:27:13.109,0.79708,0.79719,1.00,1.07
2014.10.16 06:27:13.464,0.79711,0.79719,1.00,1.00
2014.10.16 06:27:13.566,0.79707,0.79719,1.00,1.50
2014.10.16 06:27:13.617,0.7971,0.79719,1.00,1.50
2014.10.16 06:27:13.820,0.79706,0.79719,2.25,1.50
2014.10.16 06:27:13.871,0.79708,0.79719,1.00,1.57
2014.10.16 06:27:14.471,0.79709,0.79719,1.00,1.00
2014.10.16 06:27:16.429,0.79709,0.7972,1.00,1.50
2014.10.16 06:27:16.887,0.79711,0.7972,1.00,1.50
2014.10.16 06:27:17.255,0.79711,0.79722,1.00,1.00
2014.10.16 06:27:18.428,0.79713,0.79722,1.00,1.00
2014.10.16 06:27:18.479,0.79713,0.79724,1.00,1.57
2014.10.16 06:27:18.834,0.79715,0.79724,1.00,1.00
2014.10.16 06:27:19.138,0.79715,0.79727,1.37,1.00
2014.10.16 06:27:19.189,0.79717,0.7973,1.00,1.50
2014.10.16 06:27:19.290,0.79719,0.7973,1.00,1.00
2014.10.16 06:27:19.492,0.79716,0.7973,1.50,1.50
2014.10.16 06:27:19.543,0.79718,0.7973,1.00,1.50
2014.10.16 06:27:19.645,0.79716,0.7973,1.00,1.50
2014.10.16 06:27:19.747,0.79718,0.7973,1.00,1.00
2014.10.16 06:27:20.000,0.79714,0.79727,1.00,1.10
2014.10.16 06:27:20.607,0.79713,0.79728,1.19,1.10
2014.10.16 06:27:20.708,0.79717,0.7973,1.00,1.15
2014.10.16 06:27:20.810,0.79717,0.7973,1.00,1.00
2014.10.16 06:27:21.555,0.79717,0.79731,1.00,1.95
2014.10.16 06:27:21.657,0.79717,0.79731,1.00,2.77
2014.10.16 06:27:21.707,0.79712,0.79728,1.69,1.07
2014.10.16 06:27:22.214,0.79712,0.79728,1.69,1.00
2014.10.16 06:27:22.770,0.79712,0.79728,1.69,1.00
2014.10.16 06:27:22.973,0.79714,0.79728,1.00,1.00
2014.10.16 06:27:23.074,0.79712,0.79728,3.19,1.00
2014.10.16 06:27:23.582,0.79713,0.79727,1.00,1.00
2014.10.16 06:27:24.090,0.79711,0.79726,1.87,1.10
2014.10.16 06:27:24.343,0.79713,0.79726,1.00,1.00
2014.10.16 06:27:24.798,0.79711,0.79726,2.25,1.00
2014.10.16 06:27:25.456,0.79711,0.79726,2.25,1.37
2014.10.16 06:27:26.725,0.79711,0.79724,1.50,1.00
2014.10.16 06:27:27.243,0.7971,0.79723,1.00,1.00
2014.10.16 06:27:28.282,0.7971,0.79722,1.00,1.00
2014.10.16 06:27:31.368,0.79709,0.79722,1.00,1.00
2014.10.16 06:27:32.077,0.7971,0.79722,1.00,1.50
2014.10.16 06:27:32.482,0.79712,0.79722,1.00,1.00
2014.10.16 06:27:32.583,0.79712,0.79724,1.00,1.76
2014.10.16 06:27:33.090,0.79715,0.79725,1.00,1.00
2014.10.16 06:27:33.496,0.79716,0.79727,1.00,1.00
2014.10.16 06:27:33.597,0.79716,0.79724,1.00,1.00
2014.10.16 06:27:33.854,0.79716,0.79727,1.50,1.00
2014.10.16 06:27:40.274,0.79718,0.79727,1.00,1.00
2014.10.16 06:27:40.427,0.79718,0.7973,1.50,1.00
2014.10.16 06:27:40.528,0.7972,0.79731,1.00,1.00
2014.10.16 06:27:41.035,0.79719,0.79732,1.50,1.00
2014.10.16 06:27:41.579,0.7972,0.79732,1.00,1.00
2014.10.16 06:27:45.182,0.79719,0.79732,1.00,1.50
2014.10.16 06:27:45.688,0.7972,0.79732,1.50,1.50
2014.10.16 06:28:00.324,0.79719,0.79732,1.00,1.00
2014.10.16 06:28:01.141,0.7972,0.79732,1.00,1.00
2014.10.16 06:28:01.649,0.79719,0.79732,1.50,1.00
2014.10.16 06:28:02.106,0.79721,0.79732,1.00,1.00
2014.10.16 06:28:02.409,0.79723,0.79733,1.00,1.00
2014.10.16 06:28:02.763,0.79724,0.79735,1.00,1.50
2014.10.16 06:28:02.865,0.79722,0.79731,1.00,1.00
2014.10.16 06:28:02.967,0.79718,0.7973,1.00,1.50
2014.10.16 06:28:03.247,0.79721,0.7973,1.00,1.50
2014.10.16 06:28:03.399,0.79718,0.7973,1.00,1.50
2014.10.16 06:28:03.907,0.79719,0.7973,1.00,1.50
2014.10.16 06:28:04.008,0.79719,0.79728,1.00,1.00
2014.10.16 06:28:04.556,0.79718,0.79728,1.00,1.00
2014.10.16 06:28:08.883,0.79719,0.79728,1.00,1.00
2014.10.16 06:28:09.137,0.79717,0.79728,1.10,1.00
2014.10.16 06:28:09.643,0.79718,0.79728,1.00,1.00
2014.10.16 06:28:09.896,0.79718,0.7973,1.00,1.00
2014.10.16 06:28:10.226,0.79717,0.79727,1.00,1.00
2014.10.16 06:28:10.327,0.79717,0.79729,1.00,1.00
2014.10.16 06:28:10.429,0.79719,0.7973,1.00,1.00
2014.10.16 06:28:10.741,0.79717,0.79727,1.00,1.00
2014.10.16 06:28:11.299,0.79718,0.79727,1.00,1.00
2014.10.16 06:28:11.607,0.7972,0.79729,1.00,1.50
2014.10.16 06:28:11.658,0.79717,0.79729,1.00,1.00
2014.10.16 06:28:11.759,0.7972,0.79728,1.00,1.00
2014.10.16 06:28:11.861,0.79717,0.79728,1.00,1.00
2014.10.16 06:28:11.962,0.7972,0.79727,1.00,1.00
2014.10.16 06:28:12.266,0.79719,0.79729,1.00,1.00
2014.10.16 06:28:12.317,0.79719,0.79727,1.00,1.00
2014.10.16 06:28:13.004,0.79718,0.79729,1.00,1.00
2014.10.16 06:28:13.055,0.79718,0.79727,1.00,1.00
2014.10.16 06:28:14.843,0.79718,0.79729,1.00,1.00
2014.10.16 06:28:16.065,0.79718,0.79728,1.00,1.00
2014.10.16 06:28:16.116,0.79713,0.7972,1.34,1.50
2014.10.16 06:28:16.166,0.79715,0.7972,1.00,1.50
2014.10.16 06:28:16.268,0.79709,0.7972,1.31,1.50
2014.10.16 06:28:16.471,0.79712,0.7972,1.00,1.00
2014.10.16 06:28:16.573,0.79712,0.79722,1.00,1.50
2014.10.16 06:28:16.674,0.79712,0.79719,1.00,1.00
2014.10.16 06:28:16.978,0.79707,0.79714,1.00,1.50
2014.10.16 06:28:17.281,0.79701,0.79711,1.12,1.50
2014.10.16 06:28:17.433,0.79701,0.79709,1.00,1.00
2014.10.16 06:28:17.484,0.79699,0.79709,2.06,1.00
2014.10.16 06:28:27.049,0.79699,0.7971,1.12,1.50
2014.10.16 06:28:28.134,0.79701,0.7971,1.00,1.00
2014.10.16 06:28:28.286,0.79701,0.79712,1.00,1.00
2014.10.16 06:28:28.591,0.79698,0.79703,1.00,1.00
2014.10.16 06:28:28.693,0.79696,0.79703,1.00,1.00
2014.10.16 06:28:28.794,0.79693,0.79703,1.00,1.00
2014.10.16 06:28:28.896,0.79696,0.79703,1.00,1.50
2014.10.16 06:28:28.997,0.79696,0.79706,1.00,1.00
2014.10.16 06:28:29.099,0.79696,0.79703,1.00,1.00
2014.10.16 06:28:29.251,0.79691,0.79703,1.19,1.00
2014.10.16 06:28:29.352,0.79691,0.79705,1.50,2.25
2014.10.16 06:28:29.453,0.79696,0.79705,1.00,1.50
2014.10.16 06:28:29.757,0.79696,0.79701,1.00,1.00
2014.10.16 06:28:29.808,0.79693,0.79701,1.00,1.00
2014.10.16 06:28:29.859,0.79693,0.79704,1.00,1.00
2014.10.16 06:28:29.909,0.79696,0.79704,1.00,1.00
2014.10.16 06:28:30.011,0.79694,0.79705,1.10,1.00
2014.10.16 06:28:30.112,0.79692,0.79705,1.12,1.50
2014.10.16 06:28:30.366,0.7969,0.79704,1.31,1.00
2014.10.16 06:28:30.467,0.79692,0.79706,1.00,1.10
2014.10.16 06:28:30.771,0.79692,0.797,1.00,1.00
2014.10.16 06:28:30.872,0.79692,0.79703,1.00,1.00
2014.10.16 06:28:30.923,0.79694,0.79703,1.00,1.00
2014.10.16 06:28:30.974,0.79694,0.79705,1.00,1.50
2014.10.16 06:28:31.076,0.79694,0.79703,1.00,1.00
2014.10.16 06:28:31.126,0.79691,0.79703,1.12,1.00
2014.10.16 06:28:31.380,0.7969,0.79701,1.25,1.00
2014.10.16 06:28:31.908,0.7969,0.79699,1.00,1.00
2014.10.16 06:28:32.009,0.79687,0.79697,1.00,1.00
2014.10.16 06:28:32.111,0.79683,0.79695,1.10,1.00
2014.10.16 06:28:32.415,0.79681,0.79693,1.29,1.00
2014.10.16 06:28:33.412,0.79679,0.79693,2.40,1.00
2014.10.16 06:28:36.991,0.79679,0.79693,2.40,1.00
2014.10.16 06:28:37.499,0.79679,0.79693,1.69,1.00
2014.10.16 06:28:39.690,0.79679,0.79692,1.00,1.00
2014.10.16 06:28:40.198,0.79679,0.79691,1.12,1.00
2014.10.16 06:28:40.401,0.79677,0.7969,1.25,1.00
2014.10.16 06:28:40.452,0.79677,0.79688,1.25,1.00
2014.10.16 06:28:40.825,0.79677,0.79686,1.00,1.00
2014.10.16 06:28:41.167,0.79675,0.79682,1.00,1.00
2014.10.16 06:28:41.218,0.79671,0.79682,1.00,1.00
2014.10.16 06:28:41.623,0.7967,0.79679,1.00,1.00
2014.10.16 06:28:41.775,0.79668,0.79679,1.00,1.00
2014.10.16 06:28:41.876,0.79666,0.79679,1.00,1.00
2014.10.16 06:28:42.029,0.79664,0.79672,1.07,1.00
2014.10.16 06:28:42.080,0.79663,0.7967,1.10,1.00
2014.10.16 06:28:42.131,0.79659,0.79671,2.32,1.00
2014.10.16 06:28:42.182,0.79659,0.79671,1.00,1.00
2014.10.16 06:28:42.721,0.79655,0.79671,1.76,1.00
2014.10.16 06:28:42.924,0.79655,0.7967,1.00,1.00
2014.10.16 06:28:43.177,0.79653,0.79667,1.29,1.00
2014.10.16 06:28:43.431,0.7965,0.79667,2.14,1.10
2014.10.16 06:28:43.532,0.7965,0.79667,1.12,1.10
2014.10.16 06:28:43.684,0.7965,0.79663,1.00,1.00
2014.10.16 06:28:44.191,0.79649,0.79663,1.95,1.00
2014.10.16 06:28:44.843,0.79649,0.79663,2.14,1.00
2014.10.16 06:28:45.957,0.79649,0.79661,2.06,1.00
2014.10.16 06:28:46.465,0.79649,0.79661,1.00,1.00
2014.10.16 06:28:46.769,0.79649,0.79658,1.00,1.57
2014.10.16 06:28:48.158,0.79649,0.79658,1.00,1.17
2014.10.16 06:28:48.462,0.79649,0.79654,1.00,1.00
2014.10.16 06:28:50.199,0.79641,0.79651,1.12,1.00
2014.10.16 06:28:50.250,0.79643,0.79651,1.00,1.00
2014.10.16 06:28:50.604,0.79641,0.79648,1.00,1.00
2014.10.16 06:28:50.908,0.79639,0.79647,1.00,1.00
2014.10.16 06:28:55.427,0.79639,0.79644,1.00,1.00
2014.10.16 06:28:55.832,0.79631,0.79642,1.00,1.00
2014.10.16 06:28:55.985,0.79631,0.79639,1.00,1.00
2014.10.16 06:28:56.086,0.79631,0.79643,1.00,1.00
2014.10.16 06:28:56.490,0.79628,0.79643,1.00,1.50
2014.10.16 06:28:56.642,0.79628,0.79639,1.00,1.50
2014.10.16 06:28:59.576,0.79629,0.79639,1.00,1.50
2014.10.16 06:29:00.227,0.79629,0.7964,1.00,1.00
2014.10.16 06:29:00.328,0.79627,0.7964,1.20,1.00
2014.10.16 06:29:00.379,0.79627,0.7964,1.55,1.00
2014.10.16 06:29:02.307,0.79629,0.7964,2.02,1.00
2014.10.16 06:29:02.459,0.79633,0.79646,1.00,1.19
2014.10.16 06:29:02.662,0.79636,0.79645,1.00,1.25
2014.10.16 06:29:04.789,0.79636,0.79647,1.00,1.50
2014.10.16 06:29:04.992,0.79636,0.79651,1.00,1.25
2014.10.16 06:29:05.398,0.79638,0.79651,1.00,1.25
2014.10.16 06:29:07.805,0.79644,0.79651,1.87,1.00
2014.10.16 06:29:07.906,0.79646,0.79655,1.12,1.00
2014.10.16 06:29:08.159,0.79644,0.79656,1.20,1.00
2014.10.16 06:29:08.665,0.79643,0.79656,1.50,1.00
2014.10.16 06:29:08.918,0.79639,0.79653,1.37,1.00
2014.10.16 06:29:08.969,0.79639,0.79653,1.00,1.00
2014.10.16 06:29:10.562,0.79639,0.79653,1.00,1.07
2014.10.16 06:29:10.613,0.79639,0.7965,1.00,1.00
2014.10.16 06:29:11.131,0.7964,0.7965,1.00,1.00
2014.10.16 06:29:12.323,0.79638,0.7965,1.00,1.00
2014.10.16 06:29:16.608,0.79639,0.7965,1.00,1.00
2014.10.16 06:29:17.604,0.79644,0.7965,1.00,1.00
2014.10.16 06:29:17.705,0.79644,0.79653,1.00,1.00
2014.10.16 06:29:17.807,0.79646,0.79653,1.00,1.00
2014.10.16 06:29:19.354,0.79645,0.79653,1.00,1.00
2014.10.16 06:29:19.485,0.79645,0.79657,1.00,1.00
2014.10.16 06:29:19.587,0.79649,0.79659,1.00,1.07
2014.10.16 06:29:19.689,0.79649,0.79662,1.00,1.00
2014.10.16 06:29:19.741,0.79649,0.79662,1.95,1.00
2014.10.16 06:29:20.046,0.79656,0.79666,1.00,1.00
2014.10.16 06:29:22.329,0.79655,0.79666,1.00,1.00
2014.10.16 06:29:24.291,0.79651,0.79666,2.96,1.00
2014.10.16 06:29:24.443,0.79652,0.79666,1.55,1.00
2014.10.16 06:29:24.494,0.79652,0.79669,1.55,1.00
2014.10.16 06:29:25.006,0.79652,0.79669,2.02,1.00
2014.10.16 06:29:27.141,0.79655,0.79669,1.00,1.00
2014.10.16 06:29:28.238,0.79655,0.79671,1.12,1.00
2014.10.16 06:29:28.751,0.79655,0.79671,1.27,1.00
2014.10.16 06:29:29.259,0.79656,0.79672,1.39,1.00
2014.10.16 06:29:29.483,0.79656,0.7967,1.39,1.00
2014.10.16 06:29:30.018,0.79656,0.79672,1.39,1.00
2014.10.16 06:29:30.523,0.79656,0.79671,1.20,1.50
2014.10.16 06:29:36.662,0.79656,0.79671,1.46,1.00
2014.10.16 06:29:37.535,0.79656,0.79671,2.21,1.00
2014.10.16 06:29:38.000,0.79656,0.79674,2.21,1.50
2014.10.16 06:29:38.502,0.79656,0.79674,1.77,1.12
2014.10.16 06:29:38.603,0.79656,0.79674,1.77,1.12
2014.10.16 06:29:39.423,0.79656,0.79674,1.74,1.12
2014.10.16 06:29:39.928,0.79656,0.79674,1.71,1.12
2014.10.16 06:29:40.749,0.79656,0.79674,1.74,1.12
2014.10.16 06:29:41.282,0.79656,0.79674,1.74,1.12
2014.10.16 06:29:41.586,0.79659,0.79674,1.00,1.12
2014.10.16 06:29:42.092,0.79658,0.79674,1.95,1.00
2014.10.16 06:29:43.220,0.79659,0.79674,1.00,1.00
2014.10.16 06:29:43.921,0.79659,0.79674,1.26,1.00
2014.10.16 06:29:44.631,0.79659,0.79674,1.00,1.00
2014.10.16 06:29:45.190,0.79656,0.79673,2.96,1.00
2014.10.16 06:29:45.953,0.79656,0.79673,2.77,1.00
2014.10.16 06:29:49.690,0.79656,0.79674,2.77,1.50
2014.10.16 06:29:52.155,0.79656,0.79674,2.96,1.00
2014.10.16 06:29:52.358,0.79656,0.79674,2.96,1.00
2014.10.16 06:29:52.866,0.79656,0.79674,2.96,1.00
2014.10.16 06:29:53.449,0.79659,0.79674,1.07,1.00
2014.10.16 06:29:53.870,0.79659,0.79677,1.65,1.95
2014.10.16 06:29:54.072,0.79659,0.79677,1.65,1.95
2014.10.16 06:29:54.324,0.79661,0.79677,1.00,1.57
2014.10.16 06:29:54.630,0.79661,0.79675,1.00,1.00
2014.10.16 06:29:58.625,0.79662,0.79675,1.00,1.00
2014.10.16 06:29:59.140,0.79663,0.79675,1.00,1.00
2014.10.16 06:29:59.191,0.79663,0.79678,1.00,2.25
2014.10.16 06:29:59.344,0.79663,0.79678,1.47,1.50
2014.10.16 06:29:59.445,0.79662,0.79678,2.32,1.50
2014.10.16 06:30:00.821,0.79664,0.79677,1.00,1.00
2014.10.16 06:30:00.923,0.79662,0.79678,1.65,1.00
2014.10.16 06:30:00.974,0.79662,0.79678,2.02,1.00
2014.10.16 06:30:01.177,0.79663,0.7968,1.70,1.57
2014.10.16 06:30:01.278,0.79666,0.7968,1.65,1.50
2014.10.16 06:30:01.582,0.7967,0.79684,1.00,1.00
2014.10.16 06:30:02.090,0.79671,0.79684,1.87,1.00
2014.10.16 06:30:02.483,0.79675,0.79689,1.00,1.09
2014.10.16 06:30:02.686,0.79679,0.7969,1.00,1.00
2014.10.16 06:30:02.940,0.79679,0.79692,1.00,1.00
2014.10.16 06:30:03.092,0.79682,0.79699,1.50,1.46
2014.10.16 06:30:03.194,0.79682,0.79699,1.50,2.21
2014.10.16 06:30:03.701,0.79682,0.79699,1.50,1.20
2014.10.16 06:30:05.566,0.79684,0.79699,1.00,1.00
2014.10.16 06:30:05.718,0.79684,0.79701,1.00,1.01
2014.10.16 06:30:06.225,0.79685,0.79701,1.00,1.01
2014.10.16 06:30:06.736,0.79687,0.79701,1.00,1.10
2014.10.16 06:30:08.665,0.79687,0.79701,1.00,1.17
2014.10.16 06:30:09.178,0.79687,0.79701,1.00,1.15
2014.10.16 06:30:10.717,0.79687,0.79701,1.00,1.00
2014.10.16 06:30:12.166,0.79687,0.79702,1.00,1.10
2014.10.16 06:30:12.267,0.79687,0.79702,1.00,1.17
2014.10.16 06:30:12.810,0.79687,0.79702,1.00,1.15
2014.10.16 06:30:14.316,0.79687,0.79704,1.00,1.46
2014.10.16 06:30:14.846,0.79687,0.79704,1.00,1.39
2014.10.16 06:30:16.565,0.79688,0.79706,1.00,1.71
2014.10.16 06:30:16.667,0.79691,0.79706,1.00,1.26
2014.10.16 06:30:16.718,0.79691,0.79708,1.00,2.59
2014.10.16 06:30:16.921,0.79692,0.79708,1.00,1.01
2014.10.16 06:30:17.175,0.79696,0.79708,1.00,1.10
2014.10.16 06:30:17.226,0.79696,0.79714,1.00,2.21
2014.10.16 06:30:17.631,0.79697,0.79717,1.47,2.21
2014.10.16 06:30:17.936,0.79699,0.79719,1.37,2.29
2014.10.16 06:30:18.240,0.79702,0.79719,1.00,1.81
2014.10.16 06:30:20.611,0.79702,0.79718,1.00,1.71
2014.10.16 06:30:20.813,0.79697,0.79714,1.00,1.27
2014.10.16 06:30:20.864,0.79697,0.79714,1.00,1.27
2014.10.16 06:30:21.167,0.79697,0.79711,1.00,4.87
2014.10.16 06:30:21.421,0.79692,0.79711,2.44,4.87
2014.10.16 06:30:21.922,0.79692,0.7971,1.00,5.81
2014.10.16 06:30:22.816,0.79692,0.79707,1.00,1.27
2014.10.16 06:30:28.576,0.79692,0.79708,1.00,1.77
2014.10.16 06:30:29.488,0.79692,0.79708,1.07,1.10
2014.10.16 06:30:29.792,0.79693,0.79708,1.15,1.00
2014.10.16 06:30:29.944,0.79694,0.79715,2.02,1.66
2014.10.16 06:30:30.400,0.79698,0.79716,1.07,2.14
2014.10.16 06:30:30.940,0.79698,0.79716,1.17,1.56
2014.10.16 06:30:31.476,0.79698,0.79716,1.10,1.64
2014.10.16 06:30:31.989,0.79698,0.79717,1.00,1.71
2014.10.16 06:30:32.709,0.79698,0.79717,1.07,1.74
2014.10.16 06:30:33.217,0.79698,0.79718,1.15,2.21
2014.10.16 06:30:34.344,0.79698,0.79718,1.84,1.84
2014.10.16 06:30:37.126,0.79699,0.79719,1.32,1.84
2014.10.16 06:30:37.639,0.79698,0.79717,1.17,1.66
2014.10.16 06:30:38.353,0.797,0.79717,1.50,1.64
2014.10.16 06:30:38.677,0.797,0.79715,1.50,1.66
2014.10.16 06:30:40.381,0.797,0.79717,1.50,1.71
2014.10.16 06:30:41.608,0.797,0.79717,3.75,1.56
2014.10.16 06:30:42.773,0.79701,0.79717,1.15,1.31
2014.10.16 06:30:44.095,0.79703,0.79718,1.17,1.56
2014.10.16 06:30:44.507,0.79703,0.79715,1.00,1.62
2014.10.16 06:30:44.609,0.79698,0.79713,1.57,1.00
2014.10.16 06:30:44.710,0.79698,0.79713,1.50,1.62
2014.10.16 06:30:45.074,0.79698,0.79712,1.50,1.37
2014.10.16 06:30:45.573,0.79698,0.79712,1.50,1.37
2014.10.16 06:30:46.096,0.79698,0.79712,1.50,1.56
2014.10.16 06:30:46.803,0.79698,0.79711,1.50,1.31
2014.10.16 06:30:48.022,0.79698,0.79709,1.57,1.31
2014.10.16 06:30:49.019,0.79698,0.79709,1.50,1.31
2014.10.16 06:30:49.552,0.79698,0.7971,1.57,1.19
2014.10.16 06:30:50.060,0.79699,0.79712,1.15,1.19
2014.10.16 06:30:50.566,0.79699,0.79712,1.15,1.19
2014.10.16 06:30:50.617,0.79699,0.79716,1.15,1.56
2014.10.16 06:30:51.182,0.79699,0.79716,1.15,1.56
2014.10.16 06:30:51.620,0.79699,0.79716,1.15,1.56
2014.10.16 06:30:52.126,0.79699,0.79717,1.15,2.06
2014.10.16 06:30:52.632,0.79698,0.79717,1.15,2.06
2014.10.16 06:30:53.735,0.79698,0.79716,1.15,1.31
2014.10.16 06:30:54.251,0.79698,0.79716,1.15,1.56
2014.10.16 06:30:54.353,0.79699,0.79716,2.70,1.19
2014.10.16 06:30:54.872,0.79701,0.79716,1.15,1.19
2014.10.16 06:30:55.384,0.79701,0.79716,1.15,1.19
2014.10.16 06:30:56.118,0.79701,0.79716,1.15,1.00
2014.10.16 06:30:56.624,0.797,0.79719,1.15,2.06
2014.10.16 06:30:57.547,0.797,0.79719,3.07,2.06
2014.10.16 06:30:57.750,0.797,0.79719,1.15,2.06
2014.10.16 06:30:57.851,0.797,0.79719,3.07,2.81
2014.10.16 06:30:58.373,0.797,0.79719,1.15,2.81
2014.10.16 06:30:58.880,0.797,0.79719,1.15,2.81
2014.10.16 06:30:59.961,0.797,0.79718,1.15,1.56
2014.10.16 06:31:03.507,0.79701,0.79718,1.10,1.66
2014.10.16 06:31:03.659,0.79701,0.79713,1.10,1.00
2014.10.16 06:31:03.761,0.79696,0.79712,1.50,1.47
2014.10.16 06:31:04.075,0.79696,0.79709,1.00,1.00
2014.10.16 06:31:04.599,0.79696,0.79709,1.00,1.37
2014.10.16 06:31:05.169,0.79696,0.79707,1.00,1.00
2014.10.16 06:31:05.878,0.79694,0.79707,1.00,1.12
2014.10.16 06:31:06.031,0.79693,0.79707,1.00,1.37
2014.10.16 06:31:06.336,0.79691,0.79703,1.00,1.12
2014.10.16 06:31:06.489,0.79687,0.79702,1.50,1.20
2014.10.16 06:31:06.591,0.79687,0.79701,1.00,1.70
2014.10.16 06:31:06.895,0.79681,0.79692,1.00,1.00
2014.10.16 06:31:07.250,0.79684,0.79692,1.00,1.00
2014.10.16 06:31:08.464,0.79681,0.79692,1.00,1.00
2014.10.16 06:31:09.747,0.79681,0.79695,1.00,1.31
2014.10.16 06:31:11.612,0.79681,0.79695,1.00,1.31
2014.10.16 06:31:17.983,0.79681,0.79694,1.00,1.00
2014.10.16 06:31:19.838,0.79681,0.79692,1.00,1.00
2014.10.16 06:31:19.889,0.79678,0.79692,1.17,1.00
2014.10.16 06:31:20.396,0.79678,0.79692,1.00,1.00
2014.10.16 06:31:20.809,0.79678,0.79695,1.00,1.39
2014.10.16 06:31:21.355,0.79678,0.79695,1.00,1.66
2014.10.16 06:31:28.257,0.79678,0.79695,1.17,1.62
2014.10.16 06:31:28.864,0.79678,0.79695,1.17,1.25
2014.10.16 06:31:29.314,0.79681,0.79696,1.00,1.31
2014.10.16 06:31:35.357,0.79681,0.79696,1.17,1.50
2014.10.16 06:31:35.864,0.79681,0.79696,1.17,1.87
2014.10.16 06:31:36.960,0.79681,0.79696,1.10,1.87
2014.10.16 06:31:37.474,0.79681,0.79696,1.17,1.87
2014.10.16 06:31:37.862,0.79681,0.79696,1.15,1.12
2014.10.16 06:31:39.362,0.79683,0.79697,1.17,1.25
2014.10.16 06:31:40.884,0.79683,0.79697,1.00,1.00
2014.10.16 06:31:41.188,0.79686,0.797,1.15,1.69
2014.10.16 06:31:41.495,0.79688,0.797,1.17,1.00
2014.10.16 06:31:41.647,0.79691,0.79703,1.00,1.25
2014.10.16 06:31:41.850,0.79694,0.79705,1.00,1.00
2014.10.16 06:31:42.155,0.79697,0.79709,1.00,1.19
2014.10.16 06:31:42.462,0.79697,0.79709,1.00,1.00
2014.10.16 06:31:43.038,0.79697,0.7971,1.00,1.00
2014.10.16 06:31:43.544,0.79697,0.79711,1.00,1.25
2014.10.16 06:31:45.938,0.79697,0.79711,1.00,1.87
2014.10.16 06:31:46.040,0.79695,0.79707,1.00,1.00
2014.10.16 06:32:05.277,0.79697,0.79707,1.00,1.00
2014.10.16 06:32:05.732,0.79699,0.79711,1.00,1.69
2014.10.16 06:32:06.238,0.79699,0.79711,1.00,1.00
2014.10.16 06:32:13.022,0.79701,0.79713,1.00,1.00
2014.10.16 06:32:19.832,0.79702,0.79714,1.00,1.57
2014.10.16 06:32:20.135,0.79704,0.79714,1.00,1.00
2014.10.16 06:32:20.490,0.79704,0.79716,1.00,1.25
2014.10.16 06:32:22.902,0.79704,0.79716,1.37,1.00
2014.10.16 06:32:23.104,0.79708,0.79718,1.00,1.00
2014.10.16 06:32:23.427,0.7971,0.7972,1.00,1.00
2014.10.16 06:32:23.783,0.7971,0.79722,1.10,1.25
2014.10.16 06:32:23.986,0.79712,0.79724,1.00,1.00
2014.10.16 06:32:25.103,0.79712,0.79723,1.00,1.00
2014.10.16 06:32:25.407,0.79714,0.79723,1.00,1.00
2014.10.16 06:32:25.458,0.79714,0.79726,1.00,1.25
2014.10.16 06:32:25.763,0.79711,0.79726,1.00,1.69
2014.10.16 06:32:25.864,0.79713,0.79726,1.00,1.00
2014.10.16 06:32:26.522,0.79711,0.79728,1.95,1.00
2014.10.16 06:32:27.028,0.79713,0.79728,1.25,1.00
2014.10.16 06:32:27.534,0.79713,0.79729,1.69,1.00
2014.10.16 06:32:28.748,0.79714,0.7973,1.00,1.01
2014.10.16 06:32:29.706,0.79714,0.7973,1.00,1.32
2014.10.16 06:32:30.908,0.79713,0.7973,1.00,1.17
2014.10.16 06:32:31.692,0.79715,0.7973,1.12,1.17
2014.10.16 06:32:31.945,0.79715,0.79733,1.87,1.26
2014.10.16 06:32:32.453,0.79715,0.79733,1.47,1.29
2014.10.16 06:32:32.959,0.79715,0.79733,1.10,1.39
2014.10.16 06:32:33.465,0.79715,0.79731,1.10,1.00
2014.10.16 06:32:34.905,0.79715,0.79734,1.95,1.36
2014.10.16 06:32:35.412,0.79718,0.79734,1.00,1.19
2014.10.16 06:32:36.033,0.79718,0.79734,1.00,1.00
2014.10.16 06:32:36.590,0.79718,0.79736,1.50,1.36
2014.10.16 06:32:37.195,0.79718,0.79736,1.50,1.10
2014.10.16 06:32:37.753,0.79718,0.79736,1.57,1.00
2014.10.16 06:32:38.057,0.7972,0.79737,1.20,1.00
2014.10.16 06:32:38.567,0.7972,0.79737,1.80,1.00
2014.10.16 06:32:39.088,0.79721,0.79737,1.05,1.00
2014.10.16 06:32:39.411,0.79722,0.79735,1.00,1.00
2014.10.16 06:32:42.017,0.79721,0.79737,1.20,1.00
2014.10.16 06:32:42.523,0.79721,0.79737,2.02,1.00
2014.10.16 06:32:43.043,0.79723,0.79737,1.00,1.00
2014.10.16 06:32:45.809,0.79723,0.79737,1.37,1.00
2014.10.16 06:32:45.911,0.79726,0.79741,1.37,1.00
2014.10.16 06:32:46.113,0.79728,0.79742,1.47,1.00
2014.10.16 06:32:46.316,0.79731,0.79747,1.10,1.00
2014.10.16 06:32:46.823,0.79731,0.79747,1.47,1.00
2014.10.16 06:32:47.328,0.79733,0.79748,1.00,1.10
2014.10.16 06:32:48.848,0.79731,0.79747,3.49,1.00
2014.10.16 06:32:49.720,0.79731,0.79747,1.99,1.00
2014.10.16 06:32:50.226,0.79731,0.79747,1.47,1.00
2014.10.16 06:32:51.399,0.79732,0.79748,1.12,1.00
2014.10.16 06:32:52.237,0.79732,0.79748,1.10,1.95
2014.10.16 06:32:52.490,0.79729,0.79745,1.00,1.00
2014.10.16 06:32:52.996,0.79728,0.79745,1.01,1.00
2014.10.16 06:32:53.319,0.79728,0.79745,1.17,1.00
2014.10.16 06:32:53.876,0.79728,0.79745,1.55,1.00
2014.10.16 06:32:54.230,0.79729,0.79747,1.27,1.25
2014.10.16 06:32:54.739,0.79729,0.79747,1.27,1.19
2014.10.16 06:32:55.499,0.79729,0.79747,1.27,1.29
2014.10.16 06:32:56.005,0.79729,0.79747,1.20,1.10
2014.10.16 06:32:56.880,0.79729,0.79747,1.20,1.00
2014.10.16 06:32:57.299,0.7973,0.79746,1.20,1.00
2014.10.16 06:32:58.275,0.7973,0.79746,1.17,1.00
2014.10.16 06:32:59.609,0.7973,0.79746,1.20,1.00
2014.10.16 06:32:59.710,0.79727,0.79747,4.39,1.00
2014.10.16 06:33:00.014,0.7973,0.79747,1.45,1.25
2014.10.16 06:33:00.632,0.7973,0.79741,1.55,1.00
2014.10.16 06:33:00.734,0.79727,0.79741,1.62,1.00
2014.10.16 06:33:01.179,0.79724,0.7974,1.37,1.10
2014.10.16 06:33:01.723,0.79724,0.7974,1.57,1.00
2014.10.16 06:33:02.958,0.79724,0.79742,1.57,1.46
2014.10.16 06:33:03.482,0.79724,0.79742,1.52,1.19
2014.10.16 06:33:04.136,0.79724,0.79742,1.52,1.25
2014.10.16 06:33:06.161,0.79726,0.79743,1.82,1.29
2014.10.16 06:33:06.364,0.79728,0.79745,1.65,1.25
2014.10.16 06:33:06.870,0.79731,0.7975,1.15,1.56
2014.10.16 06:33:07.275,0.79731,0.7975,1.65,1.19
2014.10.16 06:33:07.781,0.79734,0.79752,1.55,3.49
2014.10.16 06:33:08.060,0.79734,0.79752,1.55,3.49
2014.10.16 06:33:09.167,0.79734,0.79752,1.55,3.11
2014.10.16 06:33:09.675,0.79735,0.7975,1.45,1.00
2014.10.16 06:33:14.358,0.79733,0.79751,1.72,1.31
2014.10.16 06:33:16.050,0.79732,0.79749,1.90,1.00
2014.10.16 06:33:16.152,0.79732,0.79751,1.90,1.31
2014.10.16 06:33:16.254,0.79732,0.79751,1.82,1.46
2014.10.16 06:33:19.210,0.79733,0.79749,1.57,1.69
2014.10.16 06:33:21.229,0.79733,0.79749,2.32,1.19
2014.10.16 06:33:22.225,0.79733,0.79749,2.32,1.19
2014.10.16 06:33:23.131,0.79733,0.79749,1.57,1.69
2014.10.16 06:33:23.485,0.79733,0.79749,1.47,1.69
2014.10.16 06:33:24.143,0.79732,0.79749,1.52,1.19
2014.10.16 06:33:24.650,0.79733,0.79747,1.45,1.00
2014.10.16 06:33:26.811,0.79734,0.79748,1.37,1.19
2014.10.16 06:33:26.912,0.79733,0.79745,1.47,1.00
2014.10.16 06:33:27.115,0.79734,0.79748,1.37,1.69
2014.10.16 06:33:27.924,0.7973,0.79744,2.40,1.00
2014.10.16 06:33:28.025,0.79734,0.79747,1.37,1.69
2014.10.16 06:33:28.127,0.79734,0.79747,1.37,1.69
2014.10.16 06:33:32.102,0.79734,0.79746,1.37,1.25
2014.10.16 06:33:33.513,0.79733,0.79745,1.47,1.00
2014.10.16 06:33:36.390,0.79735,0.79745,1.37,1.25
2014.10.16 06:33:36.896,0.79736,0.79747,1.00,1.00
2014.10.16 06:33:37.048,0.7974,0.7975,1.00,1.00
2014.10.16 06:33:37.149,0.7974,0.79752,1.10,1.69
2014.10.16 06:33:37.200,0.7974,0.7975,1.00,1.00
2014.10.16 06:33:37.706,0.79741,0.79751,1.00,1.00
2014.10.16 06:33:38.414,0.79741,0.79753,1.00,1.19
2014.10.16 06:33:38.934,0.79741,0.79753,1.50,1.00
2014.10.16 06:33:47.051,0.79743,0.79753,1.00,1.00
2014.10.16 06:33:47.152,0.79743,0.79755,1.00,1.69
2014.10.16 06:33:48.240,0.79742,0.79754,1.00,1.00
2014.10.16 06:33:49.110,0.79743,0.79755,1.00,2.25
2014.10.16 06:33:50.807,0.79746,0.79756,1.00,1.69
2014.10.16 06:33:54.768,0.79746,0.79751,1.00,1.00
2014.10.16 06:33:54.870,0.79743,0.79755,1.00,2.25
2014.10.16 06:33:55.379,0.79744,0.79755,1.00,1.50
2014.10.16 06:33:59.748,0.79742,0.79754,1.17,1.00
2014.10.16 06:33:59.950,0.79739,0.79748,1.47,1.00
2014.10.16 06:34:00.001,0.79739,0.79748,1.47,1.00
2014.10.16 06:34:00.103,0.79734,0.79746,1.47,1.00
2014.10.16 06:34:00.610,0.79734,0.79745,1.37,1.00
2014.10.16 06:34:01.145,0.79734,0.79744,1.37,1.00
2014.10.16 06:34:02.392,0.79734,0.79744,1.37,1.00
2014.10.16 06:34:02.912,0.79731,0.79743,2.02,1.00
2014.10.16 06:34:03.418,0.79731,0.79743,2.02,1.00
2014.10.16 06:34:07.138,0.79731,0.79743,1.55,1.69
2014.10.16 06:34:07.858,0.79731,0.79743,1.55,1.69
2014.10.16 06:34:07.909,0.79731,0.79738,1.07,1.00
2014.10.16 06:34:08.061,0.79726,0.79736,2.02,1.00
2014.10.16 06:34:08.163,0.79726,0.79736,1.95,1.00
2014.10.16 06:34:08.214,0.79724,0.79734,1.55,1.00
2014.10.16 06:34:11.038,0.79726,0.79738,1.10,2.81
2014.10.16 06:34:13.696,0.79723,0.79736,1.00,1.25
2014.10.16 06:34:13.747,0.79723,0.79735,1.00,1.37
2014.10.16 06:34:14.051,0.79718,0.79731,1.57,1.69
2014.10.16 06:34:14.203,0.79715,0.79728,1.10,1.69
2014.10.16 06:34:14.355,0.79713,0.79721,1.20,1.00
2014.10.16 06:34:14.507,0.7971,0.79721,1.17,1.00
2014.10.16 06:34:14.609,0.7971,0.79723,1.50,1.25
2014.10.16 06:34:14.811,0.7971,0.79725,2.02,1.69
2014.10.16 06:34:15.115,0.79712,0.79725,1.15,1.19
2014.10.16 06:34:15.865,0.79712,0.79727,1.15,1.19
2014.10.16 06:34:17.177,0.79712,0.79727,1.15,1.00
2014.10.16 06:34:18.821,0.79713,0.79729,1.17,2.06
2014.10.16 06:34:26.883,0.79713,0.79729,1.65,1.31
2014.10.16 06:34:28.103,0.79713,0.79729,1.65,1.31
2014.10.16 06:34:29.346,0.79715,0.79729,1.00,1.19
2014.10.16 06:34:29.548,0.79715,0.7973,1.65,1.25
2014.10.16 06:34:32.350,0.79716,0.7973,1.07,1.00
2014.10.16 06:34:36.481,0.79715,0.79728,1.27,1.00
2014.10.16 06:34:36.532,0.79715,0.79728,1.15,1.12
2014.10.16 06:34:36.684,0.79713,0.79726,1.65,1.00
2014.10.16 06:34:36.735,0.79713,0.79726,1.65,1.00
2014.10.16 06:34:37.931,0.79713,0.79726,1.15,1.69
2014.10.16 06:34:39.299,0.79713,0.79726,1.15,1.69
2014.10.16 06:34:39.811,0.79713,0.79728,1.65,1.69
2014.10.16 06:34:40.336,0.79713,0.79728,1.65,1.25
2014.10.16 06:34:43.457,0.79713,0.79729,1.65,1.25
2014.10.16 06:34:50.132,0.79713,0.79729,1.65,1.69
2014.10.16 06:34:51.031,0.79713,0.79729,1.65,1.69
2014.10.16 06:34:57.384,0.79714,0.79729,1.15,1.19
2014.10.16 06:35:07.010,0.79716,0.79729,1.10,1.69
2014.10.16 06:35:08.138,0.79716,0.79729,1.10,1.69
2014.10.16 06:35:09.088,0.79717,0.7973,1.17,1.69
2014.10.16 06:35:09.751,0.79717,0.7973,1.17,2.06
2014.10.16 06:35:13.483,0.79718,0.7973,1.07,1.00
2014.10.16 06:35:13.686,0.79721,0.79733,1.07,1.25
2014.10.16 06:35:13.789,0.79723,0.79733,1.07,1.25
2014.10.16 06:35:14.656,0.79723,0.79735,1.15,1.19
2014.10.16 06:35:15.821,0.79723,0.79735,1.15,1.00
2014.10.16 06:35:19.961,0.79724,0.79736,1.17,1.25
2014.10.16 06:35:20.503,0.79724,0.79736,1.17,1.00
2014.10.16 06:35:21.096,0.79724,0.79737,1.17,1.50
2014.10.16 06:35:21.706,0.79725,0.79736,1.07,1.00
2014.10.16 06:35:26.695,0.79724,0.79737,1.65,1.50
2014.10.16 06:35:27.203,0.79724,0.79737,1.65,1.50
2014.10.16 06:35:28.087,0.79724,0.79736,1.17,1.00
2014.10.16 06:35:28.610,0.79724,0.79736,1.17,1.00
2014.10.16 06:35:31.856,0.79723,0.79735,1.15,1.00
2014.10.16 06:35:32.008,0.79723,0.79735,1.15,1.00
2014.10.16 06:35:32.514,0.79723,0.79735,1.00,1.00
2014.10.16 06:35:33.055,0.79723,0.79736,1.00,1.57
2014.10.16 06:35:34.347,0.79723,0.79736,1.00,1.57
2014.10.16 06:35:38.425,0.79723,0.79734,1.00,1.00
2014.10.16 06:35:52.953,0.79723,0.79733,1.00,1.00
2014.10.16 06:35:53.601,0.79724,0.79733,1.00,1.00
2014.10.16 06:35:54.291,0.79724,0.79735,1.00,1.00
2014.10.16 06:35:59.985,0.79724,0.79736,1.00,1.00
2014.10.16 06:36:00.960,0.79726,0.79736,1.00,1.00
2014.10.16 06:36:01.950,0.79725,0.79736,1.00,1.00
2014.10.16 06:36:02.955,0.79725,0.79735,1.00,1.00
2014.10.16 06:36:09.038,0.79725,0.79736,1.00,1.10
2014.10.16 06:36:10.191,0.79723,0.79736,1.00,1.57
2014.10.16 06:36:10.763,0.79725,0.79736,1.00,1.00
2014.10.16 06:36:13.312,0.79725,0.79738,1.00,1.57
2014.10.16 06:36:14.185,0.79727,0.79738,1.00,1.10
2014.10.16 06:36:20.671,0.79727,0.79739,1.00,1.00
2014.10.16 06:36:21.819,0.79727,0.79739,1.00,1.17
2014.10.16 06:36:22.072,0.79724,0.79737,1.00,1.15
2014.10.16 06:36:22.577,0.79724,0.79735,1.00,1.15
2014.10.16 06:36:22.628,0.79722,0.79735,1.00,1.65
2014.10.16 06:36:23.916,0.79722,0.79735,1.00,1.50
2014.10.16 06:36:24.068,0.79724,0.79737,1.00,1.07
2014.10.16 06:36:24.575,0.79724,0.79737,1.10,1.00
2014.10.16 06:36:25.081,0.79726,0.79738,1.00,1.10
2014.10.16 06:36:26.293,0.79726,0.79738,1.00,1.17
2014.10.16 06:36:31.005,0.79725,0.79737,1.00,1.10
2014.10.16 06:36:31.728,0.79724,0.79736,1.50,1.00
2014.10.16 06:36:39.439,0.79724,0.79737,1.10,1.00
2014.10.16 06:36:39.988,0.79724,0.79737,1.00,1.07
2014.10.16 06:36:40.504,0.79723,0.79735,1.00,1.00
2014.10.16 06:36:41.009,0.79723,0.79736,1.10,1.00
2014.10.16 06:36:42.035,0.79723,0.79735,1.10,1.00
2014.10.16 06:36:48.354,0.79723,0.79736,1.00,1.57
2014.10.16 06:36:49.458,0.79722,0.79735,1.50,1.00
2014.10.16 06:36:51.681,0.7972,0.79733,1.57,1.00
2014.10.16 06:36:51.985,0.7972,0.79732,1.00,1.17
2014.10.16 06:36:52.508,0.79719,0.79732,1.00,1.10
2014.10.16 06:36:53.477,0.79719,0.79732,1.00,1.07
2014.10.16 06:36:53.528,0.79717,0.7973,1.00,1.00
2014.10.16 06:37:11.251,0.79719,0.79731,1.00,1.10
2014.10.16 06:37:15.397,0.79717,0.79729,1.00,1.00
2014.10.16 06:37:15.884,0.7972,0.7973,1.00,1.00
2014.10.16 06:37:21.048,0.79718,0.7973,1.00,1.00
2014.10.16 06:37:21.150,0.7972,0.79731,1.00,1.10
2014.10.16 06:37:21.506,0.79718,0.7973,1.00,1.00
2014.10.16 06:37:21.810,0.79716,0.79728,1.50,1.00
2014.10.16 06:37:30.536,0.79714,0.79726,1.00,1.00
2014.10.16 06:37:31.296,0.79713,0.79725,1.00,1.00
2014.10.16 06:37:32.088,0.79715,0.79726,1.00,1.00
2014.10.16 06:37:32.781,0.79715,0.79727,1.00,1.00
2014.10.16 06:37:39.895,0.79716,0.79728,1.00,1.00
2014.10.16 06:37:40.544,0.79719,0.79729,1.00,1.00
2014.10.16 06:37:41.202,0.7972,0.79731,1.00,1.00
2014.10.16 06:37:41.304,0.79722,0.79731,1.00,1.00
2014.10.16 06:37:41.506,0.79723,0.79735,1.00,1.57
2014.10.16 06:37:44.496,0.79725,0.79736,1.00,1.00
2014.10.16 06:37:45.212,0.79725,0.79737,1.50,1.57
2014.10.16 06:37:46.740,0.79725,0.79736,1.00,1.00
2014.10.16 06:37:55.665,0.79725,0.79735,1.00,1.00
2014.10.16 06:37:56.884,0.79725,0.79737,1.00,1.00
2014.10.16 06:37:58.091,0.79726,0.79737,1.00,1.00
2014.10.16 06:37:58.960,0.79726,0.79737,1.07,1.00
2014.10.16 06:38:01.057,0.79728,0.79737,1.00,1.00
2014.10.16 06:38:04.168,0.79729,0.79737,1.00,1.00
2014.10.16 06:38:11.655,0.79729,0.79738,1.00,1.00
2014.10.16 06:38:14.576,0.79729,0.79738,1.19,1.00
2014.10.16 06:38:18.904,0.79728,0.79738,2.44,1.00
2014.10.16 06:38:20.318,0.79728,0.79738,2.25,1.00
2014.10.16 06:38:25.850,0.79724,0.79734,1.50,1.00
2014.10.16 06:38:26.155,0.79721,0.79733,1.69,1.00
2014.10.16 06:38:27.126,0.79721,0.79733,1.69,1.00
2014.10.16 06:38:28.548,0.79721,0.79733,1.00,1.00
2014.10.16 06:38:30.251,0.79721,0.79732,1.50,1.00
2014.10.16 06:38:30.707,0.79719,0.7973,1.25,1.00
2014.10.16 06:38:30.910,0.79716,0.79728,1.25,1.00
2014.10.16 06:38:31.011,0.79714,0.79726,1.69,1.00
2014.10.16 06:38:31.366,0.79712,0.79724,1.00,1.00
2014.10.16 06:38:31.670,0.79711,0.79723,1.00,1.19
2014.10.16 06:38:32.177,0.79709,0.79721,1.00,1.00
2014.10.16 06:38:32.684,0.79708,0.7972,1.00,1.00
2014.10.16 06:38:34.304,0.79708,0.7972,1.00,1.07
2014.10.16 06:38:35.742,0.79706,0.79718,1.19,1.00
2014.10.16 06:38:35.996,0.79705,0.79715,1.25,1.00
2014.10.16 06:38:36.401,0.79702,0.79714,1.25,1.00
2014.10.16 06:38:37.009,0.79702,0.79714,1.69,1.07
2014.10.16 06:38:38.667,0.79702,0.79714,1.00,2.02
2014.10.16 06:38:38.718,0.79699,0.79711,2.29,1.10
2014.10.16 06:38:38.920,0.79701,0.79711,1.00,1.17
2014.10.16 06:38:39.376,0.79699,0.7971,1.00,1.10
2014.10.16 06:38:40.087,0.79699,0.79709,1.00,1.87
2014.10.16 06:38:40.291,0.79693,0.79705,1.00,1.12
2014.10.16 06:38:40.444,0.79691,0.797,1.69,1.00
2014.10.16 06:38:41.339,0.7969,0.79706,1.19,1.84
2014.10.16 06:38:42.082,0.7969,0.79707,2.14,1.36
2014.10.16 06:38:43.007,0.79693,0.79707,1.00,1.36
2014.10.16 06:38:43.541,0.79693,0.79707,1.07,1.19
2014.10.16 06:38:44.050,0.79693,0.79707,1.09,1.00
2014.10.16 06:38:44.565,0.79695,0.79709,1.00,1.29
2014.10.16 06:38:45.174,0.79697,0.79711,1.00,2.21
2014.10.16 06:38:45.377,0.79697,0.79711,1.00,1.01
2014.10.16 06:38:45.884,0.79695,0.7971,1.31,1.00
2014.10.16 06:38:46.414,0.79694,0.7971,2.81,1.00
2014.10.16 06:38:46.970,0.79694,0.7971,2.21,1.00
2014.10.16 06:38:47.172,0.79695,0.79713,1.46,1.76
2014.10.16 06:38:47.678,0.79696,0.79713,1.36,1.26
2014.10.16 06:38:50.413,0.79695,0.79714,1.46,1.46
2014.10.16 06:38:50.718,0.79693,0.79708,3.64,1.00
2014.10.16 06:38:50.920,0.79691,0.79707,1.71,1.00
2014.10.16 06:38:51.425,0.79691,0.79707,1.26,1.07
2014.10.16 06:38:51.974,0.7969,0.79707,2.21,1.32
2014.10.16 06:38:55.009,0.7969,0.79707,2.14,1.40
2014.10.16 06:38:55.465,0.7969,0.79707,1.01,2.40
2014.10.16 06:38:56.433,0.79687,0.79706,1.36,2.96
2014.10.16 06:38:57.456,0.79687,0.79704,1.36,1.29
2014.10.16 06:38:58.459,0.79688,0.79705,1.29,1.36
2014.10.16 06:39:00.911,0.79688,0.79704,1.36,1.19
2014.10.16 06:39:01.885,0.79688,0.79705,1.46,1.19
2014.10.16 06:39:09.316,0.79689,0.79706,1.36,1.19
2014.10.16 06:39:09.418,0.79689,0.79706,1.46,1.19
2014.10.16 06:39:10.229,0.79692,0.79706,1.17,1.49
2014.10.16 06:39:18.128,0.79693,0.79706,1.10,1.25
2014.10.16 06:39:18.636,0.79693,0.79706,1.17,1.25
2014.10.16 06:39:19.662,0.79693,0.79707,1.55,1.19
2014.10.16 06:39:19.965,0.79702,0.79714,1.27,1.00
2014.10.16 06:39:20.472,0.79702,0.79718,1.27,1.69
2014.10.16 06:39:20.876,0.79702,0.79718,1.15,1.69
2014.10.16 06:39:21.382,0.79702,0.79718,1.40,1.69
2014.10.16 06:39:27.132,0.79702,0.79715,1.40,1.00
2014.10.16 06:39:27.689,0.79702,0.79714,1.15,1.00
2014.10.16 06:39:28.662,0.79702,0.79717,1.15,1.69
2014.10.16 06:39:29.179,0.79702,0.79715,1.15,1.25
2014.10.16 06:39:29.692,0.79702,0.79716,1.40,1.25
2014.10.16 06:39:30.206,0.79703,0.79715,1.15,1.00
2014.10.16 06:39:30.716,0.79703,0.79717,1.15,1.19
2014.10.16 06:39:31.173,0.79703,0.79717,1.10,1.19
2014.10.16 06:39:31.325,0.79701,0.79714,2.21,1.00
2014.10.16 06:39:33.158,0.79703,0.79717,1.32,1.25
2014.10.16 06:39:33.360,0.79703,0.79717,1.09,1.25
2014.10.16 06:39:33.867,0.79703,0.79715,1.20,1.19
2014.10.16 06:39:34.777,0.797,0.79715,1.84,1.19
2014.10.16 06:39:35.134,0.79703,0.79716,1.10,1.25
2014.10.16 06:39:35.185,0.79703,0.79717,1.15,1.19
2014.10.16 06:39:35.691,0.79703,0.79717,1.07,1.19
2014.10.16 06:39:36.197,0.79704,0.79717,1.00,1.00
2014.10.16 06:39:36.593,0.79706,0.79717,2.10,1.00
2014.10.16 06:39:37.134,0.79705,0.79717,2.10,1.00
2014.10.16 06:39:39.158,0.79704,0.79717,1.26,1.00
2014.10.16 06:39:39.310,0.79705,0.79719,2.21,1.25
2014.10.16 06:39:39.867,0.79708,0.7972,1.00,1.00
2014.10.16 06:39:40.512,0.79708,0.7972,1.19,1.00
2014.10.16 06:39:42.288,0.79708,0.7972,1.25,1.00
2014.10.16 06:39:44.622,0.79708,0.7972,1.00,1.69
2014.10.16 06:39:45.806,0.79709,0.7972,1.00,2.44
2014.10.16 06:39:46.602,0.79709,0.7972,1.00,1.69
2014.10.16 06:39:48.812,0.79708,0.7972,1.00,1.25
2014.10.16 06:39:56.296,0.79708,0.79719,1.00,1.00
2014.10.16 06:39:58.157,0.79708,0.7972,1.00,1.25
2014.10.16 06:39:59.255,0.79708,0.7972,1.00,1.19
2014.10.16 06:39:59.813,0.79708,0.7972,1.07,1.19
2014.10.16 06:40:00.370,0.7971,0.79721,1.00,1.19
2014.10.16 06:40:00.472,0.79711,0.79724,1.07,1.69
2014.10.16 06:40:00.978,0.79713,0.79724,1.10,1.00
2014.10.16 06:40:01.972,0.79713,0.79724,1.17,1.00
2014.10.16 06:40:02.023,0.79714,0.79726,1.17,1.25
2014.10.16 06:40:04.342,0.79715,0.79726,1.20,1.00
2014.10.16 06:40:04.909,0.79715,0.79727,1.17,1.25
2014.10.16 06:40:05.653,0.79715,0.79727,1.20,1.00
2014.10.16 06:40:06.949,0.79716,0.79727,1.00,1.00
2014.10.16 06:40:09.711,0.79716,0.79725,1.00,1.00
2014.10.16 06:40:14.841,0.79714,0.79725,1.39,1.00
2014.10.16 06:40:16.399,0.79716,0.79725,1.00,1.00
2014.10.16 06:40:16.450,0.79716,0.79727,1.57,1.00
2014.10.16 06:40:19.469,0.79716,0.79727,1.00,1.00
2014.10.16 06:40:21.024,0.79716,0.79727,1.69,1.00
2014.10.16 06:40:27.629,0.79716,0.79727,1.25,1.00
2014.10.16 06:40:31.083,0.79714,0.79725,1.69,1.00
2014.10.16 06:40:34.484,0.79714,0.79725,1.00,1.69
2014.10.16 06:40:34.838,0.7971,0.79723,1.69,1.50
2014.10.16 06:40:34.889,0.7971,0.79723,1.50,1.69
2014.10.16 06:40:35.378,0.79708,0.79721,1.01,1.00
2014.10.16 06:40:35.906,0.79709,0.79721,1.00,1.19
2014.10.16 06:40:36.438,0.79709,0.79721,1.00,1.25
2014.10.16 06:40:37.171,0.79708,0.79721,1.10,1.25
2014.10.16 06:40:38.271,0.79709,0.79721,1.00,1.25
2014.10.16 06:40:38.821,0.79709,0.79721,1.00,1.19
2014.10.16 06:40:39.368,0.79708,0.79721,1.01,1.19
2014.10.16 06:40:39.991,0.79708,0.79721,1.25,1.10
2014.10.16 06:40:40.307,0.7971,0.79721,1.00,1.10
2014.10.16 06:40:41.730,0.79708,0.79721,1.25,1.00
2014.10.16 06:40:42.488,0.79709,0.79721,1.00,1.10
2014.10.16 06:40:43.352,0.79708,0.79721,1.00,1.01
2014.10.16 06:40:45.160,0.79707,0.7972,1.25,1.00
2014.10.16 06:40:45.923,0.79706,0.79718,1.00,1.10
2014.10.16 06:40:46.441,0.79705,0.79718,1.50,1.10
2014.10.16 06:40:46.748,0.79702,0.79715,1.76,1.50
2014.10.16 06:40:47.052,0.79702,0.79714,1.00,1.07
2014.10.16 06:40:47.562,0.79701,0.79713,1.00,1.10
2014.10.16 06:40:47.867,0.79699,0.79711,1.25,1.00
2014.10.16 06:40:48.373,0.79699,0.7971,1.00,1.10
2014.10.16 06:40:48.626,0.79697,0.7971,1.25,1.10
2014.10.16 06:40:49.188,0.79698,0.7971,1.00,1.76
2014.10.16 06:40:50.005,0.79698,0.79708,1.00,1.00
2014.10.16 06:40:50.532,0.79695,0.79708,1.76,1.00
2014.10.16 06:40:51.039,0.79695,0.79708,1.57,1.25
2014.10.16 06:40:52.372,0.79695,0.79708,1.57,1.19
2014.10.16 06:40:53.155,0.79695,0.79708,1.57,1.19
2014.10.16 06:40:55.529,0.79696,0.79708,1.00,1.25
2014.10.16 06:40:56.074,0.79697,0.7971,1.00,1.76
2014.10.16 06:40:56.597,0.79697,0.7971,1.50,1.76
2014.10.16 06:40:57.509,0.79697,0.7971,1.00,1.76
2014.10.16 06:41:00.800,0.79697,0.7971,1.00,1.10
2014.10.16 06:41:00.903,0.79699,0.7971,1.00,1.00
2014.10.16 06:41:01.763,0.79696,0.79709,1.31,1.00
2014.10.16 06:41:02.268,0.79696,0.79709,1.31,1.00
2014.10.16 06:41:02.653,0.79698,0.79711,1.00,1.36
2014.10.16 06:41:03.919,0.79698,0.79711,1.25,1.00
2014.10.16 06:41:08.460,0.79699,0.79712,1.00,1.25
2014.10.16 06:41:10.354,0.79698,0.79711,1.25,1.00
2014.10.16 06:41:11.201,0.79698,0.79711,1.09,1.00
2014.10.16 06:41:11.707,0.79699,0.79712,1.10,1.25
2014.10.16 06:41:12.214,0.79698,0.79711,1.76,1.00
2014.10.16 06:41:13.875,0.79698,0.79711,1.09,1.00
2014.10.16 06:41:14.179,0.79699,0.79712,1.29,1.25
2014.10.16 06:41:16.154,0.79699,0.79712,1.10,1.25
2014.10.16 06:41:16.660,0.79698,0.79711,1.40,1.00
2014.10.16 06:41:17.381,0.79699,0.79712,1.10,1.25
2014.10.16 06:41:19.606,0.79698,0.79711,1.01,1.00
2014.10.16 06:41:20.403,0.79698,0.79711,1.10,1.19
2014.10.16 06:41:25.015,0.79698,0.79711,1.00,1.25
2014.10.16 06:41:29.552,0.79698,0.79711,1.50,1.32
2014.10.16 06:41:29.864,0.79694,0.79707,1.69,1.00
2014.10.16 06:41:29.915,0.79694,0.79707,1.50,1.00
2014.10.16 06:41:30.955,0.79694,0.79707,1.25,1.69
2014.10.16 06:41:32.007,0.79692,0.79705,1.19,1.50
2014.10.16 06:41:32.108,0.79692,0.79705,1.25,1.57
2014.10.16 06:41:32.260,0.7969,0.79702,1.00,1.00
2014.10.16 06:41:32.462,0.79687,0.797,1.76,1.00
2014.10.16 06:41:32.665,0.79685,0.79698,1.00,1.00
2014.10.16 06:41:32.969,0.79684,0.79696,1.00,1.00
2014.10.16 06:41:33.475,0.79683,0.79696,1.10,1.50
2014.10.16 06:41:38.820,0.79683,0.79695,1.10,1.00
2014.10.16 06:41:39.326,0.79683,0.79695,1.00,1.19
2014.10.16 06:41:40.288,0.79683,0.79696,1.00,1.25
2014.10.16 06:41:40.780,0.79683,0.79694,1.00,1.00
2014.10.16 06:41:42.145,0.79683,0.79693,1.00,1.00
2014.10.16 06:41:43.538,0.79683,0.79694,1.00,1.69
2014.10.16 06:41:44.096,0.79683,0.79693,1.00,1.00
2014.10.16 06:41:44.248,0.7968,0.79693,1.25,1.65
2014.10.16 06:41:44.753,0.79679,0.79692,1.00,1.25
2014.10.16 06:41:46.444,0.79679,0.79692,1.25,1.19
2014.10.16 06:41:48.398,0.7968,0.79693,1.00,1.84
2014.10.16 06:41:49.852,0.7968,0.79693,1.00,1.84
2014.10.16 06:41:50.054,0.79682,0.79695,1.50,1.76
2014.10.16 06:41:52.156,0.79682,0.79695,1.00,1.29
2014.10.16 06:41:54.358,0.79682,0.79695,1.00,1.26
2014.10.16 06:41:57.729,0.79682,0.79695,1.00,1.25
2014.10.16 06:42:00.046,0.79682,0.79695,1.00,1.46
2014.10.16 06:42:00.148,0.7968,0.79692,1.00,1.25
2014.10.16 06:42:00.250,0.7968,0.79692,1.00,1.27
2014.10.16 06:42:00.402,0.79676,0.79687,1.00,1.10
2014.10.16 06:42:00.656,0.79674,0.79687,1.50,1.00
2014.10.16 06:42:01.529,0.79674,0.79687,1.00,1.57
2014.10.16 06:42:02.066,0.79674,0.79687,1.00,1.69
2014.10.16 06:42:03.040,0.79674,0.79687,1.00,1.84
2014.10.16 06:42:03.713,0.79672,0.79685,1.19,1.25
2014.10.16 06:42:04.330,0.79672,0.79685,1.25,1.19
2014.10.16 06:42:07.657,0.79671,0.79686,1.84,1.69
2014.10.16 06:42:10.176,0.79671,0.79686,1.65,1.69
2014.10.16 06:42:10.479,0.7967,0.7968,1.00,1.00
2014.10.16 06:42:10.732,0.79667,0.79683,1.34,1.25
2014.10.16 06:42:11.895,0.79667,0.79683,1.36,1.19
2014.10.16 06:42:13.281,0.79669,0.79684,1.00,1.76
2014.10.16 06:42:14.009,0.79669,0.79684,1.36,1.69
2014.10.16 06:42:18.435,0.79669,0.79684,2.14,1.19
2014.10.16 06:42:18.690,0.79669,0.79684,1.19,1.36
2014.10.16 06:42:19.197,0.79668,0.79683,1.19,1.40
2014.10.16 06:42:19.400,0.79667,0.79683,1.19,1.40
2014.10.16 06:42:19.603,0.79667,0.79681,1.19,1.15
2014.10.16 06:42:20.494,0.79666,0.79681,1.31,1.84
2014.10.16 06:42:20.900,0.79666,0.79681,1.19,4.01
2014.10.16 06:42:21.642,0.79666,0.7968,1.25,1.40
2014.10.16 06:42:21.946,0.79663,0.79677,1.25,1.15
2014.10.16 06:42:22.098,0.79663,0.79677,1.25,1.17
2014.10.16 06:42:22.150,0.79663,0.79677,1.25,1.10
2014.10.16 06:42:22.606,0.79663,0.79677,2.21,1.00
2014.10.16 06:42:22.808,0.79664,0.79679,1.36,1.25
2014.10.16 06:42:25.219,0.79665,0.7968,1.39,1.25
2014.10.16 06:42:26.453,0.79665,0.79681,1.46,1.09
2014.10.16 06:42:26.808,0.79667,0.79682,1.25,1.34
2014.10.16 06:42:26.910,0.79667,0.79682,1.25,1.34
2014.10.16 06:42:27.421,0.79667,0.79682,1.32,1.39
2014.10.16 06:42:27.726,0.79669,0.79683,1.17,1.19
2014.10.16 06:42:27.839,0.79669,0.79683,1.09,1.00
2014.10.16 06:42:28.143,0.79673,0.79683,1.00,1.00
2014.10.16 06:42:28.447,0.79675,0.79683,1.50,1.00
2014.10.16 06:42:28.599,0.79675,0.79688,1.10,1.19
2014.10.16 06:42:29.367,0.79675,0.79688,1.00,1.00
2014.10.16 06:42:30.453,0.79675,0.79688,1.29,1.25
2014.10.16 06:42:33.738,0.79675,0.79688,1.39,1.00
2014.10.16 06:42:36.246,0.79675,0.79688,2.06,1.25
2014.10.16 06:42:37.182,0.79675,0.79688,1.31,1.76
2014.10.16 06:42:37.384,0.79674,0.79687,1.25,1.20
2014.10.16 06:42:38.556,0.79674,0.79687,1.00,2.21
2014.10.16 06:42:38.607,0.79672,0.79685,1.25,1.01
2014.10.16 06:42:38.658,0.79672,0.79685,1.25,1.32
2014.10.16 06:42:39.176,0.79671,0.79682,1.19,1.10
2014.10.16 06:42:39.480,0.79669,0.79682,1.00,1.76
2014.10.16 06:42:39.582,0.79667,0.7968,1.25,1.07
2014.10.16 06:42:39.785,0.79667,0.7968,1.00,1.20
2014.10.16 06:42:40.509,0.79667,0.7968,1.00,1.07
2014.10.16 06:42:41.052,0.79666,0.79679,1.25,1.10
2014.10.16 06:42:43.666,0.79666,0.79678,1.00,1.10
2014.10.16 06:42:44.071,0.79663,0.79676,1.19,1.00
2014.10.16 06:42:44.577,0.79663,0.79676,1.00,1.00
2014.10.16 06:42:54.554,0.79661,0.79674,1.09,1.00
2014.10.16 06:42:57.153,0.79661,0.79674,1.40,1.00
2014.10.16 06:42:57.660,0.79661,0.79674,1.09,1.00
2014.10.16 06:42:58.140,0.79659,0.79672,1.17,1.00
2014.10.16 06:43:03.605,0.79659,0.79672,1.10,1.25
2014.10.16 06:43:04.392,0.79659,0.79672,1.15,1.25
2014.10.16 06:43:05.026,0.79659,0.79672,1.10,1.25
2014.10.16 06:43:05.549,0.79659,0.79671,1.10,1.00
2014.10.16 06:43:08.481,0.79659,0.79671,1.10,1.19
2014.10.16 06:43:11.790,0.79659,0.79671,1.00,1.69
2014.10.16 06:43:17.342,0.79659,0.79671,1.00,1.19
2014.10.16 06:43:18.454,0.79659,0.79671,1.00,1.19
2014.10.16 06:43:19.365,0.79659,0.79671,1.00,1.19
2014.10.16 06:43:19.925,0.79659,0.79671,1.15,1.19
2014.10.16 06:43:20.129,0.79658,0.7967,1.25,1.25
2014.10.16 06:43:20.180,0.7966,0.79672,1.00,1.19
2014.10.16 06:43:20.535,0.79658,0.7967,1.01,1.25
2014.10.16 06:43:21.409,0.79656,0.79667,1.25,1.00
2014.10.16 06:43:21.713,0.79655,0.79665,1.00,1.00
2014.10.16 06:43:29.453,0.79656,0.79668,1.00,1.00
2014.10.16 06:43:30.612,0.79656,0.79667,1.00,1.00
2014.10.16 06:43:34.928,0.79656,0.79668,1.00,1.10
2014.10.16 06:43:37.444,0.79654,0.79666,1.01,1.00
2014.10.16 06:43:40.600,0.79654,0.79666,1.00,1.19
2014.10.16 06:43:42.755,0.79654,0.79666,1.00,1.76
2014.10.16 06:43:43.612,0.79654,0.79665,1.00,1.00
2014.10.16 06:43:51.239,0.79653,0.79661,1.00,1.00
2014.10.16 06:43:51.342,0.79649,0.79661,1.07,1.50
2014.10.16 06:43:51.443,0.79648,0.7966,1.25,1.00
2014.10.16 06:43:51.960,0.79648,0.79659,1.00,1.00
2014.10.16 06:43:54.419,0.79648,0.7966,1.00,1.25
2014.10.16 06:43:57.183,0.79648,0.79659,1.00,1.00
2014.10.16 06:43:58.148,0.79649,0.79659,1.17,1.00
2014.10.16 06:43:58.453,0.79652,0.7966,1.00,1.00
2014.10.16 06:43:58.960,0.79653,0.7966,1.00,1.00
2014.10.16 06:43:59.113,0.79648,0.7966,1.00,1.50
2014.10.16 06:43:59.639,0.79648,0.79659,1.00,1.00
2014.10.16 06:44:02.013,0.79647,0.79659,1.00,1.69
2014.10.16 06:44:02.128,0.79647,0.79657,1.00,1.00
2014.10.16 06:44:04.201,0.79647,0.79659,1.00,1.69
2014.10.16 06:44:05.788,0.79647,0.79659,1.15,1.69
2014.10.16 06:44:06.698,0.79647,0.79659,1.10,1.50
2014.10.16 06:44:07.704,0.79647,0.79659,1.00,1.65
2014.10.16 06:44:08.210,0.79647,0.79658,1.00,1.15
2014.10.16 06:44:08.630,0.79645,0.79656,1.00,1.10
2014.10.16 06:44:08.985,0.79645,0.79657,1.00,2.02
2014.10.16 06:44:09.138,0.79642,0.79654,1.00,1.17
2014.10.16 06:44:09.392,0.79641,0.79652,1.00,1.71
2014.10.16 06:44:09.493,0.79634,0.79646,1.25,1.20
2014.10.16 06:44:09.646,0.79633,0.79645,1.19,1.17
2014.10.16 06:44:10.153,0.79633,0.79645,1.00,1.17
2014.10.16 06:44:10.659,0.7963,0.7964,1.25,1.00
2014.10.16 06:44:11.166,0.79628,0.79639,1.19,1.10
2014.10.16 06:44:11.217,0.79626,0.79639,1.19,1.65
2014.10.16 06:44:11.319,0.79626,0.79639,1.19,1.65
2014.10.16 06:44:11.623,0.79624,0.79635,1.69,1.07
2014.10.16 06:44:12.129,0.79624,0.79635,1.69,1.00
2014.10.16 06:44:13.454,0.79624,0.79635,1.19,1.00
2014.10.16 06:44:14.417,0.79625,0.79635,1.69,1.00
2014.10.16 06:44:14.720,0.79625,0.7964,2.14,1.00
2014.10.16 06:44:15.227,0.79626,0.7964,1.09,1.00
2014.10.16 06:44:15.749,0.79626,0.7964,1.36,1.00
2014.10.16 06:44:16.619,0.79625,0.7964,2.96,1.00
2014.10.16 06:44:17.662,0.79626,0.7964,1.36,1.00
2014.10.16 06:44:19.854,0.79627,0.7964,1.84,1.00
2014.10.16 06:44:20.932,0.79626,0.7964,1.34,1.00
2014.10.16 06:44:21.794,0.79625,0.7964,4.46,1.00
2014.10.16 06:44:22.153,0.79628,0.79641,1.36,1.00
2014.10.16 06:44:22.969,0.79627,0.79641,1.34,1.00
2014.10.16 06:44:24.035,0.79625,0.79641,2.21,1.00
2014.10.16 06:44:25.044,0.79624,0.79641,1.46,1.19
2014.10.16 06:44:26.085,0.79625,0.7964,1.29,1.00
2014.10.16 06:44:26.597,0.79627,0.79641,1.46,1.00
2014.10.16 06:44:26.852,0.79631,0.79641,1.00,1.00
2014.10.16 06:44:27.359,0.79631,0.79642,1.09,1.00
2014.10.16 06:44:27.410,0.79631,0.79644,1.09,1.00
2014.10.16 06:44:27.916,0.79631,0.79645,1.09,1.00
2014.10.16 06:44:28.441,0.79631,0.79645,1.39,1.00
2014.10.16 06:44:29.359,0.79631,0.79645,1.29,1.01
2014.10.16 06:44:30.369,0.79631,0.79645,1.29,1.10
2014.10.16 06:44:30.978,0.79632,0.79644,1.01,1.00
2014.10.16 06:44:31.484,0.79634,0.79644,1.10,1.00
2014.10.16 06:44:31.888,0.79634,0.79645,1.36,1.00
2014.10.16 06:44:31.989,0.79639,0.79649,1.00,1.00
2014.10.16 06:44:32.496,0.7964,0.79655,1.07,2.44
2014.10.16 06:44:32.597,0.79647,0.79655,1.00,2.25
2014.10.16 06:44:32.749,0.79647,0.79658,1.00,1.00
2014.10.16 06:44:33.004,0.79646,0.7966,1.55,1.00
2014.10.16 06:44:33.207,0.7965,0.79662,1.10,1.00
2014.10.16 06:44:33.258,0.79651,0.79665,1.00,1.00
2014.10.16 06:44:33.410,0.79652,0.79665,1.07,1.00
2014.10.16 06:44:33.780,0.79653,0.79666,1.57,1.50
2014.10.16 06:44:33.983,0.79654,0.7967,2.77,1.25
2014.10.16 06:44:34.502,0.79657,0.7967,1.10,1.25
2014.10.16 06:44:34.705,0.79657,0.7967,1.07,1.00
2014.10.16 06:44:35.212,0.79657,0.7967,1.07,1.00
2014.10.16 06:44:35.718,0.79655,0.7967,1.46,1.00
2014.10.16 06:44:36.702,0.79654,0.7967,2.59,1.00
2014.10.16 06:44:37.006,0.79656,0.7967,1.84,1.00
2014.10.16 06:44:37.411,0.79659,0.7967,1.09,1.00
2014.10.16 06:44:37.833,0.79657,0.7967,1.46,1.00
2014.10.16 06:44:38.140,0.79657,0.7967,2.14,1.00
2014.10.16 06:44:38.941,0.79657,0.79672,2.21,1.50
2014.10.16 06:44:40.253,0.79657,0.79672,2.96,1.00
2014.10.16 06:44:41.142,0.79656,0.79672,1.84,1.00
2014.10.16 06:44:41.707,0.79656,0.7967,1.34,1.00
2014.10.16 06:44:42.254,0.79655,0.7967,1.84,1.00
2014.10.16 06:44:45.570,0.79655,0.79668,1.34,1.00
2014.10.16 06:44:46.564,0.79654,0.79668,3.34,1.00
2014.10.16 06:44:47.623,0.79655,0.79668,1.34,1.00
2014.10.16 06:44:48.658,0.79654,0.79668,1.29,1.00
2014.10.16 06:44:49.536,0.79653,0.79668,1.19,1.65
2014.10.16 06:44:49.839,0.79653,0.79664,1.19,1.00
2014.10.16 06:44:50.348,0.7965,0.79664,2.59,1.00
2014.10.16 06:44:51.464,0.7965,0.79664,1.84,1.00
2014.10.16 06:44:53.582,0.79654,0.79664,1.25,1.00
2014.10.16 06:44:54.665,0.79654,0.79664,1.19,1.00
2014.10.16 06:44:55.121,0.79653,0.79666,2.51,1.00
2014.10.16 06:44:55.831,0.79656,0.79666,1.10,1.00
2014.10.16 06:44:56.286,0.79656,0.79666,1.34,1.00
2014.10.16 06:44:56.439,0.79655,0.79671,2.21,1.25
2014.10.16 06:44:56.989,0.79655,0.79672,2.21,1.19
2014.10.16 06:44:57.496,0.79655,0.79672,2.21,1.25
2014.10.16 06:44:58.061,0.79657,0.79672,2.21,1.00
2014.10.16 06:44:58.575,0.7966,0.79672,1.40,1.00
2014.10.16 06:44:59.178,0.7966,0.79672,1.84,1.00
2014.10.16 06:45:00.572,0.79658,0.79672,1.46,1.00
2014.10.16 06:45:01.535,0.79657,0.79672,2.21,1.00
2014.10.16 06:45:02.043,0.79658,0.79673,1.46,1.00
2014.10.16 06:45:02.550,0.79658,0.79673,2.21,1.00
2014.10.16 06:45:03.682,0.79658,0.79673,2.96,1.00
2014.10.16 06:45:05.077,0.79656,0.79673,2.96,1.25
2014.10.16 06:45:06.853,0.79656,0.79672,1.84,1.00
2014.10.16 06:45:07.360,0.79656,0.79672,1.84,1.25
2014.10.16 06:45:08.225,0.79657,0.79672,1.29,1.69
2014.10.16 06:45:09.287,0.79657,0.79672,1.29,1.50
2014.10.16 06:45:09.805,0.79657,0.79672,1.19,1.65
2014.10.16 06:45:10.517,0.79657,0.79672,1.25,1.46
2014.10.16 06:45:10.875,0.79659,0.79674,1.00,2.21
2014.10.16 06:45:11.593,0.79659,0.79673,1.25,1.00
2014.10.16 06:45:12.102,0.79659,0.79672,1.25,1.00
2014.10.16 06:45:13.960,0.79656,0.7967,1.84,1.00
2014.10.16 06:45:14.011,0.79656,0.7967,1.36,1.00
2014.10.16 06:45:14.515,0.79658,0.7967,1.00,1.00
2014.10.16 06:45:14.617,0.79658,0.79672,1.00,1.69
2014.10.16 06:45:15.229,0.79658,0.79672,1.00,1.69
2014.10.16 06:45:15.755,0.79658,0.7967,1.00,1.00
2014.10.16 06:45:16.410,0.79657,0.79669,1.01,1.00
2014.10.16 06:45:18.009,0.79657,0.79672,1.01,2.44
2014.10.16 06:45:19.479,0.79659,0.79671,1.10,1.25
2014.10.16 06:45:19.783,0.79661,0.79671,1.00,1.00
2014.10.16 06:45:20.037,0.79661,0.79675,1.00,1.19
2014.10.16 06:45:20.139,0.79661,0.79675,1.69,1.00
2014.10.16 06:45:20.240,0.79665,0.79678,1.10,1.19
2014.10.16 06:45:20.779,0.79666,0.7968,1.00,1.19
2014.10.16 06:45:21.338,0.79666,0.7968,1.10,1.57
2014.10.16 06:45:23.280,0.79666,0.7968,1.25,1.09
2014.10.16 06:45:24.633,0.79669,0.7968,1.00,1.36
2014.10.16 06:45:24.937,0.79671,0.7968,1.00,1.00
2014.10.16 06:45:24.988,0.79671,0.79682,1.00,1.25
2014.10.16 06:45:25.393,0.79673,0.79682,1.00,1.00
2014.10.16 06:45:25.495,0.79673,0.79685,1.00,1.00
2014.10.16 06:45:25.951,0.79672,0.79685,1.40,1.00
2014.10.16 06:45:26.052,0.79672,0.79685,1.09,1.00
2014.10.16 06:45:26.558,0.79673,0.79686,1.29,1.00
2014.10.16 06:45:27.951,0.79677,0.79686,1.00,1.00
2014.10.16 06:45:28.204,0.79678,0.79691,1.00,1.00
2014.10.16 06:45:28.712,0.79679,0.79691,1.10,1.00
2014.10.16 06:45:29.168,0.79675,0.79691,2.21,1.50
2014.10.16 06:45:29.370,0.79675,0.79691,2.21,1.50
2014.10.16 06:45:29.977,0.79674,0.79691,2.96,1.69
2014.10.16 06:45:31.383,0.79673,0.7969,2.21,1.29
2014.10.16 06:45:33.478,0.79673,0.79691,2.21,2.51
2014.10.16 06:45:34.481,0.79673,0.79691,1.46,2.51
2014.10.16 06:45:35.178,0.79673,0.79691,1.46,2.51
2014.10.16 06:45:36.736,0.79673,0.7969,1.46,1.01
2014.10.16 06:45:39.105,0.79674,0.7969,1.26,1.19
2014.10.16 06:45:39.409,0.79671,0.79685,1.19,1.00
2014.10.16 06:45:39.612,0.79669,0.79684,1.39,1.00
2014.10.16 06:45:39.917,0.79667,0.7968,1.34,1.50
2014.10.16 06:45:40.835,0.79664,0.7968,1.46,2.25
2014.10.16 06:45:42.026,0.79667,0.7968,1.25,1.50
2014.10.16 06:45:42.530,0.79667,0.7968,2.21,1.50
2014.10.16 06:45:42.580,0.7967,0.7968,1.00,1.50
2014.10.16 06:45:43.035,0.7967,0.79682,1.95,1.00
2014.10.16 06:45:43.541,0.79671,0.79682,1.46,1.00
2014.10.16 06:45:43.758,0.79672,0.79684,1.10,1.50
2014.10.16 06:45:43.860,0.79675,0.79684,1.00,1.00
2014.10.16 06:45:44.671,0.79674,0.79684,1.25,1.00
2014.10.16 06:45:44.874,0.79674,0.79689,1.25,1.76
2014.10.16 06:45:45.387,0.79674,0.79689,1.39,1.69
2014.10.16 06:45:45.950,0.79674,0.79688,1.39,1.00
2014.10.16 06:45:46.203,0.79677,0.79688,1.00,1.00
2014.10.16 06:45:46.507,0.79681,0.7969,1.00,1.00
2014.10.16 06:45:46.761,0.79682,0.79692,1.00,1.00
2014.10.16 06:45:47.166,0.79684,0.79693,1.00,1.00
2014.10.16 06:45:47.267,0.79682,0.79693,1.10,1.00
2014.10.16 06:45:47.672,0.79683,0.79696,1.65,1.00
2014.10.16 06:45:52.905,0.79687,0.79699,1.00,1.25
2014.10.16 06:45:53.411,0.79688,0.797,1.00,1.00
2014.10.16 06:45:53.665,0.79688,0.79702,2.96,1.00
2014.10.16 06:45:54.221,0.7969,0.79702,1.00,1.00
2014.10.16 06:45:54.755,0.7969,0.79702,1.19,1.00
2014.10.16 06:45:55.008,0.7969,0.79706,1.46,1.19
2014.10.16 06:45:55.516,0.7969,0.79706,2.89,1.84
2014.10.16 06:45:56.029,0.79691,0.79706,1.19,1.84
2014.10.16 06:45:58.028,0.79691,0.79706,2.44,1.84
2014.10.16 06:45:59.004,0.79692,0.79705,1.19,1.20
2014.10.16 06:45:59.857,0.79692,0.79705,1.19,1.17
2014.10.16 06:46:00.364,0.79691,0.79702,1.69,1.00
2014.10.16 06:46:00.516,0.79691,0.79702,1.25,1.00
2014.10.16 06:46:00.972,0.79687,0.797,1.19,1.10
2014.10.16 06:46:01.023,0.79685,0.797,1.69,1.10
2014.10.16 06:46:01.074,0.79685,0.797,1.19,1.07
2014.10.16 06:46:01.378,0.79683,0.79697,1.19,1.57
2014.10.16 06:46:01.733,0.7968,0.79694,1.19,1.00
2014.10.16 06:46:02.138,0.7968,0.79694,1.00,1.00
2014.10.16 06:46:02.239,0.79679,0.79692,1.25,1.00
2014.10.16 06:46:02.940,0.79679,0.79691,1.25,1.00
2014.10.16 06:46:03.250,0.79679,0.79691,1.19,1.00
2014.10.16 06:46:07.176,0.79679,0.79692,2.14,1.00
2014.10.16 06:46:08.820,0.79679,0.79692,1.31,2.17
2014.10.16 06:46:09.123,0.79669,0.79679,1.00,1.50
2014.10.16 06:46:09.427,0.79664,0.79676,2.21,1.00
2014.10.16 06:46:09.630,0.7966,0.79673,1.19,1.07
2014.10.16 06:46:10.086,0.79659,0.79671,1.25,1.00
2014.10.16 06:46:10.188,0.79656,0.7967,1.29,1.00
2014.10.16 06:46:10.694,0.79656,0.7967,1.19,1.17
2014.10.16 06:46:11.241,0.79654,0.7967,1.19,1.17
2014.10.16 06:46:12.259,0.79654,0.7967,1.19,1.17
2014.10.16 06:46:13.659,0.79654,0.7967,1.19,1.09
2014.10.16 06:46:14.178,0.79657,0.7967,1.19,1.00
2014.10.16 06:46:14.483,0.79659,0.7967,3.15,1.00
2014.10.16 06:46:14.999,0.79661,0.7967,1.25,1.00
2014.10.16 06:46:15.391,0.7966,0.79673,1.29,1.00
2014.10.16 06:46:15.899,0.79659,0.79673,1.69,1.00
2014.10.16 06:46:18.397,0.79659,0.79673,1.09,1.25
2014.10.16 06:46:19.571,0.79659,0.79673,1.39,1.19
2014.10.16 06:46:20.570,0.79659,0.79673,1.39,1.00
2014.10.16 06:46:23.590,0.79659,0.79673,2.96,1.00
2014.10.16 06:46:24.179,0.79659,0.79674,3.34,1.25
2014.10.16 06:46:28.828,0.7966,0.79674,1.36,1.00
2014.10.16 06:46:29.901,0.7966,0.79674,1.74,1.00
2014.10.16 06:46:30.496,0.7966,0.79675,1.74,1.10
2014.10.16 06:46:30.952,0.79662,0.79676,1.74,1.00
2014.10.16 06:46:31.474,0.79662,0.79679,1.74,1.29
2014.10.16 06:46:32.134,0.79662,0.79679,2.21,1.01
2014.10.16 06:46:35.970,0.79663,0.79681,2.06,1.71
2014.10.16 06:46:37.424,0.79664,0.79677,1.19,1.00
2014.10.16 06:46:38.075,0.79667,0.79677,1.00,1.00
2014.10.16 06:46:39.557,0.79664,0.79677,1.29,1.00
2014.10.16 06:46:41.639,0.79664,0.79677,1.76,1.00
2014.10.16 06:46:42.648,0.79664,0.79681,1.76,1.36
2014.10.16 06:46:42.994,0.79664,0.79681,1.19,1.46
2014.10.16 06:46:43.197,0.79664,0.79681,1.19,4.39
2014.10.16 06:46:43.452,0.79659,0.79678,1.64,1.34
2014.10.16 06:46:43.655,0.79659,0.79677,1.09,1.74
2014.10.16 06:46:43.807,0.79659,0.79676,1.01,1.77
2014.10.16 06:46:44.662,0.79659,0.79675,1.10,1.46
2014.10.16 06:46:46.149,0.79658,0.79671,1.76,1.00
2014.10.16 06:46:48.813,0.7966,0.79671,1.39,1.00
2014.10.16 06:46:49.168,0.79663,0.79671,1.00,1.00
2014.10.16 06:46:49.269,0.79663,0.79676,1.00,1.19
2014.10.16 06:46:49.573,0.79664,0.79676,3.19,1.00
2014.10.16 06:46:49.877,0.79669,0.79681,1.00,1.50
2014.10.16 06:46:50.233,0.79671,0.79681,1.00,1.00
2014.10.16 06:46:51.368,0.79671,0.79683,1.00,1.50
2014.10.16 06:46:53.686,0.79671,0.79683,1.31,1.50
2014.10.16 06:46:54.611,0.79671,0.79683,1.00,1.50
2014.10.16 06:46:55.117,0.7967,0.79683,1.25,1.50
2014.10.16 06:46:55.972,0.7967,0.79677,1.00,1.00
2014.10.16 06:46:56.073,0.79666,0.79679,1.76,1.07
2014.10.16 06:46:56.379,0.79666,0.79677,1.19,1.17
2014.10.16 06:46:56.430,0.79664,0.79677,1.25,1.15
2014.10.16 06:46:56.583,0.79663,0.79672,1.00,1.00
2014.10.16 06:46:57.090,0.79663,0.79671,1.00,1.00
2014.10.16 06:47:02.520,0.79663,0.79673,1.25,1.00
2014.10.16 06:47:06.613,0.79663,0.79676,1.00,1.01
2014.10.16 06:47:06.868,0.79666,0.79677,1.00,2.25
2014.10.16 06:47:07.070,0.79669,0.79681,1.00,1.10
2014.10.16 06:47:07.172,0.79672,0.79682,1.50,1.00
2014.10.16 06:47:07.477,0.79674,0.79682,1.00,1.00
2014.10.16 06:47:07.528,0.79674,0.79686,1.00,1.20
2014.10.16 06:47:09.641,0.79674,0.79686,1.19,1.20
2014.10.16 06:47:11.999,0.79677,0.79686,1.00,1.00
2014.10.16 06:47:12.101,0.79677,0.79688,1.00,1.25
2014.10.16 06:47:12.354,0.79679,0.79689,1.00,1.29
2014.10.16 06:47:12.456,0.7968,0.79692,1.00,1.01
2014.10.16 06:47:17.385,0.79681,0.79692,1.12,1.00
2014.10.16 06:47:17.537,0.79683,0.79694,1.00,1.19
2014.10.16 06:47:18.072,0.79683,0.79694,1.00,1.00
2014.10.16 06:47:20.298,0.79683,0.79696,1.25,1.19
2014.10.16 06:47:20.805,0.79683,0.79696,1.19,1.00
2014.10.16 06:47:21.810,0.79684,0.79696,1.19,1.00
2014.10.16 06:47:26.151,0.79684,0.79696,1.25,1.00
2014.10.16 06:47:27.084,0.79684,0.79697,1.25,1.00
2014.10.16 06:47:27.389,0.79694,0.79702,2.10,1.00
2014.10.16 06:47:27.441,0.79696,0.79703,2.10,1.00
2014.10.16 06:47:27.593,0.797,0.79709,2.85,1.00
2014.10.16 06:47:27.696,0.79702,0.79712,2.10,1.00
2014.10.16 06:47:27.848,0.79703,0.79716,1.35,2.25
2014.10.16 06:47:28.355,0.79703,0.7972,1.42,1.84
2014.10.16 06:47:28.456,0.79703,0.7972,1.42,1.09
2014.10.16 06:47:28.762,0.79704,0.79722,1.20,1.36
2014.10.16 06:47:29.269,0.79704,0.79722,1.84,1.29
2014.10.16 06:47:29.775,0.79702,0.79722,5.32,2.59
2014.10.16 06:47:29.826,0.79702,0.79722,2.40,1.84
2014.10.16 06:47:30.686,0.79702,0.79721,1.46,1.71
2014.10.16 06:47:31.743,0.79704,0.7972,1.32,1.64
2014.10.16 06:47:32.279,0.79704,0.79722,1.26,2.21
2014.10.16 06:47:32.688,0.79705,0.79721,1.29,1.46
2014.10.16 06:47:33.195,0.79705,0.79721,2.40,1.19
2014.10.16 06:47:33.752,0.79707,0.79722,1.76,1.32
2014.10.16 06:47:34.057,0.79712,0.79722,1.00,1.25
2014.10.16 06:47:34.564,0.79711,0.79723,1.00,1.19
2014.10.16 06:47:35.077,0.79711,0.79723,1.00,1.25
2014.10.16 06:47:37.186,0.79709,0.79723,1.19,1.00
2014.10.16 06:47:37.925,0.79709,0.79723,1.25,1.69
2014.10.16 06:47:39.976,0.79709,0.79723,1.62,1.25
2014.10.16 06:47:40.280,0.79715,0.79723,1.00,1.00
2014.10.16 06:47:40.937,0.79711,0.79723,1.19,1.00
2014.10.16 06:47:41.477,0.79711,0.79723,1.00,1.00
2014.10.16 06:47:41.986,0.7971,0.79723,1.00,1.00
2014.10.16 06:47:42.190,0.79709,0.79723,1.95,1.10
2014.10.16 06:47:42.394,0.79709,0.79723,1.39,1.25
2014.10.16 06:47:42.496,0.79709,0.79723,1.87,1.25
2014.10.16 06:47:43.006,0.79709,0.79723,1.95,1.25
2014.10.16 06:47:43.962,0.7971,0.79725,1.81,1.76
2014.10.16 06:47:44.013,0.7971,0.79725,1.25,1.84
2014.10.16 06:47:44.925,0.7971,0.79725,1.00,1.84
2014.10.16 06:47:45.128,0.7971,0.79725,1.19,1.76
2014.10.16 06:47:45.694,0.7971,0.79725,1.19,1.84
2014.10.16 06:47:46.686,0.79709,0.79717,1.31,1.00
2014.10.16 06:47:46.788,0.79706,0.79712,1.50,1.00
2014.10.16 06:47:46.839,0.79703,0.7971,1.12,1.00
2014.10.16 06:47:46.940,0.79698,0.79709,1.14,1.00
2014.10.16 06:47:47.041,0.79694,0.79709,1.00,1.15
2014.10.16 06:47:47.092,0.79693,0.79705,2.25,1.00
2014.10.16 06:47:47.346,0.79691,0.79704,1.01,1.00
2014.10.16 06:47:48.557,0.79689,0.79704,2.96,1.00
2014.10.16 06:47:49.078,0.79691,0.79704,1.34,1.00
2014.10.16 06:47:49.847,0.79694,0.79704,1.00,1.00
2014.10.16 06:47:50.354,0.79694,0.79704,1.17,1.00
2014.10.16 06:47:51.947,0.79694,0.79704,1.40,1.00
2014.10.16 06:47:52.050,0.79697,0.79709,1.15,1.00
2014.10.16 06:47:52.253,0.797,0.79709,1.17,1.00
2014.10.16 06:47:53.113,0.79697,0.79709,1.09,1.00
2014.10.16 06:47:53.164,0.79698,0.79713,2.70,1.00
2014.10.16 06:47:53.671,0.79699,0.79713,1.40,1.00
2014.10.16 06:47:53.773,0.79699,0.79713,1.09,1.00
2014.10.16 06:47:54.897,0.797,0.79713,1.00,1.19
2014.10.16 06:47:54.999,0.79701,0.79715,1.55,1.00
2014.10.16 06:47:55.050,0.79701,0.79716,2.02,1.00
2014.10.16 06:47:55.357,0.79708,0.79717,1.00,1.00
2014.10.16 06:47:56.627,0.79709,0.79717,1.00,1.00
2014.10.16 06:47:57.412,0.79708,0.79718,1.25,1.00
2014.10.16 06:47:57.918,0.79708,0.79719,1.25,1.00
2014.10.16 06:48:00.583,0.79708,0.79719,1.19,1.00
2014.10.16 06:48:01.706,0.79708,0.79719,1.50,1.00
2014.10.16 06:48:02.221,0.79706,0.79719,1.29,1.10
2014.10.16 06:48:02.671,0.79702,0.79718,2.21,3.60
2014.10.16 06:48:02.723,0.79699,0.79714,1.34,1.00
2014.10.16 06:48:03.229,0.79699,0.79714,1.34,1.29
2014.10.16 06:48:04.094,0.79697,0.79713,1.34,1.19
2014.10.16 06:48:04.602,0.79697,0.79711,1.34,1.00
2014.10.16 06:48:05.314,0.79697,0.79711,1.34,1.50
2014.10.16 06:48:09.415,0.79697,0.79711,1.01,1.76
2014.10.16 06:48:16.364,0.79696,0.79709,1.29,1.00
2014.10.16 06:48:17.173,0.79696,0.79709,1.01,1.00
2014.10.16 06:48:21.741,0.79698,0.79709,1.00,1.50
2014.10.16 06:48:22.045,0.79698,0.79707,1.00,1.00
2014.10.16 06:48:25.302,0.79695,0.79707,1.19,1.00
2014.10.16 06:48:25.505,0.79698,0.79707,1.00,1.00
2014.10.16 06:48:27.826,0.79695,0.79707,1.25,1.00
2014.10.16 06:48:28.339,0.79697,0.79707,1.00,1.00
2014.10.16 06:48:28.544,0.79697,0.79709,1.00,1.69
2014.10.16 06:48:30.817,0.79697,0.79709,1.19,1.00
2014.10.16 06:48:31.902,0.79697,0.79709,1.69,1.00
2014.10.16 06:48:33.110,0.79698,0.79709,1.19,1.00
2014.10.16 06:48:33.514,0.797,0.79711,1.00,1.00
2014.10.16 06:48:33.616,0.79704,0.79713,1.00,1.00
2014.10.16 06:48:33.718,0.79704,0.79716,1.00,2.25
2014.10.16 06:48:33.921,0.79706,0.79717,1.00,1.50
2014.10.16 06:48:34.226,0.79708,0.7972,2.62,1.00
2014.10.16 06:48:34.276,0.79714,0.79722,1.00,1.10
2014.10.16 06:48:34.378,0.79714,0.79725,1.00,1.29
2014.10.16 06:48:34.530,0.79712,0.79725,1.87,1.19
2014.10.16 06:48:34.735,0.79714,0.79725,1.00,1.00
2014.10.16 06:48:35.195,0.79715,0.79728,1.00,1.09
2014.10.16 06:48:35.713,0.79715,0.79728,1.00,1.25
2014.10.16 06:48:36.692,0.79714,0.79728,2.06,1.00
2014.10.16 06:48:37.476,0.79714,0.79728,1.19,1.07
2014.10.16 06:48:37.729,0.79711,0.79725,1.39,1.00
2014.10.16 06:48:37.831,0.79711,0.79725,1.25,2.25
2014.10.16 06:48:38.941,0.79709,0.79721,1.32,1.00
2014.10.16 06:48:39.448,0.79709,0.79721,1.25,1.00
2014.10.16 06:48:39.955,0.79708,0.79721,1.00,1.00
2014.10.16 06:48:48.119,0.79708,0.79721,1.00,1.39
2014.10.16 06:48:48.423,0.79707,0.7972,1.00,1.71
2014.10.16 06:48:48.474,0.79704,0.79719,1.25,1.77
2014.10.16 06:49:00.180,0.79707,0.79717,1.00,1.00
2014.10.16 06:49:02.859,0.79707,0.79717,1.07,1.00
2014.10.16 06:49:02.910,0.79707,0.79719,1.07,1.25
2014.10.16 06:49:03.417,0.79709,0.79721,1.10,1.19
2014.10.16 06:49:04.138,0.79709,0.79721,1.07,1.19
2014.10.16 06:49:04.240,0.79712,0.79722,1.00,1.00
2014.10.16 06:49:04.749,0.79712,0.79722,1.15,1.00
2014.10.16 06:49:05.239,0.79715,0.79726,1.07,1.69
2014.10.16 06:49:05.751,0.79715,0.79726,1.57,1.19
2014.10.16 06:49:06.107,0.79715,0.79727,1.57,1.00
2014.10.16 06:49:06.616,0.79717,0.79728,1.00,1.00
2014.10.16 06:49:08.391,0.79716,0.79728,1.09,1.25
2014.10.16 06:49:12.258,0.79714,0.79726,1.84,1.00
2014.10.16 06:49:12.461,0.79713,0.79725,1.65,1.00
2014.10.16 06:49:12.614,0.79713,0.79722,1.07,1.00
2014.10.16 06:49:12.665,0.7971,0.79722,1.84,1.00
2014.10.16 06:49:12.767,0.7971,0.79722,1.65,1.00
2014.10.16 06:49:13.287,0.79709,0.79721,1.84,1.00
2014.10.16 06:49:14.668,0.79707,0.79718,1.34,1.00
2014.10.16 06:49:14.922,0.79707,0.79718,1.00,1.00
2014.10.16 06:49:15.226,0.79706,0.79716,1.57,1.00
2014.10.16 06:49:15.796,0.79705,0.79716,1.10,1.00
2014.10.16 06:49:16.935,0.79705,0.79714,1.00,1.00
2014.10.16 06:49:17.189,0.79702,0.79714,1.10,2.25
2014.10.16 06:49:17.694,0.79702,0.79714,1.07,2.25
2014.10.16 06:49:17.745,0.797,0.79712,1.84,1.00
2014.10.16 06:49:17.998,0.79701,0.79713,1.20,1.00
2014.10.16 06:49:18.200,0.79701,0.79711,1.07,1.00
2014.10.16 06:49:18.301,0.79701,0.79713,1.15,1.69
2014.10.16 06:49:18.352,0.79701,0.79711,1.07,1.00
2014.10.16 06:49:18.858,0.797,0.79711,1.15,1.00
2014.10.16 06:49:20.739,0.797,0.79711,1.00,1.00
2014.10.16 06:49:21.247,0.797,0.7971,1.00,1.00
2014.10.16 06:49:21.298,0.79698,0.7971,1.20,1.50
2014.10.16 06:49:21.652,0.79698,0.79707,1.00,1.00
2014.10.16 06:49:22.185,0.79697,0.79707,1.00,1.00
2014.10.16 06:49:28.004,0.79695,0.79707,1.25,1.50
2014.10.16 06:49:31.711,0.79695,0.79707,1.00,1.57
2014.10.16 06:49:32.169,0.79693,0.79705,1.25,1.50
2014.10.16 06:49:36.875,0.79696,0.79706,1.00,1.69
2014.10.16 06:49:37.382,0.79696,0.79706,1.10,1.50
2014.10.16 06:49:37.787,0.79693,0.79705,1.01,1.00
2014.10.16 06:49:37.991,0.79696,0.79706,1.00,1.50
2014.10.16 06:49:38.245,0.79697,0.79708,1.00,1.00
2014.10.16 06:49:38.346,0.797,0.79708,1.00,1.00
2014.10.16 06:49:38.397,0.797,0.7971,1.00,1.50
2014.10.16 06:49:40.054,0.797,0.7971,1.17,1.00
2014.10.16 06:49:40.574,0.79701,0.79711,1.10,1.00
2014.10.16 06:49:41.838,0.79702,0.79712,1.00,1.00
2014.10.16 06:49:42.653,0.79702,0.79713,1.00,1.00
2014.10.16 06:49:43.828,0.79704,0.79713,1.00,1.00
2014.10.16 06:49:45.562,0.79704,0.79716,1.00,1.19
2014.10.16 06:49:47.032,0.79702,0.79714,1.00,1.19
2014.10.16 06:49:47.133,0.797,0.79712,1.50,1.00
2014.10.16 06:49:49.129,0.797,0.7971,1.00,1.00
2014.10.16 06:49:51.268,0.797,0.79709,1.00,1.00
2014.10.16 06:49:56.108,0.797,0.79707,1.00,1.00
2014.10.16 06:49:56.159,0.79698,0.79707,1.00,1.00
2014.10.16 06:49:56.311,0.79695,0.79707,1.69,1.50
2014.10.16 06:49:57.222,0.79695,0.79705,1.00,1.00
2014.10.16 06:50:00.976,0.79694,0.79705,1.25,1.50
2014.10.16 06:50:10.779,0.79692,0.79704,1.25,1.00
2014.10.16 06:50:10.881,0.79692,0.79702,1.00,1.00
2014.10.16 06:50:11.235,0.79689,0.79701,1.10,1.00
2014.10.16 06:50:11.590,0.79689,0.79698,1.00,1.00
2014.10.16 06:50:11.692,0.79685,0.79697,1.84,1.00
2014.10.16 06:50:11.996,0.79684,0.79696,1.10,1.50
2014.10.16 06:50:12.201,0.79682,0.79694,1.07,1.50
2014.10.16 06:50:12.712,0.79682,0.79694,1.00,1.50
2014.10.16 06:50:13.016,0.79682,0.79691,1.00,1.00
2014.10.16 06:50:13.551,0.7968,0.7969,1.10,1.00
2014.10.16 06:50:14.057,0.7968,0.79689,1.00,1.00
2014.10.16 06:50:15.019,0.7968,0.79688,1.00,1.00
2014.10.16 06:50:16.725,0.79677,0.79688,1.20,1.00
2014.10.16 06:50:17.242,0.79676,0.79688,1.10,1.50
2014.10.16 06:50:17.873,0.79674,0.79688,1.09,1.25
2014.10.16 06:50:17.924,0.79674,0.79686,1.09,1.50
2014.10.16 06:50:18.381,0.79671,0.79685,1.32,1.07
2014.10.16 06:50:18.686,0.79668,0.79678,1.19,1.10
2014.10.16 06:50:19.041,0.79665,0.79678,2.29,1.10
2014.10.16 06:50:19.454,0.79665,0.79676,2.29,1.00
2014.10.16 06:50:20.026,0.79665,0.79676,1.35,1.57
2014.10.16 06:50:20.128,0.79663,0.79673,1.00,1.00
2014.10.16 06:50:20.331,0.79656,0.7967,3.56,1.10
2014.10.16 06:50:20.533,0.79656,0.7967,1.31,1.00
2014.10.16 06:50:21.556,0.79652,0.7967,1.71,1.10
2014.10.16 06:50:22.053,0.79654,0.79667,1.29,1.00
2014.10.16 06:50:22.661,0.79652,0.79666,1.29,1.50
2014.10.16 06:50:22.875,0.79652,0.7967,1.29,1.46
2014.10.16 06:50:23.077,0.79652,0.79665,1.29,1.50
2014.10.16 06:50:23.664,0.79651,0.79665,2.21,1.50
2014.10.16 06:50:26.260,0.7965,0.7967,1.76,3.64
2014.10.16 06:50:26.774,0.7965,0.79669,1.76,1.34
2014.10.16 06:50:27.223,0.7965,0.79669,1.69,3.64
2014.10.16 06:50:27.376,0.79648,0.79668,1.29,2.96
2014.10.16 06:50:27.932,0.79648,0.79667,1.19,3.64
2014.10.16 06:50:28.475,0.79649,0.79666,1.19,1.46
2014.10.16 06:50:28.986,0.79649,0.79661,1.19,1.00
2014.10.16 06:50:29.458,0.79647,0.79661,1.19,1.00
2014.10.16 06:50:30.578,0.79646,0.79661,1.19,1.20
2014.10.16 06:50:31.614,0.79645,0.79661,2.44,1.20
2014.10.16 06:50:31.833,0.79645,0.79661,2.36,1.17
2014.10.16 06:50:32.136,0.79645,0.79657,1.19,1.07
2014.10.16 06:50:32.491,0.79645,0.79657,1.54,1.10
2014.10.16 06:50:33.009,0.79644,0.79657,1.54,1.17
2014.10.16 06:50:33.678,0.79643,0.79657,2.29,1.17
2014.10.16 06:50:34.876,0.79643,0.79657,1.79,1.17
2014.10.16 06:50:35.283,0.79641,0.79657,1.19,1.40
2014.10.16 06:50:35.640,0.79641,0.79652,1.19,1.00
2014.10.16 06:50:35.691,0.79641,0.79652,1.25,1.00
2014.10.16 06:50:35.995,0.79639,0.79652,1.19,1.15
2014.10.16 06:50:36.097,0.79633,0.79652,2.89,1.40
2014.10.16 06:50:36.148,0.79633,0.79647,2.51,1.00
2014.10.16 06:50:36.489,0.79633,0.79647,1.19,1.17
2014.10.16 06:50:36.996,0.79633,0.79647,1.19,1.15
2014.10.16 06:50:37.503,0.79633,0.79647,1.19,1.17
2014.10.16 06:50:38.306,0.7963,0.79647,2.89,1.09
2014.10.16 06:50:39.411,0.7963,0.79647,2.96,1.01
2014.10.16 06:50:40.298,0.7963,0.79647,2.14,1.09
2014.10.16 06:50:41.726,0.79631,0.79647,1.46,1.25
2014.10.16 06:50:41.979,0.79632,0.79645,1.29,1.00
2014.10.16 06:50:42.877,0.79632,0.79645,1.29,1.00
2014.10.16 06:50:44.896,0.79632,0.79645,1.19,1.10
2014.10.16 06:50:48.872,0.79631,0.79644,1.29,1.00
2014.10.16 06:50:49.993,0.79631,0.79644,1.29,1.50
2014.10.16 06:50:53.592,0.7963,0.79644,1.76,1.50
2014.10.16 06:50:54.706,0.7963,0.79644,1.29,1.57
2014.10.16 06:50:55.222,0.7963,0.79644,1.19,1.57
2014.10.16 06:50:55.729,0.7963,0.79644,1.19,1.50
2014.10.16 06:50:57.307,0.79629,0.79644,1.10,1.50
2014.10.16 06:50:57.358,0.79629,0.79641,1.00,1.00
2014.10.16 06:50:57.409,0.79627,0.79641,1.57,1.00
2014.10.16 06:50:57.460,0.79627,0.79641,1.69,1.20
2014.10.16 06:50:57.765,0.79623,0.79637,1.19,1.17
2014.10.16 06:50:57.918,0.79621,0.79637,1.84,1.20
2014.10.16 06:50:58.272,0.79621,0.79637,1.00,1.15
2014.10.16 06:50:58.627,0.79619,0.79632,2.14,1.00
2014.10.16 06:50:59.423,0.79622,0.79632,1.00,1.50
2014.10.16 06:51:00.204,0.7962,0.79632,1.19,1.50
2014.10.16 06:51:05.872,0.7962,0.79632,1.19,1.50
2014.10.16 06:51:08.455,0.79621,0.79632,1.19,1.50
2014.10.16 06:51:10.935,0.79627,0.79633,1.00,1.00
2014.10.16 06:51:11.188,0.79625,0.79633,1.00,1.00
2014.10.16 06:51:11.646,0.79624,0.79628,1.00,1.00
2014.10.16 06:51:12.111,0.79623,0.79633,1.00,2.29
2014.10.16 06:51:12.167,0.79619,0.79631,1.00,1.15
2014.10.16 06:51:12.471,0.79619,0.79631,1.00,2.10
2014.10.16 06:51:12.522,0.79614,0.79631,1.19,1.62
2014.10.16 06:51:12.573,0.79614,0.79629,1.19,2.32
2014.10.16 06:51:13.114,0.79614,0.7963,1.19,2.77
2014.10.16 06:51:13.557,0.79611,0.7963,1.19,2.77
2014.10.16 06:51:14.188,0.79611,0.7963,1.29,1.35
2014.10.16 06:51:14.698,0.7961,0.7963,1.29,2.21
2014.10.16 06:51:15.106,0.7961,0.79624,1.29,1.00
2014.10.16 06:51:15.443,0.7961,0.79622,1.29,1.00
2014.10.16 06:51:15.974,0.79609,0.79622,1.84,1.00
2014.10.16 06:51:16.703,0.7961,0.79622,1.29,1.00
2014.10.16 06:51:18.973,0.79611,0.79622,1.29,1.00
2014.10.16 06:51:19.719,0.79609,0.79622,1.74,1.00
2014.10.16 06:51:20.455,0.7961,0.79624,1.39,1.50
2014.10.16 06:51:21.113,0.7961,0.79624,1.46,1.00
2014.10.16 06:51:27.394,0.7961,0.79624,2.96,1.00
2014.10.16 06:51:28.587,0.7961,0.79624,2.21,1.00
2014.10.16 06:51:31.132,0.7961,0.79625,2.21,1.00
2014.10.16 06:51:31.884,0.7961,0.79625,2.21,1.00
2014.10.16 06:51:34.525,0.79611,0.79625,2.51,1.25
2014.10.16 06:51:34.831,0.79614,0.79625,2.51,1.00
2014.10.16 06:51:35.237,0.79616,0.7963,1.34,1.50
2014.10.16 06:51:35.822,0.79618,0.7963,1.15,1.00
2014.10.16 06:51:35.924,0.79618,0.79635,2.32,2.44
2014.10.16 06:51:35.975,0.79619,0.79635,1.40,1.50
2014.10.16 06:51:36.483,0.7962,0.79635,1.34,1.00
2014.10.16 06:51:36.635,0.7962,0.79635,1.34,1.00
2014.10.16 06:51:37.287,0.7962,0.79635,1.29,1.00
2014.10.16 06:51:37.837,0.79621,0.79635,1.19,1.00
2014.10.16 06:51:38.581,0.79622,0.79635,1.29,1.00
2014.10.16 06:51:38.784,0.79624,0.79638,1.32,1.00
2014.10.16 06:51:38.885,0.79626,0.7964,1.10,1.69
2014.10.16 06:51:40.794,0.79626,0.7964,2.14,1.00
2014.10.16 06:51:44.314,0.79626,0.79641,1.39,2.25
2014.10.16 06:51:47.828,0.79627,0.79641,1.19,2.25
2014.10.16 06:51:49.409,0.79628,0.79641,1.19,2.25
2014.10.16 06:51:51.903,0.79627,0.79641,1.19,2.25
2014.10.16 06:51:53.851,0.79628,0.7964,1.19,1.00
2014.10.16 06:51:55.102,0.79627,0.7964,1.39,1.00
2014.10.16 06:51:56.822,0.79627,0.79641,1.39,3.00
2014.10.16 06:51:57.346,0.79627,0.79641,1.84,3.00
2014.10.16 06:52:00.123,0.79627,0.79641,1.39,3.94
2014.10.16 06:52:00.427,0.79627,0.79639,1.19,1.07
2014.10.16 06:52:02.124,0.79627,0.79639,1.19,1.57
2014.10.16 06:52:02.632,0.79627,0.79639,1.19,1.50
2014.10.16 06:52:03.178,0.79626,0.79639,1.69,1.50
2014.10.16 06:52:04.172,0.79628,0.79639,1.19,1.50
2014.10.16 06:52:04.628,0.79631,0.79639,1.00,1.00
2014.10.16 06:52:04.679,0.79631,0.79644,1.25,1.57
2014.10.16 06:52:04.730,0.79633,0.79644,1.00,1.00
2014.10.16 06:52:05.136,0.79634,0.79643,1.37,1.00
2014.10.16 06:52:05.188,0.79634,0.79647,1.37,1.50
2014.10.16 06:52:05.290,0.79637,0.79647,1.00,1.00
2014.10.16 06:52:05.442,0.79637,0.79649,1.00,1.00
2014.10.16 06:52:05.747,0.79641,0.79649,1.00,1.00
2014.10.16 06:52:05.798,0.79641,0.79654,1.00,1.50
2014.10.16 06:52:06.305,0.79642,0.79654,1.00,1.17
2014.10.16 06:52:06.845,0.79642,0.79654,1.00,1.10
2014.10.16 06:52:07.482,0.79642,0.79654,1.19,1.10
2014.10.16 06:52:08.732,0.79643,0.79654,1.32,1.00
2014.10.16 06:52:09.105,0.79649,0.79654,1.10,1.00
2014.10.16 06:52:09.156,0.79648,0.79659,1.01,1.00
2014.10.16 06:52:09.511,0.79646,0.79657,1.34,1.00
2014.10.16 06:52:10.145,0.79645,0.79657,1.40,1.00
2014.10.16 06:52:10.529,0.79645,0.79657,1.09,1.00
2014.10.16 06:52:11.063,0.79645,0.79657,1.09,1.00
2014.10.16 06:52:12.337,0.79645,0.79657,1.84,1.00
2014.10.16 06:52:12.590,0.79646,0.79659,1.76,1.00
2014.10.16 06:52:13.046,0.79645,0.79661,1.84,1.76
2014.10.16 06:52:13.501,0.79646,0.79659,1.26,1.00
2014.10.16 06:52:15.931,0.79646,0.7966,1.76,1.00
2014.10.16 06:52:16.235,0.79643,0.79658,1.84,1.00
2014.10.16 06:52:16.742,0.79643,0.79659,1.84,1.69
2014.10.16 06:52:17.248,0.79643,0.79659,1.34,1.19
2014.10.16 06:52:18.223,0.79644,0.79659,1.36,1.19
2014.10.16 06:52:18.726,0.79644,0.79657,1.36,1.00
2014.10.16 06:52:20.093,0.79644,0.79658,1.36,1.25
2014.10.16 06:52:20.651,0.79644,0.79657,1.36,1.00
2014.10.16 06:52:21.235,0.79643,0.79657,1.34,1.00
2014.10.16 06:52:22.274,0.79644,0.79657,1.36,1.50
2014.10.16 06:52:25.033,0.79643,0.79657,1.29,1.50
2014.10.16 06:52:25.809,0.79643,0.79656,1.29,1.12
2014.10.16 06:52:25.860,0.79641,0.79655,1.19,1.00
2014.10.16 06:52:27.996,0.79641,0.79655,1.34,1.87
2014.10.16 06:52:28.098,0.79642,0.79655,1.05,1.20
2014.10.16 06:52:28.149,0.79643,0.79655,2.06,1.10
2014.10.16 06:52:28.453,0.7964,0.79653,1.69,1.00
2014.10.16 06:52:28.554,0.79638,0.79653,1.19,1.57
2014.10.16 06:52:28.707,0.79638,0.7965,1.19,1.00
2014.10.16 06:52:29.262,0.79638,0.79649,1.19,1.00
2014.10.16 06:52:29.365,0.79637,0.79651,1.29,1.50
2014.10.16 06:52:29.891,0.79639,0.79652,1.25,1.50
2014.10.16 06:52:30.401,0.79639,0.79652,1.19,1.50
2014.10.16 06:52:34.231,0.79639,0.79652,1.19,1.07
2014.10.16 06:52:34.738,0.79639,0.79652,1.19,1.07
2014.10.16 06:52:35.278,0.7964,0.79653,1.25,1.65
2014.10.16 06:52:35.784,0.7964,0.79653,1.25,1.15
2014.10.16 06:52:36.324,0.7964,0.79653,1.19,1.15
2014.10.16 06:52:36.829,0.79639,0.79651,1.19,1.00
2014.10.16 06:52:37.339,0.79639,0.79651,1.19,1.00
2014.10.16 06:52:41.297,0.79639,0.79651,1.19,1.00
2014.10.16 06:52:42.576,0.79641,0.79653,1.25,1.00
2014.10.16 06:52:43.160,0.79641,0.79654,1.25,1.95
2014.10.16 06:52:46.103,0.79641,0.79652,1.25,1.00
2014.10.16 06:52:46.671,0.79641,0.79652,1.19,1.00
2014.10.16 06:52:47.181,0.79643,0.79652,1.00,1.00
2014.10.16 06:52:50.379,0.79642,0.79652,1.00,1.00
2014.10.16 06:52:51.571,0.79642,0.79653,1.00,1.00
2014.10.16 06:52:58.114,0.79638,0.79651,1.46,1.00
2014.10.16 06:53:00.041,0.79638,0.79651,1.39,1.00
2014.10.16 06:53:00.548,0.79638,0.79651,1.76,1.00
2014.10.16 06:53:02.143,0.79638,0.79651,1.69,1.00
2014.10.16 06:53:03.563,0.79638,0.79651,1.69,1.00
2014.10.16 06:53:03.943,0.7964,0.79653,1.25,1.57
2014.10.16 06:53:07.205,0.7964,0.79653,1.19,2.25
2014.10.16 06:53:11.219,0.79643,0.79653,1.00,1.50
2014.10.16 06:53:28.944,0.79643,0.79654,1.00,1.25
2014.10.16 06:53:29.715,0.79645,0.79656,1.00,1.19
2014.10.16 06:53:30.031,0.79645,0.79656,1.00,1.25
2014.10.16 06:53:30.234,0.79647,0.79658,1.00,1.69
2014.10.16 06:53:30.927,0.79647,0.79658,1.00,1.25
2014.10.16 06:53:33.332,0.79648,0.79658,1.00,1.00
2014.10.16 06:53:33.534,0.79648,0.7966,1.00,1.50
2014.10.16 06:53:34.834,0.79648,0.7966,1.07,1.50
2014.10.16 06:53:34.885,0.79651,0.7966,1.00,1.00
2014.10.16 06:53:35.138,0.79651,0.79662,1.00,1.00
2014.10.16 06:53:35.189,0.79653,0.79662,1.00,1.00
2014.10.16 06:53:35.290,0.79654,0.79666,1.00,1.76
2014.10.16 06:53:35.543,0.79657,0.79668,1.00,1.01
2014.10.16 06:53:35.897,0.79658,0.7967,1.10,1.00
2014.10.16 06:53:35.999,0.7966,0.7967,1.00,1.00
2014.10.16 06:53:36.303,0.7966,0.79672,1.00,1.01
2014.10.16 06:53:42.929,0.79662,0.79674,1.00,2.21
2014.10.16 06:53:44.106,0.79662,0.79674,1.00,1.29
2014.10.16 06:53:46.375,0.79662,0.79673,1.00,1.19
2014.10.16 06:53:47.035,0.79662,0.79674,1.25,1.25
2014.10.16 06:53:47.763,0.79665,0.79676,1.00,1.19
2014.10.16 06:53:48.075,0.79663,0.79676,1.25,1.69
2014.10.16 06:53:50.792,0.79663,0.79676,1.00,2.06
2014.10.16 06:53:50.843,0.79661,0.79672,1.29,1.50
2014.10.16 06:53:51.299,0.79659,0.79671,1.19,1.00
2014.10.16 06:53:53.071,0.7966,0.79671,1.19,1.00
2014.10.16 06:53:54.288,0.79658,0.79671,1.19,1.25
2014.10.16 06:53:54.600,0.79657,0.79669,1.29,1.00
2014.10.16 06:53:55.721,0.79656,0.79669,1.19,2.25
2014.10.16 06:53:55.772,0.79655,0.79667,1.19,1.00
2014.10.16 06:53:56.663,0.79655,0.79667,1.25,1.00
2014.10.16 06:53:58.097,0.79652,0.79665,1.19,1.00
2014.10.16 06:53:58.401,0.79652,0.79663,1.00,1.00
2014.10.16 06:53:58.704,0.79649,0.7966,1.00,2.25
2014.10.16 06:53:58.755,0.79646,0.79659,1.19,1.00
2014.10.16 06:53:59.261,0.79646,0.79659,1.00,1.10
2014.10.16 06:53:59.312,0.79645,0.79657,1.00,1.00
2014.10.16 06:54:01.304,0.79644,0.79657,1.25,1.50
2014.10.16 06:54:02.549,0.79644,0.79657,1.19,1.50
2014.10.16 06:54:03.398,0.79644,0.79657,1.25,1.50
2014.10.16 06:54:04.532,0.79644,0.79657,1.19,1.69
2014.10.16 06:54:05.048,0.79644,0.79656,1.19,1.00
2014.10.16 06:54:05.555,0.79644,0.79656,1.25,1.00
2014.10.16 06:54:06.547,0.79643,0.79656,1.25,1.50
2014.10.16 06:54:07.053,0.79644,0.79656,1.00,1.39
2014.10.16 06:54:07.256,0.79639,0.7965,1.00,1.00
2014.10.16 06:54:07.459,0.79637,0.79649,1.00,1.00
2014.10.16 06:54:07.663,0.79634,0.79647,2.21,1.00
2014.10.16 06:54:07.917,0.79634,0.79647,1.00,1.57
2014.10.16 06:54:08.018,0.79631,0.79644,1.25,1.00
2014.10.16 06:54:08.626,0.79628,0.79644,2.21,2.32
2014.10.16 06:54:08.930,0.79627,0.79641,1.34,1.00
2014.10.16 06:54:10.097,0.79627,0.79641,1.09,1.00
2014.10.16 06:54:11.474,0.79625,0.79641,3.64,1.25
2014.10.16 06:54:17.802,0.79626,0.79641,1.71,1.25
2014.10.16 06:54:18.713,0.79625,0.79641,1.71,1.50
2014.10.16 06:54:19.017,0.79624,0.79638,1.36,1.00
2014.10.16 06:54:19.068,0.79623,0.79638,2.44,1.00
2014.10.16 06:54:19.575,0.79623,0.79638,1.39,1.00
2014.10.16 06:54:20.081,0.7962,0.7964,1.46,1.39
2014.10.16 06:54:20.537,0.7962,0.79639,1.84,1.39
2014.10.16 06:54:20.588,0.7962,0.79638,1.01,1.84
2014.10.16 06:54:20.943,0.7962,0.79636,1.00,2.21
2014.10.16 06:54:20.995,0.79615,0.79633,3.71,1.10
2014.10.16 06:54:21.881,0.79614,0.79633,2.81,1.95
2014.10.16 06:54:23.118,0.79614,0.79633,2.81,2.14
2014.10.16 06:54:23.609,0.79614,0.79633,7.16,1.31
2014.10.16 06:54:25.133,0.79614,0.79633,3.56,1.19
2014.10.16 06:54:25.659,0.79615,0.79633,2.06,1.19
2014.10.16 06:54:26.643,0.79615,0.79633,1.31,1.19
2014.10.16 06:54:30.173,0.79614,0.79631,2.21,1.25
2014.10.16 06:54:30.527,0.79614,0.79631,1.46,1.76
2014.10.16 06:54:31.098,0.79613,0.79631,1.71,1.19
2014.10.16 06:54:31.402,0.79612,0.79625,1.76,1.00
2014.10.16 06:54:31.453,0.79612,0.79625,1.10,1.00
2014.10.16 06:54:31.760,0.79608,0.79625,1.36,1.20
2014.10.16 06:54:32.016,0.79607,0.79623,1.34,1.00
2014.10.16 06:54:32.326,0.79607,0.79623,1.19,1.15
2014.10.16 06:54:32.629,0.79606,0.79623,2.06,1.34
2014.10.16 06:54:32.832,0.79606,0.79622,1.31,1.34
2014.10.16 06:54:33.359,0.79604,0.79622,1.76,2.21
2014.10.16 06:54:33.562,0.79604,0.79622,1.01,2.21
2014.10.16 06:54:33.916,0.79601,0.7962,1.39,3.64
2014.10.16 06:54:33.967,0.796,0.7962,2.96,4.39
2014.10.16 06:54:34.321,0.796,0.7962,2.96,2.21
2014.10.16 06:54:34.848,0.796,0.7962,2.96,2.21
2014.10.16 06:54:34.921,0.796,0.79618,2.96,1.39
2014.10.16 06:54:36.059,0.796,0.79618,1.84,1.39
2014.10.16 06:54:36.679,0.79601,0.79618,1.34,1.19
2014.10.16 06:54:38.658,0.79599,0.79618,2.81,1.19
2014.10.16 06:54:40.039,0.79599,0.79619,2.81,1.46
2014.10.16 06:54:41.469,0.796,0.7962,1.34,2.21
2014.10.16 06:54:41.989,0.796,0.7962,2.21,2.14
2014.10.16 06:54:42.496,0.79601,0.79621,2.21,2.21
2014.10.16 06:54:42.901,0.79605,0.79621,1.70,1.26
2014.10.16 06:54:43.420,0.79607,0.79622,1.17,1.29
2014.10.16 06:54:43.938,0.79607,0.79622,1.10,1.19
2014.10.16 06:54:43.989,0.79607,0.79622,1.01,1.25
2014.10.16 06:54:45.003,0.79607,0.79622,1.29,1.19
2014.10.16 06:54:46.183,0.79608,0.79623,1.36,1.00
2014.10.16 06:54:46.774,0.79608,0.79623,1.71,1.00
2014.10.16 06:54:47.351,0.79608,0.79623,2.21,1.00
2014.10.16 06:54:48.628,0.79608,0.79623,2.21,1.00
2014.10.16 06:54:49.140,0.79608,0.79623,2.21,1.00
2014.10.16 06:54:51.641,0.79608,0.79628,2.21,2.14
2014.10.16 06:54:52.255,0.79608,0.79628,2.21,2.21
2014.10.16 06:54:52.760,0.79608,0.79628,2.21,2.14
2014.10.16 06:54:53.318,0.79608,0.79628,2.21,2.21
2014.10.16 06:54:53.899,0.79608,0.79627,1.46,1.46
2014.10.16 06:55:00.462,0.79607,0.79626,1.34,1.74
2014.10.16 06:55:00.977,0.79606,0.79626,2.21,2.21
2014.10.16 06:55:02.153,0.79606,0.79624,1.39,1.34
2014.10.16 06:55:02.204,0.79605,0.79624,1.74,1.84
2014.10.16 06:55:02.509,0.79605,0.79619,1.00,1.00
2014.10.16 06:55:02.662,0.796,0.79619,1.71,2.51
2014.10.16 06:55:03.168,0.796,0.79619,1.36,3.07
2014.10.16 06:55:03.606,0.79599,0.79618,2.21,1.46
2014.10.16 06:55:04.776,0.79599,0.79617,1.34,1.39
2014.10.16 06:55:06.376,0.79599,0.79616,1.76,1.46
2014.10.16 06:55:06.886,0.79599,0.79613,1.76,1.00
2014.10.16 06:55:07.190,0.79599,0.79603,1.00,1.30
2014.10.16 06:55:07.241,0.79596,0.79603,1.00,1.30
2014.10.16 06:55:07.343,0.79596,0.79601,1.00,1.00
2014.10.16 06:55:07.799,0.79586,0.796,1.00,1.20
2014.10.16 06:55:08.154,0.79582,0.796,2.59,1.80
2014.10.16 06:55:08.255,0.7958,0.79598,1.34,1.07
2014.10.16 06:55:08.559,0.79579,0.79598,1.84,1.15
2014.10.16 06:55:09.066,0.79579,0.79598,1.65,1.57
2014.10.16 06:55:09.613,0.79579,0.79598,1.65,2.02
2014.10.16 06:55:09.927,0.79579,0.79596,1.84,1.31
2014.10.16 06:55:10.701,0.79579,0.79596,3.26,1.31
2014.10.16 06:55:11.216,0.79579,0.79595,3.64,1.19
2014.10.16 06:55:12.096,0.79579,0.79595,1.34,1.31
2014.10.16 06:55:12.197,0.79577,0.79595,1.84,1.56
2014.10.16 06:55:12.957,0.79578,0.79595,1.17,2.14
2014.10.16 06:55:14.077,0.79576,0.79595,1.34,2.06
2014.10.16 06:55:14.701,0.79576,0.79595,1.34,2.21
2014.10.16 06:55:15.312,0.79577,0.79595,1.46,1.69
2014.10.16 06:55:15.877,0.79577,0.79596,1.15,2.59
2014.10.16 06:55:16.030,0.79573,0.79589,1.42,1.10
2014.10.16 06:55:16.536,0.79571,0.7959,1.36,1.40
2014.10.16 06:55:17.093,0.7957,0.79589,1.34,1.74
2014.10.16 06:55:18.124,0.79571,0.79589,1.46,1.66
2014.10.16 06:55:18.738,0.7957,0.79588,1.34,1.56
2014.10.16 06:55:19.093,0.7957,0.79577,1.00,1.00
2014.10.16 06:55:19.144,0.7957,0.79576,1.00,1.00
2014.10.16 06:55:19.431,0.79566,0.79576,1.00,1.25
2014.10.16 06:55:19.482,0.79563,0.79574,2.36,1.00
2014.10.16 06:55:19.988,0.79561,0.79574,1.94,1.00
2014.10.16 06:55:20.292,0.79565,0.79577,1.45,1.00
2014.10.16 06:55:20.494,0.79567,0.79585,2.70,1.00
2014.10.16 06:55:20.545,0.79571,0.79585,1.15,1.00
2014.10.16 06:55:20.647,0.79571,0.7959,6.00,1.47
2014.10.16 06:55:20.699,0.79573,0.79592,3.45,1.39
2014.10.16 06:55:20.901,0.79575,0.79592,1.27,1.01
2014.10.16 06:55:21.410,0.79575,0.79595,1.52,1.34
2014.10.16 06:55:21.461,0.79575,0.79595,3.45,1.26
2014.10.16 06:55:21.513,0.79579,0.79596,1.27,1.19
2014.10.16 06:55:21.715,0.79579,0.79597,2.02,1.76
2014.10.16 06:55:22.120,0.79581,0.79597,2.02,1.01
2014.10.16 06:55:22.323,0.79583,0.79602,1.17,1.71
2014.10.16 06:55:22.475,0.79583,0.79602,1.52,1.26
2014.10.16 06:55:22.880,0.79584,0.79603,1.52,1.39
2014.10.16 06:55:22.984,0.79588,0.79604,1.20,1.32
2014.10.16 06:55:23.034,0.79588,0.79604,1.27,1.25
2014.10.16 06:55:23.540,0.7959,0.79607,1.15,1.19
2014.10.16 06:55:24.071,0.7959,0.79607,1.15,1.39
2014.10.16 06:55:24.584,0.7959,0.79608,1.15,1.46
2014.10.16 06:55:25.091,0.79588,0.79608,1.15,2.21
2014.10.16 06:55:26.138,0.79588,0.79606,1.34,2.14
2014.10.16 06:55:27.411,0.79588,0.79605,1.34,1.31
2014.10.16 06:55:27.924,0.79585,0.79602,3.26,1.56
2014.10.16 06:55:27.975,0.79585,0.79602,1.40,1.56
2014.10.16 06:55:28.076,0.79584,0.79602,1.29,1.71
2014.10.16 06:55:28.229,0.7958,0.79599,1.40,1.66
2014.10.16 06:55:28.280,0.7958,0.79599,1.40,1.74
2014.10.16 06:55:28.786,0.79579,0.79597,1.15,1.39
2014.10.16 06:55:29.321,0.79577,0.79596,2.51,1.37
2014.10.16 06:55:29.981,0.79577,0.79593,2.51,1.00
2014.10.16 06:55:30.457,0.79577,0.79593,2.51,1.19
2014.10.16 06:55:31.455,0.79577,0.79593,2.51,1.69
2014.10.16 06:55:31.506,0.79576,0.79593,1.34,1.69
2014.10.16 06:55:34.211,0.79576,0.79592,3.26,1.19
2014.10.16 06:55:34.262,0.79576,0.79592,3.07,1.25
2014.10.16 06:55:34.769,0.79575,0.79592,3.64,1.25
2014.10.16 06:55:36.281,0.79575,0.79593,3.64,1.69
2014.10.16 06:55:37.023,0.79575,0.79593,1.46,1.69
2014.10.16 06:55:37.328,0.79577,0.79593,3.26,1.69
2014.10.16 06:55:37.835,0.79577,0.79595,1.34,2.06
2014.10.16 06:55:38.341,0.79577,0.79595,1.34,1.19
2014.10.16 06:55:38.973,0.79576,0.79595,1.34,1.26
2014.10.16 06:55:39.074,0.79575,0.79594,1.34,1.84
2014.10.16 06:55:39.530,0.79572,0.79592,3.26,2.81
2014.10.16 06:55:39.581,0.79572,0.79592,1.26,4.39
2014.10.16 06:55:39.632,0.79572,0.79592,1.26,2.21
2014.10.16 06:55:39.835,0.79573,0.79592,2.51,2.21
2014.10.16 06:55:40.037,0.79571,0.7959,5.44,1.25
2014.10.16 06:55:40.088,0.79571,0.7959,3.07,1.69
2014.10.16 06:55:40.190,0.79569,0.7959,2.51,1.76
2014.10.16 06:55:40.705,0.7957,0.7959,2.32,2.44
2014.10.16 06:55:41.094,0.7957,0.79588,2.51,1.19
2014.10.16 06:55:41.945,0.79569,0.79588,2.51,1.19
2014.10.16 06:55:42.249,0.79572,0.79588,2.70,1.19
2014.10.16 06:55:42.777,0.79571,0.79589,2.89,1.31
2014.10.16 06:55:42.980,0.79568,0.79585,1.34,1.56
2014.10.16 06:55:43.536,0.79568,0.79585,3.26,1.19
2014.10.16 06:55:43.739,0.79571,0.79586,1.15,1.19
2014.10.16 06:55:43.992,0.79572,0.79589,2.32,1.19
2014.10.16 06:55:44.043,0.79575,0.79589,2.32,1.19
2014.10.16 06:55:44.578,0.79574,0.7959,3.45,1.19
2014.10.16 06:55:44.782,0.79574,0.79592,3.64,1.19
2014.10.16 06:55:44.985,0.79576,0.79592,2.32,1.19
2014.10.16 06:55:45.087,0.79576,0.79594,2.32,2.06
2014.10.16 06:55:45.239,0.79578,0.79594,2.70,1.19
2014.10.16 06:55:45.392,0.79579,0.79595,2.32,1.19
2014.10.16 06:55:45.493,0.79581,0.79595,2.32,1.19
2014.10.16 06:55:46.530,0.79581,0.79598,2.32,1.19
2014.10.16 06:55:46.581,0.7958,0.79598,2.02,1.19
2014.10.16 06:55:46.683,0.79581,0.79598,2.32,1.19
2014.10.16 06:55:48.636,0.79581,0.79599,2.89,2.44
2014.10.16 06:55:51.223,0.79582,0.79599,3.64,2.44
2014.10.16 06:55:51.845,0.79584,0.796,1.15,1.69
2014.10.16 06:55:52.150,0.79584,0.79602,3.64,1.69
2014.10.16 06:55:52.679,0.79585,0.79602,3.64,1.19
2014.10.16 06:55:53.186,0.79585,0.79602,1.71,1.19
2014.10.16 06:55:53.695,0.79585,0.79602,1.71,1.19
2014.10.16 06:55:54.111,0.79584,0.79603,1.84,2.21
2014.10.16 06:55:54.617,0.79583,0.79601,1.34,1.31
2014.10.16 06:55:54.871,0.79583,0.79601,3.45,2.44
2014.10.16 06:55:55.176,0.79587,0.79601,1.07,2.89
2014.10.16 06:55:55.227,0.79587,0.79601,1.00,5.14
2014.10.16 06:55:55.329,0.79586,0.796,1.00,1.71
2014.10.16 06:55:55.836,0.79584,0.79599,1.17,1.76
2014.10.16 06:55:56.645,0.79586,0.79601,1.00,1.84
2014.10.16 06:55:57.202,0.79586,0.79601,1.07,1.26
2014.10.16 06:55:57.353,0.79586,0.79601,1.40,1.00
2014.10.16 06:55:58.026,0.79593,0.79602,1.00,1.00
2014.10.16 06:55:58.078,0.79593,0.79605,1.10,1.00
2014.10.16 06:56:01.528,0.79591,0.79603,1.01,1.00
2014.10.16 06:56:01.832,0.79591,0.79601,1.00,1.00
2014.10.16 06:56:01.984,0.79588,0.796,1.20,1.00
2014.10.16 06:56:03.354,0.7959,0.79601,1.00,1.25
2014.10.16 06:56:03.608,0.79592,0.79604,1.00,1.00
2014.10.16 06:56:03.709,0.79594,0.79605,1.00,1.00
2014.10.16 06:56:05.574,0.79599,0.79608,1.00,1.19
2014.10.16 06:56:05.627,0.79599,0.7961,1.00,1.69
2014.10.16 06:56:06.092,0.79599,0.79611,1.00,1.69
2014.10.16 06:56:06.143,0.79601,0.79611,1.00,1.69
2014.10.16 06:56:06.448,0.79605,0.79614,1.00,1.69
2014.10.16 06:56:06.600,0.79605,0.79617,1.00,2.44
2014.10.16 06:56:06.652,0.79608,0.79617,1.00,1.19
2014.10.16 06:56:06.956,0.79609,0.7962,1.10,1.19
2014.10.16 06:56:07.462,0.79608,0.79622,1.10,2.89
2014.10.16 06:56:11.545,0.79608,0.79622,1.17,2.44
2014.10.16 06:56:12.095,0.79608,0.79622,1.17,1.69
2014.10.16 06:56:12.500,0.79608,0.79622,1.17,1.25
2014.10.16 06:56:12.652,0.79608,0.79622,2.62,1.25
2014.10.16 06:56:13.075,0.79618,0.79629,1.10,1.25
2014.10.16 06:56:13.593,0.79616,0.79631,1.15,1.31
2014.10.16 06:56:14.918,0.79615,0.79631,1.15,1.19
2014.10.16 06:56:15.273,0.79615,0.79632,1.01,2.21
2014.10.16 06:56:16.224,0.79612,0.79631,1.46,1.71
2014.10.16 06:56:16.326,0.79612,0.79629,1.46,1.39
2014.10.16 06:56:17.296,0.79612,0.79629,1.40,1.31
2014.10.16 06:56:17.649,0.79612,0.79627,1.09,1.19
2014.10.16 06:56:18.431,0.79613,0.79629,1.07,1.39
2014.10.16 06:56:19.881,0.79609,0.79627,1.84,1.39
2014.10.16 06:56:20.033,0.79609,0.79627,1.25,2.21
2014.10.16 06:56:20.930,0.79607,0.79626,1.76,2.21
2014.10.16 06:56:21.234,0.79607,0.79622,1.50,5.06
2014.10.16 06:56:21.742,0.79603,0.79622,2.44,2.21
2014.10.16 06:56:21.844,0.79603,0.79621,1.69,1.46
2014.10.16 06:56:22.350,0.79603,0.79621,1.69,1.46
2014.10.16 06:56:22.654,0.79607,0.79621,1.00,1.36
2014.10.16 06:56:22.755,0.79607,0.79623,1.25,1.46
2014.10.16 06:56:23.823,0.79606,0.79623,1.39,1.46
2014.10.16 06:56:23.925,0.79606,0.79624,1.39,1.77
2014.10.16 06:56:24.026,0.79607,0.79624,1.39,1.71
2014.10.16 06:56:24.949,0.79607,0.79625,1.31,3.64
2014.10.16 06:56:25.758,0.79607,0.79625,1.39,1.71
2014.10.16 06:56:26.289,0.79608,0.79625,1.19,1.71
2014.10.16 06:56:27.822,0.79608,0.79625,1.19,1.71
2014.10.16 06:56:28.480,0.79607,0.79625,1.39,1.71
2014.10.16 06:56:28.650,0.79607,0.79625,1.39,1.71
2014.10.16 06:56:28.954,0.79608,0.79623,1.25,2.51
2014.10.16 06:56:29.922,0.79606,0.79624,1.19,6.64
2014.10.16 06:56:30.434,0.79606,0.79624,1.19,3.71
2014.10.16 06:56:31.985,0.79607,0.79624,1.25,1.84
2014.10.16 06:56:32.490,0.79607,0.79624,1.25,1.84
2014.10.16 06:56:33.098,0.79607,0.79625,1.29,2.21
2014.10.16 06:56:34.086,0.79607,0.79623,1.19,1.36
2014.10.16 06:56:35.204,0.79607,0.79625,1.29,2.21
2014.10.16 06:56:35.558,0.79609,0.79623,1.31,1.10
2014.10.16 06:56:35.609,0.7961,0.79623,1.19,1.10
2014.10.16 06:56:35.963,0.79612,0.79626,1.00,1.19
2014.10.16 06:56:36.531,0.79612,0.79629,1.39,1.46
2014.10.16 06:56:37.038,0.79613,0.79629,1.25,1.46
2014.10.16 06:56:37.544,0.79614,0.7963,1.00,1.36
2014.10.16 06:56:37.977,0.79614,0.7963,1.76,1.01
2014.10.16 06:56:39.214,0.79615,0.7963,1.19,1.29
2014.10.16 06:56:40.091,0.79615,0.7963,1.19,1.10
2014.10.16 06:56:40.598,0.79617,0.79631,1.19,1.00
2014.10.16 06:56:40.902,0.79621,0.79637,1.50,1.40
2014.10.16 06:56:40.953,0.79621,0.79637,1.95,1.09
2014.10.16 06:56:41.005,0.79623,0.79637,1.00,1.10
2014.10.16 06:56:41.106,0.79623,0.79642,1.65,2.96
2014.10.16 06:56:41.259,0.79625,0.79642,1.45,1.84
2014.10.16 06:56:41.411,0.7963,0.79646,1.00,1.40
2014.10.16 06:56:41.614,0.79631,0.79648,1.10,1.36
2014.10.16 06:56:41.766,0.79635,0.79651,1.57,1.32
2014.10.16 06:56:44.148,0.79634,0.79652,1.84,1.36
2014.10.16 06:56:47.330,0.79633,0.79652,1.84,1.71
2014.10.16 06:56:48.795,0.79634,0.79652,1.19,1.71
2014.10.16 06:56:48.947,0.79634,0.79652,1.25,8.06
2014.10.16 06:56:49.357,0.79629,0.79645,2.21,1.00
2014.10.16 06:56:49.662,0.79628,0.79641,1.00,1.84
2014.10.16 06:56:49.915,0.7962,0.79639,1.54,3.64
2014.10.16 06:56:50.421,0.79619,0.79637,1.84,2.21
2014.10.16 06:56:51.838,0.79619,0.79637,2.59,3.71
2014.10.16 06:56:56.647,0.79619,0.79635,1.09,2.06
2014.10.16 06:56:57.978,0.79617,0.79635,2.21,1.39
2014.10.16 06:56:58.686,0.79617,0.79634,2.21,2.06
2014.10.16 06:56:59.645,0.79617,0.79634,2.21,1.31
2014.10.16 06:57:00.285,0.79617,0.79635,2.21,2.14
2014.10.16 06:57:01.783,0.79617,0.79634,1.19,2.89
2014.10.16 06:57:02.234,0.79614,0.79625,1.00,1.76
2014.10.16 06:57:02.286,0.79609,0.79625,1.26,1.69
2014.10.16 06:57:02.387,0.79609,0.79624,1.07,1.01
2014.10.16 06:57:02.438,0.79608,0.79623,1.01,2.62
2014.10.16 06:57:02.490,0.79606,0.79623,1.84,3.64
2014.10.16 06:57:02.998,0.79602,0.79619,2.96,1.01
2014.10.16 06:57:03.101,0.79602,0.79619,1.09,1.29
2014.10.16 06:57:03.506,0.79601,0.79618,1.10,1.74
2014.10.16 06:57:03.812,0.79601,0.79618,1.00,1.71
2014.10.16 06:57:04.318,0.796,0.79615,1.00,1.29
2014.10.16 06:57:05.707,0.796,0.79614,1.00,1.26
2014.10.16 06:57:07.689,0.796,0.79617,1.57,1.74
2014.10.16 06:57:10.335,0.79599,0.79616,1.25,1.71
2014.10.16 06:57:11.449,0.79599,0.79614,1.25,1.29
2014.10.16 06:57:13.431,0.79599,0.79616,1.31,1.46
2014.10.16 06:57:14.105,0.79599,0.79616,1.39,1.46
2014.10.16 06:57:14.611,0.79599,0.79616,1.01,1.34
2014.10.16 06:57:16.537,0.79599,0.79616,1.25,1.71
2014.10.16 06:57:21.632,0.79599,0.79615,1.00,2.21
2014.10.16 06:57:22.348,0.796,0.79614,1.00,1.36
2014.10.16 06:57:22.854,0.796,0.79615,1.25,1.36
2014.10.16 06:57:24.746,0.796,0.79615,1.25,1.71
2014.10.16 06:57:24.948,0.796,0.79613,1.25,1.71
2014.10.16 06:57:25.050,0.79597,0.79613,1.00,2.21
2014.10.16 06:57:25.557,0.79597,0.79611,1.00,2.21
2014.10.16 06:57:26.063,0.79597,0.79611,1.00,2.21
2014.10.16 06:57:26.367,0.79597,0.79609,1.00,1.32
2014.10.16 06:57:27.262,0.79597,0.79608,1.00,1.29
2014.10.16 06:57:28.381,0.79596,0.79608,1.00,1.29
2014.10.16 06:57:28.432,0.79594,0.79608,1.10,1.29
2014.10.16 06:57:28.985,0.79593,0.79608,1.87,1.36
2014.10.16 06:57:30.476,0.79593,0.79609,1.87,1.84
2014.10.16 06:57:31.518,0.79593,0.79606,1.87,1.19
2014.10.16 06:57:32.716,0.79593,0.79607,1.50,1.76
2014.10.16 06:57:33.681,0.79592,0.79607,1.00,1.76
2014.10.16 06:57:34.188,0.79592,0.79607,1.00,2.21
2014.10.16 06:57:34.390,0.79589,0.79607,1.29,2.21
2014.10.16 06:57:34.895,0.79589,0.79605,1.10,1.46
2014.10.16 06:57:35.685,0.79588,0.79604,1.26,1.26
2014.10.16 06:57:36.699,0.79589,0.79605,1.29,1.29
2014.10.16 06:57:37.264,0.79589,0.79605,1.99,1.39
2014.10.16 06:57:37.315,0.79589,0.79605,2.06,1.01
2014.10.16 06:57:38.528,0.79589,0.79604,2.36,1.00
2014.10.16 06:57:38.578,0.79589,0.79604,1.69,2.77
2014.10.16 06:57:38.629,0.79589,0.79604,1.25,2.96
2014.10.16 06:57:39.135,0.79586,0.79603,1.76,2.21
2014.10.16 06:57:39.991,0.79585,0.79602,1.19,3.64
2014.10.16 06:57:40.042,0.79584,0.79602,1.19,4.39
2014.10.16 06:57:40.244,0.79583,0.79601,1.25,3.64
2014.10.16 06:57:40.750,0.79583,0.796,1.25,2.21
2014.10.16 06:57:41.389,0.79579,0.79598,1.84,1.46
2014.10.16 06:57:42.307,0.79579,0.79598,1.46,2.21
2014.10.16 06:57:42.832,0.79581,0.79598,1.46,1.84
2014.10.16 06:57:43.337,0.79583,0.79598,1.00,2.21
2014.10.16 06:57:45.049,0.79579,0.79598,1.46,2.21
2014.10.16 06:57:45.566,0.79579,0.79598,1.46,2.21
2014.10.16 06:57:47.707,0.7958,0.79597,1.25,1.46
2014.10.16 06:57:49.847,0.7958,0.79596,1.19,1.36
2014.10.16 06:57:51.625,0.7958,0.79596,1.25,1.36
2014.10.16 06:57:52.662,0.79578,0.79595,1.46,1.39
2014.10.16 06:57:53.578,0.7958,0.79596,1.00,1.74
2014.10.16 06:57:54.133,0.79578,0.79597,1.36,2.21
2014.10.16 06:57:54.640,0.79577,0.79597,1.46,2.96
2014.10.16 06:57:55.168,0.79578,0.79594,1.84,1.29
2014.10.16 06:57:55.865,0.79578,0.79594,1.36,1.29
2014.10.16 06:57:56.870,0.79578,0.79594,1.84,1.29
2014.10.16 06:57:59.865,0.79579,0.79595,1.26,1.26
2014.10.16 06:58:02.177,0.79579,0.79595,1.01,1.29
2014.10.16 06:58:05.213,0.79576,0.79596,4.39,2.21
2014.10.16 06:58:05.314,0.79578,0.79596,1.69,2.14
2014.10.16 06:58:05.466,0.79578,0.79596,4.31,1.01
2014.10.16 06:58:06.007,0.79581,0.79597,1.32,1.39
2014.10.16 06:58:06.568,0.79586,0.79598,1.00,1.74
2014.10.16 06:58:06.721,0.79589,0.796,1.00,1.10
2014.10.16 06:58:06.873,0.79589,0.79602,1.37,1.00
2014.10.16 06:58:07.388,0.79594,0.79603,1.00,1.10
2014.10.16 06:58:07.541,0.79597,0.79609,1.00,1.39
2014.10.16 06:58:07.896,0.796,0.7961,1.50,1.10
2014.10.16 06:58:07.998,0.79598,0.79611,2.25,1.00
2014.10.16 06:58:08.525,0.79598,0.79612,1.29,1.19
2014.10.16 06:58:09.389,0.79598,0.79613,1.69,1.36
2014.10.16 06:58:12.533,0.79599,0.79615,2.10,2.96
2014.10.16 06:58:12.838,0.79609,0.79622,1.00,1.34
2014.10.16 06:58:13.143,0.79605,0.79621,1.31,1.36
2014.10.16 06:58:13.650,0.79605,0.79621,1.00,2.21
2014.10.16 06:58:13.752,0.796,0.79621,2.96,2.96
2014.10.16 06:58:14.259,0.79601,0.79619,1.39,1.36
2014.10.16 06:58:14.665,0.79601,0.79619,1.31,3.26
2014.10.16 06:58:14.817,0.796,0.79612,1.56,1.00
2014.10.16 06:58:15.021,0.79599,0.79612,1.00,1.10
2014.10.16 06:58:15.326,0.79595,0.79611,1.74,1.00
2014.10.16 06:58:15.528,0.79594,0.79611,1.39,1.27
2014.10.16 06:58:15.630,0.79592,0.79611,2.21,2.21
2014.10.16 06:58:16.276,0.79591,0.79609,1.39,1.34
2014.10.16 06:58:17.241,0.79593,0.79608,1.00,1.84
2014.10.16 06:58:17.906,0.79593,0.79608,1.00,1.34
2014.10.16 06:58:18.212,0.79595,0.79609,1.00,1.25
2014.10.16 06:58:18.718,0.79596,0.79612,1.01,1.84
2014.10.16 06:58:21.427,0.79598,0.79612,1.00,1.36
2014.10.16 06:58:24.535,0.79598,0.79612,1.00,1.19
2014.10.16 06:58:25.059,0.79599,0.79615,1.09,1.39
2014.10.16 06:58:25.160,0.79601,0.79616,1.00,1.84
2014.10.16 06:58:25.464,0.79602,0.79616,1.01,1.00
2014.10.16 06:58:25.616,0.79604,0.79616,1.00,1.00
2014.10.16 06:58:26.084,0.79604,0.79619,1.10,1.25
2014.10.16 06:58:26.593,0.79605,0.79621,1.00,1.36
2014.10.16 06:58:27.178,0.79605,0.79621,1.69,1.15
2014.10.16 06:58:27.786,0.79605,0.79621,1.69,1.15
2014.10.16 06:58:28.334,0.79605,0.79621,1.69,1.15
2014.10.16 06:58:29.262,0.79608,0.79622,1.25,1.40
2014.10.16 06:58:29.667,0.79609,0.79623,1.69,1.40
2014.10.16 06:58:29.769,0.79611,0.79623,1.00,1.01
2014.10.16 06:58:30.225,0.79611,0.79629,1.31,2.21
2014.10.16 06:58:30.377,0.79612,0.79629,1.19,2.21
2014.10.16 06:58:30.985,0.79614,0.79629,2.06,1.17
2014.10.16 06:58:31.289,0.79616,0.79631,1.31,1.01
2014.10.16 06:58:31.796,0.79617,0.79632,1.46,1.00
2014.10.16 06:58:32.396,0.79617,0.79635,2.21,2.21
2014.10.16 06:58:32.971,0.79618,0.79635,1.26,2.21
2014.10.16 06:58:33.173,0.79618,0.79635,1.19,4.39
2014.10.16 06:58:33.679,0.79617,0.79635,1.69,4.39
2014.10.16 06:58:33.983,0.79612,0.79628,1.50,1.52
2014.10.16 06:58:34.084,0.79612,0.79628,1.19,1.52
2014.10.16 06:58:34.389,0.79616,0.7963,1.19,1.46
2014.10.16 06:58:34.679,0.79612,0.79629,1.19,1.40
2014.10.16 06:58:34.983,0.79612,0.79625,1.19,1.17
2014.10.16 06:58:35.084,0.79609,0.79625,2.06,1.17
2014.10.16 06:58:35.590,0.79609,0.79623,1.19,1.00
2014.10.16 06:58:36.197,0.79608,0.79623,1.29,1.00
2014.10.16 06:58:36.884,0.79608,0.79623,1.10,1.37
2014.10.16 06:58:36.985,0.79606,0.79623,1.25,4.39
2014.10.16 06:58:37.289,0.79602,0.79621,1.76,3.64
2014.10.16 06:58:37.492,0.79602,0.79621,1.29,4.39
2014.10.16 06:58:37.998,0.79602,0.7962,1.19,4.39
2014.10.16 06:58:38.504,0.79601,0.79617,1.19,1.34
2014.10.16 06:58:39.016,0.79604,0.79619,1.00,1.46
2014.10.16 06:58:39.522,0.79604,0.79619,1.00,2.21
2014.10.16 06:58:39.826,0.796,0.79615,1.69,1.46
2014.10.16 06:58:40.338,0.796,0.79615,1.69,1.76
2014.10.16 06:58:40.692,0.796,0.79615,1.69,1.74
2014.10.16 06:58:41.319,0.796,0.79615,1.25,1.71
2014.10.16 06:58:41.825,0.79599,0.79612,1.00,1.65
2014.10.16 06:58:42.331,0.796,0.79612,1.00,1.00
2014.10.16 06:58:42.972,0.796,0.79613,1.00,1.01
2014.10.16 06:58:43.091,0.796,0.79607,1.00,1.07
2014.10.16 06:58:43.244,0.79598,0.79607,1.00,1.20
2014.10.16 06:58:43.295,0.79598,0.79607,1.00,1.20
2014.10.16 06:58:43.346,0.79593,0.79604,1.00,1.17
2014.10.16 06:58:43.448,0.79594,0.79606,1.00,1.17
2014.10.16 06:58:43.962,0.79594,0.79606,1.00,1.10
2014.10.16 06:58:44.320,0.79597,0.79608,1.00,1.01
2014.10.16 06:58:44.725,0.79597,0.7961,1.00,1.76
2014.10.16 06:58:45.137,0.79597,0.7961,1.00,1.40
2014.10.16 06:58:45.189,0.79595,0.79606,1.00,1.10
2014.10.16 06:58:45.443,0.79595,0.79606,1.00,1.15
2014.10.16 06:58:45.545,0.79595,0.79606,1.00,1.15
2014.10.16 06:58:45.697,0.79592,0.79603,1.25,1.00
2014.10.16 06:58:45.899,0.79591,0.79602,1.00,1.07
2014.10.16 06:58:46.957,0.79589,0.79602,1.00,1.65
2014.10.16 06:58:47.733,0.79589,0.79602,1.00,1.69
2014.10.16 06:58:48.617,0.79589,0.79602,1.00,1.76
2014.10.16 06:58:50.695,0.79591,0.79602,1.00,1.26
2014.10.16 06:58:50.999,0.79594,0.79603,1.00,1.00
2014.10.16 06:58:51.151,0.79597,0.79609,1.37,1.00
2014.10.16 06:58:51.253,0.79601,0.79611,1.00,1.19
2014.10.16 06:58:51.456,0.79601,0.79614,1.12,1.29
2014.10.16 06:58:51.507,0.79605,0.79615,1.00,1.76
2014.10.16 06:58:51.558,0.79605,0.79615,1.00,1.25
2014.10.16 06:58:52.419,0.79605,0.79618,1.00,2.96
2014.10.16 06:58:52.470,0.79603,0.79616,1.00,1.34
2014.10.16 06:58:52.723,0.79605,0.79617,1.00,1.29
2014.10.16 06:58:53.561,0.79605,0.79618,1.00,2.59
2014.10.16 06:58:54.368,0.79604,0.79615,1.00,1.69
2014.10.16 06:58:54.671,0.79601,0.79614,1.50,1.25
2014.10.16 06:58:55.176,0.79601,0.79613,1.00,1.00
2014.10.16 06:58:56.344,0.79601,0.79614,1.50,1.25
2014.10.16 06:58:56.858,0.79601,0.79614,1.50,1.19
2014.10.16 06:58:57.722,0.79601,0.79611,1.50,1.00
2014.10.16 06:58:58.179,0.79603,0.79613,1.00,1.69
2014.10.16 06:58:58.483,0.79606,0.79615,1.00,1.25
2014.10.16 06:58:58.990,0.79607,0.79616,1.00,1.00
2014.10.16 06:59:00.279,0.79608,0.79616,1.00,1.00
2014.10.16 06:59:00.582,0.7961,0.79616,1.00,1.00
2014.10.16 06:59:01.494,0.79608,0.79616,1.00,1.00
2014.10.16 06:59:03.673,0.7961,0.79616,1.00,1.00
2014.10.16 06:59:03.724,0.7961,0.79618,1.00,1.00
2014.10.16 06:59:04.331,0.7961,0.79615,1.00,1.00
2014.10.16 06:59:04.686,0.7961,0.79617,1.00,1.00
2014.10.16 06:59:04.788,0.79612,0.79618,1.00,1.00
2014.10.16 06:59:05.876,0.7961,0.79618,1.00,1.00
2014.10.16 06:59:10.911,0.7961,0.79617,1.00,1.00
2014.10.16 06:59:11.418,0.7961,0.79616,1.00,1.00
2014.10.16 06:59:11.774,0.7961,0.79614,1.00,1.00
2014.10.16 06:59:11.825,0.79606,0.79614,1.00,1.00
2014.10.16 06:59:11.927,0.79611,0.79617,1.00,1.00
2014.10.16 06:59:12.239,0.79611,0.79617,1.00,1.50
2014.10.16 06:59:16.366,0.7961,0.79617,1.00,1.00
2014.10.16 06:59:16.417,0.7961,0.7962,1.00,1.25
2014.10.16 06:59:16.469,0.79611,0.79622,1.00,1.69
2014.10.16 06:59:16.571,0.79611,0.7962,1.00,1.00
2014.10.16 06:59:17.245,0.79613,0.79621,1.00,1.00
2014.10.16 06:59:17.347,0.7961,0.79619,1.10,1.00
2014.10.16 06:59:17.399,0.7961,0.79622,1.27,1.00
2014.10.16 06:59:17.500,0.7961,0.79623,1.46,1.00
2014.10.16 06:59:17.806,0.79622,0.79629,1.00,1.00
2014.10.16 06:59:18.635,0.79624,0.79629,1.00,1.00
2014.10.16 06:59:18.686,0.79624,0.79631,1.00,1.00
2014.10.16 06:59:18.889,0.79624,0.79633,1.00,1.00
2014.10.16 06:59:18.990,0.79629,0.79637,1.00,1.00
2014.10.16 06:59:19.497,0.79629,0.79638,1.00,1.00
2014.10.16 06:59:20.744,0.7963,0.79638,1.00,1.00
2014.10.16 06:59:20.896,0.7963,0.7964,1.00,1.50
2014.10.16 06:59:20.998,0.79631,0.79642,1.00,1.50
2014.10.16 06:59:21.049,0.79634,0.79642,1.00,1.00
2014.10.16 06:59:21.353,0.79634,0.79645,1.00,1.00
2014.10.16 06:59:21.859,0.79634,0.79646,1.15,1.00
2014.10.16 06:59:22.366,0.79634,0.79646,1.00,1.00
2014.10.16 06:59:22.896,0.79634,0.79646,1.19,1.00
2014.10.16 06:59:23.586,0.79634,0.79646,1.26,1.00
2014.10.16 06:59:24.974,0.79634,0.79643,1.19,1.00
2014.10.16 06:59:25.076,0.79633,0.79643,1.25,1.00
2014.10.16 06:59:25.329,0.79635,0.79643,1.00,1.00
2014.10.16 06:59:25.684,0.79634,0.7964,1.00,1.00
2014.10.16 06:59:25.785,0.79628,0.7964,1.19,1.00
2014.10.16 06:59:26.040,0.79631,0.7964,2.47,1.00
2014.10.16 06:59:26.091,0.79631,0.79645,2.47,1.65
2014.10.16 06:59:26.142,0.79634,0.79645,1.12,1.00
2014.10.16 06:59:26.192,0.79634,0.79643,1.12,1.00
2014.10.16 06:59:26.294,0.79634,0.79647,2.02,1.00
2014.10.16 06:59:26.396,0.79634,0.79649,1.65,1.25
2014.10.16 06:59:26.447,0.79633,0.79649,1.01,1.01
2014.10.16 06:59:26.599,0.79632,0.79646,1.36,1.00
2014.10.16 06:59:27.704,0.79634,0.79646,1.19,1.00
2014.10.16 06:59:28.087,0.79633,0.79642,1.19,1.00
2014.10.16 06:59:29.420,0.79632,0.79642,1.19,1.00
2014.10.16 06:59:30.727,0.79631,0.79643,1.76,1.00
2014.10.16 06:59:30.829,0.79631,0.79645,1.76,1.00
2014.10.16 06:59:31.699,0.79632,0.79645,1.19,1.00
2014.10.16 06:59:32.848,0.79632,0.7964,1.36,1.00
2014.10.16 06:59:33.000,0.7963,0.7964,1.29,1.00
2014.10.16 06:59:34.019,0.7963,0.7964,1.29,1.00
2014.10.16 06:59:36.007,0.79629,0.7964,1.19,1.00
2014.10.16 06:59:37.144,0.79627,0.7964,2.21,1.00
2014.10.16 06:59:37.348,0.79627,0.79638,1.29,1.00
2014.10.16 06:59:38.815,0.79629,0.79638,1.56,1.00
2014.10.16 06:59:38.866,0.7963,0.7964,1.25,1.00
2014.10.16 06:59:38.917,0.79632,0.7964,1.19,1.00
2014.10.16 06:59:39.070,0.79632,0.79645,1.29,1.00
2014.10.16 06:59:39.576,0.79634,0.79646,1.10,1.00
2014.10.16 06:59:39.779,0.79634,0.79648,1.12,1.00
2014.10.16 06:59:40.082,0.79635,0.7965,2.06,1.10
2014.10.16 06:59:41.146,0.79637,0.7965,1.19,1.10
2014.10.16 06:59:43.764,0.79638,0.7965,1.19,1.00
2014.10.16 06:59:47.173,0.79638,0.79651,1.19,1.00
2014.10.16 06:59:48.512,0.79638,0.79653,1.36,1.57
2014.10.16 06:59:48.563,0.79642,0.79653,1.19,1.57
2014.10.16 06:59:48.869,0.79642,0.79655,1.29,1.00
2014.10.16 06:59:48.971,0.79644,0.79655,1.19,1.00
2014.10.16 06:59:49.478,0.79644,0.79656,1.19,1.00
2014.10.16 06:59:49.681,0.79646,0.79658,1.19,1.50
2014.10.16 06:59:50.643,0.79649,0.79658,1.19,1.00
2014.10.16 06:59:51.593,0.79649,0.7966,1.19,1.10
2014.10.16 06:59:52.095,0.79649,0.79661,1.19,1.57
2014.10.16 06:59:52.719,0.79649,0.79661,1.19,1.00
2014.10.16 06:59:53.762,0.79649,0.79661,1.19,1.00
2014.10.16 06:59:54.766,0.79649,0.79661,1.19,1.00
2014.10.16 06:59:54.919,0.79649,0.79663,1.34,1.50
2014.10.16 06:59:55.071,0.79652,0.79663,1.19,1.50
2014.10.16 06:59:55.172,0.79652,0.79665,1.69,1.00
2014.10.16 06:59:56.084,0.79655,0.79665,1.19,1.00
2014.10.16 06:59:57.227,0.79655,0.79666,1.19,1.00
2014.10.16 06:59:57.278,0.79656,0.79668,1.19,1.00
2014.10.16 06:59:57.481,0.79658,0.79668,1.19,1.00
2014.10.16 06:59:57.633,0.79658,0.7967,1.19,1.00
2014.10.16 06:59:57.785,0.7966,0.7967,1.19,1.00
2014.10.16 06:59:58.041,0.79662,0.79674,1.29,1.00
2014.10.16 06:59:58.452,0.79662,0.79677,1.46,1.00
2014.10.16 06:59:58.503,0.79665,0.79677,1.25,1.00
2014.10.16 06:59:59.805,0.79665,0.79677,1.19,1.00
