2015.07.07 07:00:00.306,0.66562,0.66576,1.57,1.00
2015.07.07 07:00:04.833,0.66564,0.66576,1.00,1.00
2015.07.07 07:00:05.185,0.66566,0.66577,2.62,1.00
2015.07.07 07:00:05.338,0.66569,0.66582,1.50,1.12
2015.07.07 07:00:05.642,0.66571,0.66583,1.00,1.00
2015.07.07 07:00:05.743,0.66568,0.66582,1.50,1.00
2015.07.07 07:00:05.946,0.66567,0.66579,1.10,1.00
2015.07.07 07:00:06.274,0.66568,0.66582,1.00,2.25
2015.07.07 07:00:06.795,0.66569,0.66583,1.00,1.00
2015.07.07 07:00:06.948,0.66571,0.66585,1.50,1.95
2015.07.07 07:00:07.296,0.66576,0.66587,1.50,1.12
2015.07.07 07:00:08.229,0.66575,0.66588,1.00,1.37
2015.07.07 07:00:08.737,0.66574,0.66587,1.00,1.57
2015.07.07 07:00:08.788,0.66572,0.66586,1.95,1.00
2015.07.07 07:00:09.317,0.66574,0.66587,1.00,1.12
2015.07.07 07:00:09.622,0.66576,0.66589,1.12,1.87
2015.07.07 07:00:10.303,0.66577,0.6659,1.00,1.37
2015.07.07 07:00:10.659,0.66577,0.66591,1.87,1.20
2015.07.07 07:00:11.439,0.66577,0.6659,1.12,1.00
2015.07.07 07:00:11.960,0.66574,0.66588,4.20,1.87
2015.07.07 07:00:12.561,0.66574,0.66588,3.00,1.87
2015.07.07 07:00:13.462,0.66574,0.66587,1.00,1.00
2015.07.07 07:00:13.768,0.66573,0.66585,1.00,1.50
2015.07.07 07:00:14.275,0.66572,0.66585,1.00,1.50
2015.07.07 07:00:15.127,0.66572,0.66584,1.00,1.12
2015.07.07 07:00:15.432,0.66569,0.66581,1.12,1.00
2015.07.07 07:00:15.777,0.66571,0.66583,1.87,1.00
2015.07.07 07:00:16.081,0.66575,0.66587,1.00,1.57
2015.07.07 07:00:16.676,0.66575,0.66589,1.00,4.57
2015.07.07 07:00:17.390,0.66574,0.66588,3.37,1.87
2015.07.07 07:00:17.926,0.66574,0.66588,3.37,1.87
2015.07.07 07:00:18.437,0.66574,0.66588,3.37,1.87
2015.07.07 07:00:19.492,0.66574,0.66585,1.00,1.00
2015.07.07 07:00:19.694,0.66571,0.66584,2.77,1.00
2015.07.07 07:00:21.365,0.6657,0.66582,2.25,1.00
2015.07.07 07:00:21.901,0.6657,0.66582,1.50,1.00
2015.07.07 07:00:24.889,0.66569,0.66581,1.12,1.00
2015.07.07 07:00:25.404,0.66569,0.6658,1.12,1.00
2015.07.07 07:00:26.636,0.66566,0.66579,2.40,1.00
2015.07.07 07:00:26.737,0.66566,0.66575,1.20,1.00
2015.07.07 07:00:26.889,0.66563,0.66574,1.12,1.00
2015.07.07 07:00:27.636,0.66564,0.66575,1.00,1.00
2015.07.07 07:00:27.739,0.66564,0.66578,1.87,1.50
2015.07.07 07:00:27.942,0.66567,0.6658,1.50,1.50
2015.07.07 07:00:28.221,0.66568,0.66582,1.00,2.62
2015.07.07 07:00:28.646,0.66567,0.66579,1.00,1.00
2015.07.07 07:00:28.748,0.66565,0.66579,3.37,1.00
2015.07.07 07:00:28.900,0.66565,0.66576,1.00,1.00
2015.07.07 07:00:29.204,0.66564,0.66574,1.00,1.00
2015.07.07 07:00:29.852,0.66564,0.66573,1.00,1.00
2015.07.07 07:00:30.055,0.66562,0.66573,2.62,1.00
2015.07.07 07:00:30.459,0.66562,0.66575,2.62,1.50
2015.07.07 07:00:30.943,0.66562,0.66573,2.62,1.00
2015.07.07 07:00:32.242,0.66563,0.66574,1.00,1.00
2015.07.07 07:00:32.294,0.66563,0.66577,1.00,1.12
2015.07.07 07:00:32.345,0.66565,0.66577,1.00,1.12
2015.07.07 07:00:32.852,0.66566,0.66579,1.00,1.87
2015.07.07 07:00:33.438,0.66566,0.6658,1.00,2.62
2015.07.07 07:00:34.471,0.66565,0.66576,1.00,1.00
2015.07.07 07:00:34.775,0.66562,0.66574,1.87,1.50
2015.07.07 07:00:36.256,0.66562,0.66573,1.12,1.00
2015.07.07 07:00:36.783,0.66561,0.66573,1.87,1.00
2015.07.07 07:00:37.289,0.66561,0.66574,1.87,1.00
2015.07.07 07:00:37.791,0.66562,0.66575,3.37,1.00
2015.07.07 07:00:37.955,0.66563,0.66577,1.00,1.12
2015.07.07 07:00:38.439,0.66565,0.66577,1.00,1.00
2015.07.07 07:00:38.952,0.66565,0.66579,1.50,3.37
2015.07.07 07:00:39.492,0.66565,0.66577,1.50,1.00
2015.07.07 07:00:44.212,0.66565,0.66579,1.50,2.62
2015.07.07 07:00:44.761,0.66565,0.66579,2.62,2.62
2015.07.07 07:00:45.065,0.66565,0.66577,1.00,1.00
2015.07.07 07:00:45.217,0.66562,0.66575,2.25,1.00
2015.07.07 07:00:45.511,0.66561,0.66573,1.87,1.00
2015.07.07 07:00:46.322,0.66562,0.66574,1.00,1.00
2015.07.07 07:00:46.802,0.66562,0.66576,2.25,1.12
2015.07.07 07:00:51.306,0.66562,0.66574,3.75,1.00
2015.07.07 07:00:52.238,0.66562,0.66573,2.25,1.00
2015.07.07 07:00:53.934,0.66562,0.66576,3.00,1.87
2015.07.07 07:00:55.004,0.66563,0.66577,1.50,1.87
2015.07.07 07:00:55.157,0.66564,0.66578,1.87,3.37
2015.07.07 07:00:55.707,0.66563,0.66577,1.00,1.00
2015.07.07 07:00:56.245,0.66564,0.66576,1.12,1.50
2015.07.07 07:00:58.120,0.66565,0.66576,1.12,1.00
2015.07.07 07:00:58.475,0.66567,0.66578,1.00,1.37
2015.07.07 07:00:58.525,0.66567,0.66579,1.00,1.00
2015.07.07 07:00:58.678,0.66569,0.6658,1.00,1.50
2015.07.07 07:00:59.011,0.66575,0.66585,1.00,1.00
2015.07.07 07:00:59.517,0.66575,0.66587,1.00,1.00
2015.07.07 07:01:00.037,0.66577,0.66588,1.00,1.00
2015.07.07 07:01:00.629,0.66577,0.6659,1.12,2.62
2015.07.07 07:01:00.934,0.66579,0.6659,1.00,1.37
2015.07.07 07:01:01.252,0.66576,0.6659,1.37,1.87
2015.07.07 07:01:01.759,0.66575,0.66587,1.00,1.00
2015.07.07 07:01:01.962,0.66573,0.66587,2.62,1.87
2015.07.07 07:01:02.712,0.66573,0.66585,1.50,1.00
2015.07.07 07:01:03.256,0.66572,0.66584,1.00,1.12
2015.07.07 07:01:03.765,0.66572,0.66583,1.00,1.00
2015.07.07 07:01:04.313,0.66573,0.66585,1.12,1.00
2015.07.07 07:01:04.364,0.66575,0.66588,1.00,2.62
2015.07.07 07:01:04.871,0.66574,0.66588,1.50,1.00
2015.07.07 07:01:05.462,0.66576,0.66588,1.00,1.00
2015.07.07 07:01:06.990,0.66577,0.66588,1.50,1.00
2015.07.07 07:01:07.295,0.66579,0.6659,1.50,1.00
2015.07.07 07:01:07.448,0.66581,0.66593,1.00,1.00
2015.07.07 07:01:07.939,0.66583,0.66594,1.00,1.00
2015.07.07 07:01:08.445,0.66583,0.66595,1.00,1.00
2015.07.07 07:01:09.340,0.66583,0.66596,1.00,1.00
2015.07.07 07:01:09.854,0.66583,0.66597,1.50,2.62
2015.07.07 07:01:11.758,0.66583,0.66597,1.87,2.62
2015.07.07 07:01:12.461,0.66583,0.66597,1.50,2.25
2015.07.07 07:01:13.188,0.66584,0.66597,1.00,1.12
2015.07.07 07:01:13.492,0.66587,0.666,1.00,1.87
2015.07.07 07:01:13.998,0.66585,0.66599,4.72,1.12
2015.07.07 07:01:14.865,0.66585,0.66599,3.00,1.37
2015.07.07 07:01:15.536,0.66585,0.66597,1.50,1.37
2015.07.07 07:01:15.909,0.66582,0.66596,1.87,2.62
2015.07.07 07:01:16.414,0.66582,0.66595,1.12,1.00
2015.07.07 07:01:17.213,0.66582,0.66595,1.37,1.00
2015.07.07 07:01:19.158,0.66582,0.66595,2.62,1.00
2015.07.07 07:01:19.209,0.66582,0.66591,1.00,1.00
2015.07.07 07:01:19.577,0.66579,0.66588,2.62,1.00
2015.07.07 07:01:19.831,0.66576,0.66585,1.10,1.00
2015.07.07 07:01:19.883,0.66575,0.6658,1.20,1.00
2015.07.07 07:01:19.985,0.66574,0.66578,1.00,1.00
2015.07.07 07:01:20.239,0.66574,0.66583,1.00,1.00
2015.07.07 07:01:20.745,0.66573,0.66584,1.00,1.00
2015.07.07 07:01:20.949,0.66573,0.66586,2.62,1.00
2015.07.07 07:01:21.611,0.66575,0.66586,1.00,1.00
2015.07.07 07:01:22.542,0.66575,0.66584,1.00,1.00
2015.07.07 07:01:23.070,0.66574,0.66584,1.12,1.00
2015.07.07 07:01:26.127,0.66574,0.66582,1.12,1.00
2015.07.07 07:01:26.229,0.66572,0.66582,1.50,1.00
2015.07.07 07:01:26.523,0.6657,0.66579,2.25,1.00
2015.07.07 07:01:27.038,0.66569,0.66578,1.12,1.00
2015.07.07 07:01:27.930,0.66569,0.6658,1.12,1.50
2015.07.07 07:01:28.133,0.6657,0.66582,2.25,1.50
2015.07.07 07:01:28.285,0.6657,0.66582,3.60,1.00
2015.07.07 07:01:28.940,0.66572,0.66583,1.87,1.00
2015.07.07 07:01:29.454,0.66572,0.66583,1.50,1.00
2015.07.07 07:01:30.141,0.66571,0.66582,1.12,1.00
2015.07.07 07:01:31.345,0.66571,0.6658,1.00,1.00
2015.07.07 07:01:32.023,0.66569,0.6658,1.87,1.00
2015.07.07 07:01:32.327,0.66569,0.66578,1.37,1.00
2015.07.07 07:01:33.076,0.66568,0.66573,1.12,1.00
2015.07.07 07:01:33.127,0.66568,0.66572,1.00,1.00
2015.07.07 07:01:33.178,0.66563,0.66572,1.12,1.00
2015.07.07 07:01:33.331,0.6656,0.66572,1.87,1.00
2015.07.07 07:01:33.922,0.66563,0.66572,1.00,1.00
2015.07.07 07:01:34.231,0.66561,0.66572,2.25,1.00
2015.07.07 07:01:36.800,0.66561,0.66574,2.25,1.00
2015.07.07 07:01:38.093,0.66561,0.66572,1.37,1.00
2015.07.07 07:01:38.245,0.6656,0.66571,1.27,1.50
2015.07.07 07:01:39.388,0.6656,0.66572,2.25,1.00
2015.07.07 07:01:39.439,0.66562,0.66573,1.00,1.50
2015.07.07 07:01:39.961,0.66562,0.66573,1.37,1.00
2015.07.07 07:01:40.981,0.66562,0.66575,1.37,1.50
2015.07.07 07:01:41.535,0.66563,0.66575,1.37,1.00
2015.07.07 07:01:42.127,0.66565,0.66576,1.00,1.00
2015.07.07 07:01:42.182,0.66565,0.66578,1.00,1.00
2015.07.07 07:01:42.284,0.66565,0.66578,1.37,1.00
2015.07.07 07:01:43.486,0.66567,0.66575,1.12,1.00
2015.07.07 07:01:43.588,0.66563,0.66575,1.95,1.00
2015.07.07 07:01:43.791,0.66562,0.66573,1.20,1.00
2015.07.07 07:01:43.993,0.6656,0.66572,1.20,1.50
2015.07.07 07:01:46.085,0.6656,0.66572,2.25,1.00
2015.07.07 07:01:46.136,0.6656,0.66574,2.25,2.25
2015.07.07 07:01:47.295,0.66563,0.66574,1.87,1.00
2015.07.07 07:01:47.651,0.66563,0.66576,1.87,1.00
2015.07.07 07:01:48.308,0.66563,0.66576,1.87,1.37
2015.07.07 07:01:50.522,0.66563,0.66575,1.00,1.00
2015.07.07 07:01:51.072,0.66562,0.66576,1.50,2.25
2015.07.07 07:01:52.703,0.66562,0.66574,1.00,1.50
2015.07.07 07:01:53.251,0.6656,0.66574,3.15,1.50
2015.07.07 07:01:53.762,0.6656,0.66574,3.15,1.87
2015.07.07 07:01:56.794,0.66561,0.66574,1.12,1.50
2015.07.07 07:01:57.218,0.6656,0.66572,1.00,1.87
2015.07.07 07:01:57.777,0.66559,0.66572,2.62,1.00
2015.07.07 07:01:57.878,0.66561,0.66574,1.87,1.00
2015.07.07 07:01:58.732,0.66562,0.66573,1.00,1.00
2015.07.07 07:01:58.884,0.6656,0.66573,2.25,1.50
2015.07.07 07:01:59.137,0.6656,0.66571,1.50,1.00
2015.07.07 07:01:59.660,0.66558,0.66571,2.62,1.00
2015.07.07 07:02:00.065,0.6656,0.66571,2.25,1.00
2015.07.07 07:02:00.117,0.66561,0.66573,1.12,1.50
2015.07.07 07:02:00.667,0.66561,0.66574,1.37,1.00
2015.07.07 07:02:01.174,0.66561,0.66573,1.87,1.00
2015.07.07 07:02:02.535,0.66562,0.66575,1.12,1.00
2015.07.07 07:02:03.085,0.66562,0.66575,1.37,1.00
2015.07.07 07:02:04.257,0.66562,0.66575,1.87,1.12
2015.07.07 07:02:04.308,0.66561,0.66573,1.37,1.12
2015.07.07 07:02:04.612,0.66559,0.66569,1.12,1.00
2015.07.07 07:02:05.192,0.66557,0.6657,1.87,1.50
2015.07.07 07:02:07.053,0.66559,0.66572,1.37,1.00
2015.07.07 07:02:07.847,0.66559,0.66571,1.37,1.00
2015.07.07 07:02:08.396,0.66557,0.6657,1.87,1.00
2015.07.07 07:02:08.549,0.66558,0.66567,1.12,1.00
2015.07.07 07:02:08.650,0.66556,0.66567,2.62,1.00
2015.07.07 07:02:09.137,0.66554,0.66564,1.87,1.00
2015.07.07 07:02:09.289,0.66551,0.66564,1.37,1.00
2015.07.07 07:02:09.644,0.66551,0.66562,1.37,1.50
2015.07.07 07:02:10.146,0.66551,0.66562,1.00,1.00
2015.07.07 07:02:10.986,0.66551,0.66562,1.37,1.00
2015.07.07 07:02:12.084,0.66551,0.66562,1.50,1.00
2015.07.07 07:02:12.539,0.66548,0.66553,1.00,1.37
2015.07.07 07:02:12.590,0.66539,0.66551,1.20,1.00
2015.07.07 07:02:12.694,0.66539,0.66551,1.47,1.00
2015.07.07 07:02:13.566,0.66538,0.66552,4.42,1.00
2015.07.07 07:02:13.892,0.6654,0.66549,1.30,1.00
2015.07.07 07:02:14.044,0.6654,0.66552,1.72,1.00
2015.07.07 07:02:14.146,0.66541,0.66554,2.47,1.00
2015.07.07 07:02:14.248,0.66544,0.66556,1.00,1.87
2015.07.07 07:02:15.267,0.66543,0.66555,1.00,1.00
2015.07.07 07:02:15.810,0.6654,0.66554,2.85,1.50
2015.07.07 07:02:16.494,0.66541,0.66554,1.12,1.50
2015.07.07 07:02:17.214,0.6654,0.66552,2.10,1.00
2015.07.07 07:02:17.559,0.6654,0.6655,1.00,1.50
2015.07.07 07:02:17.864,0.66536,0.66547,1.60,1.00
2015.07.07 07:02:18.588,0.66536,0.66548,1.72,1.00
2015.07.07 07:02:18.892,0.6654,0.6655,1.67,1.12
2015.07.07 07:02:19.196,0.6654,0.66544,1.00,1.00
2015.07.07 07:02:19.299,0.66534,0.66541,1.00,1.00
2015.07.07 07:02:19.401,0.66531,0.66541,1.47,1.00
2015.07.07 07:02:20.293,0.6653,0.66543,1.67,1.50
2015.07.07 07:02:20.546,0.66532,0.66545,1.12,2.25
2015.07.07 07:02:20.954,0.66534,0.66545,1.00,1.00
2015.07.07 07:02:21.461,0.66532,0.66545,2.47,1.00
2015.07.07 07:02:21.947,0.66532,0.66545,1.87,1.00
2015.07.07 07:02:22.482,0.66533,0.66546,1.87,1.12
2015.07.07 07:02:23.050,0.66535,0.66548,1.00,1.50
2015.07.07 07:02:23.557,0.66536,0.66547,1.12,1.50
2015.07.07 07:02:24.192,0.66533,0.66543,1.35,1.00
2015.07.07 07:02:24.699,0.66532,0.66544,1.87,1.00
2015.07.07 07:02:25.255,0.66533,0.66545,1.00,1.00
2015.07.07 07:02:25.315,0.66534,0.66547,1.12,1.00
2015.07.07 07:02:25.366,0.66536,0.66549,1.87,1.00
2015.07.07 07:02:25.670,0.66539,0.6655,1.00,1.50
2015.07.07 07:02:25.822,0.6654,0.66552,1.00,1.00
2015.07.07 07:02:26.077,0.66541,0.66552,1.37,1.00
2015.07.07 07:02:26.388,0.66542,0.66555,1.87,1.00
2015.07.07 07:02:26.896,0.66543,0.66551,1.00,1.00
2015.07.07 07:02:26.998,0.66538,0.66551,3.22,1.00
2015.07.07 07:02:27.100,0.66538,0.66549,1.87,1.00
2015.07.07 07:02:27.439,0.66535,0.66546,1.47,1.00
2015.07.07 07:02:27.490,0.66533,0.66543,1.00,1.00
2015.07.07 07:02:27.795,0.6653,0.66541,1.87,1.00
2015.07.07 07:02:28.395,0.6653,0.66541,2.47,1.00
2015.07.07 07:02:29.224,0.6653,0.66541,1.72,1.00
2015.07.07 07:02:29.636,0.66532,0.66543,1.12,1.00
2015.07.07 07:02:30.327,0.66532,0.66543,1.37,1.00
2015.07.07 07:02:32.423,0.66531,0.66543,1.37,1.50
2015.07.07 07:02:33.028,0.66531,0.66543,1.87,1.00
2015.07.07 07:02:35.548,0.66531,0.66544,1.87,1.00
2015.07.07 07:02:38.211,0.66532,0.66545,1.37,1.50
2015.07.07 07:02:38.516,0.66535,0.66545,1.00,1.00
2015.07.07 07:02:38.836,0.66535,0.66547,1.87,1.00
2015.07.07 07:02:39.715,0.66535,0.66549,1.12,2.25
2015.07.07 07:02:40.217,0.66534,0.66548,1.37,1.00
2015.07.07 07:02:41.067,0.66534,0.66544,1.12,1.00
2015.07.07 07:02:41.575,0.66533,0.66545,1.12,1.00
2015.07.07 07:02:42.107,0.66534,0.66547,1.37,1.50
2015.07.07 07:02:42.467,0.66534,0.66544,1.37,1.00
2015.07.07 07:02:42.771,0.66532,0.66542,1.37,1.00
2015.07.07 07:02:43.251,0.66529,0.66539,1.12,1.00
2015.07.07 07:02:43.353,0.66526,0.66537,1.87,1.00
2015.07.07 07:02:43.454,0.66525,0.66536,2.62,1.00
2015.07.07 07:02:44.417,0.66526,0.66536,1.37,1.00
2015.07.07 07:02:44.468,0.66528,0.66539,1.87,1.00
2015.07.07 07:02:45.151,0.66528,0.66538,1.37,1.00
2015.07.07 07:02:45.435,0.66527,0.66531,1.50,1.00
2015.07.07 07:02:45.487,0.66522,0.66529,1.00,1.00
2015.07.07 07:02:45.590,0.66522,0.66531,1.00,1.00
2015.07.07 07:02:46.428,0.66523,0.66531,1.00,1.00
2015.07.07 07:02:46.580,0.66521,0.66531,1.87,1.00
2015.07.07 07:02:47.189,0.6652,0.66528,2.62,1.00
2015.07.07 07:02:47.632,0.6652,0.66526,1.87,1.50
2015.07.07 07:02:47.937,0.66517,0.66521,1.00,1.50
2015.07.07 07:02:48.443,0.66516,0.6652,1.00,1.50
2015.07.07 07:02:48.805,0.66516,0.6652,1.00,1.50
2015.07.07 07:02:48.857,0.66516,0.6652,1.00,1.50
2015.07.07 07:02:49.061,0.66516,0.6652,1.00,1.00
2015.07.07 07:02:49.163,0.66515,0.66519,1.00,1.00
2015.07.07 07:02:49.845,0.66516,0.6652,1.00,1.00
2015.07.07 07:02:50.099,0.66515,0.66519,1.00,1.00
2015.07.07 07:02:50.604,0.66513,0.66517,1.00,1.00
2015.07.07 07:02:51.044,0.66516,0.66521,1.00,1.00
2015.07.07 07:02:52.143,0.66516,0.66524,1.12,1.00
2015.07.07 07:02:52.245,0.66515,0.66524,1.87,1.00
2015.07.07 07:02:52.550,0.66518,0.66524,1.72,1.00
2015.07.07 07:02:52.753,0.66516,0.66521,1.50,1.00
2015.07.07 07:02:52.955,0.66515,0.6652,1.50,1.00
2015.07.07 07:02:53.893,0.66516,0.6652,1.00,1.00
2015.07.07 07:02:54.625,0.66515,0.66519,1.50,1.00
2015.07.07 07:02:55.091,0.66516,0.6652,1.00,1.00
2015.07.07 07:02:57.710,0.66515,0.66519,1.00,1.00
2015.07.07 07:03:04.549,0.66516,0.6652,1.00,1.00
2015.07.07 07:03:05.720,0.66516,0.6652,1.00,1.00
2015.07.07 07:03:05.872,0.66516,0.66524,1.00,1.00
2015.07.07 07:03:05.924,0.66515,0.66527,1.37,2.25
2015.07.07 07:03:06.026,0.66516,0.66527,2.25,1.00
2015.07.07 07:03:06.331,0.66521,0.66527,1.37,1.00
2015.07.07 07:03:09.634,0.66519,0.66527,1.37,1.00
2015.07.07 07:03:09.938,0.66519,0.66525,1.00,1.00
2015.07.07 07:03:10.463,0.66516,0.66523,1.75,1.00
2015.07.07 07:03:10.514,0.66516,0.66521,1.00,1.00
2015.07.07 07:03:11.143,0.66516,0.66523,1.00,1.00
2015.07.07 07:03:11.751,0.66516,0.66525,1.12,1.00
2015.07.07 07:03:12.987,0.66516,0.66526,1.12,1.00
2015.07.07 07:03:13.044,0.6652,0.66528,1.30,1.00
2015.07.07 07:03:13.095,0.6652,0.6653,1.30,1.10
2015.07.07 07:03:13.197,0.6652,0.66532,1.72,1.00
2015.07.07 07:03:14.125,0.66521,0.66533,1.37,1.00
2015.07.07 07:03:15.709,0.66521,0.66531,1.87,1.00
2015.07.07 07:03:17.001,0.66521,0.66533,1.87,1.00
2015.07.07 07:03:21.542,0.6652,0.66533,1.87,1.00
2015.07.07 07:03:22.159,0.6652,0.66532,1.37,2.25
2015.07.07 07:03:22.211,0.66519,0.66528,2.70,1.00
2015.07.07 07:03:22.262,0.66519,0.6653,1.95,1.00
2015.07.07 07:03:22.414,0.66519,0.66528,1.87,1.00
2015.07.07 07:03:22.922,0.66519,0.66529,1.87,1.00
2015.07.07 07:03:23.483,0.6652,0.66528,1.00,1.00
2015.07.07 07:03:24.650,0.66519,0.66528,2.47,1.00
2015.07.07 07:03:25.851,0.66516,0.66524,1.87,1.00
2015.07.07 07:03:26.358,0.66516,0.66523,1.00,1.00
2015.07.07 07:03:27.052,0.66516,0.66524,1.00,1.00
2015.07.07 07:03:28.396,0.66516,0.66526,1.00,1.00
2015.07.07 07:03:28.550,0.66516,0.66523,1.37,1.00
2015.07.07 07:03:28.804,0.66516,0.66525,1.00,1.50
2015.07.07 07:03:28.906,0.66516,0.66526,1.37,1.00
2015.07.07 07:03:29.212,0.66521,0.6653,1.37,1.00
2015.07.07 07:03:29.510,0.66524,0.66533,1.00,1.00
2015.07.07 07:03:30.376,0.66524,0.66533,2.62,1.00
2015.07.07 07:03:30.427,0.66524,0.66536,2.62,1.00
2015.07.07 07:03:30.663,0.66528,0.66536,1.00,1.00
2015.07.07 07:03:30.715,0.66528,0.66538,1.00,1.50
2015.07.07 07:03:30.767,0.66528,0.66536,1.00,1.00
2015.07.07 07:03:30.971,0.66526,0.66536,1.00,1.00
2015.07.07 07:03:31.022,0.66526,0.66533,1.00,1.00
2015.07.07 07:03:31.175,0.66523,0.66531,1.12,1.00
2015.07.07 07:03:31.905,0.66521,0.66532,1.37,1.00
2015.07.07 07:03:32.414,0.66522,0.66532,1.37,1.00
2015.07.07 07:03:36.913,0.66523,0.66532,1.87,1.00
2015.07.07 07:03:37.594,0.66523,0.66532,1.12,1.00
2015.07.07 07:03:38.249,0.66524,0.66532,1.00,1.00
2015.07.07 07:03:38.921,0.66525,0.66532,1.00,1.00
2015.07.07 07:03:41.081,0.66526,0.66532,1.50,1.00
2015.07.07 07:03:41.132,0.66526,0.66536,1.50,1.00
2015.07.07 07:03:41.493,0.66528,0.66536,1.00,1.00
2015.07.07 07:03:45.629,0.66528,0.66534,1.00,1.00
2015.07.07 07:03:45.883,0.66525,0.66532,1.12,1.00
2015.07.07 07:03:46.036,0.66522,0.66532,1.72,1.00
2015.07.07 07:03:46.087,0.66523,0.66534,1.87,1.00
2015.07.07 07:03:46.188,0.66525,0.66536,1.00,1.00
2015.07.07 07:03:46.593,0.66526,0.66534,1.00,1.00
2015.07.07 07:03:46.905,0.66523,0.66534,2.62,1.00
2015.07.07 07:03:47.828,0.66521,0.66533,1.87,1.00
2015.07.07 07:03:48.271,0.66521,0.66535,1.95,1.12
2015.07.07 07:03:48.985,0.66524,0.66536,1.12,1.00
2015.07.07 07:03:49.804,0.66523,0.66535,1.37,1.00
2015.07.07 07:03:50.376,0.66523,0.66534,1.37,1.00
2015.07.07 07:03:51.698,0.66523,0.66535,1.37,1.00
2015.07.07 07:03:52.245,0.66523,0.66536,1.37,1.00
2015.07.07 07:03:53.589,0.66523,0.66535,1.37,1.00
2015.07.07 07:03:55.691,0.66523,0.66537,1.87,1.87
2015.07.07 07:03:57.373,0.66523,0.66535,1.87,1.00
2015.07.07 07:03:57.881,0.66522,0.66535,2.62,1.50
2015.07.07 07:03:58.383,0.66522,0.66535,1.87,1.50
2015.07.07 07:03:59.298,0.66524,0.66536,1.37,1.00
2015.07.07 07:03:59.814,0.66523,0.66537,3.37,2.62
2015.07.07 07:04:00.725,0.66523,0.66535,2.62,1.00
2015.07.07 07:04:01.008,0.66524,0.66537,1.37,1.12
2015.07.07 07:04:01.514,0.66525,0.66539,1.37,4.12
2015.07.07 07:04:02.222,0.66526,0.6654,1.87,2.62
2015.07.07 07:04:02.628,0.66528,0.6654,1.00,1.87
2015.07.07 07:04:03.196,0.66528,0.6654,1.00,1.50
2015.07.07 07:04:06.334,0.66525,0.66539,1.87,1.87
2015.07.07 07:04:06.856,0.66524,0.66538,3.37,1.50
2015.07.07 07:04:10.158,0.66524,0.66536,1.87,1.00
2015.07.07 07:04:11.921,0.66524,0.66535,1.12,1.00
2015.07.07 07:04:12.226,0.66521,0.66533,1.37,1.00
2015.07.07 07:04:12.767,0.66521,0.66534,1.37,1.50
2015.07.07 07:04:17.392,0.66521,0.66535,2.62,1.12
2015.07.07 07:04:18.740,0.66521,0.66533,1.87,1.00
2015.07.07 07:04:19.145,0.66522,0.66531,1.50,1.00
2015.07.07 07:04:19.197,0.66522,0.66531,1.50,1.00
2015.07.07 07:04:19.895,0.66521,0.6653,1.37,1.00
2015.07.07 07:04:20.423,0.66519,0.6653,1.00,1.00
2015.07.07 07:04:20.474,0.66519,0.66528,1.00,1.87
2015.07.07 07:04:20.625,0.66517,0.66526,1.50,1.87
2015.07.07 07:04:21.456,0.66517,0.66527,1.00,2.62
2015.07.07 07:04:25.715,0.66519,0.6653,1.00,1.12
2015.07.07 07:04:25.868,0.6652,0.66533,1.00,1.87
2015.07.07 07:04:25.919,0.6652,0.66533,1.00,2.25
2015.07.07 07:04:26.123,0.66522,0.66534,1.00,1.87
2015.07.07 07:04:26.275,0.66521,0.66535,1.12,3.07
2015.07.07 07:04:26.795,0.66521,0.66535,1.12,2.70
2015.07.07 07:04:27.671,0.66521,0.66532,1.12,1.00
2015.07.07 07:04:28.682,0.66522,0.66532,1.00,1.00
2015.07.07 07:04:28.733,0.66522,0.66535,1.50,1.00
2015.07.07 07:04:28.885,0.66524,0.66536,1.12,1.12
2015.07.07 07:04:29.391,0.66523,0.66536,1.37,1.12
2015.07.07 07:04:30.405,0.66523,0.66535,1.37,1.00
2015.07.07 07:04:30.911,0.66523,0.66534,1.12,1.00
2015.07.07 07:04:31.427,0.66524,0.66537,1.00,1.00
2015.07.07 07:04:33.918,0.66524,0.66538,1.50,1.12
2015.07.07 07:04:34.453,0.66525,0.66539,1.87,1.95
2015.07.07 07:04:38.936,0.66525,0.66538,1.87,1.37
2015.07.07 07:04:45.243,0.66524,0.66537,1.00,1.00
2015.07.07 07:04:47.923,0.66523,0.66537,1.12,2.25
2015.07.07 07:04:48.429,0.66522,0.66536,1.87,1.50
2015.07.07 07:04:49.333,0.66524,0.66536,1.00,1.00
2015.07.07 07:04:49.839,0.66523,0.66537,1.87,1.50
2015.07.07 07:04:50.651,0.66525,0.66538,1.12,1.12
2015.07.07 07:04:51.210,0.66526,0.66539,1.00,1.20
2015.07.07 07:04:51.778,0.66525,0.66539,2.62,1.95
2015.07.07 07:04:52.324,0.66526,0.6654,1.50,3.45
2015.07.07 07:04:52.974,0.66525,0.66539,2.62,1.12
2015.07.07 07:04:54.090,0.66528,0.66539,1.00,1.12
2015.07.07 07:04:54.449,0.66525,0.66539,2.62,1.12
2015.07.07 07:04:57.229,0.66527,0.66539,1.00,1.87
2015.07.07 07:04:58.371,0.66525,0.66538,1.37,1.50
2015.07.07 07:04:58.675,0.66524,0.66535,1.00,1.00
2015.07.07 07:04:59.016,0.66524,0.66538,2.25,1.47
2015.07.07 07:04:59.536,0.66526,0.66539,1.12,1.87
2015.07.07 07:05:00.041,0.66527,0.66539,1.00,1.00
2015.07.07 07:05:01.048,0.66528,0.66539,1.00,1.00
2015.07.07 07:05:01.630,0.66528,0.66537,1.00,1.00
2015.07.07 07:05:02.155,0.66528,0.66537,1.87,1.00
2015.07.07 07:05:02.562,0.66529,0.66537,1.37,1.00
2015.07.07 07:05:02.867,0.6653,0.66537,1.72,1.00
2015.07.07 07:05:03.274,0.66537,0.66546,3.97,1.20
2015.07.07 07:05:03.427,0.66538,0.66548,2.10,1.00
2015.07.07 07:05:03.680,0.66538,0.66548,1.37,1.00
2015.07.07 07:05:03.984,0.6654,0.66548,1.35,1.00
2015.07.07 07:05:04.310,0.66541,0.66545,1.00,1.00
2015.07.07 07:05:04.989,0.66539,0.66546,2.25,1.00
2015.07.07 07:05:05.090,0.66536,0.66543,1.87,1.00
2015.07.07 07:05:05.363,0.66535,0.66541,1.75,1.00
2015.07.07 07:05:05.417,0.66532,0.66539,4.87,1.00
2015.07.07 07:05:06.300,0.66532,0.66539,4.72,1.00
2015.07.07 07:05:11.858,0.66532,0.66541,5.62,1.00
2015.07.07 07:05:13.323,0.66536,0.66541,1.00,1.00
2015.07.07 07:05:13.374,0.66537,0.66544,1.12,1.00
2015.07.07 07:05:13.630,0.66537,0.66546,1.37,1.00
2015.07.07 07:05:18.082,0.66535,0.66546,1.87,1.00
2015.07.07 07:05:18.377,0.66535,0.66546,1.87,1.00
2015.07.07 07:05:22.565,0.66537,0.66548,1.87,1.00
2015.07.07 07:05:28.201,0.66537,0.66547,1.37,1.00
2015.07.07 07:05:28.578,0.6654,0.66551,1.00,1.37
2015.07.07 07:05:28.780,0.66542,0.66551,1.00,1.37
2015.07.07 07:05:32.688,0.66545,0.66551,1.00,1.00
2015.07.07 07:05:32.891,0.66545,0.66554,1.00,1.57
2015.07.07 07:05:40.427,0.66545,0.66557,2.85,3.00
2015.07.07 07:05:40.528,0.66545,0.66556,1.00,1.12
2015.07.07 07:05:40.630,0.66544,0.66555,1.00,1.37
2015.07.07 07:05:41.287,0.66542,0.66554,3.75,1.12
2015.07.07 07:05:44.309,0.66542,0.66554,4.72,1.00
2015.07.07 07:05:44.360,0.66544,0.66556,1.50,1.00
2015.07.07 07:05:44.463,0.66546,0.66558,1.00,1.57
2015.07.07 07:05:44.792,0.66547,0.6656,1.50,1.37
2015.07.07 07:05:45.553,0.66545,0.66558,4.12,1.00
2015.07.07 07:05:45.923,0.66544,0.66557,3.75,1.00
2015.07.07 07:05:45.974,0.66544,0.66554,3.75,1.00
2015.07.07 07:05:47.176,0.66542,0.66554,4.72,1.00
2015.07.07 07:05:52.190,0.66541,0.66553,1.37,1.00
2015.07.07 07:05:52.711,0.66541,0.66552,1.37,1.00
2015.07.07 07:05:53.864,0.66541,0.66552,1.37,1.12
2015.07.07 07:05:54.385,0.66541,0.66551,1.37,1.00
2015.07.07 07:05:57.350,0.66541,0.66552,1.37,2.62
2015.07.07 07:05:59.089,0.6654,0.66552,1.72,1.87
2015.07.07 07:06:00.150,0.6654,0.66551,1.72,1.00
2015.07.07 07:06:01.313,0.6654,0.66551,1.72,1.00
2015.07.07 07:06:01.866,0.6654,0.66552,1.72,1.50
2015.07.07 07:06:02.705,0.66542,0.66553,1.30,1.50
2015.07.07 07:06:04.579,0.66542,0.66553,1.37,1.50
2015.07.07 07:06:06.463,0.66543,0.66554,1.37,1.00
2015.07.07 07:06:06.789,0.66542,0.66554,1.12,1.00
2015.07.07 07:06:10.178,0.66541,0.66554,3.37,1.00
2015.07.07 07:06:10.836,0.66541,0.66553,1.87,1.00
2015.07.07 07:06:10.988,0.66541,0.66551,1.37,1.00
2015.07.07 07:06:11.385,0.66541,0.66553,1.87,1.00
2015.07.07 07:06:12.077,0.66542,0.66554,1.37,1.50
2015.07.07 07:06:13.892,0.66542,0.66553,1.37,1.00
2015.07.07 07:06:14.489,0.66541,0.66552,1.87,1.00
2015.07.07 07:06:16.027,0.66541,0.66552,1.87,1.00
2015.07.07 07:06:16.088,0.66541,0.66554,2.62,1.00
2015.07.07 07:06:16.608,0.66542,0.66554,1.37,1.00
2015.07.07 07:06:17.678,0.66542,0.66555,3.37,1.00
2015.07.07 07:06:18.179,0.66544,0.66555,1.00,1.00
2015.07.07 07:06:19.153,0.66542,0.66555,3.37,1.00
2015.07.07 07:06:19.205,0.66542,0.66555,3.37,1.00
2015.07.07 07:06:24.461,0.66544,0.66555,1.00,1.00
2015.07.07 07:06:24.562,0.66542,0.66555,1.12,1.50
2015.07.07 07:06:24.852,0.6654,0.66551,2.62,1.00
2015.07.07 07:06:25.155,0.6654,0.66551,1.87,1.00
2015.07.07 07:06:25.420,0.6654,0.66551,1.37,1.00
2015.07.07 07:06:25.950,0.6654,0.66551,1.37,1.00
2015.07.07 07:06:27.268,0.66541,0.66551,1.37,1.00
2015.07.07 07:06:32.038,0.66541,0.66549,1.00,1.00
2015.07.07 07:06:32.140,0.66536,0.66546,1.12,1.00
2015.07.07 07:06:32.241,0.66535,0.66545,1.00,1.00
2015.07.07 07:06:32.704,0.66532,0.66543,1.37,1.00
2015.07.07 07:06:32.857,0.66532,0.66543,1.12,1.00
2015.07.07 07:06:37.390,0.66534,0.66546,1.12,1.10
2015.07.07 07:06:37.763,0.66537,0.66547,1.00,1.12
2015.07.07 07:06:38.269,0.66537,0.66547,1.00,1.00
2015.07.07 07:06:39.371,0.66534,0.66547,2.25,1.00
2015.07.07 07:06:41.632,0.66532,0.66543,1.00,1.00
2015.07.07 07:06:42.139,0.6653,0.66542,1.37,1.00
2015.07.07 07:06:47.366,0.66529,0.66542,1.87,1.50
2015.07.07 07:06:47.671,0.66528,0.66538,1.00,1.00
2015.07.07 07:06:47.922,0.66525,0.66538,3.37,1.47
2015.07.07 07:06:49.138,0.66525,0.66537,1.00,1.00
2015.07.07 07:06:49.510,0.66525,0.66537,1.87,1.00
2015.07.07 07:06:49.713,0.66527,0.66539,1.37,1.10
2015.07.07 07:06:50.250,0.66526,0.66538,1.87,1.00
2015.07.07 07:06:50.301,0.66526,0.66538,1.00,1.00
2015.07.07 07:06:50.352,0.66526,0.66537,1.00,2.25
2015.07.07 07:06:50.403,0.66524,0.66535,1.12,1.50
2015.07.07 07:06:50.708,0.66525,0.66536,1.37,1.75
2015.07.07 07:06:50.911,0.66525,0.66536,1.00,1.00
2015.07.07 07:06:51.448,0.66525,0.66536,1.37,1.00
2015.07.07 07:06:51.919,0.66525,0.66538,2.62,1.12
2015.07.07 07:06:53.088,0.66527,0.6654,1.37,1.95
2015.07.07 07:06:53.189,0.66527,0.66541,3.37,2.25
2015.07.07 07:06:53.570,0.66531,0.66543,1.00,1.50
2015.07.07 07:06:53.774,0.66532,0.66545,1.00,1.00
2015.07.07 07:06:54.286,0.66533,0.66545,1.00,1.00
2015.07.07 07:06:55.284,0.66532,0.66545,3.00,1.00
2015.07.07 07:06:55.835,0.66532,0.66546,2.25,1.00
2015.07.07 07:06:56.358,0.66533,0.66547,1.12,2.32
2015.07.07 07:06:57.456,0.66532,0.66546,2.25,1.00
2015.07.07 07:07:01.743,0.66533,0.66547,1.00,3.45
2015.07.07 07:07:03.139,0.66533,0.66546,1.00,1.00
2015.07.07 07:07:03.392,0.66531,0.66544,1.37,1.00
2015.07.07 07:07:03.544,0.66531,0.66544,1.12,1.00
2015.07.07 07:07:04.050,0.66531,0.66543,1.12,1.00
2015.07.07 07:07:05.556,0.66531,0.66543,1.87,1.00
2015.07.07 07:07:14.219,0.66531,0.66545,2.62,1.50
2015.07.07 07:07:14.573,0.66534,0.66547,1.12,1.00
2015.07.07 07:07:14.941,0.66536,0.66549,1.00,2.62
2015.07.07 07:07:15.256,0.66538,0.6655,1.00,1.50
2015.07.07 07:07:17.314,0.66537,0.6655,1.50,1.00
2015.07.07 07:07:19.120,0.66537,0.66547,1.50,1.00
2015.07.07 07:07:19.273,0.66534,0.66547,2.25,1.00
2015.07.07 07:07:21.580,0.66534,0.66545,3.00,1.00
2015.07.07 07:07:21.834,0.66532,0.66544,1.00,1.00
2015.07.07 07:07:22.464,0.66531,0.66544,1.12,1.50
2015.07.07 07:07:22.986,0.66531,0.66543,1.00,1.00
2015.07.07 07:07:24.170,0.66531,0.66543,1.37,1.00
2015.07.07 07:07:24.676,0.66533,0.66544,1.00,1.00
2015.07.07 07:07:25.201,0.66537,0.66547,1.00,1.00
2015.07.07 07:07:29.712,0.66537,0.66546,1.00,1.00
2015.07.07 07:07:29.763,0.66535,0.66546,1.12,1.00
2015.07.07 07:07:30.509,0.66534,0.66547,1.00,1.00
2015.07.07 07:07:33.135,0.66534,0.66547,1.37,1.00
2015.07.07 07:07:33.186,0.66537,0.66547,1.00,1.00
2015.07.07 07:07:34.910,0.66537,0.66548,1.00,1.00
2015.07.07 07:07:35.393,0.66538,0.66551,1.00,1.57
2015.07.07 07:07:35.444,0.66539,0.66551,1.37,1.57
2015.07.07 07:07:35.546,0.66541,0.66553,1.37,1.00
2015.07.07 07:07:36.084,0.66541,0.66552,2.70,1.00
2015.07.07 07:07:36.186,0.66541,0.66548,1.47,1.00
2015.07.07 07:07:37.200,0.66539,0.66546,3.37,1.00
2015.07.07 07:07:37.555,0.6654,0.66548,1.35,1.00
2015.07.07 07:07:37.606,0.6654,0.66551,1.35,2.25
2015.07.07 07:07:38.631,0.66539,0.66548,3.97,1.00
2015.07.07 07:07:38.683,0.66535,0.66543,1.20,1.00
2015.07.07 07:07:39.190,0.6653,0.66542,3.75,1.00
2015.07.07 07:07:39.699,0.66533,0.66542,1.00,1.00
2015.07.07 07:07:39.903,0.66533,0.66545,1.00,1.50
2015.07.07 07:07:40.415,0.66533,0.66544,1.00,1.50
2015.07.07 07:07:49.688,0.66534,0.66544,1.00,1.00
2015.07.07 07:07:51.001,0.66534,0.66546,1.00,2.62
2015.07.07 07:07:51.457,0.66533,0.66546,1.00,2.62
2015.07.07 07:07:51.761,0.66532,0.66542,1.00,1.00
2015.07.07 07:07:52.216,0.6653,0.66542,1.00,1.00
2015.07.07 07:07:52.485,0.66529,0.66538,1.87,1.95
2015.07.07 07:07:52.890,0.66529,0.66539,1.00,1.10
2015.07.07 07:07:53.605,0.66533,0.66545,1.00,1.87
2015.07.07 07:07:53.707,0.66533,0.66546,1.50,1.20
2015.07.07 07:07:53.825,0.66533,0.66547,1.50,3.45
2015.07.07 07:07:54.230,0.66536,0.66547,1.00,1.57
2015.07.07 07:07:56.013,0.66534,0.66547,1.00,2.62
2015.07.07 07:07:56.216,0.66532,0.66545,1.50,1.00
2015.07.07 07:07:59.185,0.66532,0.66545,1.37,1.87
2015.07.07 07:07:59.574,0.66539,0.66545,1.00,1.12
2015.07.07 07:08:00.406,0.66537,0.66545,1.00,1.12
2015.07.07 07:08:03.552,0.66537,0.66547,1.00,1.12
2015.07.07 07:08:05.658,0.66539,0.66549,1.00,2.32
2015.07.07 07:08:06.007,0.66541,0.66549,1.00,1.00
2015.07.07 07:08:06.362,0.66541,0.66551,1.00,1.57
2015.07.07 07:08:06.937,0.66539,0.6655,1.00,1.37
2015.07.07 07:08:07.535,0.66539,0.66548,1.00,1.00
2015.07.07 07:08:08.041,0.66539,0.6655,1.00,3.37
2015.07.07 07:08:08.607,0.66538,0.6655,1.50,3.37
2015.07.07 07:08:12.041,0.66538,0.66547,1.00,1.00
2015.07.07 07:08:15.472,0.66538,0.6655,1.00,3.07
2015.07.07 07:08:16.058,0.66538,0.6655,1.00,1.00
2015.07.07 07:08:16.326,0.66538,0.6655,1.87,1.00
2015.07.07 07:08:16.633,0.6654,0.66553,1.37,1.87
2015.07.07 07:08:17.256,0.6654,0.66553,2.62,1.12
2015.07.07 07:08:18.410,0.66542,0.66554,1.00,1.12
2015.07.07 07:08:18.563,0.66546,0.66555,1.00,2.62
2015.07.07 07:08:18.665,0.66546,0.66558,2.25,1.12
2015.07.07 07:08:18.766,0.66548,0.66559,1.00,1.47
2015.07.07 07:08:18.970,0.66546,0.66558,1.00,1.12
2015.07.07 07:08:21.588,0.66546,0.66557,1.00,1.00
2015.07.07 07:08:22.908,0.66546,0.66556,1.00,1.00
2015.07.07 07:08:25.017,0.66544,0.66556,1.00,1.00
2015.07.07 07:08:26.570,0.66544,0.66556,1.00,1.37
2015.07.07 07:08:27.026,0.66542,0.66554,1.87,1.00
2015.07.07 07:08:27.407,0.66542,0.66552,1.00,1.37
2015.07.07 07:08:28.676,0.66541,0.66552,1.00,1.37
2015.07.07 07:08:29.438,0.66543,0.66552,1.00,1.37
2015.07.07 07:08:30.939,0.66541,0.66553,1.50,1.37
2015.07.07 07:08:31.040,0.66542,0.66553,1.50,1.00
2015.07.07 07:08:31.372,0.66542,0.66555,1.50,1.00
2015.07.07 07:08:31.895,0.66543,0.66556,1.00,1.00
2015.07.07 07:08:33.888,0.66545,0.66556,1.00,1.00
2015.07.07 07:08:34.405,0.66545,0.66557,1.00,1.50
2015.07.07 07:08:35.604,0.66545,0.66558,2.25,1.12
2015.07.07 07:08:36.230,0.66545,0.66557,2.25,1.00
2015.07.07 07:08:36.382,0.66543,0.66556,1.95,1.50
2015.07.07 07:08:36.660,0.66543,0.66556,1.50,2.62
2015.07.07 07:08:36.914,0.66541,0.66554,1.12,1.12
2015.07.07 07:08:37.483,0.6654,0.66554,1.87,1.87
2015.07.07 07:08:39.113,0.66542,0.66554,1.00,1.37
2015.07.07 07:08:39.692,0.66542,0.66555,1.00,1.37
2015.07.07 07:08:40.158,0.66543,0.66556,1.00,1.50
2015.07.07 07:08:40.664,0.66542,0.66556,1.50,1.87
2015.07.07 07:08:41.600,0.66543,0.66556,1.00,1.12
2015.07.07 07:08:48.477,0.66543,0.66557,1.00,1.87
2015.07.07 07:08:52.273,0.66543,0.66557,1.87,2.62
2015.07.07 07:08:52.476,0.66544,0.66558,1.12,1.12
2015.07.07 07:08:52.858,0.66546,0.6656,1.50,1.87
2015.07.07 07:08:53.368,0.66547,0.6656,1.12,1.12
2015.07.07 07:08:55.753,0.66547,0.66561,1.87,3.00
2015.07.07 07:08:56.304,0.66548,0.66561,1.00,1.50
2015.07.07 07:08:57.362,0.66547,0.66561,1.12,2.25
2015.07.07 07:08:58.416,0.66548,0.66561,1.00,2.25
2015.07.07 07:08:58.721,0.66545,0.66554,1.00,1.00
2015.07.07 07:08:59.034,0.66541,0.66553,1.87,1.00
2015.07.07 07:09:02.690,0.66541,0.66554,1.87,1.12
2015.07.07 07:09:03.192,0.66542,0.66554,1.87,1.12
2015.07.07 07:09:03.699,0.66542,0.66554,1.87,1.00
2015.07.07 07:09:05.601,0.66543,0.66556,1.87,1.87
2015.07.07 07:09:06.803,0.66543,0.66553,1.87,1.00
2015.07.07 07:09:08.107,0.66544,0.66553,1.00,1.00
2015.07.07 07:09:08.631,0.66544,0.66554,1.12,1.00
2015.07.07 07:09:11.877,0.66544,0.66556,1.12,1.00
2015.07.07 07:09:14.889,0.66544,0.66558,1.87,3.37
2015.07.07 07:09:15.092,0.66544,0.66556,1.50,1.12
2015.07.07 07:09:15.404,0.66542,0.66554,1.00,1.12
2015.07.07 07:09:15.912,0.66541,0.66554,1.12,1.87
2015.07.07 07:09:16.664,0.66541,0.66553,1.12,1.00
2015.07.07 07:09:17.405,0.66541,0.66554,1.12,2.62
2015.07.07 07:09:19.346,0.66541,0.66554,1.37,1.00
2015.07.07 07:09:19.600,0.66542,0.66556,1.12,1.00
2015.07.07 07:09:19.651,0.66542,0.66556,1.37,1.37
2015.07.07 07:09:19.752,0.66544,0.66558,3.37,1.57
2015.07.07 07:09:20.267,0.66545,0.66558,1.00,1.00
2015.07.07 07:09:20.774,0.66545,0.66557,1.00,1.00
2015.07.07 07:09:21.396,0.66545,0.66558,1.00,1.00
2015.07.07 07:09:21.923,0.66544,0.66558,3.52,2.25
2015.07.07 07:09:23.016,0.66545,0.66558,1.00,1.00
2015.07.07 07:09:23.429,0.66545,0.66556,1.00,1.00
2015.07.07 07:09:23.934,0.66542,0.66556,2.77,1.87
2015.07.07 07:09:25.111,0.6654,0.66554,3.37,1.87
2015.07.07 07:09:27.814,0.66543,0.66555,1.00,1.37
2015.07.07 07:09:27.865,0.66543,0.66555,1.37,1.12
2015.07.07 07:09:28.371,0.66543,0.66555,1.00,1.00
2015.07.07 07:09:29.089,0.66542,0.66554,1.50,1.50
2015.07.07 07:09:30.841,0.66543,0.66554,1.00,1.00
2015.07.07 07:09:31.348,0.66543,0.66556,1.37,1.37
2015.07.07 07:09:33.218,0.66544,0.66558,1.37,2.62
2015.07.07 07:09:33.320,0.66547,0.66559,1.00,1.00
2015.07.07 07:09:33.839,0.66548,0.66561,1.00,2.62
2015.07.07 07:09:34.651,0.66548,0.66561,1.37,2.62
2015.07.07 07:09:37.155,0.66548,0.66562,4.87,3.00
2015.07.07 07:09:37.465,0.66551,0.66563,1.37,2.25
2015.07.07 07:09:37.973,0.66551,0.66563,1.37,2.25
2015.07.07 07:09:38.024,0.66551,0.66564,1.37,1.50
2015.07.07 07:09:38.610,0.66551,0.66564,1.12,1.50
2015.07.07 07:09:39.674,0.66551,0.66564,1.37,1.37
2015.07.07 07:09:40.821,0.6655,0.66558,1.47,1.00
2015.07.07 07:09:41.573,0.6655,0.66558,1.47,1.00
2015.07.07 07:09:41.878,0.6655,0.6656,1.47,1.00
2015.07.07 07:09:43.562,0.66551,0.6656,1.37,1.00
2015.07.07 07:09:43.617,0.66552,0.66565,1.87,1.00
2015.07.07 07:09:43.769,0.66554,0.66563,1.00,1.00
2015.07.07 07:09:44.074,0.66552,0.6656,1.12,1.00
2015.07.07 07:09:44.762,0.66551,0.6656,1.00,1.00
2015.07.07 07:09:47.527,0.66551,0.66563,1.00,1.00
2015.07.07 07:09:47.882,0.66553,0.66565,1.00,1.50
2015.07.07 07:09:48.610,0.66553,0.66565,1.37,1.00
2015.07.07 07:09:50.251,0.66553,0.66567,1.37,1.87
2015.07.07 07:09:52.200,0.66555,0.66567,1.00,1.87
2015.07.07 07:09:53.065,0.66555,0.66566,1.00,1.12
2015.07.07 07:09:53.166,0.66552,0.66566,1.12,2.62
2015.07.07 07:09:54.173,0.66552,0.66566,1.87,1.50
2015.07.07 07:09:54.479,0.6655,0.66564,4.12,1.00
2015.07.07 07:09:54.815,0.66552,0.66566,1.00,1.50
2015.07.07 07:09:54.866,0.66552,0.66566,1.00,1.87
2015.07.07 07:09:55.178,0.66549,0.66563,1.12,1.87
2015.07.07 07:09:55.882,0.66549,0.66561,1.87,1.00
2015.07.07 07:09:56.431,0.6655,0.66561,1.00,1.00
2015.07.07 07:09:57.017,0.66548,0.66562,1.87,1.87
2015.07.07 07:09:57.384,0.66551,0.66563,1.00,1.37
2015.07.07 07:09:57.889,0.66552,0.66566,2.62,1.50
2015.07.07 07:09:58.268,0.66555,0.66567,1.00,1.87
2015.07.07 07:09:58.790,0.66557,0.66569,1.00,2.25
2015.07.07 07:09:59.395,0.66558,0.6657,1.50,1.37
2015.07.07 07:09:59.497,0.66555,0.66569,1.87,1.12
2015.07.07 07:09:59.598,0.66557,0.6657,1.00,1.87
2015.07.07 07:10:00.195,0.66556,0.6657,1.00,2.62
2015.07.07 07:10:00.820,0.66558,0.6657,1.00,2.62
2015.07.07 07:10:01.950,0.66559,0.6657,1.00,1.87
2015.07.07 07:10:02.001,0.66557,0.6657,1.00,1.87
2015.07.07 07:10:02.528,0.66558,0.6657,1.00,1.87
2015.07.07 07:10:03.410,0.66558,0.66571,1.87,1.00
2015.07.07 07:10:03.714,0.66564,0.66571,1.00,1.00
2015.07.07 07:10:03.866,0.66564,0.66576,1.00,1.87
2015.07.07 07:10:03.917,0.66564,0.66576,1.00,1.50
2015.07.07 07:10:04.019,0.66566,0.66577,1.00,1.95
2015.07.07 07:10:04.568,0.66567,0.66578,1.00,1.37
2015.07.07 07:10:09.933,0.66567,0.6658,1.00,3.45
2015.07.07 07:10:10.231,0.66565,0.66579,1.87,2.25
2015.07.07 07:10:10.984,0.66566,0.66578,1.00,1.12
2015.07.07 07:10:11.910,0.66568,0.6658,1.00,1.87
2015.07.07 07:10:12.233,0.6657,0.6658,1.00,1.37
2015.07.07 07:10:14.011,0.66569,0.66579,1.00,1.12
2015.07.07 07:10:14.112,0.66566,0.66579,1.50,2.25
2015.07.07 07:10:14.741,0.66566,0.66579,1.50,2.25
2015.07.07 07:10:14.845,0.66569,0.6658,1.00,1.87
2015.07.07 07:10:14.895,0.66569,0.6658,1.37,1.50
2015.07.07 07:10:14.946,0.66572,0.66582,1.50,1.57
2015.07.07 07:10:15.458,0.66573,0.66582,1.00,1.00
2015.07.07 07:10:15.814,0.6657,0.66582,1.12,1.00
2015.07.07 07:10:16.138,0.6657,0.6658,1.00,1.37
2015.07.07 07:10:16.189,0.66566,0.66578,1.12,1.37
2015.07.07 07:10:17.021,0.66565,0.66578,1.50,1.87
2015.07.07 07:10:17.541,0.66566,0.66578,1.50,1.87
2015.07.07 07:10:22.453,0.66565,0.66577,1.00,1.12
2015.07.07 07:10:22.911,0.66562,0.66576,2.62,1.12
2015.07.07 07:10:26.465,0.66561,0.66574,1.87,1.00
2015.07.07 07:10:26.567,0.66562,0.66576,1.87,2.62
2015.07.07 07:10:27.180,0.66564,0.66576,1.00,1.12
2015.07.07 07:10:27.686,0.66565,0.66576,1.00,1.00
2015.07.07 07:10:27.889,0.66565,0.66573,1.00,1.12
2015.07.07 07:10:28.256,0.6656,0.66567,1.37,1.00
2015.07.07 07:10:28.511,0.6656,0.66567,1.12,1.00
2015.07.07 07:10:29.019,0.66559,0.66566,1.50,1.00
2015.07.07 07:10:29.405,0.66554,0.66561,1.75,1.50
2015.07.07 07:10:29.812,0.66551,0.66558,1.12,1.00
2015.07.07 07:10:29.915,0.66551,0.66558,1.87,1.00
2015.07.07 07:10:30.017,0.66551,0.66565,2.62,1.00
2015.07.07 07:10:30.119,0.66552,0.66566,1.37,4.20
2015.07.07 07:10:30.657,0.66555,0.66567,1.00,4.12
2015.07.07 07:10:31.693,0.66553,0.66567,1.87,4.87
2015.07.07 07:10:32.732,0.66555,0.66567,1.12,1.50
2015.07.07 07:10:32.792,0.66555,0.66569,1.87,4.87
2015.07.07 07:10:33.262,0.66555,0.66567,1.87,1.00
2015.07.07 07:10:33.887,0.66554,0.66567,1.12,4.87
2015.07.07 07:10:34.393,0.66555,0.66567,1.12,3.75
2015.07.07 07:10:35.663,0.66555,0.66568,1.12,1.12
2015.07.07 07:10:37.391,0.66556,0.66569,1.00,4.12
2015.07.07 07:10:37.852,0.66557,0.6657,1.50,4.87
2015.07.07 07:10:39.306,0.66553,0.66566,2.02,1.12
2015.07.07 07:10:39.813,0.66554,0.66566,1.00,1.12
2015.07.07 07:10:45.900,0.66555,0.66567,1.00,1.12
2015.07.07 07:10:48.745,0.66555,0.66568,1.87,1.37
2015.07.07 07:10:55.544,0.66558,0.66568,1.00,1.87
2015.07.07 07:10:56.342,0.66557,0.66568,1.00,1.37
2015.07.07 07:10:57.309,0.66556,0.66566,1.00,1.12
2015.07.07 07:10:57.667,0.6656,0.66566,1.00,1.00
2015.07.07 07:10:57.719,0.6656,0.66571,1.50,2.25
2015.07.07 07:10:58.243,0.66558,0.6657,1.12,1.00
2015.07.07 07:10:58.294,0.66556,0.66569,2.62,1.00
2015.07.07 07:10:58.598,0.66556,0.66566,1.87,1.00
2015.07.07 07:10:58.928,0.6655,0.66561,1.50,1.00
2015.07.07 07:10:59.187,0.6655,0.66561,1.00,1.00
2015.07.07 07:11:00.102,0.66549,0.66562,3.22,1.50
2015.07.07 07:11:01.763,0.66552,0.66564,1.12,1.00
2015.07.07 07:11:03.552,0.66552,0.66566,1.12,3.45
2015.07.07 07:11:03.653,0.66552,0.66564,1.12,1.00
2015.07.07 07:11:04.247,0.66551,0.66563,1.37,1.50
2015.07.07 07:11:05.636,0.6655,0.66562,1.00,1.12
2015.07.07 07:11:05.738,0.6655,0.66561,1.00,1.37
2015.07.07 07:11:06.143,0.66546,0.66558,1.12,1.00
2015.07.07 07:11:06.676,0.66544,0.66557,1.87,1.00
2015.07.07 07:11:07.253,0.66545,0.66559,1.00,1.87
2015.07.07 07:11:08.435,0.66545,0.66559,1.37,1.87
2015.07.07 07:11:08.654,0.66545,0.66559,1.37,1.87
2015.07.07 07:11:09.302,0.66545,0.66559,1.00,2.25
2015.07.07 07:11:10.135,0.66546,0.66559,1.00,1.57
2015.07.07 07:11:10.571,0.66546,0.66556,1.00,1.50
2015.07.07 07:11:10.623,0.66544,0.66556,1.00,1.50
2015.07.07 07:11:10.826,0.66541,0.66555,2.62,2.62
2015.07.07 07:11:11.343,0.66541,0.66554,1.87,1.50
2015.07.07 07:11:11.877,0.66541,0.66555,2.62,2.62
2015.07.07 07:11:13.935,0.66545,0.66556,1.00,1.50
2015.07.07 07:11:14.144,0.66546,0.66557,1.00,1.00
2015.07.07 07:11:14.705,0.66547,0.66558,1.00,1.00
2015.07.07 07:11:16.616,0.66547,0.66559,1.00,1.12
2015.07.07 07:11:16.767,0.66549,0.66559,1.50,1.12
2015.07.07 07:11:18.771,0.6655,0.6656,1.50,1.50
2015.07.07 07:11:19.025,0.66551,0.66561,1.00,1.00
2015.07.07 07:11:19.532,0.66551,0.6656,1.00,1.00
2015.07.07 07:11:21.531,0.66551,0.66559,1.00,1.00
2015.07.07 07:11:23.524,0.66549,0.66559,1.00,1.37
2015.07.07 07:11:25.794,0.66551,0.66561,1.00,2.62
2015.07.07 07:11:26.077,0.66549,0.66561,1.50,2.62
2015.07.07 07:11:33.796,0.66549,0.6656,1.50,1.12
2015.07.07 07:11:40.219,0.66549,0.66561,1.50,1.12
2015.07.07 07:11:40.906,0.66551,0.66562,1.00,1.37
2015.07.07 07:11:41.440,0.6655,0.66562,1.00,1.87
2015.07.07 07:11:41.799,0.66549,0.66561,2.25,1.37
2015.07.07 07:11:42.845,0.66549,0.66561,2.25,1.12
2015.07.07 07:11:43.364,0.6655,0.66562,1.00,1.87
2015.07.07 07:11:44.620,0.6655,0.66562,1.00,1.87
2015.07.07 07:11:45.155,0.66549,0.66562,1.00,2.62
2015.07.07 07:11:45.622,0.66545,0.66555,1.50,1.00
2015.07.07 07:11:46.144,0.66542,0.66553,1.87,1.00
2015.07.07 07:11:46.195,0.66541,0.66553,1.65,1.00
2015.07.07 07:11:46.806,0.66544,0.66555,1.00,1.00
2015.07.07 07:11:46.908,0.66542,0.66556,2.10,1.50
2015.07.07 07:11:47.246,0.66545,0.66556,1.00,1.00
2015.07.07 07:11:47.797,0.66546,0.66557,1.00,1.12
2015.07.07 07:11:51.713,0.66545,0.66558,1.50,2.62
2015.07.07 07:11:52.745,0.66544,0.66557,1.12,1.12
2015.07.07 07:11:53.270,0.66545,0.66557,1.00,1.12
2015.07.07 07:12:00.542,0.66544,0.66557,1.12,2.62
2015.07.07 07:12:02.831,0.66543,0.66557,2.25,3.00
2015.07.07 07:12:03.176,0.66541,0.66555,1.37,1.87
2015.07.07 07:12:03.684,0.6654,0.66554,5.47,1.50
2015.07.07 07:12:03.937,0.6654,0.66554,5.47,1.50
2015.07.07 07:12:04.668,0.66541,0.66555,2.47,2.62
2015.07.07 07:12:05.214,0.66541,0.66555,2.47,2.25
2015.07.07 07:12:05.618,0.66541,0.66555,2.47,2.25
2015.07.07 07:12:06.082,0.66543,0.66556,1.00,1.00
2015.07.07 07:12:12.440,0.66544,0.66556,1.00,1.00
2015.07.07 07:12:14.043,0.66543,0.66556,1.12,1.50
2015.07.07 07:12:14.586,0.66541,0.66555,3.82,1.87
2015.07.07 07:12:15.216,0.66541,0.66554,3.45,1.00
2015.07.07 07:12:15.541,0.66541,0.66551,3.45,1.00
2015.07.07 07:12:15.846,0.66541,0.66554,3.45,1.00
2015.07.07 07:12:17.350,0.66543,0.66554,1.00,1.00
2015.07.07 07:12:20.159,0.66543,0.66555,1.00,1.87
2015.07.07 07:12:21.369,0.66545,0.66557,1.00,1.50
2015.07.07 07:12:21.718,0.66548,0.66559,1.00,2.25
2015.07.07 07:12:22.225,0.66548,0.6656,1.00,1.50
2015.07.07 07:12:24.577,0.66549,0.66561,1.00,1.00
2015.07.07 07:12:27.985,0.66549,0.66563,1.50,1.50
2015.07.07 07:12:28.493,0.66549,0.66563,1.95,1.50
2015.07.07 07:12:29.624,0.66551,0.66563,1.00,1.00
2015.07.07 07:12:29.675,0.66553,0.66564,1.00,1.50
2015.07.07 07:12:29.878,0.66553,0.66566,1.00,1.50
2015.07.07 07:12:32.375,0.66551,0.66565,3.37,1.50
2015.07.07 07:12:32.426,0.66551,0.66563,2.70,1.12
2015.07.07 07:12:32.579,0.6655,0.66563,1.00,1.87
2015.07.07 07:12:33.727,0.6655,0.66563,2.25,1.37
2015.07.07 07:12:34.270,0.66549,0.66561,1.00,1.87
2015.07.07 07:12:34.321,0.66547,0.66558,1.00,1.12
2015.07.07 07:12:34.827,0.66547,0.66558,1.00,1.37
2015.07.07 07:12:35.364,0.66546,0.66558,1.50,1.37
2015.07.07 07:12:35.867,0.66546,0.66558,1.50,1.37
2015.07.07 07:12:36.271,0.66546,0.66558,1.50,1.12
2015.07.07 07:12:37.388,0.66545,0.66559,1.50,2.62
2015.07.07 07:12:39.086,0.66546,0.66559,1.00,3.37
2015.07.07 07:12:39.645,0.66546,0.66559,1.00,2.62
2015.07.07 07:12:40.592,0.66546,0.66559,1.00,1.87
2015.07.07 07:12:43.083,0.66546,0.66559,1.87,1.12
2015.07.07 07:12:45.806,0.66547,0.6656,2.62,1.50
2015.07.07 07:12:47.178,0.66548,0.6656,1.87,1.12
2015.07.07 07:12:48.621,0.66548,0.66562,2.62,3.37
2015.07.07 07:12:48.925,0.6655,0.66562,1.37,1.75
2015.07.07 07:12:49.305,0.66552,0.66562,1.00,1.75
2015.07.07 07:12:49.406,0.66552,0.66564,1.00,1.50
2015.07.07 07:12:49.559,0.66553,0.66567,2.25,1.57
2015.07.07 07:12:49.864,0.66556,0.66567,1.00,1.50
2015.07.07 07:12:50.480,0.66555,0.66568,1.50,1.00
2015.07.07 07:12:51.061,0.66556,0.66568,1.00,1.00
2015.07.07 07:12:57.344,0.66556,0.66567,1.00,1.00
2015.07.07 07:13:01.413,0.66556,0.66568,1.50,1.50
2015.07.07 07:13:05.767,0.66556,0.66568,1.87,1.00
2015.07.07 07:13:08.994,0.66558,0.6657,1.37,1.50
2015.07.07 07:13:12.575,0.66558,0.66571,2.62,1.50
2015.07.07 07:13:13.095,0.6656,0.66574,1.50,1.50
2015.07.07 07:13:13.197,0.66562,0.66576,1.00,1.50
2015.07.07 07:13:13.501,0.66566,0.66577,1.00,1.00
2015.07.07 07:13:14.429,0.66566,0.66578,1.00,3.00
2015.07.07 07:13:14.954,0.66566,0.66577,1.00,1.00
2015.07.07 07:13:15.642,0.66565,0.66578,1.00,2.25
2015.07.07 07:13:18.136,0.66566,0.66578,1.00,3.00
2015.07.07 07:13:18.816,0.66566,0.66577,1.00,1.00
2015.07.07 07:13:19.329,0.66566,0.66578,1.00,1.00
2015.07.07 07:13:33.084,0.66566,0.66578,1.37,1.00
2015.07.07 07:13:33.135,0.66566,0.6658,1.87,2.25
2015.07.07 07:13:33.761,0.66567,0.6658,1.37,2.25
2015.07.07 07:13:34.217,0.66567,0.6658,1.12,2.25
2015.07.07 07:13:34.723,0.66567,0.66578,1.12,1.00
2015.07.07 07:13:35.494,0.66567,0.66578,1.37,1.00
2015.07.07 07:13:36.639,0.66566,0.66577,1.37,1.00
2015.07.07 07:13:37.146,0.66566,0.66576,1.12,1.00
2015.07.07 07:13:37.248,0.66567,0.66576,1.37,1.00
2015.07.07 07:13:37.350,0.66567,0.66578,1.37,1.00
2015.07.07 07:13:43.081,0.66567,0.66579,1.37,1.00
2015.07.07 07:13:49.586,0.66567,0.66579,1.37,1.50
2015.07.07 07:13:49.738,0.66567,0.66577,1.00,1.00
2015.07.07 07:13:50.433,0.66566,0.66577,1.00,1.00
2015.07.07 07:13:51.041,0.66566,0.66576,1.00,1.00
2015.07.07 07:13:51.582,0.66565,0.66576,1.12,1.00
2015.07.07 07:13:54.356,0.66565,0.66578,1.00,1.00
2015.07.07 07:13:55.630,0.66565,0.66578,1.12,1.87
2015.07.07 07:13:56.355,0.66565,0.66576,1.00,1.00
2015.07.07 07:13:57.664,0.66566,0.66578,1.00,2.62
2015.07.07 07:13:58.186,0.66567,0.66579,1.50,1.87
2015.07.07 07:13:58.692,0.66567,0.66579,1.50,1.87
2015.07.07 07:14:00.256,0.66569,0.66579,1.00,1.87
2015.07.07 07:14:01.663,0.66568,0.66579,1.00,1.87
2015.07.07 07:14:02.576,0.66568,0.66579,1.00,1.87
2015.07.07 07:14:03.380,0.66568,0.6658,1.00,1.50
2015.07.07 07:14:03.482,0.6657,0.6658,1.00,1.50
2015.07.07 07:14:04.021,0.66571,0.6658,1.00,1.12
2015.07.07 07:14:04.851,0.66568,0.6658,2.25,1.50
2015.07.07 07:14:04.903,0.66567,0.6658,2.25,2.25
2015.07.07 07:14:05.426,0.66566,0.66576,1.00,1.00
2015.07.07 07:14:06.010,0.66565,0.66575,1.50,1.00
2015.07.07 07:14:06.684,0.66565,0.66574,1.00,1.00
2015.07.07 07:14:07.232,0.66564,0.66574,1.00,1.00
2015.07.07 07:14:10.597,0.66564,0.66573,1.00,1.00
2015.07.07 07:14:11.140,0.66563,0.66573,1.00,1.12
2015.07.07 07:14:11.446,0.66559,0.66569,1.00,1.50
2015.07.07 07:14:11.953,0.66559,0.66568,1.00,1.00
2015.07.07 07:14:13.509,0.66559,0.6657,1.00,1.87
2015.07.07 07:14:13.822,0.66558,0.66567,1.00,1.00
2015.07.07 07:14:14.358,0.66557,0.66568,1.00,1.12
2015.07.07 07:14:14.713,0.66556,0.66566,1.00,1.00
2015.07.07 07:14:16.733,0.66556,0.66567,1.00,1.87
2015.07.07 07:14:16.936,0.66557,0.66569,1.00,3.00
2015.07.07 07:14:17.593,0.66558,0.6657,1.00,1.50
2015.07.07 07:14:19.894,0.66557,0.66568,1.00,1.00
2015.07.07 07:14:20.630,0.66557,0.6657,1.12,3.37
2015.07.07 07:14:21.517,0.66557,0.6657,2.62,1.87
2015.07.07 07:14:21.922,0.66562,0.6657,1.00,1.00
2015.07.07 07:14:22.024,0.66563,0.66575,1.00,1.12
2015.07.07 07:14:22.126,0.66565,0.66576,1.00,2.62
2015.07.07 07:14:22.658,0.66565,0.66577,1.00,1.12
2015.07.07 07:14:25.673,0.66566,0.66577,1.00,1.12
2015.07.07 07:14:25.926,0.66566,0.66574,1.00,1.00
2015.07.07 07:14:26.027,0.66566,0.66576,1.00,1.50
2015.07.07 07:14:26.775,0.66564,0.66575,1.00,1.00
2015.07.07 07:14:29.262,0.66564,0.66576,1.00,1.87
2015.07.07 07:14:32.269,0.66565,0.66576,1.00,1.87
2015.07.07 07:14:35.441,0.66564,0.66576,1.50,1.12
2015.07.07 07:14:35.980,0.66566,0.66577,1.00,1.12
2015.07.07 07:14:37.359,0.66565,0.66577,1.00,1.12
2015.07.07 07:14:40.764,0.66565,0.66575,1.00,1.00
2015.07.07 07:14:41.664,0.66565,0.66576,1.50,1.00
2015.07.07 07:14:41.968,0.66567,0.66577,1.00,1.00
2015.07.07 07:14:42.381,0.66565,0.66577,1.50,1.00
2015.07.07 07:14:42.887,0.66566,0.66577,1.00,1.12
2015.07.07 07:14:44.024,0.66565,0.66577,1.50,1.12
2015.07.07 07:14:44.530,0.66565,0.66576,1.00,1.00
2015.07.07 07:14:46.261,0.66568,0.66577,1.00,1.12
2015.07.07 07:14:46.312,0.66568,0.66579,1.50,1.12
2015.07.07 07:14:47.420,0.66568,0.66578,1.00,1.12
2015.07.07 07:14:47.950,0.66567,0.66578,1.00,1.87
2015.07.07 07:14:49.260,0.66567,0.66578,1.00,1.87
2015.07.07 07:14:49.809,0.66566,0.66578,1.00,1.87
2015.07.07 07:14:51.765,0.66566,0.66578,2.62,1.00
2015.07.07 07:14:52.273,0.66567,0.6658,1.12,2.62
2015.07.07 07:14:53.680,0.66568,0.66579,1.00,2.25
2015.07.07 07:14:54.312,0.66569,0.66581,1.00,1.87
2015.07.07 07:14:55.928,0.66568,0.66581,1.12,1.87
2015.07.07 07:14:59.921,0.66567,0.66577,1.37,1.00
2015.07.07 07:15:00.454,0.66566,0.66577,1.37,1.00
2015.07.07 07:15:12.758,0.66568,0.66578,1.12,1.00
2015.07.07 07:15:13.266,0.66569,0.66582,1.87,3.00
2015.07.07 07:15:13.830,0.6657,0.66574,1.00,1.00
2015.07.07 07:15:13.931,0.66565,0.66569,1.00,1.00
2015.07.07 07:15:14.388,0.66563,0.66569,1.00,1.00
2015.07.07 07:15:14.642,0.66564,0.66572,1.00,1.00
2015.07.07 07:15:14.693,0.66566,0.66572,1.00,1.00
2015.07.07 07:15:15.370,0.66566,0.66574,1.00,1.00
2015.07.07 07:15:17.491,0.66566,0.66575,1.00,1.00
2015.07.07 07:15:19.198,0.66566,0.66576,1.00,1.00
2015.07.07 07:15:27.998,0.66566,0.66573,1.00,1.00
2015.07.07 07:15:28.150,0.66562,0.66572,1.00,1.12
2015.07.07 07:15:28.201,0.66562,0.66569,1.00,1.00
2015.07.07 07:15:28.303,0.66562,0.66571,1.00,1.50
2015.07.07 07:15:28.354,0.6656,0.66571,1.00,2.25
2015.07.07 07:15:28.405,0.6656,0.6657,1.00,1.37
2015.07.07 07:15:28.811,0.66555,0.66568,1.00,1.50
2015.07.07 07:15:28.863,0.66555,0.66566,1.00,1.50
2015.07.07 07:15:29.015,0.66553,0.66566,1.00,2.25
2015.07.07 07:15:29.116,0.66553,0.66564,1.00,1.00
2015.07.07 07:15:29.623,0.66553,0.66564,1.37,1.00
2015.07.07 07:15:32.116,0.66553,0.66564,1.00,1.00
2015.07.07 07:15:34.034,0.6655,0.66563,1.00,2.62
2015.07.07 07:15:34.340,0.66546,0.66557,1.00,1.12
2015.07.07 07:15:34.645,0.66544,0.66556,1.50,1.37
2015.07.07 07:15:35.181,0.66542,0.66554,1.50,1.00
2015.07.07 07:15:37.565,0.66542,0.66555,1.00,2.25
2015.07.07 07:15:39.114,0.66542,0.66547,1.00,1.00
2015.07.07 07:15:40.915,0.66544,0.66548,1.00,1.00
2015.07.07 07:15:43.935,0.66543,0.66548,1.00,1.00
2015.07.07 07:15:45.035,0.66544,0.66548,1.12,1.00
2015.07.07 07:15:47.091,0.66544,0.66551,1.12,1.00
2015.07.07 07:15:48.075,0.66543,0.66555,1.37,2.25
2015.07.07 07:15:49.350,0.66543,0.66555,1.12,2.25
2015.07.07 07:15:54.563,0.66543,0.66556,1.12,2.25
2015.07.07 07:15:54.871,0.66544,0.66556,1.87,1.00
2015.07.07 07:15:55.074,0.66547,0.66559,1.50,1.00
2015.07.07 07:15:55.327,0.66549,0.66559,1.00,1.00
2015.07.07 07:15:55.904,0.66549,0.66558,1.00,1.00
2015.07.07 07:15:56.451,0.66549,0.66558,1.00,1.37
2015.07.07 07:15:56.957,0.66549,0.66558,1.00,1.12
2015.07.07 07:15:57.328,0.66549,0.66558,1.00,1.37
2015.07.07 07:15:57.784,0.66549,0.66558,1.00,1.12
2015.07.07 07:15:58.430,0.66549,0.66559,1.00,1.12
2015.07.07 07:16:01.638,0.66549,0.66561,1.00,2.25
2015.07.07 07:16:01.790,0.66551,0.66561,1.50,1.50
2015.07.07 07:16:02.095,0.66556,0.66566,1.00,2.25
2015.07.07 07:16:02.395,0.66556,0.6657,3.00,1.87
2015.07.07 07:16:02.446,0.66559,0.6657,1.00,1.50
2015.07.07 07:16:02.701,0.66562,0.66575,3.00,1.47
2015.07.07 07:16:02.752,0.66563,0.66576,1.00,1.50
2015.07.07 07:16:02.906,0.66565,0.66577,1.50,1.00
2015.07.07 07:16:03.211,0.66567,0.66578,1.50,1.00
2015.07.07 07:16:03.724,0.66568,0.66579,1.50,1.00
2015.07.07 07:16:04.363,0.66568,0.66579,1.50,1.37
2015.07.07 07:16:04.890,0.66567,0.66579,1.50,1.37
2015.07.07 07:16:05.397,0.66568,0.66579,2.25,1.37
2015.07.07 07:16:06.136,0.66568,0.66581,2.25,1.87
2015.07.07 07:16:06.441,0.66571,0.66584,1.00,2.62
2015.07.07 07:16:06.948,0.66572,0.66584,1.00,1.87
2015.07.07 07:16:07.741,0.66572,0.66582,1.00,1.37
2015.07.07 07:16:08.725,0.66571,0.66582,1.50,1.37
2015.07.07 07:16:09.044,0.66573,0.66582,1.00,1.37
2015.07.07 07:16:12.794,0.66573,0.66584,1.00,1.87
2015.07.07 07:16:13.049,0.66566,0.66577,1.00,1.00
2015.07.07 07:16:13.564,0.66565,0.66577,1.00,2.25
2015.07.07 07:16:14.095,0.66566,0.66577,1.00,1.50
2015.07.07 07:16:15.295,0.66566,0.66579,1.00,1.87
2015.07.07 07:16:19.386,0.66566,0.66579,1.50,1.37
2015.07.07 07:16:20.172,0.66566,0.66579,1.50,1.12
2015.07.07 07:16:20.274,0.66568,0.6658,1.00,1.87
2015.07.07 07:16:20.375,0.66569,0.66582,1.00,1.47
2015.07.07 07:16:20.890,0.66568,0.66581,1.00,1.50
2015.07.07 07:16:21.894,0.66569,0.66582,1.00,1.97
2015.07.07 07:16:22.602,0.6657,0.66582,1.00,1.00
2015.07.07 07:16:27.112,0.66572,0.66582,1.00,1.00
2015.07.07 07:16:27.653,0.66573,0.66582,1.00,1.00
2015.07.07 07:16:28.292,0.66572,0.66582,1.00,1.00
2015.07.07 07:16:28.800,0.66573,0.66582,1.00,1.00
2015.07.07 07:16:30.594,0.66573,0.66583,1.00,1.00
2015.07.07 07:16:38.904,0.66573,0.66584,1.00,1.00
2015.07.07 07:16:39.531,0.66572,0.66584,1.00,1.00
2015.07.07 07:16:40.052,0.66572,0.66584,1.00,2.62
2015.07.07 07:16:40.559,0.66571,0.66583,1.87,1.12
2015.07.07 07:16:40.900,0.66568,0.6658,1.12,4.12
2015.07.07 07:16:41.407,0.66569,0.66581,1.00,4.50
2015.07.07 07:16:41.660,0.66569,0.66581,1.00,1.50
2015.07.07 07:16:42.312,0.66571,0.66582,1.00,1.37
2015.07.07 07:16:42.836,0.66572,0.66582,1.50,1.37
2015.07.07 07:16:43.369,0.66571,0.66583,1.50,1.12
2015.07.07 07:16:43.876,0.6657,0.66581,1.12,1.50
2015.07.07 07:16:45.553,0.66569,0.66578,1.00,1.75
2015.07.07 07:16:45.936,0.66564,0.66576,1.50,1.50
2015.07.07 07:16:46.658,0.66564,0.66576,1.00,1.50
2015.07.07 07:16:47.855,0.66565,0.66577,1.00,2.62
2015.07.07 07:16:48.607,0.66565,0.66576,1.00,1.00
2015.07.07 07:16:49.120,0.66564,0.66575,1.50,1.00
2015.07.07 07:16:49.907,0.66563,0.66575,1.50,1.00
2015.07.07 07:16:51.281,0.66562,0.66575,1.50,2.62
2015.07.07 07:16:52.235,0.66563,0.66573,1.00,1.00
2015.07.07 07:16:52.559,0.66565,0.66575,1.50,1.00
2015.07.07 07:16:54.718,0.66565,0.66574,1.00,1.00
2015.07.07 07:16:54.769,0.66563,0.66574,1.50,1.00
2015.07.07 07:16:55.323,0.66562,0.66574,1.00,1.00
2015.07.07 07:16:55.939,0.66562,0.66574,1.00,1.37
2015.07.07 07:16:58.976,0.66562,0.66574,1.00,1.50
2015.07.07 07:17:09.180,0.66562,0.66574,1.87,1.87
2015.07.07 07:17:10.306,0.66561,0.66573,1.00,1.37
2015.07.07 07:17:13.881,0.6656,0.66571,1.87,1.12
2015.07.07 07:17:14.185,0.66557,0.66564,1.00,1.00
2015.07.07 07:17:14.236,0.66553,0.66564,1.50,1.00
2015.07.07 07:17:14.909,0.66553,0.66563,1.50,1.00
2015.07.07 07:17:15.011,0.66555,0.66564,1.00,1.00
2015.07.07 07:17:15.164,0.66556,0.66567,1.00,1.00
2015.07.07 07:17:15.215,0.66557,0.6657,1.37,3.00
2015.07.07 07:17:15.519,0.6656,0.66572,1.87,1.75
2015.07.07 07:17:21.784,0.66559,0.66572,2.25,1.87
2015.07.07 07:17:22.287,0.66558,0.66572,3.37,2.62
2015.07.07 07:17:23.748,0.6656,0.66572,1.50,1.87
2015.07.07 07:17:27.777,0.6656,0.66573,1.37,2.25
2015.07.07 07:17:28.359,0.66562,0.66572,1.00,2.25
2015.07.07 07:17:28.884,0.6656,0.66572,2.62,2.25
2015.07.07 07:17:29.553,0.6656,0.66572,1.50,2.62
2015.07.07 07:17:29.918,0.66563,0.66575,1.12,2.62
2015.07.07 07:17:32.143,0.66565,0.66575,1.00,1.00
2015.07.07 07:17:33.277,0.66563,0.66575,1.87,1.37
2015.07.07 07:17:33.480,0.66565,0.66575,1.00,1.00
2015.07.07 07:17:33.684,0.66563,0.66575,1.00,1.00
2015.07.07 07:17:34.732,0.66563,0.66574,1.00,1.00
2015.07.07 07:17:35.371,0.66562,0.66574,1.00,1.12
2015.07.07 07:17:36.100,0.66561,0.66574,1.12,1.12
2015.07.07 07:17:36.872,0.66563,0.66574,1.00,1.12
2015.07.07 07:17:37.176,0.66564,0.66576,1.00,1.00
2015.07.07 07:17:37.700,0.66565,0.66576,1.00,1.00
2015.07.07 07:17:38.934,0.66565,0.66578,1.50,1.87
2015.07.07 07:17:38.985,0.66567,0.66578,1.00,1.37
2015.07.07 07:17:39.512,0.66567,0.66578,1.00,1.12
2015.07.07 07:17:40.070,0.66567,0.66577,1.00,1.00
2015.07.07 07:17:42.594,0.66567,0.66578,1.00,1.12
2015.07.07 07:17:42.899,0.66567,0.6658,1.00,5.25
2015.07.07 07:17:43.438,0.66567,0.66579,1.00,3.00
2015.07.07 07:17:43.648,0.66567,0.66579,1.00,3.37
2015.07.07 07:17:44.161,0.66565,0.66577,2.62,1.12
2015.07.07 07:17:46.759,0.66566,0.66579,1.50,3.37
2015.07.07 07:17:47.260,0.66567,0.66579,1.50,3.37
2015.07.07 07:17:49.569,0.66567,0.66579,1.00,3.37
2015.07.07 07:17:54.031,0.66566,0.66577,1.00,3.37
2015.07.07 07:17:58.660,0.66567,0.66577,1.00,3.00
2015.07.07 07:17:58.812,0.66567,0.6658,1.12,3.00
2015.07.07 07:17:59.318,0.66568,0.6658,1.50,1.50
2015.07.07 07:18:00.003,0.66568,0.66579,1.00,3.00
2015.07.07 07:18:00.540,0.66569,0.66579,1.00,3.00
2015.07.07 07:18:01.117,0.66569,0.66581,1.50,1.37
2015.07.07 07:18:06.675,0.66568,0.66581,2.62,1.37
2015.07.07 07:18:07.196,0.66568,0.66579,1.00,1.12
2015.07.07 07:18:10.446,0.66568,0.6658,1.50,1.00
2015.07.07 07:18:18.424,0.6657,0.6658,1.00,1.00
2015.07.07 07:18:18.728,0.66573,0.66583,1.00,4.87
2015.07.07 07:18:19.237,0.66573,0.66583,1.00,1.87
2015.07.07 07:18:19.660,0.66573,0.66582,1.00,1.87
2015.07.07 07:18:20.368,0.66575,0.66584,1.00,1.37
2015.07.07 07:18:20.872,0.66576,0.66587,1.00,2.25
2015.07.07 07:18:21.074,0.66576,0.66587,1.00,1.87
2015.07.07 07:18:39.129,0.66577,0.66588,1.00,1.37
2015.07.07 07:18:46.095,0.66576,0.66586,1.00,1.87
2015.07.07 07:18:50.984,0.66576,0.66588,1.00,3.00
2015.07.07 07:18:51.086,0.66576,0.66588,1.00,1.87
2015.07.07 07:18:51.655,0.66576,0.66588,1.12,1.50
2015.07.07 07:19:00.090,0.66576,0.66589,1.12,2.25
2015.07.07 07:19:02.121,0.66578,0.66589,1.50,1.12
2015.07.07 07:19:06.982,0.66579,0.6659,1.00,1.50
2015.07.07 07:19:07.287,0.66584,0.66592,1.00,2.25
2015.07.07 07:19:07.440,0.66585,0.66595,1.00,1.37
2015.07.07 07:19:12.195,0.66585,0.66593,1.00,1.87
2015.07.07 07:19:12.755,0.66584,0.66591,1.00,1.87
2015.07.07 07:19:12.807,0.66583,0.66589,1.00,1.37
2015.07.07 07:19:13.568,0.66582,0.66591,1.00,1.37
2015.07.07 07:19:14.135,0.66583,0.66592,1.00,1.87
2015.07.07 07:19:14.880,0.66582,0.66592,1.00,2.25
2015.07.07 07:19:15.205,0.66581,0.6659,1.00,2.62
2015.07.07 07:19:15.256,0.66578,0.6659,1.00,2.62
2015.07.07 07:19:15.783,0.66577,0.6659,1.00,2.62
2015.07.07 07:19:16.503,0.66579,0.6659,1.00,1.87
2015.07.07 07:19:18.162,0.66579,0.6659,1.00,1.00
2015.07.07 07:19:23.257,0.6658,0.6659,1.00,1.00
2015.07.07 07:19:26.364,0.66579,0.66591,1.00,1.50
2015.07.07 07:19:26.800,0.66577,0.66589,1.12,1.00
2015.07.07 07:19:28.475,0.66577,0.66589,1.00,1.37
2015.07.07 07:19:35.720,0.66577,0.66589,1.00,1.50
2015.07.07 07:19:36.715,0.66577,0.66586,1.00,1.00
2015.07.07 07:19:40.884,0.66577,0.66588,1.00,1.00
2015.07.07 07:19:41.839,0.66578,0.66588,1.00,1.00
2015.07.07 07:19:43.993,0.66578,0.66587,1.00,1.00
2015.07.07 07:19:44.246,0.66578,0.66585,1.00,1.00
2015.07.07 07:19:44.778,0.66577,0.66585,1.00,1.00
2015.07.07 07:19:49.115,0.66576,0.66585,1.00,1.00
2015.07.07 07:19:49.868,0.66576,0.66584,1.00,1.00
2015.07.07 07:19:52.940,0.66575,0.66584,1.00,1.00
2015.07.07 07:19:53.449,0.66576,0.66584,1.00,1.00
2015.07.07 07:19:56.522,0.66577,0.66583,1.00,1.00
2015.07.07 07:19:56.573,0.66575,0.66583,1.00,1.00
2015.07.07 07:20:00.010,0.66576,0.66583,1.00,1.00
2015.07.07 07:20:01.328,0.66575,0.66583,1.00,1.00
2015.07.07 07:20:02.240,0.66575,0.66584,1.00,1.00
2015.07.07 07:20:05.186,0.66577,0.66584,1.00,1.00
2015.07.07 07:20:06.479,0.66575,0.66584,1.12,1.00
2015.07.07 07:20:08.889,0.66576,0.66584,1.00,1.00
2015.07.07 07:20:09.395,0.66576,0.66583,1.00,1.00
2015.07.07 07:20:12.080,0.66577,0.66583,1.00,1.00
2015.07.07 07:20:12.131,0.66577,0.66585,1.00,1.00
2015.07.07 07:20:13.550,0.66576,0.66585,1.12,1.00
2015.07.07 07:20:15.537,0.66578,0.66585,1.00,1.00
2015.07.07 07:20:16.075,0.66577,0.66585,1.00,1.00
2015.07.07 07:20:18.742,0.66576,0.6658,1.12,1.00
2015.07.07 07:20:19.282,0.66577,0.66581,1.00,1.00
2015.07.07 07:20:19.800,0.66576,0.6658,1.00,1.00
2015.07.07 07:20:23.873,0.66573,0.6658,1.87,1.00
2015.07.07 07:20:24.242,0.66572,0.66577,1.12,1.00
2015.07.07 07:20:24.297,0.6657,0.66579,1.87,1.00
2015.07.07 07:20:24.399,0.6657,0.66579,1.87,1.00
2015.07.07 07:20:24.906,0.6657,0.66578,1.37,1.00
2015.07.07 07:20:25.645,0.6657,0.66577,1.37,1.00
2015.07.07 07:20:29.181,0.66569,0.66575,2.25,1.00
2015.07.07 07:20:29.284,0.66571,0.66575,1.00,1.00
2015.07.07 07:20:29.335,0.66571,0.66575,1.00,1.00
2015.07.07 07:20:29.538,0.66564,0.66571,1.87,1.00
2015.07.07 07:20:29.640,0.66562,0.66569,1.37,1.00
2015.07.07 07:20:29.691,0.66562,0.66569,1.37,1.00
2015.07.07 07:20:50.774,0.66561,0.66569,1.37,1.00
2015.07.07 07:20:53.258,0.66562,0.66569,1.00,1.00
2015.07.07 07:20:53.547,0.66563,0.66567,1.00,1.00
2015.07.07 07:20:53.851,0.66565,0.66569,1.00,1.00
2015.07.07 07:20:54.155,0.66565,0.66569,1.50,1.00
2015.07.07 07:20:54.718,0.66566,0.6657,1.00,1.00
2015.07.07 07:20:54.819,0.66563,0.66568,1.00,1.00
2015.07.07 07:20:55.351,0.66562,0.66566,1.00,1.00
2015.07.07 07:20:55.890,0.66561,0.66566,1.12,1.00
2015.07.07 07:20:56.991,0.6656,0.66566,1.12,1.00
2015.07.07 07:20:57.518,0.66562,0.66567,1.00,1.00
2015.07.07 07:21:00.999,0.66561,0.66567,1.50,1.00
2015.07.07 07:21:02.641,0.6656,0.66566,1.00,1.00
2015.07.07 07:21:07.306,0.66561,0.66566,1.00,1.00
2015.07.07 07:21:08.035,0.66561,0.66568,1.00,1.00
2015.07.07 07:21:08.542,0.66562,0.66568,1.12,1.00
2015.07.07 07:21:11.251,0.66559,0.66566,3.37,1.00
2015.07.07 07:21:11.302,0.6656,0.66565,1.50,1.00
2015.07.07 07:21:11.404,0.66555,0.66565,2.62,1.00
2015.07.07 07:21:11.896,0.66553,0.66558,2.25,1.00
2015.07.07 07:21:12.202,0.66547,0.66551,1.00,1.00
2015.07.07 07:21:12.253,0.66546,0.66551,1.00,1.00
2015.07.07 07:21:12.304,0.66545,0.6655,1.50,1.00
2015.07.07 07:21:12.558,0.6654,0.66545,1.50,1.00
2015.07.07 07:21:13.100,0.6654,0.66545,1.00,1.50
2015.07.07 07:21:13.607,0.66541,0.66546,1.00,1.00
2015.07.07 07:21:14.136,0.6654,0.66547,1.37,1.00
2015.07.07 07:21:19.460,0.66541,0.66547,1.12,1.00
2015.07.07 07:21:19.968,0.66541,0.66548,1.37,1.00
2015.07.07 07:21:23.158,0.66541,0.66547,1.12,1.00
2015.07.07 07:21:23.709,0.66541,0.66548,1.37,1.00
2015.07.07 07:21:23.962,0.66544,0.66548,1.00,1.00
2015.07.07 07:21:24.013,0.66544,0.66549,1.00,1.00
2015.07.07 07:21:24.469,0.66546,0.6655,1.00,1.00
2015.07.07 07:21:24.975,0.66545,0.6655,1.00,1.00
2015.07.07 07:21:26.347,0.66544,0.66549,1.00,1.00
2015.07.07 07:21:26.853,0.66543,0.66549,1.12,1.00
2015.07.07 07:21:27.470,0.66545,0.6655,1.12,1.00
2015.07.07 07:21:29.992,0.66542,0.6655,1.00,1.00
2015.07.07 07:21:30.043,0.66541,0.66547,1.12,1.00
2015.07.07 07:21:30.347,0.66543,0.66548,1.12,1.00
2015.07.07 07:21:33.116,0.6654,0.66547,1.87,1.00
2015.07.07 07:21:33.643,0.66538,0.66546,2.62,1.00
2015.07.07 07:21:34.896,0.6654,0.66546,1.00,1.00
2015.07.07 07:21:35.301,0.66539,0.66547,1.37,1.00
2015.07.07 07:21:43.706,0.6654,0.66547,1.37,1.00
2015.07.07 07:21:44.954,0.66537,0.66545,1.75,1.00
2015.07.07 07:21:45.005,0.66537,0.66544,1.00,1.00
2015.07.07 07:21:45.057,0.66535,0.66542,3.00,1.00
2015.07.07 07:21:45.209,0.66532,0.66542,3.01,1.00
2015.07.07 07:21:45.412,0.66532,0.66538,1.87,1.00
2015.07.07 07:21:48.109,0.6653,0.66537,1.37,1.00
2015.07.07 07:21:48.713,0.66529,0.66536,2.10,1.00
2015.07.07 07:21:48.768,0.66529,0.66534,1.12,1.00
2015.07.07 07:21:48.819,0.66529,0.66533,1.12,1.00
2015.07.07 07:21:48.870,0.66525,0.66532,1.87,1.00
2015.07.07 07:21:48.921,0.66523,0.6653,3.00,1.00
2015.07.07 07:21:49.428,0.66521,0.66528,3.22,1.00
2015.07.07 07:21:50.154,0.66521,0.66527,1.87,1.00
2015.07.07 07:21:51.745,0.66521,0.66527,1.37,1.00
2015.07.07 07:21:52.252,0.66521,0.66527,1.37,1.00
2015.07.07 07:21:53.253,0.66521,0.66527,1.00,1.00
2015.07.07 07:21:54.213,0.66521,0.66528,1.87,1.00
2015.07.07 07:21:54.738,0.66521,0.66528,1.12,1.00
2015.07.07 07:21:54.840,0.66522,0.66528,1.37,1.00
2015.07.07 07:21:58.550,0.66522,0.66528,1.87,1.00
2015.07.07 07:22:02.165,0.66523,0.66528,1.37,1.00
2015.07.07 07:22:03.768,0.66524,0.66529,1.87,1.00
2015.07.07 07:22:03.972,0.66527,0.66531,1.00,1.00
2015.07.07 07:22:04.276,0.66528,0.66532,1.00,1.00
2015.07.07 07:22:04.327,0.66528,0.66536,1.00,1.00
2015.07.07 07:22:04.641,0.66528,0.66533,1.00,1.00
2015.07.07 07:22:04.696,0.66522,0.66528,1.50,1.00
2015.07.07 07:22:06.552,0.66522,0.66529,1.37,1.00
2015.07.07 07:22:11.547,0.66519,0.66525,1.12,1.00
2015.07.07 07:22:12.055,0.66517,0.66524,1.37,1.00
2015.07.07 07:22:12.411,0.66521,0.66525,1.00,1.00
2015.07.07 07:22:12.918,0.66522,0.66527,1.12,1.00
2015.07.07 07:22:13.427,0.66522,0.66527,1.12,1.00
2015.07.07 07:22:19.535,0.66522,0.66528,1.12,1.00
2015.07.07 07:22:21.593,0.66522,0.66528,1.37,1.00
2015.07.07 07:22:24.812,0.66523,0.66528,1.12,1.00
2015.07.07 07:22:24.914,0.66521,0.66528,1.87,1.00
2015.07.07 07:22:26.313,0.6652,0.66525,2.25,1.00
2015.07.07 07:22:26.465,0.6652,0.66526,1.00,1.00
2015.07.07 07:22:26.618,0.6652,0.66524,1.00,1.00
2015.07.07 07:22:26.859,0.66515,0.66522,2.85,1.00
2015.07.07 07:22:27.316,0.66516,0.66525,1.37,1.00
2015.07.07 07:22:27.827,0.66517,0.66526,1.00,1.00
2015.07.07 07:22:27.929,0.66519,0.66528,1.00,1.00
2015.07.07 07:22:28.273,0.66521,0.66528,1.00,1.00
2015.07.07 07:22:28.779,0.66521,0.66529,1.00,1.00
2015.07.07 07:22:29.948,0.66521,0.66527,1.00,1.00
2015.07.07 07:22:30.050,0.66519,0.66527,1.00,1.00
2015.07.07 07:22:30.405,0.66518,0.66525,1.00,1.00
2015.07.07 07:22:30.731,0.66516,0.6652,1.00,1.00
2015.07.07 07:22:31.668,0.66516,0.66521,1.00,1.00
2015.07.07 07:22:32.166,0.66516,0.66525,1.00,1.00
2015.07.07 07:22:32.217,0.66518,0.66525,1.00,1.00
2015.07.07 07:22:36.645,0.66518,0.66526,1.00,1.00
2015.07.07 07:22:37.472,0.66517,0.66526,1.00,1.00
2015.07.07 07:22:38.837,0.66517,0.66525,1.50,1.00
2015.07.07 07:22:39.375,0.66518,0.66526,1.00,1.00
2015.07.07 07:22:39.725,0.66519,0.66528,1.00,1.50
2015.07.07 07:22:40.271,0.66518,0.66528,1.00,1.50
2015.07.07 07:22:40.790,0.66517,0.66528,1.00,1.00
2015.07.07 07:22:41.805,0.66517,0.6653,1.00,1.50
2015.07.07 07:22:41.957,0.6652,0.6653,1.00,1.00
2015.07.07 07:22:42.261,0.66523,0.66531,1.00,1.00
2015.07.07 07:22:42.843,0.66523,0.66532,1.00,1.00
2015.07.07 07:22:45.739,0.66523,0.66531,1.00,1.00
2015.07.07 07:22:45.790,0.66519,0.66531,1.87,1.00
2015.07.07 07:22:46.312,0.6652,0.66532,1.50,1.00
2015.07.07 07:22:46.566,0.66521,0.66533,1.37,1.50
2015.07.07 07:22:47.086,0.66524,0.66533,1.00,1.50
2015.07.07 07:22:48.073,0.66522,0.66533,1.37,1.00
2015.07.07 07:22:48.558,0.66525,0.66534,1.00,1.00
2015.07.07 07:22:49.074,0.66525,0.66533,1.00,1.00
2015.07.07 07:22:51.201,0.66526,0.66533,1.00,1.50
2015.07.07 07:22:52.186,0.66524,0.66533,1.87,1.00
2015.07.07 07:22:53.493,0.66523,0.66533,1.00,1.00
2015.07.07 07:22:54.506,0.66523,0.66532,1.00,1.00
2015.07.07 07:22:55.109,0.66522,0.66532,1.12,1.00
2015.07.07 07:22:56.530,0.66523,0.66532,1.00,1.00
2015.07.07 07:22:56.581,0.66525,0.66532,1.00,1.00
2015.07.07 07:22:58.708,0.66522,0.66532,1.87,1.00
2015.07.07 07:22:59.242,0.66523,0.66532,1.00,1.00
2015.07.07 07:23:05.249,0.66523,0.66532,1.37,1.00
2015.07.07 07:23:06.722,0.66523,0.66532,1.00,1.00
2015.07.07 07:23:06.824,0.66522,0.6653,1.00,1.00
2015.07.07 07:23:07.563,0.6652,0.66529,1.37,1.00
2015.07.07 07:23:09.125,0.6652,0.66529,1.00,1.00
2015.07.07 07:23:09.732,0.6652,0.66529,1.87,1.00
2015.07.07 07:23:10.068,0.6652,0.66531,1.87,1.00
2015.07.07 07:23:12.746,0.66523,0.66531,1.12,1.00
2015.07.07 07:23:17.399,0.66522,0.66534,1.37,1.00
2015.07.07 07:23:19.075,0.66522,0.66534,1.37,1.00
2015.07.07 07:23:19.632,0.66522,0.66533,1.37,1.00
2015.07.07 07:23:21.897,0.66522,0.66533,1.12,1.00
2015.07.07 07:23:22.436,0.66521,0.66532,1.37,1.00
2015.07.07 07:23:24.161,0.66523,0.66532,1.00,1.00
2015.07.07 07:23:24.712,0.66523,0.66532,1.37,1.00
2015.07.07 07:23:25.026,0.66525,0.66534,1.00,1.00
2015.07.07 07:23:25.533,0.66525,0.66535,1.37,1.00
2015.07.07 07:23:26.299,0.66525,0.66539,1.37,2.62
2015.07.07 07:23:27.123,0.66524,0.66535,1.37,1.00
2015.07.07 07:23:27.173,0.66523,0.66535,1.87,1.00
2015.07.07 07:23:27.674,0.66522,0.66534,1.87,1.00
2015.07.07 07:23:29.079,0.66522,0.66535,1.87,1.00
2015.07.07 07:23:29.181,0.66524,0.66537,1.12,2.62
2015.07.07 07:23:29.907,0.66524,0.66536,1.12,1.00
2015.07.07 07:23:30.685,0.66526,0.66537,1.00,1.12
2015.07.07 07:23:31.682,0.66525,0.66537,1.12,1.00
2015.07.07 07:23:32.233,0.66524,0.66538,1.87,1.87
2015.07.07 07:23:33.290,0.66526,0.66538,1.00,1.12
2015.07.07 07:23:33.797,0.66526,0.66539,1.00,2.62
2015.07.07 07:23:34.340,0.66525,0.66539,1.50,4.12
2015.07.07 07:23:35.329,0.66525,0.66539,1.12,3.37
2015.07.07 07:23:38.119,0.66525,0.66537,1.00,1.37
2015.07.07 07:23:38.403,0.66522,0.66536,2.62,1.12
2015.07.07 07:23:38.909,0.66524,0.66538,1.00,2.62
2015.07.07 07:23:42.219,0.66525,0.66538,1.12,1.12
2015.07.07 07:23:43.410,0.66524,0.66537,1.37,1.00
2015.07.07 07:23:43.925,0.66522,0.66536,3.37,1.00
2015.07.07 07:23:44.925,0.66523,0.66537,1.37,1.87
2015.07.07 07:23:45.463,0.66525,0.66537,1.12,1.00
2015.07.07 07:23:46.003,0.66524,0.66538,1.87,1.12
2015.07.07 07:23:51.356,0.66524,0.66538,1.12,1.87
2015.07.07 07:23:52.868,0.66523,0.66537,1.87,1.00
2015.07.07 07:23:53.374,0.66525,0.66536,1.87,1.00
2015.07.07 07:23:55.001,0.66522,0.66535,2.62,1.00
2015.07.07 07:24:03.385,0.66525,0.66535,1.87,1.00
2015.07.07 07:24:10.313,0.66526,0.66538,1.37,1.00
2015.07.07 07:24:10.465,0.6653,0.6654,1.12,1.00
2015.07.07 07:24:10.886,0.66534,0.66541,1.00,1.00
2015.07.07 07:24:10.939,0.66535,0.66545,1.50,1.50
2015.07.07 07:24:11.445,0.66536,0.66546,1.00,1.00
2015.07.07 07:24:12.228,0.66536,0.66545,1.00,1.00
2015.07.07 07:24:12.280,0.66534,0.66545,1.50,1.00
2015.07.07 07:24:12.483,0.66532,0.66544,1.50,1.00
2015.07.07 07:24:12.586,0.6653,0.66542,2.25,1.00
2015.07.07 07:24:13.988,0.66531,0.66542,1.00,1.00
2015.07.07 07:24:14.494,0.6653,0.66542,1.50,1.00
2015.07.07 07:24:15.262,0.6653,0.66541,1.50,1.00
2015.07.07 07:24:15.718,0.6653,0.66543,1.50,1.00
2015.07.07 07:24:16.446,0.6653,0.66541,1.00,1.00
2015.07.07 07:24:16.750,0.66527,0.66539,2.62,1.00
2015.07.07 07:24:17.533,0.66527,0.6654,2.25,1.00
2015.07.07 07:24:19.709,0.66527,0.66539,1.50,1.00
2015.07.07 07:24:19.760,0.66525,0.66539,1.00,3.00
2015.07.07 07:24:19.963,0.66524,0.66536,1.00,1.00
2015.07.07 07:24:20.364,0.66525,0.66538,1.50,1.00
2015.07.07 07:24:20.671,0.66527,0.66541,2.25,2.25
2015.07.07 07:24:20.874,0.66529,0.66542,1.00,1.50
2015.07.07 07:24:30.368,0.66529,0.66541,1.00,1.00
2015.07.07 07:24:30.902,0.66528,0.6654,1.00,1.00
2015.07.07 07:24:37.422,0.66527,0.66541,1.87,1.50
2015.07.07 07:24:38.396,0.66527,0.6654,1.87,1.00
2015.07.07 07:24:38.700,0.66527,0.66536,1.00,1.00
2015.07.07 07:24:38.802,0.66523,0.66536,2.62,1.00
2015.07.07 07:24:39.352,0.66523,0.66535,1.87,1.00
2015.07.07 07:24:39.857,0.66523,0.66536,1.87,1.00
2015.07.07 07:24:40.763,0.66523,0.66533,1.50,1.00
2015.07.07 07:24:40.814,0.66521,0.66533,1.87,1.00
2015.07.07 07:24:41.442,0.66524,0.66533,1.50,1.00
2015.07.07 07:24:41.493,0.66524,0.66536,1.50,1.50
2015.07.07 07:24:42.119,0.66524,0.66537,1.50,1.00
2015.07.07 07:24:43.205,0.66522,0.66536,1.87,1.00
2015.07.07 07:24:43.744,0.66522,0.66535,1.00,1.00
2015.07.07 07:24:45.946,0.66523,0.66537,1.00,2.62
2015.07.07 07:24:47.244,0.66523,0.66535,1.00,1.00
2015.07.07 07:24:51.721,0.66524,0.66536,1.00,1.00
2015.07.07 07:24:53.949,0.66525,0.66537,1.00,1.12
2015.07.07 07:24:54.557,0.66524,0.66538,1.50,3.37
2015.07.07 07:24:55.961,0.66525,0.66537,1.00,1.87
2015.07.07 07:24:56.063,0.66523,0.66537,1.87,1.87
2015.07.07 07:24:57.365,0.66524,0.66537,1.00,1.12
2015.07.07 07:24:58.921,0.66523,0.66536,1.12,1.00
2015.07.07 07:24:59.506,0.66522,0.66536,1.87,1.50
2015.07.07 07:25:00.082,0.66527,0.66536,1.00,1.50
2015.07.07 07:25:00.285,0.66528,0.66539,1.87,1.00
2015.07.07 07:25:00.336,0.66532,0.66541,1.00,1.00
2015.07.07 07:25:00.387,0.66532,0.66543,1.00,1.00
2015.07.07 07:25:00.437,0.66535,0.66545,1.00,1.00
2015.07.07 07:25:00.769,0.66538,0.66547,1.00,1.00
2015.07.07 07:25:01.329,0.66538,0.66548,1.00,1.00
2015.07.07 07:25:01.934,0.66541,0.66549,1.00,1.00
2015.07.07 07:25:02.441,0.6654,0.66549,1.00,1.00
2015.07.07 07:25:02.947,0.66539,0.66549,1.00,1.00
2015.07.07 07:25:03.540,0.66539,0.6655,1.00,1.00
2015.07.07 07:25:03.693,0.66541,0.66553,1.00,1.50
2015.07.07 07:25:03.744,0.66543,0.66553,1.00,1.00
2015.07.07 07:25:04.249,0.66541,0.66553,1.00,1.00
2015.07.07 07:25:04.788,0.66541,0.66552,1.00,1.00
2015.07.07 07:25:05.364,0.6654,0.66552,1.00,1.12
2015.07.07 07:25:05.948,0.66539,0.66553,1.87,2.62
2015.07.07 07:25:06.101,0.66543,0.66552,2.25,1.87
2015.07.07 07:25:06.304,0.66543,0.66556,3.37,1.12
2015.07.07 07:25:07.546,0.66543,0.66555,3.37,1.00
2015.07.07 07:25:09.252,0.66545,0.66555,1.00,1.00
2015.07.07 07:25:09.909,0.66545,0.66553,1.00,1.37
2015.07.07 07:25:10.450,0.66543,0.66548,2.25,1.00
2015.07.07 07:25:10.501,0.66539,0.66548,1.00,1.00
2015.07.07 07:25:11.030,0.66539,0.66549,1.00,1.00
2015.07.07 07:25:15.046,0.66539,0.66551,1.00,1.37
2015.07.07 07:25:18.041,0.66539,0.66549,1.00,1.37
2015.07.07 07:25:18.092,0.66537,0.66548,1.87,1.00
2015.07.07 07:25:18.144,0.66537,0.66546,1.50,1.37
2015.07.07 07:25:18.195,0.66534,0.66546,1.65,1.37
2015.07.07 07:25:18.297,0.66532,0.66545,1.00,1.87
2015.07.07 07:25:18.449,0.66534,0.66545,1.37,1.00
2015.07.07 07:25:18.500,0.66536,0.66548,1.00,1.87
2015.07.07 07:25:23.257,0.66536,0.66548,1.12,1.87
2015.07.07 07:25:24.342,0.66536,0.66548,1.00,2.25
2015.07.07 07:25:24.393,0.66534,0.66546,1.00,1.00
2015.07.07 07:25:24.935,0.66533,0.66545,2.25,1.00
2015.07.07 07:25:25.441,0.66533,0.66546,2.25,3.00
2015.07.07 07:25:25.747,0.66533,0.66544,2.25,1.00
2015.07.07 07:25:26.294,0.66533,0.66545,3.37,1.00
2015.07.07 07:25:29.400,0.66533,0.66544,2.62,1.12
2015.07.07 07:25:30.318,0.66533,0.66545,2.62,1.50
2015.07.07 07:25:30.623,0.66533,0.66541,2.25,1.00
2015.07.07 07:25:31.080,0.66528,0.66541,1.37,1.00
2015.07.07 07:25:31.582,0.66527,0.6654,1.50,1.00
2015.07.07 07:25:32.088,0.66527,0.66539,1.00,1.00
2015.07.07 07:25:33.187,0.66528,0.6654,1.00,1.00
2015.07.07 07:25:33.542,0.66528,0.66542,1.00,1.12
2015.07.07 07:25:33.593,0.66534,0.66543,2.25,3.37
2015.07.07 07:25:33.695,0.66534,0.66544,2.25,2.25
2015.07.07 07:25:34.076,0.66534,0.66547,2.25,3.37
2015.07.07 07:25:34.684,0.66535,0.66547,1.00,1.00
2015.07.07 07:25:34.785,0.66536,0.66549,1.00,1.12
2015.07.07 07:25:35.324,0.66536,0.66548,1.00,1.00
2015.07.07 07:25:36.405,0.66536,0.66547,1.00,1.00
2015.07.07 07:25:36.715,0.66534,0.66546,2.25,1.00
2015.07.07 07:25:37.223,0.66534,0.66545,2.25,1.00
2015.07.07 07:25:38.327,0.66535,0.66546,1.00,1.50
2015.07.07 07:25:38.429,0.66537,0.66546,1.00,1.00
2015.07.07 07:25:38.530,0.66538,0.66548,1.00,1.12
2015.07.07 07:25:38.733,0.6654,0.66548,1.00,1.12
2015.07.07 07:25:38.835,0.66537,0.66549,1.00,1.37
2015.07.07 07:25:39.340,0.66537,0.66549,1.00,1.00
2015.07.07 07:25:40.049,0.66537,0.66548,1.00,1.00
2015.07.07 07:25:40.695,0.66536,0.66548,1.50,1.00
2015.07.07 07:25:41.240,0.66536,0.66549,1.50,1.87
2015.07.07 07:25:41.392,0.66539,0.66549,1.50,1.87
2015.07.07 07:25:41.443,0.66539,0.66549,1.00,1.00
2015.07.07 07:25:41.545,0.66541,0.66551,1.00,1.00
2015.07.07 07:25:41.806,0.66543,0.66554,1.00,1.00
2015.07.07 07:25:41.908,0.66543,0.66556,1.50,1.12
2015.07.07 07:25:42.414,0.66554,0.66558,1.00,1.00
2015.07.07 07:25:42.465,0.66554,0.66561,1.00,1.00
2015.07.07 07:25:42.566,0.66552,0.66564,1.00,1.00
2015.07.07 07:25:42.718,0.66553,0.66566,1.00,1.00
2015.07.07 07:25:43.242,0.66554,0.66567,1.00,1.12
2015.07.07 07:25:43.444,0.66556,0.66567,1.00,1.00
2015.07.07 07:25:43.647,0.66553,0.66567,3.75,1.00
2015.07.07 07:25:44.129,0.66553,0.66565,3.00,1.00
2015.07.07 07:25:44.636,0.66552,0.66564,2.25,1.50
2015.07.07 07:25:46.053,0.66553,0.66566,1.87,1.50
2015.07.07 07:25:47.226,0.66553,0.66564,1.87,1.00
2015.07.07 07:25:47.956,0.66553,0.66564,3.37,1.00
2015.07.07 07:25:52.743,0.66553,0.66565,1.12,1.00
2015.07.07 07:25:53.246,0.66553,0.66566,1.12,1.12
2015.07.07 07:25:55.098,0.66553,0.66567,2.62,3.00
2015.07.07 07:25:55.604,0.66553,0.66567,2.62,3.37
2015.07.07 07:25:58.237,0.66553,0.66563,1.87,1.00
2015.07.07 07:26:00.504,0.66553,0.66565,1.12,1.50
2015.07.07 07:26:06.795,0.66553,0.66564,1.12,1.00
2015.07.07 07:26:06.998,0.66553,0.66563,1.00,1.37
2015.07.07 07:26:07.396,0.66549,0.66554,1.00,1.00
2015.07.07 07:26:07.448,0.66542,0.66554,1.12,1.00
2015.07.07 07:26:07.499,0.66542,0.66554,1.87,1.00
2015.07.07 07:26:07.551,0.66545,0.66556,1.37,1.00
2015.07.07 07:26:07.653,0.66547,0.66559,1.00,1.87
2015.07.07 07:26:07.755,0.66547,0.66557,1.00,1.00
2015.07.07 07:26:07.907,0.66543,0.66556,1.87,1.00
2015.07.07 07:26:07.958,0.66543,0.66554,1.12,1.00
2015.07.07 07:26:08.477,0.66543,0.66553,1.12,1.00
2015.07.07 07:26:09.767,0.66542,0.66555,1.87,1.00
2015.07.07 07:26:09.868,0.66543,0.66557,1.12,1.12
2015.07.07 07:26:10.411,0.66543,0.66557,1.37,1.00
2015.07.07 07:26:10.903,0.66542,0.66554,2.62,1.00
2015.07.07 07:26:17.218,0.66542,0.66554,1.12,1.00
2015.07.07 07:26:17.750,0.66541,0.66553,1.37,1.00
2015.07.07 07:26:19.018,0.66541,0.66552,1.37,1.00
2015.07.07 07:26:19.272,0.66537,0.66549,1.87,1.00
2015.07.07 07:26:20.632,0.66537,0.66549,1.12,1.00
2015.07.07 07:26:21.871,0.66538,0.66549,1.37,1.00
2015.07.07 07:26:26.330,0.66539,0.66551,1.50,1.00
2015.07.07 07:26:26.841,0.66539,0.66552,1.50,1.12
2015.07.07 07:26:27.435,0.66539,0.66551,2.25,1.00
2015.07.07 07:26:33.138,0.66539,0.66549,1.50,1.00
2015.07.07 07:26:34.504,0.66538,0.66549,1.37,1.00
2015.07.07 07:26:34.808,0.66537,0.66547,3.37,1.50
2015.07.07 07:26:35.335,0.66537,0.66548,3.37,1.00
2015.07.07 07:26:37.593,0.66539,0.66548,1.12,1.00
2015.07.07 07:26:39.940,0.66537,0.66547,1.00,1.00
2015.07.07 07:26:40.199,0.66533,0.66547,3.00,1.00
2015.07.07 07:26:40.250,0.66533,0.66544,2.25,1.00
2015.07.07 07:26:40.806,0.66533,0.66544,1.87,1.00
2015.07.07 07:26:42.654,0.66532,0.66544,1.00,1.00
2015.07.07 07:26:42.959,0.66529,0.66539,1.00,1.50
2015.07.07 07:26:45.042,0.66529,0.66541,1.50,1.50
2015.07.07 07:26:45.578,0.66529,0.6654,1.50,1.00
2015.07.07 07:26:47.233,0.66529,0.66538,1.50,1.00
2015.07.07 07:26:48.981,0.66531,0.6654,1.00,1.00
2015.07.07 07:26:49.494,0.66532,0.6654,1.12,1.00
2015.07.07 07:26:50.697,0.66532,0.6654,1.37,1.00
2015.07.07 07:26:51.100,0.66532,0.66542,1.37,1.00
2015.07.07 07:26:52.763,0.66532,0.66543,1.37,1.00
2015.07.07 07:26:53.440,0.66532,0.66544,1.37,1.00
2015.07.07 07:26:55.888,0.66532,0.66544,1.50,1.50
2015.07.07 07:26:57.395,0.66532,0.66544,1.37,1.50
2015.07.07 07:27:00.498,0.66531,0.66543,1.87,1.00
2015.07.07 07:27:01.807,0.66531,0.66544,1.87,1.50
2015.07.07 07:27:02.139,0.66531,0.66542,1.87,1.00
2015.07.07 07:27:02.544,0.66531,0.6654,1.37,1.00
2015.07.07 07:27:03.110,0.66531,0.6654,1.12,1.00
2015.07.07 07:27:03.413,0.66531,0.66538,1.00,1.00
2015.07.07 07:27:03.725,0.66531,0.66536,1.00,1.00
2015.07.07 07:27:04.437,0.66529,0.66535,2.25,1.00
2015.07.07 07:27:04.538,0.66526,0.66535,1.12,1.00
2015.07.07 07:27:04.640,0.66524,0.66532,1.12,1.00
2015.07.07 07:27:05.151,0.66522,0.66531,1.87,1.00
2015.07.07 07:27:08.707,0.66522,0.66533,2.62,1.00
2015.07.07 07:27:14.041,0.66522,0.66526,2.25,1.00
2015.07.07 07:27:14.348,0.66519,0.66527,1.50,1.00
2015.07.07 07:27:14.603,0.66518,0.66524,1.50,1.00
2015.07.07 07:27:14.953,0.66516,0.66523,1.00,1.00
2015.07.07 07:27:15.156,0.66516,0.66525,1.00,1.50
2015.07.07 07:27:15.207,0.66516,0.66523,1.00,1.00
2015.07.07 07:27:16.124,0.66516,0.66525,1.87,1.00
2015.07.07 07:27:16.641,0.66517,0.66531,2.62,3.00
2015.07.07 07:27:17.444,0.66517,0.6653,1.12,1.00
2015.07.07 07:27:17.978,0.66517,0.66529,1.00,1.00
2015.07.07 07:27:18.486,0.66517,0.66528,1.00,1.00
2015.07.07 07:27:19.458,0.66516,0.66528,1.12,1.00
2015.07.07 07:27:19.928,0.66517,0.66531,1.00,1.50
2015.07.07 07:27:20.232,0.66519,0.66531,1.00,1.50
2015.07.07 07:27:20.647,0.66517,0.66531,1.00,1.50
2015.07.07 07:27:22.288,0.66519,0.66531,1.00,1.50
2015.07.07 07:27:22.592,0.66521,0.66533,1.50,1.00
2015.07.07 07:27:22.866,0.66521,0.66535,1.50,3.00
2015.07.07 07:27:25.080,0.66523,0.66535,1.00,1.50
2015.07.07 07:27:25.586,0.66522,0.66535,1.00,1.50
2015.07.07 07:27:26.133,0.66522,0.66536,1.00,1.00
2015.07.07 07:27:26.766,0.66523,0.66537,1.00,1.50
2015.07.07 07:27:30.465,0.66522,0.66536,1.87,1.00
2015.07.07 07:27:30.770,0.66521,0.66533,1.87,1.00
2015.07.07 07:27:32.229,0.66522,0.66533,1.37,1.00
2015.07.07 07:27:37.377,0.66522,0.66534,1.37,1.00
2015.07.07 07:27:41.065,0.66522,0.66534,1.00,1.00
2015.07.07 07:27:41.370,0.6652,0.6653,1.00,1.12
2015.07.07 07:27:41.674,0.66517,0.66526,3.75,1.50
2015.07.07 07:27:42.349,0.66518,0.66529,1.50,1.50
2015.07.07 07:27:43.192,0.66519,0.6653,1.37,1.50
2015.07.07 07:27:44.895,0.6652,0.66529,1.00,1.00
2015.07.07 07:27:44.946,0.66517,0.66529,1.12,1.00
2015.07.07 07:27:45.149,0.66517,0.66528,2.25,1.00
2015.07.07 07:27:45.351,0.66517,0.66529,1.50,1.00
2015.07.07 07:27:45.726,0.66517,0.66527,1.00,1.00
2015.07.07 07:27:46.233,0.66516,0.66528,1.00,1.87
2015.07.07 07:27:46.577,0.66517,0.6653,1.00,1.50
2015.07.07 07:27:48.278,0.66517,0.66529,1.00,1.00
2015.07.07 07:27:49.115,0.66517,0.66527,1.00,1.00
2015.07.07 07:27:49.621,0.66516,0.66528,1.00,1.00
2015.07.07 07:27:52.624,0.66517,0.66527,1.00,1.00
2015.07.07 07:27:53.142,0.66517,0.66526,1.00,1.12
2015.07.07 07:27:53.446,0.66517,0.66523,1.00,1.00
2015.07.07 07:27:53.952,0.66517,0.66522,1.00,1.00
2015.07.07 07:27:54.003,0.66516,0.66524,1.00,1.50
2015.07.07 07:27:54.493,0.66516,0.66522,1.00,1.00
2015.07.07 07:27:54.999,0.66516,0.66523,1.00,1.00
2015.07.07 07:27:56.407,0.66517,0.66523,1.00,1.00
2015.07.07 07:27:56.958,0.66517,0.66522,1.00,1.00
2015.07.07 07:27:59.000,0.66515,0.66522,1.00,1.00
2015.07.07 07:28:00.504,0.66515,0.66523,1.00,1.50
2015.07.07 07:28:01.104,0.66515,0.66524,1.00,1.00
2015.07.07 07:28:06.648,0.66517,0.66525,1.00,1.00
2015.07.07 07:28:06.750,0.66517,0.66529,1.12,1.37
2015.07.07 07:28:07.031,0.66519,0.66532,1.00,1.12
2015.07.07 07:28:07.537,0.66519,0.66531,1.00,1.50
2015.07.07 07:28:07.992,0.66516,0.6653,1.87,1.87
2015.07.07 07:28:08.043,0.66516,0.66528,1.12,1.00
2015.07.07 07:28:08.569,0.66517,0.66529,1.00,1.00
2015.07.07 07:28:08.873,0.66516,0.66525,1.00,1.00
2015.07.07 07:28:09.555,0.66516,0.66528,1.50,1.00
2015.07.07 07:28:09.808,0.66523,0.66528,1.00,1.00
2015.07.07 07:28:09.859,0.66519,0.66528,1.00,1.50
2015.07.07 07:28:09.910,0.66516,0.66528,1.50,1.87
2015.07.07 07:28:09.961,0.66514,0.6652,2.25,1.00
2015.07.07 07:28:10.634,0.66513,0.66517,1.00,1.50
2015.07.07 07:28:10.938,0.66513,0.66517,1.00,1.50
2015.07.07 07:28:11.191,0.66511,0.66515,1.00,1.50
2015.07.07 07:28:11.394,0.66509,0.66514,1.00,1.00
2015.07.07 07:28:11.963,0.6651,0.66516,1.00,1.00
2015.07.07 07:28:12.015,0.66512,0.66516,1.00,1.50
2015.07.07 07:28:12.623,0.66511,0.66516,1.00,1.50
2015.07.07 07:28:12.675,0.66513,0.66517,1.00,1.00
2015.07.07 07:28:12.726,0.6651,0.66514,1.00,1.00
2015.07.07 07:28:13.104,0.66514,0.66518,1.00,1.00
2015.07.07 07:28:13.256,0.66511,0.66515,1.00,1.50
2015.07.07 07:28:14.273,0.6651,0.66515,1.00,1.00
2015.07.07 07:28:14.580,0.66513,0.66517,1.00,1.00
2015.07.07 07:28:15.069,0.66511,0.66517,1.00,1.00
2015.07.07 07:28:15.171,0.66513,0.66517,1.00,1.87
2015.07.07 07:28:15.374,0.66515,0.6652,1.00,1.87
2015.07.07 07:28:15.923,0.66514,0.6652,1.00,1.50
2015.07.07 07:28:16.545,0.66514,0.66519,1.00,1.00
2015.07.07 07:28:16.997,0.66512,0.66516,1.00,1.00
2015.07.07 07:28:17.379,0.66513,0.66518,1.00,1.00
2015.07.07 07:28:17.632,0.66513,0.66518,1.00,1.00
2015.07.07 07:28:19.054,0.66513,0.66519,1.00,1.50
2015.07.07 07:28:19.105,0.66515,0.66519,1.00,1.00
2015.07.07 07:28:19.529,0.66516,0.66522,1.00,1.12
2015.07.07 07:28:19.630,0.66517,0.66523,1.00,1.87
2015.07.07 07:28:20.758,0.66516,0.66522,1.00,1.00
2015.07.07 07:28:21.862,0.66512,0.66517,1.00,1.00
2015.07.07 07:28:21.914,0.6651,0.66517,1.00,1.00
2015.07.07 07:28:22.066,0.66512,0.66517,1.00,1.12
2015.07.07 07:28:22.370,0.66515,0.6652,1.00,1.87
2015.07.07 07:28:22.679,0.66516,0.66521,1.00,1.00
2015.07.07 07:28:25.711,0.66517,0.66521,1.00,1.00
2015.07.07 07:28:25.762,0.66518,0.66523,1.00,1.00
2015.07.07 07:28:25.813,0.6652,0.66526,1.00,1.00
2015.07.07 07:28:25.916,0.6652,0.66527,1.00,1.50
2015.07.07 07:28:26.424,0.66523,0.66528,1.00,1.00
2015.07.07 07:28:26.941,0.66523,0.6653,1.00,1.12
2015.07.07 07:28:27.319,0.66517,0.66527,1.50,1.00
2015.07.07 07:28:27.370,0.66517,0.66527,1.50,2.10
2015.07.07 07:28:32.279,0.66517,0.66525,1.00,2.62
2015.07.07 07:28:32.486,0.66517,0.66525,1.00,2.25
2015.07.07 07:28:38.101,0.66516,0.66525,1.00,1.50
2015.07.07 07:28:39.127,0.66515,0.66524,1.00,1.37
2015.07.07 07:28:39.433,0.66512,0.6652,1.00,1.37
2015.07.07 07:28:40.382,0.66513,0.66518,1.00,1.12
2015.07.07 07:28:40.433,0.66514,0.66521,1.00,1.87
2015.07.07 07:28:41.346,0.66514,0.66519,1.00,1.00
2015.07.07 07:28:41.872,0.66515,0.6652,1.00,1.00
2015.07.07 07:28:42.378,0.66515,0.66521,1.00,1.00
2015.07.07 07:28:43.064,0.66515,0.66522,1.00,1.50
2015.07.07 07:28:43.944,0.66517,0.66522,1.00,1.12
2015.07.07 07:28:45.900,0.66514,0.66522,1.50,1.12
2015.07.07 07:28:46.185,0.66519,0.66524,1.00,2.10
2015.07.07 07:28:46.287,0.66524,0.66529,1.00,1.00
2015.07.07 07:28:46.390,0.66524,0.66532,1.00,1.00
2015.07.07 07:28:47.138,0.66522,0.6653,1.00,1.00
2015.07.07 07:28:47.700,0.66521,0.6653,1.00,1.00
2015.07.07 07:28:49.711,0.6652,0.6653,1.00,1.00
2015.07.07 07:28:51.344,0.66521,0.6653,1.00,1.00
2015.07.07 07:28:54.418,0.66523,0.66532,1.00,1.50
2015.07.07 07:28:54.621,0.66523,0.66533,1.50,1.00
2015.07.07 07:28:54.983,0.66525,0.66535,1.00,1.00
2015.07.07 07:28:55.287,0.66526,0.66538,1.00,1.87
2015.07.07 07:28:55.796,0.66527,0.66538,1.00,1.37
2015.07.07 07:28:56.341,0.66527,0.66538,1.00,1.12
2015.07.07 07:28:56.854,0.66528,0.66537,1.50,1.00
2015.07.07 07:28:57.543,0.66527,0.66538,1.50,1.12
2015.07.07 07:28:57.594,0.66529,0.66538,1.00,1.00
2015.07.07 07:28:57.847,0.66531,0.66542,2.25,1.12
2015.07.07 07:28:58.729,0.66531,0.66541,1.00,1.00
2015.07.07 07:28:59.388,0.6653,0.66541,1.00,1.00
2015.07.07 07:28:59.917,0.66529,0.66541,1.50,1.87
2015.07.07 07:29:00.569,0.6653,0.66542,1.00,1.37
2015.07.07 07:29:00.671,0.66531,0.66543,1.00,1.87
2015.07.07 07:29:00.874,0.66531,0.66542,1.00,1.50
2015.07.07 07:29:01.384,0.66531,0.66543,1.87,1.00
2015.07.07 07:29:03.012,0.66532,0.66543,1.00,1.00
2015.07.07 07:29:03.063,0.66534,0.66543,1.00,1.00
2015.07.07 07:29:04.630,0.66535,0.66543,1.00,1.00
2015.07.07 07:29:05.249,0.66536,0.66543,1.00,1.00
2015.07.07 07:29:06.789,0.66537,0.66543,1.00,1.00
2015.07.07 07:29:07.094,0.66541,0.66545,1.00,1.00
2015.07.07 07:29:07.703,0.66538,0.66542,1.00,1.00
2015.07.07 07:29:08.284,0.66539,0.66543,1.00,1.00
2015.07.07 07:29:13.103,0.66538,0.66542,1.50,1.00
2015.07.07 07:29:16.122,0.66538,0.66543,1.50,1.00
2015.07.07 07:29:16.224,0.66535,0.66543,1.50,1.00
2015.07.07 07:29:17.137,0.66537,0.66543,1.50,1.00
2015.07.07 07:29:18.503,0.66539,0.66543,1.00,1.00
2015.07.07 07:29:22.590,0.66538,0.66542,2.25,1.00
2015.07.07 07:29:23.102,0.66539,0.66543,1.87,1.00
2015.07.07 07:29:23.203,0.66541,0.66552,1.00,1.37
2015.07.07 07:29:23.254,0.66544,0.66553,1.00,1.37
2015.07.07 07:29:23.305,0.66545,0.66554,1.00,1.00
2015.07.07 07:29:23.708,0.66547,0.66557,1.50,1.12
2015.07.07 07:29:24.254,0.66547,0.66558,1.50,1.12
2015.07.07 07:29:24.839,0.66546,0.66557,1.50,1.12
2015.07.07 07:29:26.447,0.66547,0.66557,1.00,1.12
2015.07.07 07:29:27.486,0.66546,0.66558,1.50,1.37
2015.07.07 07:29:29.719,0.66545,0.66558,2.25,1.37
2015.07.07 07:29:30.120,0.66547,0.66558,1.50,1.37
2015.07.07 07:29:30.170,0.66547,0.66559,1.50,1.87
2015.07.07 07:29:30.424,0.66549,0.66559,1.00,1.12
2015.07.07 07:29:30.930,0.66549,0.66561,1.50,2.25
2015.07.07 07:29:31.479,0.66549,0.66557,1.00,1.37
2015.07.07 07:29:31.632,0.66547,0.66557,1.00,1.37
2015.07.07 07:29:32.040,0.66547,0.66559,1.00,1.12
2015.07.07 07:29:32.380,0.66547,0.66559,1.00,1.87
2015.07.07 07:29:35.954,0.66547,0.66559,1.00,1.37
2015.07.07 07:29:36.351,0.66546,0.66556,1.50,1.00
2015.07.07 07:29:36.960,0.66546,0.66555,1.00,1.00
2015.07.07 07:29:38.045,0.66548,0.66556,1.00,1.87
2015.07.07 07:29:38.351,0.66553,0.66558,1.00,1.00
2015.07.07 07:29:38.553,0.66553,0.6656,1.00,1.87
2015.07.07 07:29:39.086,0.66552,0.66559,1.00,1.00
2015.07.07 07:29:39.996,0.66554,0.6656,1.00,1.50
2015.07.07 07:29:45.030,0.66554,0.66561,1.00,1.00
2015.07.07 07:29:45.337,0.66557,0.66564,1.00,1.00
2015.07.07 07:29:45.541,0.66558,0.66566,1.00,1.12
2015.07.07 07:29:46.184,0.66557,0.66564,1.00,1.00
2015.07.07 07:29:46.897,0.66555,0.66564,1.00,1.00
2015.07.07 07:29:46.948,0.66553,0.66564,1.50,1.37
2015.07.07 07:29:47.050,0.66553,0.66562,1.00,1.37
2015.07.07 07:29:47.151,0.66551,0.66562,1.00,1.37
2015.07.07 07:29:47.478,0.66549,0.66559,1.00,1.00
2015.07.07 07:29:47.832,0.66546,0.66558,1.00,1.00
2015.07.07 07:29:52.525,0.66546,0.66557,1.00,1.00
2015.07.07 07:29:54.600,0.66546,0.66558,1.50,1.12
2015.07.07 07:29:55.855,0.66547,0.66558,1.00,1.12
2015.07.07 07:29:57.539,0.66547,0.66558,1.00,1.87
2015.07.07 07:29:59.711,0.66549,0.66558,1.00,1.87
2015.07.07 07:30:00.459,0.66547,0.66558,1.00,1.87
2015.07.07 07:30:00.561,0.66547,0.66558,1.00,1.50
2015.07.07 07:30:00.662,0.66547,0.66558,1.00,2.62
2015.07.07 07:30:00.864,0.66547,0.66558,1.00,2.25
2015.07.07 07:30:01.372,0.66547,0.66558,1.00,1.87
2015.07.07 07:30:01.729,0.66544,0.66556,1.50,1.00
2015.07.07 07:30:01.882,0.66544,0.66556,1.00,1.87
2015.07.07 07:30:02.035,0.66541,0.66552,1.50,1.00
2015.07.07 07:30:02.376,0.66538,0.66549,1.00,1.00
2015.07.07 07:30:03.911,0.66537,0.66549,1.00,1.00
2015.07.07 07:30:04.419,0.66535,0.66547,1.00,1.50
2015.07.07 07:30:04.747,0.66533,0.66542,1.00,1.00
2015.07.07 07:30:04.799,0.66529,0.66542,1.12,2.62
2015.07.07 07:30:04.850,0.66527,0.6654,1.50,1.87
2015.07.07 07:30:05.865,0.66525,0.66537,1.00,1.00
2015.07.07 07:30:07.189,0.66524,0.66537,1.00,1.37
2015.07.07 07:30:07.545,0.66524,0.66534,1.00,1.00
2015.07.07 07:30:08.278,0.66524,0.66535,1.00,1.00
2015.07.07 07:30:09.236,0.66524,0.66536,1.00,1.87
2015.07.07 07:30:12.948,0.66523,0.66536,1.00,1.12
2015.07.07 07:30:14.552,0.66523,0.66534,1.00,1.00
2015.07.07 07:30:14.805,0.66521,0.66535,1.87,1.00
2015.07.07 07:30:14.856,0.66521,0.66533,1.12,1.00
2015.07.07 07:30:15.361,0.66521,0.66531,1.00,1.00
2015.07.07 07:30:15.670,0.66519,0.66528,1.12,1.00
2015.07.07 07:30:15.923,0.66517,0.6653,1.50,1.87
2015.07.07 07:30:16.176,0.66517,0.66529,1.00,1.00
2015.07.07 07:30:17.229,0.66515,0.66529,1.00,1.50
2015.07.07 07:30:17.280,0.66514,0.66527,2.62,1.00
2015.07.07 07:30:19.056,0.66514,0.66526,1.50,1.00
2015.07.07 07:30:19.672,0.66514,0.66527,1.00,1.50
2015.07.07 07:30:20.206,0.66514,0.66528,1.50,1.50
2015.07.07 07:30:20.727,0.66515,0.66529,1.00,1.87
2015.07.07 07:30:21.188,0.66517,0.66529,1.00,1.00
2015.07.07 07:30:21.493,0.66517,0.66531,2.25,1.50
2015.07.07 07:30:22.000,0.66518,0.66532,1.00,1.00
2015.07.07 07:30:23.263,0.66519,0.66532,1.00,1.00
2015.07.07 07:30:23.899,0.66519,0.66531,1.00,1.00
2015.07.07 07:30:26.007,0.66518,0.66532,1.00,1.87
2015.07.07 07:30:26.109,0.66519,0.6653,1.00,1.00
2015.07.07 07:30:26.413,0.66516,0.66526,1.00,1.00
2015.07.07 07:30:26.761,0.66513,0.66525,1.00,1.50
2015.07.07 07:30:27.419,0.66513,0.66527,1.50,1.00
2015.07.07 07:30:27.931,0.66514,0.66528,1.50,1.50
2015.07.07 07:30:29.130,0.66517,0.66528,1.00,1.00
2015.07.07 07:30:29.659,0.66519,0.66528,1.00,1.00
2015.07.07 07:30:29.709,0.66519,0.6653,1.00,1.00
2015.07.07 07:30:29.963,0.66517,0.6653,1.00,1.00
2015.07.07 07:30:30.496,0.66517,0.66529,1.00,1.00
2015.07.07 07:30:31.015,0.66518,0.66531,1.00,1.50
2015.07.07 07:30:31.516,0.66517,0.66531,2.25,1.50
2015.07.07 07:30:32.925,0.66518,0.66532,1.00,1.50
2015.07.07 07:30:34.105,0.66518,0.6653,1.00,1.00
2015.07.07 07:30:34.206,0.66516,0.6653,1.87,1.00
2015.07.07 07:30:34.933,0.66518,0.6653,1.00,1.00
2015.07.07 07:30:35.187,0.66515,0.66529,2.62,1.50
2015.07.07 07:30:35.694,0.66515,0.66528,1.12,1.50
2015.07.07 07:30:36.244,0.66516,0.66528,1.00,1.50
2015.07.07 07:30:36.498,0.66518,0.6653,1.00,1.00
2015.07.07 07:30:37.005,0.66517,0.66531,1.50,1.00
2015.07.07 07:30:37.738,0.66517,0.66529,2.25,1.00
2015.07.07 07:30:38.467,0.66517,0.6653,1.00,1.50
2015.07.07 07:30:39.126,0.66517,0.66529,1.00,1.50
2015.07.07 07:30:39.868,0.66517,0.6653,1.50,1.50
2015.07.07 07:30:45.089,0.66516,0.6653,2.25,1.87
2015.07.07 07:30:45.417,0.66513,0.66527,1.87,1.00
2015.07.07 07:30:45.722,0.66516,0.66529,1.00,1.50
2015.07.07 07:30:46.960,0.66516,0.6653,2.25,3.37
2015.07.07 07:30:47.831,0.66516,0.6653,2.62,2.25
2015.07.07 07:30:48.136,0.66521,0.66533,1.00,2.62
2015.07.07 07:30:48.567,0.66519,0.66533,1.00,2.62
2015.07.07 07:30:49.043,0.66519,0.66533,1.00,2.25
2015.07.07 07:30:51.411,0.66519,0.66531,1.00,1.00
2015.07.07 07:30:51.462,0.66517,0.66531,1.87,1.50
2015.07.07 07:30:51.871,0.66515,0.66529,2.25,1.50
2015.07.07 07:30:56.656,0.66514,0.66528,1.87,1.00
2015.07.07 07:30:57.207,0.66513,0.66527,1.87,1.50
2015.07.07 07:31:00.574,0.66511,0.66525,3.37,1.00
2015.07.07 07:31:00.980,0.6651,0.66523,1.00,1.00
2015.07.07 07:31:01.182,0.6651,0.66521,1.00,1.00
2015.07.07 07:31:02.176,0.66509,0.66521,1.00,1.00
2015.07.07 07:31:02.685,0.6651,0.66522,1.00,1.50
2015.07.07 07:31:03.251,0.6651,0.66523,1.12,1.50
2015.07.07 07:31:03.555,0.66515,0.66527,1.12,1.00
2015.07.07 07:31:03.656,0.66515,0.66529,1.12,2.62
2015.07.07 07:31:03.708,0.66515,0.66529,1.00,2.62
2015.07.07 07:31:04.254,0.66518,0.66532,1.50,3.00
2015.07.07 07:31:04.357,0.66521,0.66532,1.00,2.25
2015.07.07 07:31:04.663,0.66519,0.66532,1.50,1.50
2015.07.07 07:31:05.196,0.66518,0.66532,1.00,3.00
2015.07.07 07:31:05.738,0.66519,0.66532,1.00,2.25
2015.07.07 07:31:06.253,0.6652,0.66532,1.50,1.00
2015.07.07 07:31:06.304,0.66522,0.66532,1.00,1.00
2015.07.07 07:31:06.564,0.66522,0.66534,1.00,1.00
2015.07.07 07:31:07.770,0.66521,0.66534,1.50,1.00
2015.07.07 07:31:12.578,0.66521,0.66535,1.50,3.00
2015.07.07 07:31:13.882,0.66522,0.66535,1.00,2.25
2015.07.07 07:31:17.299,0.66523,0.66535,1.00,1.50
2015.07.07 07:31:17.502,0.66521,0.66534,1.50,1.00
2015.07.07 07:31:19.056,0.66521,0.66535,1.50,1.50
2015.07.07 07:31:24.339,0.66521,0.66533,1.00,1.00
2015.07.07 07:31:24.795,0.66519,0.66532,1.50,1.00
2015.07.07 07:31:25.944,0.66519,0.6653,1.00,1.00
2015.07.07 07:31:26.452,0.66518,0.6653,1.00,1.00
2015.07.07 07:31:27.456,0.66521,0.66532,1.00,1.50
2015.07.07 07:31:27.760,0.66518,0.66528,1.00,1.00
2015.07.07 07:31:28.097,0.66514,0.66523,1.00,1.00
2015.07.07 07:31:28.603,0.66513,0.66522,1.12,1.00
2015.07.07 07:31:29.666,0.66513,0.66526,1.12,1.12
2015.07.07 07:31:29.920,0.66515,0.66528,1.00,1.50
2015.07.07 07:31:30.435,0.66515,0.66529,1.00,1.12
2015.07.07 07:31:37.340,0.66516,0.66528,1.00,1.00
2015.07.07 07:31:37.886,0.66515,0.66528,1.00,1.00
2015.07.07 07:31:38.443,0.66515,0.66529,1.50,1.50
2015.07.07 07:31:40.481,0.66516,0.66529,1.12,1.50
2015.07.07 07:31:40.964,0.66518,0.66529,1.00,1.00
2015.07.07 07:31:41.166,0.66516,0.66529,1.12,1.50
2015.07.07 07:31:41.749,0.66518,0.66529,1.00,1.00
2015.07.07 07:31:45.286,0.66516,0.6653,1.87,1.87
2015.07.07 07:31:46.197,0.66516,0.66529,1.00,1.00
2015.07.07 07:31:46.710,0.66515,0.66528,1.50,1.00
2015.07.07 07:31:47.218,0.66515,0.66527,1.00,1.00
2015.07.07 07:31:48.283,0.66515,0.66526,1.00,1.12
2015.07.07 07:31:48.384,0.66513,0.66522,1.00,1.37
2015.07.07 07:31:48.486,0.66511,0.66524,1.87,1.00
2015.07.07 07:31:48.587,0.66511,0.66525,1.87,1.00
2015.07.07 07:31:48.688,0.66511,0.66523,1.00,1.00
2015.07.07 07:31:48.790,0.66509,0.66523,1.87,1.50
2015.07.07 07:31:48.841,0.66509,0.66521,1.87,1.00
2015.07.07 07:31:49.263,0.66505,0.66519,1.50,3.00
2015.07.07 07:31:49.769,0.66507,0.66519,1.00,1.50
2015.07.07 07:31:51.868,0.66508,0.66519,1.00,1.00
2015.07.07 07:31:51.973,0.6651,0.66523,1.00,1.50
2015.07.07 07:31:52.024,0.66512,0.66523,1.00,1.50
2015.07.07 07:31:52.177,0.66512,0.66525,1.50,2.62
2015.07.07 07:31:52.380,0.66514,0.66526,1.00,1.50
2015.07.07 07:31:53.007,0.66514,0.66528,1.00,2.62
2015.07.07 07:31:53.311,0.66516,0.66528,1.00,2.62
2015.07.07 07:31:54.001,0.66514,0.66528,1.00,2.62
2015.07.07 07:31:54.350,0.66516,0.66528,1.12,1.00
2015.07.07 07:31:54.505,0.66519,0.66532,1.50,1.00
2015.07.07 07:31:55.011,0.6652,0.66533,1.00,1.00
2015.07.07 07:31:55.525,0.66521,0.66533,1.00,1.00
2015.07.07 07:31:57.415,0.6652,0.66533,1.00,1.00
2015.07.07 07:31:59.192,0.6652,0.66532,1.00,1.00
2015.07.07 07:31:59.636,0.66518,0.66532,1.00,1.50
2015.07.07 07:32:00.886,0.6652,0.66533,1.00,1.00
2015.07.07 07:32:03.165,0.6652,0.66534,1.50,2.25
2015.07.07 07:32:03.749,0.66521,0.66534,1.00,1.00
2015.07.07 07:32:04.481,0.66521,0.66533,1.00,1.00
2015.07.07 07:32:04.987,0.6652,0.66532,1.00,1.50
2015.07.07 07:32:07.540,0.6652,0.66533,1.00,1.00
2015.07.07 07:32:08.142,0.6652,0.66534,1.00,2.25
2015.07.07 07:32:09.856,0.6652,0.66533,1.00,1.00
2015.07.07 07:32:11.406,0.6652,0.66534,1.00,2.25
2015.07.07 07:32:12.222,0.66521,0.66534,1.00,1.50
2015.07.07 07:32:12.760,0.66521,0.66535,1.00,1.50
2015.07.07 07:32:15.881,0.66521,0.66535,1.00,2.62
2015.07.07 07:32:16.578,0.6652,0.66532,1.00,1.50
2015.07.07 07:32:16.833,0.66513,0.66526,1.87,1.50
2015.07.07 07:32:17.344,0.66514,0.66527,1.50,1.12
2015.07.07 07:32:18.643,0.66516,0.66527,1.00,1.12
2015.07.07 07:32:19.150,0.66516,0.66528,1.00,1.00
2015.07.07 07:32:22.110,0.6652,0.66528,1.00,1.00
2015.07.07 07:32:22.623,0.66523,0.6653,1.50,1.00
2015.07.07 07:32:22.674,0.66524,0.66534,1.00,1.00
2015.07.07 07:32:22.776,0.66525,0.66536,1.00,1.87
2015.07.07 07:32:22.979,0.66527,0.66536,1.00,1.00
2015.07.07 07:32:23.850,0.66528,0.66536,1.00,1.00
2015.07.07 07:32:24.103,0.66526,0.66536,1.00,1.00
2015.07.07 07:32:29.602,0.66525,0.66536,1.00,1.50
2015.07.07 07:32:30.150,0.66524,0.66536,1.00,1.50
2015.07.07 07:32:37.273,0.66524,0.66537,1.00,2.62
2015.07.07 07:32:42.186,0.66523,0.66537,1.87,3.37
2015.07.07 07:32:57.313,0.66523,0.66535,1.50,1.00
2015.07.07 07:33:01.439,0.66523,0.66537,1.00,2.62
2015.07.07 07:33:01.490,0.66523,0.66537,1.37,2.25
2015.07.07 07:33:01.879,0.66524,0.66537,1.00,1.12
2015.07.07 07:33:03.120,0.66523,0.66537,1.00,1.12
2015.07.07 07:33:03.171,0.66523,0.66537,1.37,1.37
2015.07.07 07:33:05.056,0.66526,0.66538,1.00,1.87
2015.07.07 07:33:08.475,0.66524,0.66538,1.37,1.87
2015.07.07 07:33:17.564,0.66523,0.66533,1.37,1.00
2015.07.07 07:33:17.615,0.66519,0.66533,1.87,1.00
2015.07.07 07:33:17.972,0.66518,0.66531,1.00,1.50
2015.07.07 07:33:18.753,0.66517,0.66531,2.62,2.25
2015.07.07 07:33:21.030,0.66517,0.66529,1.00,1.37
2015.07.07 07:33:21.561,0.66514,0.66528,1.87,1.87
2015.07.07 07:33:22.926,0.66514,0.66528,1.87,1.87
2015.07.07 07:33:32.915,0.66516,0.66528,1.00,1.37
2015.07.07 07:33:33.423,0.66515,0.66528,1.12,1.37
2015.07.07 07:33:36.656,0.66515,0.66528,1.12,1.12
2015.07.07 07:33:37.334,0.66516,0.66528,1.00,1.12
2015.07.07 07:33:39.709,0.66516,0.66529,1.50,1.12
2015.07.07 07:33:39.914,0.66518,0.66529,1.00,1.37
2015.07.07 07:33:43.114,0.66518,0.66529,1.00,1.12
2015.07.07 07:33:43.619,0.6652,0.66531,1.50,1.87
2015.07.07 07:33:44.155,0.66521,0.6653,1.50,1.00
2015.07.07 07:33:45.461,0.6652,0.6653,1.00,1.00
2015.07.07 07:33:48.648,0.66519,0.6653,1.00,1.00
2015.07.07 07:33:57.372,0.6652,0.66531,1.00,1.87
2015.07.07 07:34:03.835,0.6652,0.6653,1.00,2.25
2015.07.07 07:34:04.484,0.66518,0.6653,1.00,2.25
2015.07.07 07:34:06.533,0.66518,0.6653,1.00,3.00
2015.07.07 07:34:17.167,0.66519,0.66531,1.00,1.87
2015.07.07 07:34:17.702,0.6652,0.6653,1.00,1.00
2015.07.07 07:34:21.553,0.6652,0.66531,1.00,1.12
2015.07.07 07:34:24.832,0.66521,0.66531,1.00,1.12
2015.07.07 07:34:27.113,0.66521,0.6653,1.00,1.00
2015.07.07 07:34:27.598,0.66521,0.66529,1.00,1.37
2015.07.07 07:34:27.649,0.66518,0.66529,1.50,1.37
2015.07.07 07:34:28.265,0.66517,0.66528,1.00,1.12
2015.07.07 07:34:33.295,0.66519,0.66528,1.00,1.12
2015.07.07 07:34:34.740,0.66519,0.6653,1.50,1.87
2015.07.07 07:34:34.842,0.66521,0.66531,1.00,1.87
2015.07.07 07:34:35.388,0.66521,0.66529,1.00,1.12
2015.07.07 07:34:37.643,0.66521,0.6653,1.00,1.00
2015.07.07 07:34:38.302,0.66521,0.66529,1.00,1.00
2015.07.07 07:34:38.555,0.66517,0.66527,1.00,1.00
2015.07.07 07:34:40.404,0.66517,0.66527,1.00,1.37
2015.07.07 07:34:40.911,0.66516,0.66526,1.00,1.12
2015.07.07 07:34:41.459,0.66515,0.66526,2.25,1.00
2015.07.07 07:34:41.964,0.66516,0.66527,1.00,1.12
2015.07.07 07:34:44.421,0.66517,0.66527,1.00,1.00
2015.07.07 07:34:44.674,0.66519,0.66529,1.00,1.37
2015.07.07 07:34:46.075,0.66518,0.66529,1.00,1.37
2015.07.07 07:34:47.798,0.66515,0.66528,1.50,1.87
2015.07.07 07:34:48.600,0.66516,0.66527,1.00,1.12
2015.07.07 07:34:49.885,0.66516,0.66526,1.00,1.00
2015.07.07 07:34:57.346,0.66517,0.66526,1.50,1.12
2015.07.07 07:34:57.897,0.66517,0.66528,1.50,1.12
2015.07.07 07:34:58.470,0.66518,0.66529,1.00,1.12
2015.07.07 07:34:58.980,0.66519,0.66529,1.00,1.12
2015.07.07 07:34:59.664,0.66519,0.6653,1.00,1.00
2015.07.07 07:35:00.204,0.66519,0.66529,1.00,1.00
2015.07.07 07:35:00.514,0.66521,0.66529,1.00,1.12
2015.07.07 07:35:01.017,0.6652,0.6653,1.50,1.37
2015.07.07 07:35:03.027,0.6652,0.66529,1.50,1.37
2015.07.07 07:35:03.128,0.66518,0.66529,1.00,1.37
2015.07.07 07:35:03.667,0.66517,0.66527,1.00,1.00
2015.07.07 07:35:06.940,0.6652,0.66529,1.00,1.00
2015.07.07 07:35:07.471,0.66519,0.66529,1.50,1.00
2015.07.07 07:35:08.046,0.6652,0.6653,1.00,1.00
2015.07.07 07:35:08.202,0.66517,0.66528,1.00,1.12
2015.07.07 07:35:10.437,0.66517,0.66527,1.00,1.00
2015.07.07 07:35:10.490,0.66515,0.66527,1.00,1.50
2015.07.07 07:35:10.895,0.66515,0.66525,1.00,1.00
2015.07.07 07:35:12.113,0.66515,0.66527,1.50,1.00
2015.07.07 07:35:12.317,0.66516,0.66529,1.00,1.12
2015.07.07 07:35:12.470,0.66518,0.66529,1.00,1.12
2015.07.07 07:35:13.014,0.66517,0.66529,1.50,1.37
2015.07.07 07:35:14.865,0.66519,0.66529,1.00,1.12
2015.07.07 07:35:15.624,0.66519,0.6653,1.00,1.12
2015.07.07 07:35:15.928,0.66517,0.66529,1.00,1.87
2015.07.07 07:35:16.464,0.66517,0.66529,1.00,1.12
2015.07.07 07:35:16.769,0.66519,0.66529,1.00,1.00
2015.07.07 07:35:17.072,0.66521,0.6653,1.00,1.00
2015.07.07 07:35:17.583,0.6652,0.6653,1.50,1.00
2015.07.07 07:35:20.018,0.66519,0.6653,1.00,1.00
2015.07.07 07:35:20.632,0.66518,0.6653,1.12,1.37
2015.07.07 07:35:22.507,0.66519,0.6653,1.00,1.37
2015.07.07 07:35:22.811,0.66521,0.6653,1.00,1.37
2015.07.07 07:35:23.443,0.66521,0.66528,1.00,1.00
2015.07.07 07:35:28.063,0.66521,0.6653,1.00,1.37
2015.07.07 07:35:29.708,0.66523,0.6653,1.00,1.00
2015.07.07 07:35:29.962,0.66523,0.66532,1.00,1.12
2015.07.07 07:35:30.215,0.66525,0.66532,1.00,1.00
2015.07.07 07:35:30.602,0.66526,0.66537,1.00,1.87
2015.07.07 07:35:30.906,0.66528,0.66537,1.00,1.87
2015.07.07 07:35:35.453,0.66528,0.66538,1.00,1.12
2015.07.07 07:35:37.916,0.66533,0.66538,1.00,1.12
2015.07.07 07:35:41.981,0.66536,0.66541,1.00,1.00
2015.07.07 07:35:42.133,0.6654,0.66546,1.00,1.37
2015.07.07 07:35:42.471,0.66543,0.66548,1.00,1.12
2015.07.07 07:35:46.638,0.66544,0.6655,1.00,1.37
2015.07.07 07:35:54.105,0.66546,0.6655,1.00,1.12
2015.07.07 07:35:54.207,0.66548,0.66552,1.00,1.00
2015.07.07 07:35:54.258,0.66548,0.66552,1.00,1.00
2015.07.07 07:35:54.461,0.66551,0.66557,1.00,1.37
2015.07.07 07:35:54.613,0.66552,0.66558,1.00,1.12
2015.07.07 07:35:55.160,0.66553,0.66559,1.00,1.37
2015.07.07 07:36:00.346,0.66551,0.66557,1.00,1.12
2015.07.07 07:36:00.448,0.66548,0.66557,1.00,1.12
2015.07.07 07:36:01.184,0.66547,0.66556,1.00,1.12
2015.07.07 07:36:01.287,0.6655,0.66556,1.00,1.12
2015.07.07 07:36:01.591,0.66552,0.66558,1.00,1.87
2015.07.07 07:36:02.565,0.66552,0.66558,1.00,1.12
2015.07.07 07:36:03.112,0.66553,0.66557,1.00,1.00
2015.07.07 07:36:03.807,0.66553,0.66558,1.00,1.12
2015.07.07 07:36:05.014,0.6655,0.66558,1.00,1.12
2015.07.07 07:36:06.174,0.66552,0.66558,1.00,1.12
2015.07.07 07:36:08.868,0.6655,0.66559,1.00,1.87
2015.07.07 07:36:09.121,0.66552,0.66559,1.00,1.87
2015.07.07 07:36:09.635,0.66551,0.66559,1.00,1.87
2015.07.07 07:36:10.194,0.66551,0.66559,1.00,1.37
2015.07.07 07:36:11.878,0.66548,0.66557,1.50,1.87
2015.07.07 07:36:12.219,0.66548,0.66553,1.00,1.37
2015.07.07 07:36:12.928,0.66539,0.66553,1.50,1.37
2015.07.07 07:36:13.448,0.6654,0.66552,1.00,1.00
2015.07.07 07:36:13.958,0.66541,0.66553,1.50,1.50
2015.07.07 07:36:16.022,0.66542,0.66553,1.00,1.50
2015.07.07 07:36:16.503,0.66541,0.66551,1.00,1.37
2015.07.07 07:36:16.604,0.66539,0.66549,1.00,1.12
2015.07.07 07:36:17.115,0.66539,0.6655,1.00,1.12
2015.07.07 07:36:17.631,0.6654,0.6655,1.00,1.12
2015.07.07 07:36:22.383,0.66539,0.6655,1.00,1.12
2015.07.07 07:36:22.842,0.66541,0.66552,1.00,1.37
2015.07.07 07:36:23.376,0.66539,0.66552,1.00,2.62
2015.07.07 07:36:23.478,0.66539,0.66549,1.00,1.00
2015.07.07 07:36:23.995,0.66538,0.66549,1.00,1.00
2015.07.07 07:36:25.650,0.66538,0.66549,1.00,1.37
2015.07.07 07:36:26.168,0.66538,0.66549,1.00,1.87
2015.07.07 07:36:26.676,0.66539,0.6655,1.00,1.37
2015.07.07 07:36:28.536,0.66541,0.6655,1.00,1.00
2015.07.07 07:36:28.688,0.66541,0.66553,1.00,1.37
2015.07.07 07:36:28.840,0.66542,0.66555,1.00,2.62
2015.07.07 07:36:28.993,0.66544,0.66555,1.00,1.12
2015.07.07 07:36:36.993,0.66544,0.66556,1.00,1.87
2015.07.07 07:36:38.094,0.66544,0.66556,1.00,2.62
2015.07.07 07:36:38.957,0.66543,0.66556,1.00,2.62
2015.07.07 07:36:39.263,0.66546,0.66556,1.00,1.12
2015.07.07 07:36:39.780,0.66546,0.66557,1.00,1.87
2015.07.07 07:36:40.875,0.66547,0.66557,1.00,1.12
2015.07.07 07:36:44.068,0.66546,0.66559,2.25,1.87
2015.07.07 07:36:50.239,0.66545,0.66559,2.25,2.62
2015.07.07 07:36:51.863,0.66545,0.66559,3.00,2.62
2015.07.07 07:36:57.991,0.66546,0.66558,1.00,1.37
2015.07.07 07:37:06.523,0.66545,0.66557,1.00,1.37
2015.07.07 07:37:07.221,0.66545,0.66557,1.00,1.12
2015.07.07 07:37:10.532,0.66547,0.66558,1.00,1.87
2015.07.07 07:37:12.269,0.66547,0.66558,1.00,1.87
2015.07.07 07:37:20.276,0.66548,0.66559,1.00,1.00
2015.07.07 07:37:20.919,0.66548,0.66561,1.50,1.87
2015.07.07 07:37:21.426,0.66549,0.66562,1.00,1.12
2015.07.07 07:37:24.330,0.66549,0.6656,1.00,1.00
2015.07.07 07:37:24.533,0.66544,0.66558,3.00,1.37
2015.07.07 07:37:25.232,0.66545,0.66557,1.50,1.50
2015.07.07 07:37:26.603,0.66545,0.66559,1.50,2.62
2015.07.07 07:37:28.337,0.66545,0.66557,1.50,1.00
2015.07.07 07:37:28.844,0.66545,0.66556,1.00,1.50
2015.07.07 07:37:31.223,0.66545,0.66556,1.00,2.62
2015.07.07 07:37:31.577,0.66545,0.66557,1.00,1.50
2015.07.07 07:37:32.266,0.66546,0.66557,1.00,1.00
2015.07.07 07:37:32.772,0.66546,0.66558,1.00,1.12
2015.07.07 07:37:34.037,0.66546,0.66556,1.00,1.00
2015.07.07 07:37:34.088,0.66544,0.66556,1.50,1.00
2015.07.07 07:37:38.207,0.66543,0.66556,2.25,1.00
2015.07.07 07:37:39.691,0.66542,0.66555,1.12,1.00
2015.07.07 07:37:39.939,0.6654,0.66552,1.37,1.50
2015.07.07 07:37:39.991,0.66539,0.6655,1.00,1.12
2015.07.07 07:37:40.042,0.66537,0.6655,2.62,1.37
2015.07.07 07:37:40.550,0.66536,0.66549,1.00,1.87
2015.07.07 07:37:41.183,0.66537,0.66549,1.00,1.87
2015.07.07 07:37:41.704,0.66539,0.6655,1.00,1.50
2015.07.07 07:37:42.368,0.66539,0.66551,1.00,1.00
2015.07.07 07:37:48.183,0.66537,0.66551,2.25,1.50
2015.07.07 07:37:48.614,0.66535,0.66549,1.00,1.00
2015.07.07 07:37:49.170,0.66535,0.66549,1.00,1.37
2015.07.07 07:37:49.933,0.66535,0.66549,1.87,1.12
2015.07.07 07:37:50.713,0.66535,0.66549,1.87,1.37
2015.07.07 07:37:52.702,0.66535,0.66549,1.00,1.87
2015.07.07 07:37:53.064,0.66534,0.66547,1.50,1.87
2015.07.07 07:37:53.582,0.66534,0.66547,1.87,1.12
2015.07.07 07:37:57.360,0.66534,0.66546,2.62,1.00
2015.07.07 07:37:57.915,0.66534,0.66547,2.62,1.12
2015.07.07 07:38:02.933,0.66534,0.66546,1.12,1.37
2015.07.07 07:38:03.496,0.66534,0.66546,1.12,1.50
2015.07.07 07:38:03.800,0.66528,0.66538,1.00,1.00
2015.07.07 07:38:03.901,0.66526,0.66538,1.00,1.00
2015.07.07 07:38:03.952,0.66526,0.66536,1.00,1.00
2015.07.07 07:38:04.357,0.66523,0.66537,2.25,1.00
2015.07.07 07:38:04.458,0.66525,0.66538,1.00,2.62
2015.07.07 07:38:04.996,0.66526,0.66538,1.00,1.12
2015.07.07 07:38:05.525,0.66526,0.6654,1.00,2.62
2015.07.07 07:38:05.941,0.66528,0.6654,1.00,2.62
2015.07.07 07:38:06.145,0.66526,0.6654,2.25,2.62
2015.07.07 07:38:07.533,0.66526,0.6654,1.50,1.87
2015.07.07 07:38:12.065,0.66527,0.6654,1.00,1.87
2015.07.07 07:38:12.571,0.66528,0.66541,1.00,1.12
2015.07.07 07:38:13.077,0.66527,0.66541,1.50,1.87
2015.07.07 07:38:16.029,0.66529,0.66541,1.00,1.00
2015.07.07 07:38:16.080,0.66529,0.66543,1.50,1.87
2015.07.07 07:38:16.283,0.66531,0.66544,1.00,1.87
2015.07.07 07:38:17.357,0.66531,0.66543,1.00,1.00
2015.07.07 07:38:19.774,0.66529,0.66543,2.62,1.87
2015.07.07 07:38:20.027,0.66527,0.6654,1.50,1.00
2015.07.07 07:38:20.541,0.66526,0.6654,1.12,2.25
2015.07.07 07:38:20.847,0.66528,0.66541,1.50,1.50
2015.07.07 07:38:21.524,0.66529,0.66542,1.00,1.00
2015.07.07 07:38:21.932,0.66527,0.66541,2.62,1.00
2015.07.07 07:38:21.983,0.66529,0.66541,1.00,1.00
2015.07.07 07:38:34.687,0.66529,0.66542,1.50,1.50
2015.07.07 07:38:35.203,0.6653,0.66543,1.00,1.12
2015.07.07 07:38:38.400,0.66531,0.66543,1.00,1.00
2015.07.07 07:38:38.552,0.66532,0.66546,1.50,3.00
2015.07.07 07:38:38.603,0.66534,0.66546,1.00,1.50
2015.07.07 07:38:38.907,0.66534,0.66548,1.00,1.87
2015.07.07 07:38:39.713,0.66537,0.66549,1.00,2.62
2015.07.07 07:38:40.368,0.66538,0.66549,1.00,1.87
2015.07.07 07:38:40.927,0.66537,0.66549,1.00,1.87
2015.07.07 07:38:43.621,0.66535,0.66549,2.25,2.62
2015.07.07 07:38:53.661,0.66536,0.66549,1.00,3.37
2015.07.07 07:38:59.034,0.66537,0.66549,1.00,4.12
2015.07.07 07:39:02.853,0.66535,0.66549,2.25,1.12
2015.07.07 07:39:04.607,0.66535,0.66548,2.25,1.00
2015.07.07 07:39:05.352,0.66535,0.66548,1.50,1.37
2015.07.07 07:39:05.609,0.66533,0.66547,2.25,1.50
2015.07.07 07:39:06.189,0.66532,0.66544,1.00,1.00
2015.07.07 07:39:06.494,0.6653,0.66541,2.25,1.00
2015.07.07 07:39:06.596,0.66528,0.66541,1.00,1.00
2015.07.07 07:39:06.647,0.66528,0.66539,1.00,1.00
2015.07.07 07:39:06.750,0.66526,0.66538,1.00,1.00
2015.07.07 07:39:07.168,0.66528,0.66539,1.00,1.00
2015.07.07 07:39:07.542,0.66528,0.66542,1.50,1.87
2015.07.07 07:39:08.047,0.66529,0.66542,1.00,1.87
2015.07.07 07:39:08.553,0.66528,0.66542,1.50,1.87
2015.07.07 07:39:21.074,0.66528,0.66541,1.00,1.00
2015.07.07 07:39:29.198,0.66529,0.66542,1.00,1.00
2015.07.07 07:39:29.707,0.66531,0.66544,1.00,1.50
2015.07.07 07:39:30.011,0.66533,0.66545,1.00,1.50
2015.07.07 07:39:30.892,0.66533,0.66546,3.00,1.50
2015.07.07 07:39:36.691,0.66533,0.66547,3.37,1.00
2015.07.07 07:39:36.994,0.66536,0.6655,1.00,3.00
2015.07.07 07:39:37.644,0.66538,0.6655,1.00,3.00
2015.07.07 07:39:47.728,0.66538,0.66549,1.00,1.37
2015.07.07 07:39:48.287,0.66537,0.66549,1.00,1.87
2015.07.07 07:39:49.841,0.66537,0.66549,1.00,1.00
2015.07.07 07:39:50.348,0.66536,0.66548,1.00,1.12
2015.07.07 07:39:52.305,0.66536,0.66548,1.00,1.37
2015.07.07 07:39:52.457,0.66534,0.66546,3.00,1.00
2015.07.07 07:39:52.963,0.66534,0.66547,1.50,1.00
2015.07.07 07:39:56.269,0.66535,0.66547,1.00,1.00
2015.07.07 07:39:56.472,0.66537,0.66548,1.00,1.12
2015.07.07 07:39:56.978,0.66538,0.6655,1.00,1.50
2015.07.07 07:40:01.471,0.66537,0.6655,1.12,1.50
2015.07.07 07:40:02.291,0.66537,0.66549,1.00,1.37
2015.07.07 07:40:02.494,0.66534,0.66546,1.37,1.87
2015.07.07 07:40:02.600,0.66533,0.66545,1.00,1.00
2015.07.07 07:40:02.804,0.66531,0.66545,2.62,1.00
2015.07.07 07:40:03.311,0.66531,0.66544,1.00,1.50
2015.07.07 07:40:03.817,0.6653,0.66544,2.25,2.62
2015.07.07 07:40:03.919,0.6653,0.66541,1.00,1.00
2015.07.07 07:40:04.244,0.66527,0.6654,1.87,1.00
2015.07.07 07:40:04.699,0.66526,0.66538,1.00,1.12
2015.07.07 07:40:05.212,0.66525,0.66537,1.12,1.00
2015.07.07 07:40:07.402,0.66524,0.66537,1.12,1.50
2015.07.07 07:40:09.339,0.66524,0.66534,1.12,1.00
2015.07.07 07:40:09.391,0.66524,0.66537,1.12,2.62
2015.07.07 07:40:09.899,0.66525,0.66535,1.00,1.00
2015.07.07 07:40:10.437,0.66523,0.66535,3.37,1.00
2015.07.07 07:40:10.491,0.66523,0.66537,3.37,2.62
2015.07.07 07:40:15.268,0.66523,0.66535,2.62,1.00
2015.07.07 07:40:15.420,0.66522,0.66535,1.00,2.62
2015.07.07 07:40:15.930,0.6652,0.66534,2.62,1.12
2015.07.07 07:40:16.784,0.66522,0.66534,1.00,1.12
2015.07.07 07:40:18.634,0.66522,0.66534,1.00,1.37
2015.07.07 07:40:21.391,0.6652,0.66534,2.62,1.37
2015.07.07 07:40:21.954,0.6652,0.66532,2.25,1.00
2015.07.07 07:40:23.954,0.6652,0.66532,1.50,2.62
2015.07.07 07:40:24.258,0.66517,0.66528,1.12,1.12
2015.07.07 07:40:24.562,0.66512,0.66523,1.00,1.00
2015.07.07 07:40:25.012,0.6651,0.66523,1.87,1.12
2015.07.07 07:40:25.165,0.66511,0.66524,1.87,1.00
2015.07.07 07:40:25.672,0.66514,0.66527,1.12,2.62
2015.07.07 07:40:25.823,0.66514,0.66527,2.62,1.00
2015.07.07 07:40:26.368,0.66515,0.66529,1.00,2.62
2015.07.07 07:40:27.981,0.66515,0.66529,1.12,2.62
2015.07.07 07:40:28.234,0.66516,0.6653,1.50,2.62
2015.07.07 07:40:28.811,0.66515,0.66529,3.00,1.87
2015.07.07 07:40:29.368,0.66515,0.66527,1.00,1.87
2015.07.07 07:40:29.470,0.66512,0.66525,2.25,1.00
2015.07.07 07:40:30.311,0.66513,0.66525,1.00,2.62
2015.07.07 07:40:30.818,0.66514,0.66526,1.00,1.50
2015.07.07 07:40:31.360,0.66514,0.66525,1.00,1.00
2015.07.07 07:40:34.798,0.66513,0.66525,1.50,1.00
2015.07.07 07:40:35.994,0.66514,0.66528,1.12,1.87
2015.07.07 07:40:36.399,0.66515,0.66529,2.62,2.62
2015.07.07 07:40:51.376,0.66516,0.6653,1.12,1.87
2015.07.07 07:40:51.614,0.66518,0.6653,1.00,1.12
2015.07.07 07:40:52.223,0.66517,0.6653,1.00,1.12
2015.07.07 07:40:52.757,0.66518,0.66531,1.00,2.25
2015.07.07 07:40:54.196,0.66519,0.66531,1.12,1.50
2015.07.07 07:40:54.398,0.66521,0.66535,1.50,1.87
2015.07.07 07:40:54.500,0.66523,0.66535,1.00,1.87
2015.07.07 07:40:55.252,0.66521,0.66535,1.50,1.87
2015.07.07 07:40:55.962,0.66521,0.66531,1.00,1.00
2015.07.07 07:40:56.114,0.66517,0.6653,1.00,1.87
2015.07.07 07:40:56.459,0.66517,0.66528,1.00,1.00
2015.07.07 07:40:57.218,0.66516,0.66528,1.00,1.50
2015.07.07 07:40:57.370,0.66514,0.66528,1.00,1.50
2015.07.07 07:40:57.813,0.66514,0.66526,1.00,1.00
2015.07.07 07:40:58.016,0.66515,0.66528,1.00,1.12
2015.07.07 07:40:58.703,0.66516,0.6653,1.00,1.87
2015.07.07 07:40:59.250,0.66516,0.6653,1.00,1.87
2015.07.07 07:41:04.566,0.66515,0.66529,1.87,2.25
2015.07.07 07:41:05.747,0.66518,0.6653,1.00,1.00
2015.07.07 07:41:06.255,0.66518,0.66529,1.00,1.50
2015.07.07 07:41:06.306,0.66514,0.66528,2.25,1.00
2015.07.07 07:41:06.873,0.66515,0.66529,1.00,1.50
2015.07.07 07:41:10.568,0.66515,0.66529,1.00,1.50
2015.07.07 07:41:11.169,0.66515,0.66529,1.00,1.12
2015.07.07 07:41:11.322,0.66518,0.6653,1.00,1.87
2015.07.07 07:41:11.423,0.66516,0.6653,1.12,1.87
2015.07.07 07:41:12.002,0.66517,0.6653,1.00,1.87
2015.07.07 07:41:12.559,0.66518,0.66532,1.00,1.87
2015.07.07 07:41:13.155,0.66519,0.66533,1.00,1.12
2015.07.07 07:41:18.007,0.66519,0.66531,1.00,1.00
2015.07.07 07:41:18.541,0.66515,0.66529,2.62,1.00
2015.07.07 07:41:22.416,0.66515,0.66529,1.00,1.37
2015.07.07 07:41:23.686,0.66515,0.66529,1.00,1.87
2015.07.07 07:41:26.988,0.66517,0.66529,1.00,1.12
2015.07.07 07:41:27.375,0.66519,0.6653,1.00,2.25
2015.07.07 07:41:29.309,0.66517,0.6653,1.00,2.25
2015.07.07 07:41:37.412,0.66516,0.66529,1.12,1.37
2015.07.07 07:41:50.757,0.66516,0.66529,1.00,1.50
2015.07.07 07:41:51.196,0.66515,0.66525,1.00,1.00
2015.07.07 07:41:51.348,0.66513,0.66525,1.50,1.00
2015.07.07 07:41:51.804,0.66511,0.66525,1.87,2.25
2015.07.07 07:41:51.906,0.66511,0.66523,1.87,1.00
2015.07.07 07:41:52.412,0.6651,0.66523,2.62,1.00
2015.07.07 07:41:52.927,0.6651,0.66523,2.62,1.12
2015.07.07 07:41:59.665,0.66512,0.66525,1.00,1.87
2015.07.07 07:41:59.717,0.66512,0.66525,1.00,1.50
2015.07.07 07:42:00.172,0.66513,0.66526,1.87,1.00
2015.07.07 07:42:02.351,0.66515,0.66529,1.87,2.62
2015.07.07 07:42:02.403,0.66515,0.66529,2.62,1.87
2015.07.07 07:42:03.161,0.66516,0.66529,1.00,1.12
2015.07.07 07:42:03.434,0.66514,0.66528,1.00,1.00
2015.07.07 07:42:03.948,0.66514,0.66527,1.00,1.50
2015.07.07 07:42:04.050,0.66512,0.66526,3.00,1.00
2015.07.07 07:42:07.438,0.66512,0.66526,1.00,2.62
2015.07.07 07:42:07.489,0.66512,0.66522,1.00,1.00
2015.07.07 07:42:07.695,0.66504,0.66518,1.12,1.87
2015.07.07 07:42:07.797,0.66503,0.66515,1.37,1.00
2015.07.07 07:42:08.288,0.665,0.66513,1.37,1.12
2015.07.07 07:42:08.719,0.66499,0.66513,1.87,1.87
2015.07.07 07:42:08.770,0.66499,0.66511,1.37,1.50
2015.07.07 07:42:08.871,0.66498,0.6651,1.00,1.87
2015.07.07 07:42:08.973,0.66498,0.66508,1.00,1.00
2015.07.07 07:42:09.490,0.66497,0.66509,1.12,1.00
2015.07.07 07:42:10.220,0.66497,0.66508,1.12,1.50
2015.07.07 07:42:10.546,0.66489,0.665,1.00,1.87
2015.07.07 07:42:10.985,0.66489,0.66498,1.00,1.37
2015.07.07 07:42:11.097,0.66486,0.66498,1.12,1.37
2015.07.07 07:42:11.199,0.66486,0.66494,1.00,1.00
2015.07.07 07:42:11.382,0.66482,0.66495,1.37,1.12
2015.07.07 07:42:11.867,0.66481,0.66492,1.87,1.00
2015.07.07 07:42:12.024,0.66481,0.6649,1.87,1.00
2015.07.07 07:42:12.379,0.6648,0.66487,1.37,1.00
2015.07.07 07:42:12.868,0.66481,0.66489,1.12,1.00
2015.07.07 07:42:12.919,0.66481,0.66489,1.37,1.00
2015.07.07 07:42:13.073,0.66485,0.66491,1.00,1.00
2015.07.07 07:42:13.124,0.66485,0.66494,1.00,1.00
2015.07.07 07:42:13.227,0.66485,0.66496,1.37,1.00
2015.07.07 07:42:13.278,0.66485,0.66498,1.37,1.50
2015.07.07 07:42:13.823,0.66487,0.665,1.12,1.00
2015.07.07 07:42:13.975,0.66489,0.66502,1.00,1.00
2015.07.07 07:42:14.279,0.66488,0.66498,1.00,1.00
2015.07.07 07:42:14.381,0.66485,0.66498,1.87,1.00
2015.07.07 07:42:14.931,0.66486,0.66498,1.00,1.50
2015.07.07 07:42:15.307,0.66486,0.665,1.00,1.50
2015.07.07 07:42:15.724,0.66483,0.66496,1.87,1.50
2015.07.07 07:42:16.028,0.66488,0.66501,1.00,1.87
2015.07.07 07:42:16.769,0.66489,0.66501,1.00,1.00
2015.07.07 07:42:17.023,0.66485,0.66498,1.00,1.50
2015.07.07 07:42:17.125,0.66483,0.66496,1.00,1.00
2015.07.07 07:42:17.429,0.66485,0.66498,1.00,1.00
2015.07.07 07:42:17.978,0.66486,0.66498,1.50,1.00
2015.07.07 07:42:18.484,0.66486,0.6649,1.00,1.00
2015.07.07 07:42:18.535,0.66483,0.66489,1.50,1.00
2015.07.07 07:42:18.942,0.6648,0.66485,1.37,1.00
2015.07.07 07:42:18.994,0.6648,0.66487,1.00,1.50
2015.07.07 07:42:19.045,0.6648,0.66487,1.00,1.87
2015.07.07 07:42:19.096,0.66471,0.66482,2.62,1.00
2015.07.07 07:42:19.353,0.66477,0.66483,1.00,1.00
2015.07.07 07:42:19.732,0.66475,0.66479,1.00,1.00
2015.07.07 07:42:19.977,0.66475,0.66479,1.00,1.00
2015.07.07 07:42:20.079,0.66475,0.66479,1.00,1.00
2015.07.07 07:42:20.232,0.66472,0.66476,1.00,1.00
2015.07.07 07:42:20.587,0.66472,0.66478,1.00,1.00
2015.07.07 07:42:20.739,0.66473,0.6648,1.00,1.00
2015.07.07 07:42:20.892,0.66476,0.66481,1.00,1.00
2015.07.07 07:42:21.400,0.66477,0.66482,1.00,1.00
2015.07.07 07:42:21.503,0.66475,0.66481,1.50,1.00
2015.07.07 07:42:24.905,0.66473,0.66484,1.00,1.00
2015.07.07 07:42:25.007,0.6647,0.66482,1.12,1.00
2015.07.07 07:42:25.361,0.66468,0.66477,1.87,1.00
2015.07.07 07:42:25.667,0.66471,0.66476,1.12,1.00
2015.07.07 07:42:26.117,0.6647,0.66478,1.37,1.00
2015.07.07 07:42:26.218,0.6647,0.66476,1.00,1.00
2015.07.07 07:42:26.269,0.6647,0.66482,1.00,1.50
2015.07.07 07:42:26.523,0.66475,0.66484,1.50,1.00
2015.07.07 07:42:26.574,0.66475,0.66487,1.50,1.87
2015.07.07 07:42:27.045,0.66478,0.66491,1.37,1.00
2015.07.07 07:42:27.351,0.66483,0.66491,1.00,1.00
2015.07.07 07:42:28.078,0.66479,0.66491,1.00,2.62
2015.07.07 07:42:28.231,0.66477,0.66488,1.00,1.00
2015.07.07 07:42:28.333,0.66475,0.66488,1.50,1.00
2015.07.07 07:42:28.434,0.66475,0.66485,1.00,1.00
2015.07.07 07:42:28.941,0.66475,0.66487,1.00,1.00
2015.07.07 07:42:30.625,0.66475,0.66484,1.00,1.00
2015.07.07 07:42:30.839,0.66475,0.66487,1.00,1.00
2015.07.07 07:42:30.895,0.66473,0.66487,1.87,1.50
2015.07.07 07:42:31.047,0.66471,0.66484,1.87,1.00
2015.07.07 07:42:31.632,0.6647,0.66484,1.87,1.00
2015.07.07 07:42:32.038,0.66472,0.66486,2.62,2.62
2015.07.07 07:42:32.874,0.66473,0.66486,1.00,1.87
2015.07.07 07:42:32.925,0.66475,0.66487,1.00,1.00
2015.07.07 07:42:33.229,0.66475,0.66489,1.00,2.25
2015.07.07 07:42:33.882,0.66474,0.66488,1.87,1.00
2015.07.07 07:42:34.137,0.66474,0.66486,1.00,1.00
2015.07.07 07:42:34.657,0.66472,0.66486,2.62,1.00
2015.07.07 07:42:35.077,0.66472,0.66485,1.87,1.00
2015.07.07 07:42:35.229,0.66476,0.66487,1.00,1.00
2015.07.07 07:42:35.280,0.66476,0.66489,1.00,1.00
2015.07.07 07:42:36.074,0.66475,0.66486,1.00,1.00
2015.07.07 07:42:36.128,0.66473,0.66486,1.00,1.00
2015.07.07 07:42:36.230,0.66475,0.66487,1.12,1.00
2015.07.07 07:42:36.533,0.66475,0.66489,1.87,1.50
2015.07.07 07:42:36.584,0.66475,0.66484,2.62,1.00
2015.07.07 07:42:36.737,0.66478,0.6649,1.00,1.00
2015.07.07 07:42:36.889,0.66478,0.66492,1.00,1.50
2015.07.07 07:42:37.197,0.6648,0.66492,1.00,1.00
2015.07.07 07:42:37.248,0.66478,0.66492,1.00,1.50
2015.07.07 07:42:37.757,0.66479,0.66491,1.00,1.00
2015.07.07 07:42:37.962,0.66481,0.66489,1.00,1.00
2015.07.07 07:42:38.194,0.66477,0.66489,1.00,2.62
2015.07.07 07:42:38.702,0.66476,0.66488,1.00,1.50
2015.07.07 07:42:39.243,0.66475,0.66488,1.00,1.00
2015.07.07 07:42:39.753,0.66476,0.66488,1.00,1.87
2015.07.07 07:42:39.956,0.66473,0.66486,1.12,1.50
2015.07.07 07:42:40.400,0.6647,0.66482,1.87,1.00
2015.07.07 07:42:40.704,0.66468,0.6648,1.00,1.12
2015.07.07 07:42:41.211,0.66467,0.66479,1.12,1.00
2015.07.07 07:42:41.537,0.66469,0.66481,1.00,2.25
2015.07.07 07:42:41.800,0.66467,0.66481,1.50,2.62
2015.07.07 07:42:42.639,0.66469,0.66481,1.00,1.50
2015.07.07 07:42:44.092,0.66469,0.66483,1.50,1.87
2015.07.07 07:42:44.598,0.6647,0.66482,1.50,1.00
2015.07.07 07:42:44.751,0.66471,0.66484,1.50,1.50
2015.07.07 07:42:45.288,0.66473,0.66486,1.00,1.50
2015.07.07 07:42:47.304,0.66475,0.66486,1.00,1.00
2015.07.07 07:42:48.433,0.66475,0.66482,1.00,1.00
2015.07.07 07:42:48.585,0.66475,0.66487,1.00,1.12
2015.07.07 07:42:49.029,0.66473,0.66478,1.00,1.00
2015.07.07 07:42:49.079,0.66471,0.66478,1.00,1.00
2015.07.07 07:42:49.407,0.66473,0.66477,1.00,1.00
2015.07.07 07:42:49.711,0.66474,0.6648,1.00,1.00
2015.07.07 07:42:49.762,0.66476,0.6648,1.00,1.00
2015.07.07 07:42:50.080,0.66476,0.66482,1.00,1.00
2015.07.07 07:42:50.131,0.66471,0.66482,1.00,1.00
2015.07.07 07:42:50.283,0.66472,0.66479,1.00,1.00
2015.07.07 07:42:50.638,0.66474,0.6648,1.00,1.50
2015.07.07 07:42:50.689,0.66472,0.66479,1.00,1.00
2015.07.07 07:42:51.250,0.6647,0.66478,1.00,1.00
2015.07.07 07:42:51.609,0.66472,0.66478,1.00,1.00
2015.07.07 07:42:51.660,0.66472,0.6648,1.00,1.50
2015.07.07 07:42:51.762,0.66469,0.6648,1.50,1.50
2015.07.07 07:42:52.279,0.66469,0.66479,1.00,1.50
2015.07.07 07:42:53.307,0.66466,0.6648,1.00,1.50
2015.07.07 07:42:53.511,0.66468,0.6648,1.37,1.50
2015.07.07 07:42:53.613,0.66469,0.66483,3.00,1.50
2015.07.07 07:42:53.663,0.66471,0.66483,1.50,1.00
2015.07.07 07:42:53.917,0.66475,0.66488,1.50,1.50
2015.07.07 07:42:54.171,0.66476,0.6649,2.25,3.00
2015.07.07 07:42:54.222,0.66478,0.6649,1.00,3.75
2015.07.07 07:42:54.512,0.66476,0.6649,2.25,3.75
2015.07.07 07:42:55.039,0.66476,0.66481,1.00,1.00
2015.07.07 07:42:55.394,0.66476,0.66487,1.37,1.00
2015.07.07 07:42:55.446,0.66477,0.66484,1.12,1.00
2015.07.07 07:42:55.760,0.66478,0.66484,1.37,1.00
2015.07.07 07:42:56.294,0.66481,0.66485,1.00,1.00
2015.07.07 07:42:56.906,0.66481,0.66485,1.00,1.00
2015.07.07 07:42:57.413,0.66482,0.66486,1.50,1.00
2015.07.07 07:42:58.514,0.66482,0.66486,1.50,1.00
2015.07.07 07:42:59.181,0.66482,0.66486,1.00,1.00
2015.07.07 07:42:59.708,0.66483,0.66487,1.00,1.00
2015.07.07 07:43:00.354,0.66483,0.66488,1.00,1.00
2015.07.07 07:43:00.861,0.66483,0.66487,1.00,1.00
2015.07.07 07:43:02.869,0.66481,0.66487,1.87,1.00
2015.07.07 07:43:03.123,0.66476,0.66481,1.00,1.00
2015.07.07 07:43:03.225,0.66475,0.66481,1.00,1.00
2015.07.07 07:43:05.163,0.66475,0.66481,1.00,1.00
2015.07.07 07:43:05.214,0.66475,0.66484,1.00,1.00
2015.07.07 07:43:05.265,0.66475,0.66479,1.00,1.00
2015.07.07 07:43:05.317,0.66468,0.66472,1.00,1.00
2015.07.07 07:43:05.368,0.66468,0.66472,1.00,1.50
2015.07.07 07:43:05.422,0.66464,0.66468,1.00,1.00
2015.07.07 07:43:05.473,0.66462,0.66468,1.87,1.50
2015.07.07 07:43:05.574,0.66456,0.66461,1.00,1.00
2015.07.07 07:43:05.684,0.66452,0.66457,3.00,1.00
2015.07.07 07:43:06.016,0.66446,0.66453,1.00,1.50
2015.07.07 07:43:06.067,0.66444,0.66453,1.00,1.00
2015.07.07 07:43:06.118,0.66444,0.66451,1.00,1.00
2015.07.07 07:43:06.321,0.66439,0.66447,1.12,1.00
2015.07.07 07:43:06.423,0.66439,0.66445,1.12,1.00
2015.07.07 07:43:06.753,0.66437,0.66443,1.00,1.00
2015.07.07 07:43:06.856,0.66435,0.66441,1.12,1.00
2015.07.07 07:43:06.958,0.66433,0.6644,1.00,1.00
2015.07.07 07:43:07.010,0.66433,0.66438,1.00,1.00
2015.07.07 07:43:07.061,0.66431,0.66438,1.12,1.00
2015.07.07 07:43:07.588,0.6643,0.66437,1.37,1.00
2015.07.07 07:43:08.096,0.66429,0.66436,1.37,1.00
2015.07.07 07:43:08.350,0.66429,0.66436,1.37,1.00
2015.07.07 07:43:08.893,0.66428,0.66436,1.37,1.00
2015.07.07 07:43:09.632,0.66429,0.66437,1.00,1.00
2015.07.07 07:43:09.886,0.6643,0.66435,1.00,1.00
2015.07.07 07:43:09.937,0.66427,0.66435,1.37,1.00
2015.07.07 07:43:10.250,0.6643,0.66435,1.00,1.00
2015.07.07 07:43:10.786,0.66429,0.66435,1.00,1.00
2015.07.07 07:43:10.939,0.66427,0.66435,1.12,1.00
2015.07.07 07:43:11.242,0.66429,0.66436,1.00,1.00
2015.07.07 07:43:11.772,0.66435,0.66439,1.00,1.00
2015.07.07 07:43:11.823,0.66435,0.66441,1.50,1.00
2015.07.07 07:43:11.874,0.66437,0.66441,1.00,1.00
2015.07.07 07:43:12.179,0.66435,0.66439,1.00,1.00
2015.07.07 07:43:12.230,0.66433,0.66439,1.00,1.00
2015.07.07 07:43:12.861,0.66434,0.66439,1.00,1.00
2015.07.07 07:43:13.164,0.66432,0.66439,1.12,1.00
2015.07.07 07:43:14.178,0.6643,0.66437,1.12,1.00
2015.07.07 07:43:16.353,0.66429,0.66441,1.87,1.50
2015.07.07 07:43:16.404,0.66429,0.66441,1.87,1.50
2015.07.07 07:43:18.131,0.6643,0.66443,1.37,1.50
2015.07.07 07:43:19.285,0.6643,0.66441,1.87,1.00
2015.07.07 07:43:19.538,0.66426,0.66436,1.00,1.00
2015.07.07 07:43:19.590,0.66424,0.66433,1.00,1.50
2015.07.07 07:43:19.894,0.66429,0.66433,1.00,1.00
2015.07.07 07:43:20.192,0.66427,0.66432,1.00,1.00
2015.07.07 07:43:20.395,0.66425,0.66431,1.00,1.00
2015.07.07 07:43:20.648,0.66428,0.66432,1.00,1.00
2015.07.07 07:43:20.699,0.66428,0.66433,1.00,1.00
2015.07.07 07:43:20.902,0.6643,0.66434,1.00,1.00
2015.07.07 07:43:21.268,0.66432,0.66436,1.00,1.00
2015.07.07 07:43:21.370,0.6643,0.66438,1.00,1.50
2015.07.07 07:43:22.462,0.66429,0.66439,1.12,2.25
2015.07.07 07:43:22.769,0.66429,0.6644,1.12,1.00
2015.07.07 07:43:23.301,0.66429,0.66439,1.12,1.00
2015.07.07 07:43:24.108,0.6643,0.66439,1.37,1.00
2015.07.07 07:43:24.311,0.66432,0.66442,1.12,1.00
2015.07.07 07:43:24.837,0.66432,0.66443,1.12,1.00
2015.07.07 07:43:25.040,0.66433,0.66445,1.87,1.00
2015.07.07 07:43:25.496,0.66433,0.66447,1.50,1.50
2015.07.07 07:43:25.597,0.66433,0.66445,1.00,1.50
2015.07.07 07:43:27.382,0.66431,0.66444,1.37,1.50
2015.07.07 07:43:27.696,0.66432,0.66442,1.12,1.00
2015.07.07 07:43:27.798,0.66432,0.66444,1.12,1.00
2015.07.07 07:43:28.579,0.66432,0.66445,1.12,1.00
2015.07.07 07:43:30.204,0.66432,0.66446,2.62,1.50
2015.07.07 07:43:30.306,0.66432,0.66444,1.12,1.00
2015.07.07 07:43:30.832,0.66432,0.66444,1.37,1.00
2015.07.07 07:43:32.541,0.66431,0.6644,1.37,1.50
2015.07.07 07:43:32.643,0.66434,0.66444,1.12,1.00
2015.07.07 07:43:32.745,0.66435,0.66448,1.50,1.12
2015.07.07 07:43:32.949,0.66435,0.66449,1.87,1.50
2015.07.07 07:43:33.153,0.66437,0.66451,1.00,2.25
2015.07.07 07:43:33.849,0.66437,0.66451,1.37,1.50
2015.07.07 07:43:34.103,0.6644,0.66452,1.00,2.25
2015.07.07 07:43:34.256,0.66438,0.66452,1.12,2.10
2015.07.07 07:43:34.739,0.66439,0.6645,1.00,1.00
2015.07.07 07:43:35.350,0.66438,0.6645,1.00,1.00
2015.07.07 07:43:35.862,0.66436,0.66449,1.37,1.00
2015.07.07 07:43:36.376,0.66437,0.66451,1.37,1.00
2015.07.07 07:43:37.074,0.66437,0.6645,1.37,1.00
2015.07.07 07:43:37.176,0.66436,0.66449,1.37,1.00
2015.07.07 07:43:37.489,0.66437,0.66449,1.12,1.12
2015.07.07 07:43:37.540,0.66436,0.66447,1.37,1.00
2015.07.07 07:43:38.102,0.66436,0.66447,1.00,1.00
2015.07.07 07:43:38.609,0.66436,0.66449,1.37,1.00
2015.07.07 07:43:39.547,0.66441,0.66449,1.00,1.00
2015.07.07 07:43:40.130,0.66438,0.66449,1.00,1.00
2015.07.07 07:43:40.661,0.66438,0.6645,1.00,1.00
2015.07.07 07:43:40.915,0.6644,0.66451,1.37,1.50
2015.07.07 07:43:41.067,0.6644,0.66453,2.62,1.35
2015.07.07 07:43:41.634,0.6644,0.66451,1.00,1.00
2015.07.07 07:43:41.939,0.66442,0.66451,1.00,1.35
2015.07.07 07:43:42.478,0.66442,0.66452,1.00,1.35
2015.07.07 07:43:42.980,0.66442,0.66451,1.00,1.35
2015.07.07 07:43:43.639,0.66442,0.66453,1.00,3.22
2015.07.07 07:43:44.253,0.66442,0.66451,1.00,1.00
2015.07.07 07:43:44.769,0.66442,0.66452,1.00,1.50
2015.07.07 07:43:45.340,0.66442,0.66452,1.00,2.10
2015.07.07 07:43:45.594,0.6644,0.6645,1.00,1.00
2015.07.07 07:43:45.645,0.66438,0.66448,1.00,1.00
2015.07.07 07:43:45.948,0.66444,0.66454,1.50,1.00
2015.07.07 07:43:46.269,0.66446,0.66457,1.50,1.00
2015.07.07 07:43:46.320,0.66446,0.66456,1.50,2.85
2015.07.07 07:43:46.473,0.66443,0.66454,1.00,2.10
2015.07.07 07:43:46.575,0.66441,0.66454,1.00,2.85
2015.07.07 07:43:47.081,0.66441,0.66453,1.00,2.10
2015.07.07 07:43:47.728,0.6644,0.66451,1.00,1.00
2015.07.07 07:43:48.153,0.66438,0.6645,1.12,1.00
2015.07.07 07:43:48.659,0.66438,0.66451,1.12,1.00
2015.07.07 07:43:49.204,0.66438,0.66452,1.12,1.50
2015.07.07 07:43:50.380,0.6644,0.66452,1.00,2.10
2015.07.07 07:43:50.634,0.66441,0.66455,1.00,3.00
2015.07.07 07:43:50.736,0.66444,0.66456,1.00,1.00
2015.07.07 07:43:51.041,0.66442,0.66456,1.50,1.35
2015.07.07 07:43:51.595,0.66442,0.66455,1.00,1.75
2015.07.07 07:43:51.697,0.6644,0.66454,1.00,3.97
2015.07.07 07:43:51.849,0.66438,0.6645,1.12,1.00
2015.07.07 07:43:52.103,0.66436,0.6645,1.00,1.00
2015.07.07 07:43:52.154,0.66435,0.66448,1.87,1.00
2015.07.07 07:43:53.007,0.66434,0.66448,2.62,1.00
2015.07.07 07:43:54.189,0.66434,0.66448,1.37,1.00
2015.07.07 07:43:55.182,0.66435,0.66448,1.37,1.12
2015.07.07 07:43:55.743,0.66433,0.66447,2.62,1.00
2015.07.07 07:43:56.680,0.66435,0.66449,1.37,1.00
2015.07.07 07:43:56.782,0.66437,0.66451,1.00,1.50
2015.07.07 07:43:56.985,0.66435,0.66448,1.37,1.50
2015.07.07 07:43:57.289,0.66435,0.66446,1.87,1.00
2015.07.07 07:43:57.773,0.66433,0.66442,1.37,1.00
2015.07.07 07:43:57.925,0.66433,0.66442,1.12,1.00
2015.07.07 07:43:58.785,0.66432,0.66443,1.37,1.00
2015.07.07 07:43:59.119,0.66432,0.66446,3.37,1.50
2015.07.07 07:43:59.676,0.66433,0.66446,1.00,1.50
2015.07.07 07:44:00.435,0.66433,0.66445,1.00,1.00
2015.07.07 07:44:00.488,0.66433,0.66447,1.50,1.00
2015.07.07 07:44:00.589,0.66433,0.66445,1.00,1.00
2015.07.07 07:44:01.096,0.66437,0.66447,1.37,1.50
2015.07.07 07:44:01.197,0.66439,0.66451,1.12,1.12
2015.07.07 07:44:01.741,0.6644,0.66451,1.50,1.12
2015.07.07 07:44:02.066,0.66441,0.66453,1.50,2.10
2015.07.07 07:44:02.269,0.66444,0.66453,1.00,1.12
2015.07.07 07:44:03.168,0.66443,0.66453,1.00,2.85
2015.07.07 07:44:03.219,0.66439,0.66453,1.12,2.85
2015.07.07 07:44:03.794,0.66439,0.66453,1.12,2.85
2015.07.07 07:44:04.099,0.66437,0.6645,1.12,1.00
2015.07.07 07:44:05.560,0.66436,0.66448,1.00,2.10
2015.07.07 07:44:05.909,0.66433,0.66443,1.12,1.00
2015.07.07 07:44:05.960,0.66433,0.66447,1.50,1.87
2015.07.07 07:44:06.062,0.66434,0.66448,1.37,1.37
2015.07.07 07:44:06.316,0.66436,0.66449,1.00,1.00
2015.07.07 07:44:07.015,0.66436,0.6645,1.87,1.12
2015.07.07 07:44:07.793,0.66438,0.6645,1.00,1.00
2015.07.07 07:44:09.001,0.66438,0.66452,1.87,1.37
2015.07.07 07:44:09.385,0.66438,0.66448,1.12,1.00
2015.07.07 07:44:09.538,0.66432,0.66446,3.37,1.50
2015.07.07 07:44:09.640,0.66433,0.66446,1.00,4.12
2015.07.07 07:44:09.793,0.66432,0.66444,1.00,1.12
2015.07.07 07:44:09.997,0.66429,0.66443,2.62,2.62
2015.07.07 07:44:10.099,0.66429,0.66443,2.62,2.25
2015.07.07 07:44:10.537,0.66429,0.66443,2.62,3.75
2015.07.07 07:44:10.690,0.66427,0.66439,1.00,1.00
2015.07.07 07:44:10.893,0.66424,0.66437,1.00,1.00
2015.07.07 07:44:11.545,0.66423,0.66436,1.37,1.00
2015.07.07 07:44:12.011,0.66426,0.66438,1.00,1.00
2015.07.07 07:44:12.114,0.66428,0.66441,2.62,3.75
2015.07.07 07:44:12.166,0.66429,0.66442,1.37,1.00
2015.07.07 07:44:12.616,0.66433,0.66443,1.00,1.00
2015.07.07 07:44:12.921,0.66435,0.66443,1.00,1.00
2015.07.07 07:44:13.226,0.66431,0.66443,1.87,1.00
2015.07.07 07:44:13.895,0.6643,0.66443,3.37,1.00
2015.07.07 07:44:14.401,0.66435,0.66443,1.00,1.00
2015.07.07 07:44:14.949,0.66434,0.66443,1.00,1.00
2015.07.07 07:44:15.460,0.66435,0.66443,1.00,1.00
2015.07.07 07:44:15.511,0.66431,0.66443,2.62,1.00
2015.07.07 07:44:29.352,0.66431,0.66442,1.37,1.00
2015.07.07 07:44:29.865,0.66431,0.66442,1.37,1.00
2015.07.07 07:44:30.972,0.66431,0.66443,1.37,1.00
2015.07.07 07:44:31.621,0.66431,0.66443,1.37,1.00
2015.07.07 07:44:32.281,0.66437,0.66446,1.12,1.00
2015.07.07 07:44:32.383,0.66435,0.66448,1.87,1.12
2015.07.07 07:44:32.860,0.66434,0.66446,1.87,1.37
2015.07.07 07:44:32.962,0.66432,0.66446,1.87,1.50
2015.07.07 07:44:33.064,0.66431,0.66444,1.87,1.00
2015.07.07 07:44:34.893,0.66431,0.66444,2.62,1.00
2015.07.07 07:44:34.996,0.66432,0.66446,1.37,1.00
2015.07.07 07:44:35.772,0.66433,0.66447,1.87,2.62
2015.07.07 07:44:36.281,0.66435,0.66448,1.00,3.37
2015.07.07 07:44:36.522,0.66438,0.66448,1.00,3.00
2015.07.07 07:44:36.573,0.66438,0.6645,1.00,1.87
2015.07.07 07:44:37.081,0.66436,0.6645,1.87,4.12
2015.07.07 07:44:37.776,0.66436,0.66449,1.37,1.00
2015.07.07 07:44:38.283,0.66435,0.66448,1.37,1.00
2015.07.07 07:44:38.688,0.66434,0.66448,1.12,1.37
2015.07.07 07:44:39.041,0.66433,0.66445,1.37,1.00
2015.07.07 07:44:39.623,0.66432,0.66446,1.87,1.00
2015.07.07 07:44:40.451,0.66432,0.66436,1.00,1.50
2015.07.07 07:44:40.503,0.66424,0.66434,1.75,1.00
2015.07.07 07:44:40.658,0.66422,0.66433,1.37,1.00
2015.07.07 07:44:40.709,0.66422,0.66433,1.00,1.37
2015.07.07 07:44:40.810,0.66419,0.66432,1.87,1.12
2015.07.07 07:44:40.971,0.66419,0.6643,1.12,1.00
2015.07.07 07:44:41.510,0.66419,0.66431,1.87,1.00
2015.07.07 07:44:41.612,0.66419,0.66433,3.37,1.12
2015.07.07 07:44:41.663,0.66421,0.66433,1.37,1.00
2015.07.07 07:44:42.181,0.66421,0.66434,1.37,1.00
2015.07.07 07:44:42.623,0.66422,0.66436,3.37,1.00
2015.07.07 07:44:43.140,0.66422,0.66435,2.62,1.00
2015.07.07 07:44:43.676,0.66422,0.66436,3.37,1.00
2015.07.07 07:44:44.392,0.66423,0.66437,1.87,1.50
2015.07.07 07:44:45.069,0.66423,0.66437,1.87,2.62
2015.07.07 07:44:45.221,0.66421,0.66434,1.37,1.00
2015.07.07 07:44:45.526,0.66418,0.6643,1.87,1.00
2015.07.07 07:44:45.577,0.66418,0.6643,1.00,1.00
2015.07.07 07:44:45.628,0.66417,0.66427,1.12,1.00
2015.07.07 07:44:45.936,0.66415,0.66425,1.00,1.00
2015.07.07 07:44:46.257,0.66412,0.66422,1.37,1.50
2015.07.07 07:44:46.713,0.66411,0.6642,1.37,1.00
2015.07.07 07:44:47.127,0.66413,0.66426,1.00,1.12
2015.07.07 07:44:47.634,0.66414,0.66426,1.50,1.12
2015.07.07 07:44:48.222,0.66414,0.66427,1.37,1.12
2015.07.07 07:44:48.736,0.66411,0.66427,1.37,1.87
2015.07.07 07:44:50.483,0.6641,0.66421,1.37,1.00
2015.07.07 07:44:50.792,0.66409,0.66418,1.87,1.00
2015.07.07 07:44:51.446,0.6641,0.66418,1.37,1.00
2015.07.07 07:44:51.500,0.6641,0.6642,1.37,1.00
2015.07.07 07:44:51.683,0.6641,0.66422,1.87,1.00
2015.07.07 07:44:52.197,0.66411,0.66423,1.37,1.00
2015.07.07 07:44:52.707,0.66411,0.66423,1.37,1.00
2015.07.07 07:44:53.416,0.66411,0.66425,1.37,1.87
2015.07.07 07:44:53.855,0.66413,0.66423,1.12,1.00
2015.07.07 07:44:53.956,0.66411,0.66422,1.00,1.50
2015.07.07 07:44:54.059,0.66407,0.66421,1.37,1.00
2015.07.07 07:44:54.211,0.6641,0.66421,1.37,1.00
2015.07.07 07:44:54.262,0.66411,0.66423,1.37,2.25
2015.07.07 07:44:54.313,0.66411,0.66423,1.37,1.50
2015.07.07 07:44:54.414,0.66411,0.66424,1.87,1.00
2015.07.07 07:44:54.787,0.66413,0.66427,1.87,3.75
2015.07.07 07:44:55.309,0.66414,0.66427,2.62,1.00
2015.07.07 07:44:55.948,0.66416,0.66428,1.12,1.50
2015.07.07 07:44:56.465,0.66417,0.66429,1.37,1.00
2015.07.07 07:44:57.033,0.66415,0.66429,1.87,1.50
2015.07.07 07:44:57.338,0.66415,0.66429,1.50,1.50
2015.07.07 07:44:57.490,0.66415,0.66427,1.12,1.00
2015.07.07 07:45:00.540,0.66415,0.66426,1.00,1.00
2015.07.07 07:45:01.765,0.66413,0.66426,1.87,1.00
2015.07.07 07:45:02.342,0.66414,0.66427,1.00,1.50
2015.07.07 07:45:02.494,0.66416,0.66427,1.00,1.00
2015.07.07 07:45:03.850,0.66414,0.66427,1.87,1.00
2015.07.07 07:45:03.901,0.66414,0.66425,1.00,1.00
2015.07.07 07:45:04.449,0.66413,0.66425,1.00,1.00
2015.07.07 07:45:04.969,0.66413,0.66426,2.25,1.00
2015.07.07 07:45:05.874,0.66412,0.66426,1.87,1.50
2015.07.07 07:45:07.282,0.66412,0.66424,1.12,1.00
2015.07.07 07:45:07.776,0.6641,0.66421,1.87,1.00
2015.07.07 07:45:07.979,0.6641,0.66423,1.87,1.00
2015.07.07 07:45:08.485,0.6641,0.66424,2.62,1.00
2015.07.07 07:45:15.428,0.6641,0.66423,2.62,1.00
2015.07.07 07:45:27.146,0.66415,0.66423,1.00,1.00
2015.07.07 07:45:28.661,0.66412,0.66423,1.37,1.00
2015.07.07 07:45:32.416,0.66412,0.66422,1.37,1.00
2015.07.07 07:45:34.136,0.66412,0.66423,1.37,1.00
2015.07.07 07:45:37.031,0.66411,0.66423,1.37,1.50
2015.07.07 07:45:37.386,0.6641,0.66421,1.87,1.50
2015.07.07 07:45:37.784,0.66409,0.66417,2.25,1.00
2015.07.07 07:45:38.291,0.66406,0.66417,1.12,1.00
2015.07.07 07:45:39.334,0.66406,0.66417,1.37,1.00
2015.07.07 07:45:42.097,0.66406,0.66417,1.12,1.00
2015.07.07 07:45:43.183,0.66406,0.66417,1.37,1.00
2015.07.07 07:45:43.531,0.6641,0.66417,1.12,1.00
2015.07.07 07:45:43.583,0.6641,0.6642,1.87,1.00
2015.07.07 07:45:46.189,0.6641,0.66419,1.00,1.00
2015.07.07 07:45:49.560,0.6641,0.66416,1.00,1.00
2015.07.07 07:45:49.992,0.6641,0.66419,1.00,1.00
2015.07.07 07:45:54.225,0.6641,0.66422,1.00,1.87
2015.07.07 07:45:57.544,0.6641,0.66422,1.00,1.00
2015.07.07 07:45:58.070,0.6641,0.66423,1.50,1.12
2015.07.07 07:45:59.121,0.6641,0.66421,1.00,1.00
2015.07.07 07:45:59.627,0.66411,0.66421,1.00,1.00
2015.07.07 07:46:00.772,0.66411,0.6642,1.00,1.37
2015.07.07 07:46:00.823,0.66406,0.6642,1.87,1.87
2015.07.07 07:46:01.358,0.66408,0.66421,1.50,1.50
2015.07.07 07:46:01.832,0.6641,0.66421,1.00,1.50
2015.07.07 07:46:01.882,0.6641,0.66423,1.00,2.25
2015.07.07 07:46:01.984,0.66414,0.66423,1.00,1.50
2015.07.07 07:46:02.137,0.66416,0.66428,1.12,1.37
2015.07.07 07:46:02.509,0.66418,0.66428,1.00,1.00
2015.07.07 07:46:03.036,0.66417,0.66428,1.00,1.00
2015.07.07 07:46:03.087,0.66417,0.6643,1.37,1.12
2015.07.07 07:46:03.671,0.66419,0.66429,1.00,1.00
2015.07.07 07:46:05.043,0.66415,0.66428,1.87,1.00
2015.07.07 07:46:05.448,0.66413,0.66424,1.87,1.00
2015.07.07 07:46:05.957,0.66413,0.66425,1.87,1.00
2015.07.07 07:46:07.109,0.66411,0.66424,2.62,1.00
2015.07.07 07:46:07.644,0.66411,0.66423,1.37,1.00
2015.07.07 07:46:08.014,0.66412,0.66423,1.37,1.00
2015.07.07 07:46:08.066,0.66412,0.66425,1.37,1.00
2015.07.07 07:46:08.167,0.66413,0.66427,1.87,1.00
2015.07.07 07:46:08.521,0.66413,0.66425,1.37,1.00
2015.07.07 07:46:08.851,0.66413,0.66423,1.12,1.50
2015.07.07 07:46:09.441,0.6641,0.66422,1.87,1.50
2015.07.07 07:46:10.248,0.6641,0.66422,1.87,1.50
2015.07.07 07:46:10.602,0.66408,0.66421,1.37,2.62
2015.07.07 07:46:10.703,0.66408,0.6642,1.87,1.00
2015.07.07 07:46:11.175,0.6641,0.66421,1.12,1.00
2015.07.07 07:46:11.692,0.6641,0.6642,1.00,1.50
2015.07.07 07:46:14.029,0.66409,0.6642,1.12,1.50
2015.07.07 07:46:14.081,0.66408,0.66418,1.37,1.00
2015.07.07 07:46:18.970,0.66407,0.66418,1.37,1.00
2015.07.07 07:46:20.213,0.66407,0.66418,1.12,1.00
2015.07.07 07:46:21.401,0.66407,0.66419,1.72,1.00
2015.07.07 07:46:21.931,0.66407,0.6642,1.72,1.00
2015.07.07 07:46:22.235,0.66408,0.6642,2.47,1.00
2015.07.07 07:46:22.762,0.6641,0.66421,1.12,1.00
2015.07.07 07:46:23.073,0.66409,0.66421,2.62,1.00
2015.07.07 07:46:23.225,0.6641,0.66424,1.87,2.25
2015.07.07 07:46:23.326,0.6641,0.66424,2.62,2.62
2015.07.07 07:46:23.937,0.6641,0.66422,1.37,1.00
2015.07.07 07:46:25.116,0.6641,0.66423,1.37,1.50
2015.07.07 07:46:25.420,0.66412,0.66424,1.37,1.00
2015.07.07 07:46:25.723,0.66412,0.66426,1.87,1.87
2015.07.07 07:46:26.249,0.66413,0.66426,1.87,1.00
2015.07.07 07:46:26.790,0.66413,0.66427,1.87,5.25
2015.07.07 07:46:29.813,0.66414,0.66426,1.12,1.00
2015.07.07 07:46:30.859,0.66416,0.66426,1.00,1.00
2015.07.07 07:46:31.316,0.66417,0.6643,1.00,1.87
2015.07.07 07:46:31.417,0.66419,0.6643,1.00,1.50
2015.07.07 07:46:31.863,0.66422,0.66433,1.00,1.00
2015.07.07 07:46:32.273,0.66419,0.66433,2.25,1.50
2015.07.07 07:46:32.324,0.66419,0.66431,1.12,1.00
2015.07.07 07:46:32.426,0.66416,0.66429,1.00,1.50
2015.07.07 07:46:32.891,0.66413,0.66426,2.62,1.00
2015.07.07 07:46:33.000,0.66413,0.66426,1.12,1.00
2015.07.07 07:46:33.472,0.66415,0.66425,1.00,1.00
2015.07.07 07:46:34.071,0.66415,0.66426,1.00,1.00
2015.07.07 07:46:34.376,0.66423,0.66427,1.00,1.00
2015.07.07 07:46:34.579,0.66425,0.6643,1.00,1.50
2015.07.07 07:46:34.630,0.66425,0.66429,1.00,1.50
2015.07.07 07:46:35.546,0.66427,0.66431,1.00,1.00
2015.07.07 07:46:35.852,0.66431,0.66435,1.00,1.00
2015.07.07 07:46:35.955,0.66434,0.66438,1.00,1.00
2015.07.07 07:46:36.006,0.66435,0.6644,1.00,2.25
2015.07.07 07:46:36.555,0.66435,0.66441,1.00,1.50
2015.07.07 07:46:37.823,0.66435,0.66439,1.00,1.00
2015.07.07 07:46:37.874,0.66434,0.66441,1.30,1.00
2015.07.07 07:46:37.926,0.66437,0.66441,1.00,1.00
2015.07.07 07:46:37.977,0.66442,0.66446,1.00,1.00
2015.07.07 07:46:38.078,0.66444,0.66448,1.00,1.00
2015.07.07 07:46:38.535,0.66445,0.66449,1.00,1.00
2015.07.07 07:46:38.636,0.66445,0.6645,1.00,1.50
2015.07.07 07:46:38.952,0.66447,0.66451,1.00,1.87
2015.07.07 07:46:39.864,0.66447,0.66452,1.00,1.00
2015.07.07 07:46:41.102,0.66444,0.66452,1.00,1.00
2015.07.07 07:46:41.153,0.66441,0.66452,2.62,1.50
2015.07.07 07:46:41.425,0.66442,0.66455,2.62,1.00
2015.07.07 07:46:41.477,0.66444,0.66455,1.00,1.00
2015.07.07 07:46:41.781,0.66442,0.6645,1.00,1.00
2015.07.07 07:46:41.883,0.6644,0.6645,1.00,1.00
2015.07.07 07:46:41.984,0.66439,0.66448,1.87,1.00
2015.07.07 07:46:42.621,0.66438,0.66447,1.12,1.00
2015.07.07 07:46:43.163,0.66437,0.66448,1.87,1.00
2015.07.07 07:46:43.851,0.66437,0.66448,1.87,1.00
2015.07.07 07:46:45.613,0.66439,0.66448,1.00,1.00
2015.07.07 07:46:45.866,0.6644,0.6645,1.00,1.00
2015.07.07 07:46:46.411,0.66439,0.6645,1.00,1.00
2015.07.07 07:46:49.268,0.66439,0.66448,1.12,1.00
2015.07.07 07:46:51.096,0.66439,0.66451,1.12,1.50
2015.07.07 07:46:51.147,0.66446,0.66451,1.00,1.50
2015.07.07 07:46:51.450,0.6645,0.66454,1.00,1.00
2015.07.07 07:46:51.906,0.66444,0.66451,1.87,1.00
2015.07.07 07:46:51.958,0.66445,0.66456,1.50,1.00
2015.07.07 07:46:52.009,0.66447,0.66452,1.00,1.00
2015.07.07 07:46:52.314,0.66442,0.66447,1.00,1.00
2015.07.07 07:46:52.416,0.66443,0.6645,1.00,1.00
2015.07.07 07:46:52.618,0.66445,0.6645,1.00,1.00
2015.07.07 07:46:52.720,0.66445,0.66453,1.00,1.00
2015.07.07 07:46:52.771,0.66448,0.66453,1.00,1.00
2015.07.07 07:46:53.099,0.66448,0.66455,1.00,1.00
2015.07.07 07:46:53.202,0.66451,0.66455,1.00,1.00
2015.07.07 07:46:53.456,0.66444,0.6645,1.12,1.00
2015.07.07 07:46:53.508,0.66441,0.66449,2.32,1.00
2015.07.07 07:46:53.559,0.66444,0.66449,1.00,1.00
2015.07.07 07:46:53.864,0.66446,0.6645,1.00,1.00
2015.07.07 07:46:54.159,0.66448,0.66453,1.00,1.00
2015.07.07 07:46:54.312,0.66449,0.66453,1.00,1.00
2015.07.07 07:46:54.363,0.66449,0.66455,1.00,1.00
2015.07.07 07:46:54.414,0.66442,0.66454,1.47,1.00
2015.07.07 07:46:54.465,0.66442,0.66453,1.10,1.00
2015.07.07 07:46:54.516,0.66442,0.66451,1.10,1.00
2015.07.07 07:46:54.719,0.66442,0.66454,1.12,2.25
2015.07.07 07:46:55.246,0.66443,0.66453,1.00,1.00
2015.07.07 07:46:55.297,0.66437,0.66444,1.75,1.00
2015.07.07 07:46:55.398,0.66437,0.66442,1.37,1.00
2015.07.07 07:46:55.601,0.66437,0.66443,1.12,1.00
2015.07.07 07:46:56.667,0.66438,0.66444,1.12,1.00
2015.07.07 07:46:56.972,0.6644,0.66444,1.00,1.00
2015.07.07 07:46:58.389,0.66438,0.66444,1.87,1.00
2015.07.07 07:47:00.600,0.66438,0.66445,1.00,1.00
2015.07.07 07:47:00.702,0.66436,0.66445,1.50,1.00
2015.07.07 07:47:00.955,0.66438,0.66445,1.00,1.00
2015.07.07 07:47:02.469,0.66438,0.6645,1.00,1.00
2015.07.07 07:47:02.521,0.66438,0.66448,1.00,1.00
2015.07.07 07:47:04.745,0.66439,0.66448,1.00,1.00
2015.07.07 07:47:05.670,0.66439,0.66451,1.00,1.87
2015.07.07 07:47:06.423,0.66438,0.66451,1.00,2.62
2015.07.07 07:47:06.929,0.66437,0.66451,1.12,1.87
2015.07.07 07:47:08.136,0.66437,0.66449,1.00,1.12
2015.07.07 07:47:08.492,0.66434,0.66448,1.87,1.87
2015.07.07 07:47:08.542,0.66434,0.66446,1.87,1.00
2015.07.07 07:47:09.082,0.66432,0.66444,1.87,1.00
2015.07.07 07:47:09.829,0.66431,0.66444,1.37,1.12
2015.07.07 07:47:10.407,0.66431,0.66444,1.00,1.00
2015.07.07 07:47:10.914,0.6643,0.66443,1.87,1.00
2015.07.07 07:47:11.326,0.66432,0.66444,1.00,1.50
2015.07.07 07:47:11.377,0.66432,0.66446,1.50,2.25
2015.07.07 07:47:11.897,0.66433,0.66446,1.00,2.25
2015.07.07 07:47:12.973,0.66432,0.66446,1.50,2.25
2015.07.07 07:47:14.905,0.66432,0.66444,1.87,1.00
2015.07.07 07:47:15.007,0.6643,0.66444,1.87,1.87
2015.07.07 07:47:15.574,0.66429,0.66442,1.00,1.00
2015.07.07 07:47:16.115,0.6643,0.66442,1.00,1.50
2015.07.07 07:47:16.520,0.66431,0.66437,1.50,1.00
2015.07.07 07:47:16.911,0.66426,0.66438,1.37,1.87
2015.07.07 07:47:16.963,0.66428,0.66439,1.00,1.00
2015.07.07 07:47:17.269,0.6643,0.66442,1.00,1.87
2015.07.07 07:47:17.371,0.6643,0.66442,1.00,1.00
2015.07.07 07:47:17.473,0.66432,0.66442,1.00,1.00
2015.07.07 07:47:17.676,0.66435,0.66446,1.00,1.00
2015.07.07 07:47:18.015,0.66436,0.66448,1.00,1.00
2015.07.07 07:47:18.372,0.66434,0.66448,1.50,2.25
2015.07.07 07:47:18.525,0.66434,0.66445,1.50,1.00
2015.07.07 07:47:18.627,0.66432,0.66445,1.00,1.00
2015.07.07 07:47:18.830,0.66435,0.66444,1.00,1.00
2015.07.07 07:47:19.172,0.66435,0.66442,1.00,1.00
2015.07.07 07:47:19.681,0.66435,0.66441,1.00,1.00
2015.07.07 07:47:20.087,0.66432,0.6644,1.00,1.00
2015.07.07 07:47:20.393,0.66432,0.66442,1.00,1.00
2015.07.07 07:47:20.444,0.66434,0.66442,1.00,1.00
2015.07.07 07:47:20.598,0.66434,0.66445,1.00,1.00
2015.07.07 07:47:20.934,0.66438,0.66445,1.00,1.00
2015.07.07 07:47:21.035,0.66438,0.66447,1.00,1.00
2015.07.07 07:47:21.137,0.66436,0.66447,1.00,1.00
2015.07.07 07:47:21.391,0.66434,0.66445,1.50,1.00
2015.07.07 07:47:21.819,0.66434,0.66443,1.00,1.00
2015.07.07 07:47:21.870,0.66432,0.66443,1.00,1.12
2015.07.07 07:47:22.167,0.66431,0.66439,1.00,1.00
2015.07.07 07:47:22.370,0.66431,0.66442,1.00,1.87
2015.07.07 07:47:22.875,0.66432,0.66443,1.00,1.00
2015.07.07 07:47:23.129,0.66434,0.66443,1.00,1.00
2015.07.07 07:47:23.180,0.66434,0.66445,1.00,1.00
2015.07.07 07:47:23.457,0.66437,0.66445,1.00,1.00
2015.07.07 07:47:23.508,0.66437,0.66449,1.00,2.62
2015.07.07 07:47:23.660,0.66434,0.66446,1.50,1.00
2015.07.07 07:47:23.863,0.66434,0.66444,1.00,1.00
2015.07.07 07:47:24.015,0.66435,0.66446,1.00,1.12
2015.07.07 07:47:24.679,0.66434,0.66445,1.00,1.00
2015.07.07 07:47:25.647,0.66433,0.66443,1.00,1.00
2015.07.07 07:47:26.049,0.6643,0.66441,1.00,1.12
2015.07.07 07:47:26.108,0.66433,0.66441,1.00,1.50
2015.07.07 07:47:26.159,0.66429,0.66441,1.12,1.00
2015.07.07 07:47:26.260,0.66434,0.66442,1.00,1.00
2015.07.07 07:47:26.364,0.66434,0.66446,1.50,1.00
2015.07.07 07:47:26.415,0.66435,0.66448,1.00,1.50
2015.07.07 07:47:26.954,0.66435,0.66449,2.25,2.62
2015.07.07 07:47:28.256,0.66435,0.66448,1.50,1.00
2015.07.07 07:47:30.148,0.66439,0.66448,1.00,1.00
2015.07.07 07:47:30.713,0.66439,0.66448,1.00,1.37
2015.07.07 07:47:35.289,0.66439,0.6645,1.00,1.87
2015.07.07 07:47:35.859,0.66439,0.66446,1.00,1.00
2015.07.07 07:47:36.392,0.66438,0.66446,1.00,1.00
2015.07.07 07:47:38.643,0.66437,0.66446,1.00,1.00
2015.07.07 07:47:38.949,0.66444,0.6645,1.00,1.00
2015.07.07 07:47:39.224,0.66444,0.66452,1.00,1.00
2015.07.07 07:47:40.114,0.66443,0.66452,1.00,1.00
2015.07.07 07:47:40.216,0.66441,0.66452,1.87,1.50
2015.07.07 07:47:40.420,0.66439,0.6645,1.00,1.00
2015.07.07 07:47:40.758,0.66435,0.66445,1.20,1.00
2015.07.07 07:47:41.265,0.66435,0.66447,1.00,1.50
2015.07.07 07:47:41.910,0.66435,0.66448,1.87,1.00
2015.07.07 07:47:42.216,0.66437,0.66448,1.00,1.50
2015.07.07 07:47:42.722,0.66436,0.66448,1.00,1.50
2015.07.07 07:47:43.871,0.66443,0.66448,1.00,1.50
2015.07.07 07:47:44.773,0.66441,0.66448,1.00,1.50
2015.07.07 07:47:46.289,0.66439,0.66447,1.00,1.00
2015.07.07 07:47:46.390,0.66439,0.66445,1.00,1.00
2015.07.07 07:47:46.441,0.66437,0.66445,1.00,1.87
2015.07.07 07:47:47.105,0.66439,0.66444,1.00,1.00
2015.07.07 07:47:47.511,0.66439,0.66447,1.00,1.50
2015.07.07 07:47:49.692,0.66437,0.66447,1.00,2.25
2015.07.07 07:47:50.165,0.66437,0.66445,1.00,1.00
2015.07.07 07:47:50.267,0.66433,0.66445,1.87,1.00
2015.07.07 07:47:50.927,0.66433,0.66444,1.50,1.00
2015.07.07 07:47:51.471,0.66433,0.66446,1.00,2.62
2015.07.07 07:47:52.172,0.66433,0.66446,1.37,2.25
2015.07.07 07:47:52.782,0.66435,0.66446,1.00,2.25
2015.07.07 07:47:53.137,0.66435,0.66448,1.50,2.62
2015.07.07 07:47:54.969,0.66434,0.66447,1.00,1.00
2015.07.07 07:47:55.471,0.66434,0.66448,1.00,1.12
2015.07.07 07:47:57.329,0.66436,0.66448,1.00,1.00
2015.07.07 07:47:57.481,0.66432,0.66446,2.62,1.12
2015.07.07 07:47:58.032,0.66432,0.66445,1.37,1.00
2015.07.07 07:48:01.318,0.66435,0.66445,1.00,1.00
2015.07.07 07:48:01.596,0.66435,0.66447,1.00,1.87
2015.07.07 07:48:02.426,0.66434,0.66446,1.00,1.87
2015.07.07 07:48:02.528,0.66431,0.66442,1.00,1.00
2015.07.07 07:48:02.962,0.66431,0.66444,1.50,2.62
2015.07.07 07:48:03.216,0.66431,0.66442,2.25,1.00
2015.07.07 07:48:03.520,0.66431,0.66444,2.62,1.00
2015.07.07 07:48:03.868,0.66432,0.66444,1.00,1.00
2015.07.07 07:48:06.688,0.66431,0.66445,1.87,1.12
2015.07.07 07:48:08.142,0.66431,0.66445,1.87,1.37
2015.07.07 07:48:11.649,0.66431,0.66445,1.87,1.00
2015.07.07 07:48:14.094,0.66432,0.66446,1.37,1.50
2015.07.07 07:48:14.601,0.66435,0.66447,1.00,1.12
2015.07.07 07:48:15.407,0.66434,0.66447,1.12,1.12
2015.07.07 07:48:15.711,0.66433,0.66445,1.00,1.00
2015.07.07 07:48:17.024,0.66432,0.66445,1.12,1.12
2015.07.07 07:48:17.354,0.66433,0.66447,1.00,1.12
2015.07.07 07:48:17.405,0.66435,0.66447,1.00,1.12
2015.07.07 07:48:17.916,0.66436,0.66448,1.00,1.87
2015.07.07 07:48:23.219,0.66436,0.66449,1.12,1.37
2015.07.07 07:48:23.573,0.66439,0.6645,1.00,2.25
2015.07.07 07:48:23.624,0.66439,0.6645,1.00,1.12
2015.07.07 07:48:24.067,0.66441,0.66452,1.00,1.75
2015.07.07 07:48:24.269,0.66438,0.66451,1.87,1.87
2015.07.07 07:48:25.270,0.66438,0.66449,1.00,1.12
2015.07.07 07:48:25.371,0.66436,0.66449,1.00,1.37
2015.07.07 07:48:26.030,0.66436,0.66449,1.00,1.50
2015.07.07 07:48:26.318,0.66438,0.66449,1.00,1.00
2015.07.07 07:48:28.191,0.66438,0.6645,1.50,1.50
2015.07.07 07:48:30.081,0.66436,0.6645,1.87,3.00
2015.07.07 07:48:30.690,0.66436,0.66449,1.87,1.00
2015.07.07 07:48:31.198,0.66436,0.6645,1.87,2.25
2015.07.07 07:48:32.415,0.66436,0.66449,1.50,1.00
2015.07.07 07:48:32.719,0.66432,0.66446,3.37,1.12
2015.07.07 07:48:33.070,0.66432,0.66445,1.87,1.50
2015.07.07 07:48:33.222,0.6643,0.66441,1.00,1.00
2015.07.07 07:48:33.273,0.6643,0.66443,1.00,1.50
2015.07.07 07:48:33.476,0.66433,0.66444,1.00,1.00
2015.07.07 07:48:33.578,0.66431,0.66443,1.00,1.00
2015.07.07 07:48:33.680,0.66429,0.66442,1.50,1.00
2015.07.07 07:48:33.731,0.66431,0.66442,1.00,1.00
2015.07.07 07:48:33.782,0.66431,0.66444,2.25,1.00
2015.07.07 07:48:33.884,0.66432,0.66446,1.00,1.12
2015.07.07 07:48:34.386,0.66434,0.66446,1.00,1.00
2015.07.07 07:48:35.894,0.66432,0.66446,1.50,1.00
2015.07.07 07:48:36.427,0.66432,0.66446,1.87,1.12
2015.07.07 07:48:37.483,0.66432,0.66446,2.25,1.00
2015.07.07 07:48:38.754,0.66434,0.66446,1.00,1.12
2015.07.07 07:48:39.174,0.66436,0.66448,1.00,1.12
2015.07.07 07:48:39.692,0.66438,0.66448,1.50,1.00
2015.07.07 07:48:43.010,0.66438,0.66449,1.50,1.50
2015.07.07 07:48:44.757,0.6644,0.66449,1.00,1.12
2015.07.07 07:48:45.519,0.66438,0.66449,1.00,1.12
2015.07.07 07:48:46.131,0.66438,0.6645,1.00,3.37
2015.07.07 07:48:46.739,0.66436,0.66449,1.00,1.50
2015.07.07 07:48:47.744,0.66434,0.66448,1.37,1.87
2015.07.07 07:48:48.926,0.66435,0.66447,1.12,1.50
2015.07.07 07:48:49.231,0.66438,0.66447,1.00,1.12
2015.07.07 07:48:49.433,0.66432,0.66444,1.12,1.00
2015.07.07 07:48:49.759,0.66435,0.66445,1.00,1.00
2015.07.07 07:48:50.280,0.66435,0.66448,1.00,3.37
2015.07.07 07:48:50.983,0.66434,0.66448,1.00,4.12
2015.07.07 07:48:53.297,0.66434,0.66448,1.12,4.12
2015.07.07 07:48:56.795,0.66434,0.66443,1.12,1.00
2015.07.07 07:48:57.308,0.66435,0.66443,1.00,1.00
2015.07.07 07:49:00.468,0.66439,0.66446,1.00,1.00
2015.07.07 07:49:00.994,0.66437,0.66446,1.50,1.00
2015.07.07 07:49:01.521,0.66437,0.66447,1.12,1.00
2015.07.07 07:49:01.674,0.6644,0.66447,1.00,1.00
2015.07.07 07:49:01.776,0.66439,0.66449,1.00,1.00
2015.07.07 07:49:02.429,0.66439,0.66449,1.00,1.37
2015.07.07 07:49:02.981,0.66439,0.66447,1.00,1.00
2015.07.07 07:49:11.314,0.66439,0.66451,2.47,2.25
2015.07.07 07:49:11.820,0.6644,0.66451,1.37,1.00
2015.07.07 07:49:13.383,0.6644,0.66452,1.37,1.00
2015.07.07 07:49:13.978,0.66443,0.66453,1.00,1.00
2015.07.07 07:49:16.556,0.66443,0.66452,1.00,1.00
2015.07.07 07:49:17.081,0.66442,0.66453,1.12,3.00
2015.07.07 07:49:17.616,0.6644,0.66452,1.87,1.00
2015.07.07 07:49:19.547,0.66439,0.6645,1.87,1.00
2015.07.07 07:49:20.098,0.66439,0.6645,1.37,1.00
2015.07.07 07:49:22.414,0.66439,0.6645,1.37,1.00
2015.07.07 07:49:24.309,0.66437,0.66448,1.50,1.00
2015.07.07 07:49:24.360,0.66437,0.66445,1.00,1.00
2015.07.07 07:49:24.462,0.66434,0.66443,1.00,1.00
2015.07.07 07:49:24.983,0.66432,0.66443,1.37,1.00
2015.07.07 07:49:25.493,0.66434,0.66443,1.00,1.00
2015.07.07 07:49:26.643,0.66432,0.66441,1.37,1.00
2015.07.07 07:49:27.295,0.66431,0.6644,1.87,1.00
2015.07.07 07:49:27.347,0.66431,0.66439,1.50,1.00
2015.07.07 07:49:27.853,0.6643,0.66438,1.87,1.50
2015.07.07 07:49:28.006,0.6643,0.6644,1.87,1.50
2015.07.07 07:49:28.547,0.66429,0.66436,1.37,1.00
2015.07.07 07:49:28.706,0.66431,0.66441,1.00,1.87
2015.07.07 07:49:28.910,0.66431,0.66438,1.37,1.00
2015.07.07 07:49:29.113,0.66431,0.6644,1.37,1.00
2015.07.07 07:49:29.647,0.66433,0.66443,1.00,1.87
2015.07.07 07:49:30.161,0.66431,0.66441,1.00,1.37
2015.07.07 07:49:30.212,0.66427,0.66437,1.87,1.00
2015.07.07 07:49:30.314,0.66426,0.66436,1.12,1.00
2015.07.07 07:49:30.787,0.66426,0.6644,2.25,2.25
2015.07.07 07:49:30.838,0.66428,0.66439,1.00,1.00
2015.07.07 07:49:31.142,0.66431,0.6644,1.00,1.00
2015.07.07 07:49:31.395,0.6643,0.66442,1.00,1.50
2015.07.07 07:49:31.648,0.66428,0.66441,1.50,1.00
2015.07.07 07:49:32.157,0.66429,0.66441,1.00,1.00
2015.07.07 07:49:32.259,0.66431,0.66441,1.00,1.00
2015.07.07 07:49:32.361,0.66432,0.66443,1.00,1.00
2015.07.07 07:49:32.412,0.66435,0.66443,1.00,1.00
2015.07.07 07:49:32.753,0.66433,0.66446,1.00,1.50
2015.07.07 07:49:32.905,0.66433,0.66444,1.50,1.50
2015.07.07 07:49:33.209,0.66424,0.66433,1.00,1.00
2015.07.07 07:49:33.260,0.66422,0.66432,1.50,1.00
2015.07.07 07:49:33.783,0.66423,0.66433,1.00,1.00
2015.07.07 07:49:33.944,0.66422,0.66431,1.00,1.00
2015.07.07 07:49:34.947,0.66422,0.66432,1.00,1.00
2015.07.07 07:49:34.999,0.66422,0.66435,1.00,1.50
2015.07.07 07:49:35.606,0.66421,0.66435,2.62,1.50
2015.07.07 07:49:36.156,0.66422,0.66435,1.00,1.50
2015.07.07 07:49:36.763,0.66424,0.66436,1.00,1.50
2015.07.07 07:49:37.308,0.66423,0.66436,1.12,1.00
2015.07.07 07:49:37.612,0.66421,0.66434,2.25,1.00
2015.07.07 07:49:38.120,0.66422,0.66434,1.00,1.50
2015.07.07 07:49:40.257,0.66421,0.66434,1.00,1.50
2015.07.07 07:49:40.944,0.6642,0.66433,1.87,1.00
2015.07.07 07:49:41.506,0.6642,0.66433,1.00,2.62
2015.07.07 07:49:41.810,0.66415,0.66427,2.62,1.00
2015.07.07 07:49:42.343,0.66416,0.66428,1.00,2.25
2015.07.07 07:49:43.408,0.66416,0.66427,1.00,1.50
2015.07.07 07:49:43.665,0.66414,0.66427,1.00,2.25
2015.07.07 07:49:44.248,0.66413,0.66427,1.87,2.62
2015.07.07 07:49:44.755,0.66414,0.66426,1.50,1.00
2015.07.07 07:49:45.633,0.66414,0.66425,1.00,1.00
2015.07.07 07:49:46.332,0.66412,0.66425,1.87,1.50
2015.07.07 07:49:46.839,0.66412,0.66424,1.87,1.50
2015.07.07 07:49:47.482,0.66412,0.66424,1.12,1.87
2015.07.07 07:49:48.678,0.66412,0.66426,1.87,1.87
2015.07.07 07:49:48.984,0.66415,0.66427,1.00,3.37
2015.07.07 07:49:49.086,0.66413,0.66427,1.87,3.37
2015.07.07 07:49:49.685,0.66414,0.66426,1.00,1.50
2015.07.07 07:49:50.752,0.66415,0.66427,1.00,1.50
2015.07.07 07:49:51.899,0.66413,0.66427,1.87,2.62
2015.07.07 07:49:54.858,0.66414,0.66427,1.00,1.50
2015.07.07 07:49:55.712,0.66416,0.66427,1.00,1.00
2015.07.07 07:49:56.220,0.66417,0.66427,1.00,1.00
2015.07.07 07:49:57.166,0.66417,0.6643,1.00,2.62
2015.07.07 07:49:57.809,0.66417,0.66427,1.00,1.00
2015.07.07 07:49:58.120,0.66415,0.66426,1.00,1.00
2015.07.07 07:49:58.476,0.66414,0.66423,1.00,1.00
2015.07.07 07:49:59.027,0.66413,0.66422,1.00,1.00
2015.07.07 07:50:00.326,0.66411,0.66418,1.00,1.00
2015.07.07 07:50:00.377,0.66411,0.6642,1.00,1.00
2015.07.07 07:50:00.530,0.66414,0.66421,1.00,1.00
2015.07.07 07:50:00.581,0.66414,0.66424,1.00,1.50
2015.07.07 07:50:00.987,0.66414,0.66421,1.00,1.00
2015.07.07 07:50:01.403,0.66414,0.66423,1.00,1.50
2015.07.07 07:50:01.509,0.66414,0.6642,1.00,1.00
2015.07.07 07:50:01.814,0.66412,0.66416,1.00,1.00
2015.07.07 07:50:02.642,0.66412,0.66416,1.00,1.00
2015.07.07 07:50:03.089,0.66409,0.66415,1.00,1.00
2015.07.07 07:50:04.048,0.66408,0.66412,1.00,1.00
2015.07.07 07:50:04.099,0.66406,0.66412,1.12,1.00
2015.07.07 07:50:04.201,0.66403,0.66409,1.00,1.00
2015.07.07 07:50:04.302,0.66401,0.66409,1.12,1.00
2015.07.07 07:50:04.404,0.66399,0.66406,1.50,1.00
2015.07.07 07:50:04.862,0.664,0.66404,1.00,1.00
2015.07.07 07:50:05.115,0.664,0.66407,1.00,1.50
2015.07.07 07:50:05.622,0.66401,0.66408,1.00,1.00
2015.07.07 07:50:05.900,0.66401,0.66405,1.00,1.00
2015.07.07 07:50:06.002,0.66399,0.66404,1.12,1.00
2015.07.07 07:50:06.786,0.66397,0.66402,1.00,1.00
2015.07.07 07:50:07.294,0.66394,0.66399,2.25,1.00
2015.07.07 07:50:07.719,0.66394,0.66398,1.12,1.00
2015.07.07 07:50:07.771,0.66391,0.66395,1.00,1.00
2015.07.07 07:50:07.822,0.66391,0.66395,1.00,1.00
2015.07.07 07:50:08.127,0.66385,0.66392,1.00,1.00
2015.07.07 07:50:08.229,0.66384,0.66389,1.50,1.00
2015.07.07 07:50:08.764,0.66383,0.66388,1.12,1.00
2015.07.07 07:50:09.321,0.66382,0.66388,1.37,1.00
2015.07.07 07:50:09.708,0.66383,0.66391,1.50,1.00
2015.07.07 07:50:09.810,0.6638,0.66389,1.00,1.00
2015.07.07 07:50:09.861,0.66377,0.66381,1.00,1.00
2015.07.07 07:50:10.166,0.66375,0.66381,1.00,1.00
2015.07.07 07:50:10.267,0.66375,0.66379,1.00,1.00
2015.07.07 07:50:10.420,0.66371,0.66378,1.87,1.00
2015.07.07 07:50:10.696,0.66374,0.66381,1.00,1.00
2015.07.07 07:50:10.899,0.66374,0.66386,2.25,1.50
2015.07.07 07:50:10.950,0.66376,0.66387,1.00,1.00
2015.07.07 07:50:11.001,0.66376,0.66389,1.00,1.50
2015.07.07 07:50:11.053,0.6638,0.66389,1.60,1.00
2015.07.07 07:50:11.359,0.66385,0.66392,1.50,1.00
2015.07.07 07:50:11.695,0.66385,0.66391,1.50,1.00
2015.07.07 07:50:11.847,0.66383,0.66389,1.50,1.00
2015.07.07 07:50:12.353,0.66384,0.66389,1.50,1.00
2015.07.07 07:50:12.751,0.66384,0.66392,1.87,1.00
2015.07.07 07:50:13.285,0.66385,0.66392,1.00,1.00
2015.07.07 07:50:13.640,0.66386,0.66396,1.87,1.00
2015.07.07 07:50:13.925,0.6639,0.66396,1.00,1.00
2015.07.07 07:50:14.027,0.66392,0.66399,1.50,1.00
2015.07.07 07:50:14.078,0.66392,0.66397,1.50,1.00
2015.07.07 07:50:14.129,0.66392,0.66399,1.00,1.00
2015.07.07 07:50:14.332,0.66394,0.664,1.00,1.00
2015.07.07 07:50:14.637,0.66392,0.664,1.50,1.00
2015.07.07 07:50:15.187,0.66393,0.664,1.00,1.00
2015.07.07 07:50:15.997,0.66392,0.66397,1.00,1.00
2015.07.07 07:50:18.243,0.66391,0.66396,1.87,1.00
2015.07.07 07:50:18.843,0.66392,0.66399,1.50,1.00
2015.07.07 07:50:19.300,0.66394,0.66398,1.00,1.00
2015.07.07 07:50:19.935,0.66392,0.66396,1.00,1.00
2015.07.07 07:50:19.991,0.6639,0.66396,1.00,1.00
2015.07.07 07:50:20.042,0.6639,0.66395,1.00,1.00
2015.07.07 07:50:20.298,0.66384,0.6639,1.37,1.00
2015.07.07 07:50:20.399,0.66384,0.66389,1.00,1.00
2015.07.07 07:50:20.654,0.66381,0.66387,1.12,1.00
2015.07.07 07:50:21.167,0.66379,0.66386,1.37,1.00
2015.07.07 07:50:22.070,0.66381,0.66387,1.00,1.00
2015.07.07 07:50:22.678,0.66383,0.66387,1.00,1.00
2015.07.07 07:50:22.729,0.66382,0.66386,1.00,1.00
2015.07.07 07:50:22.780,0.66383,0.66387,1.00,1.00
2015.07.07 07:50:22.882,0.66376,0.66382,1.00,1.00
2015.07.07 07:50:23.183,0.66372,0.66382,1.50,1.00
2015.07.07 07:50:23.235,0.66372,0.66378,1.50,1.00
2015.07.07 07:50:23.540,0.66369,0.66378,2.62,1.00
2015.07.07 07:50:23.742,0.66371,0.66382,1.12,1.00
2015.07.07 07:50:23.895,0.66371,0.66377,1.87,1.00
2015.07.07 07:50:24.227,0.6637,0.66376,1.37,1.00
2015.07.07 07:50:24.279,0.66369,0.66374,1.00,1.00
2015.07.07 07:50:24.330,0.66369,0.66376,1.00,1.00
2015.07.07 07:50:24.482,0.66368,0.66379,2.25,1.00
2015.07.07 07:50:24.584,0.66371,0.66379,1.00,1.00
2015.07.07 07:50:24.889,0.66374,0.66379,1.00,1.00
2015.07.07 07:50:25.431,0.66373,0.66379,1.00,1.00
2015.07.07 07:50:26.571,0.66373,0.66378,1.00,1.00
2015.07.07 07:50:26.979,0.66371,0.66378,1.12,1.00
2015.07.07 07:50:27.630,0.6637,0.66375,1.12,1.00
2015.07.07 07:50:27.968,0.66368,0.66374,1.00,1.00
2015.07.07 07:50:28.333,0.66365,0.6637,1.50,1.00
2015.07.07 07:50:28.486,0.66362,0.66368,1.00,1.00
2015.07.07 07:50:29.006,0.6636,0.66368,1.00,1.50
2015.07.07 07:50:29.767,0.6636,0.66365,1.00,1.00
2015.07.07 07:50:30.267,0.66358,0.66365,1.00,1.00
2015.07.07 07:50:30.825,0.66358,0.66367,1.00,1.00
2015.07.07 07:50:30.876,0.66358,0.66363,1.00,1.00
2015.07.07 07:50:30.977,0.66356,0.66362,1.00,1.00
2015.07.07 07:50:31.180,0.66354,0.6636,1.50,1.00
2015.07.07 07:50:31.488,0.66348,0.66359,1.37,1.00
2015.07.07 07:50:33.022,0.66348,0.66359,1.00,1.50
2015.07.07 07:50:33.074,0.66346,0.66355,1.00,1.00
2015.07.07 07:50:33.227,0.66342,0.66354,1.12,1.00
2015.07.07 07:50:33.278,0.66339,0.66351,2.17,1.50
2015.07.07 07:50:33.584,0.66347,0.66352,1.00,1.00
2015.07.07 07:50:33.966,0.66347,0.66355,1.50,1.00
2015.07.07 07:50:34.371,0.66349,0.66358,1.00,1.00
2015.07.07 07:50:34.472,0.66351,0.66358,1.00,1.00
2015.07.07 07:50:34.523,0.66351,0.6636,1.00,1.00
2015.07.07 07:50:34.625,0.66352,0.66362,1.00,1.00
2015.07.07 07:50:34.777,0.66355,0.66362,1.00,1.00
2015.07.07 07:50:35.184,0.66355,0.66364,1.00,1.00
2015.07.07 07:50:35.387,0.66353,0.66364,1.12,1.00
2015.07.07 07:50:35.590,0.66351,0.66364,1.87,1.00
2015.07.07 07:50:35.692,0.66352,0.66362,1.00,1.00
2015.07.07 07:50:36.242,0.6635,0.66362,1.37,1.00
2015.07.07 07:50:36.799,0.6635,0.66358,1.87,1.00
2015.07.07 07:50:36.901,0.66347,0.66358,1.00,1.50
2015.07.07 07:50:37.003,0.66345,0.66358,1.20,1.50
2015.07.07 07:50:37.054,0.66345,0.66351,1.87,1.00
2015.07.07 07:50:37.206,0.66341,0.66351,1.50,1.00
2015.07.07 07:50:37.744,0.6634,0.66351,1.00,1.00
2015.07.07 07:50:37.997,0.66342,0.66352,1.00,1.00
2015.07.07 07:50:38.593,0.66344,0.66354,1.00,1.00
2015.07.07 07:50:38.897,0.66347,0.66358,1.00,2.25
2015.07.07 07:50:39.100,0.66346,0.66356,1.00,1.50
2015.07.07 07:50:39.202,0.66343,0.66356,1.00,1.50
2015.07.07 07:50:39.604,0.66343,0.66354,1.50,1.00
2015.07.07 07:50:39.910,0.66342,0.66351,1.00,1.00
2015.07.07 07:50:40.418,0.66342,0.66352,1.00,1.00
2015.07.07 07:50:41.097,0.6634,0.66351,1.12,1.00
2015.07.07 07:50:42.019,0.66337,0.6635,1.00,1.00
2015.07.07 07:50:42.070,0.66337,0.66348,1.00,1.00
2015.07.07 07:50:42.172,0.66335,0.66348,1.00,1.00
2015.07.07 07:50:43.108,0.66338,0.66349,1.00,1.50
2015.07.07 07:50:43.411,0.66342,0.66352,1.50,1.00
2015.07.07 07:50:43.715,0.66345,0.66355,1.50,1.00
2015.07.07 07:50:44.245,0.66346,0.66355,1.50,1.00
2015.07.07 07:50:44.298,0.66347,0.66357,1.00,1.00
2015.07.07 07:50:44.400,0.6635,0.66357,1.00,1.00
2015.07.07 07:50:44.603,0.66353,0.66362,1.50,1.00
2015.07.07 07:50:44.704,0.66356,0.66363,1.00,1.00
2015.07.07 07:50:44.856,0.66356,0.66365,1.00,1.50
2015.07.07 07:50:45.389,0.66356,0.66364,1.50,1.00
2015.07.07 07:50:45.593,0.66355,0.66367,1.50,1.00
2015.07.07 07:50:45.746,0.66358,0.66367,1.00,1.00
2015.07.07 07:50:47.449,0.66356,0.66367,1.00,1.00
2015.07.07 07:50:47.500,0.66356,0.66365,1.00,1.00
2015.07.07 07:50:48.025,0.66356,0.66366,1.00,1.00
2015.07.07 07:50:48.486,0.66358,0.66366,1.00,1.00
2015.07.07 07:50:49.884,0.66358,0.66368,1.00,1.00
2015.07.07 07:50:50.036,0.66361,0.66369,1.00,1.00
2015.07.07 07:50:52.654,0.66361,0.66368,1.00,1.00
2015.07.07 07:50:52.958,0.66358,0.66367,1.00,1.00
2015.07.07 07:50:53.060,0.66352,0.66366,1.37,1.00
2015.07.07 07:50:53.112,0.66352,0.66364,1.00,1.00
2015.07.07 07:50:53.585,0.66351,0.66362,1.37,1.00
2015.07.07 07:50:53.639,0.6635,0.66361,1.12,1.00
2015.07.07 07:50:54.145,0.6635,0.66361,1.37,1.00
2015.07.07 07:50:55.081,0.66351,0.66362,1.87,1.00
2015.07.07 07:50:58.298,0.6635,0.66362,1.87,1.00
2015.07.07 07:50:59.264,0.66353,0.66362,1.00,1.00
2015.07.07 07:51:00.008,0.66354,0.66362,1.00,1.00
2015.07.07 07:51:00.566,0.66354,0.66364,1.00,1.00
2015.07.07 07:51:01.940,0.66356,0.66364,1.00,1.00
2015.07.07 07:51:01.991,0.66356,0.66366,1.50,1.00
2015.07.07 07:51:02.398,0.66359,0.66366,1.00,1.00
2015.07.07 07:51:02.905,0.66358,0.66365,1.00,1.00
2015.07.07 07:51:03.159,0.66356,0.66365,1.50,1.00
2015.07.07 07:51:03.261,0.66354,0.66365,1.00,1.00
2015.07.07 07:51:03.695,0.66351,0.66362,1.37,1.00
2015.07.07 07:51:05.179,0.66353,0.66363,1.00,1.00
2015.07.07 07:51:05.686,0.66354,0.66364,1.00,1.00
2015.07.07 07:51:06.486,0.66352,0.66364,1.87,1.00
2015.07.07 07:51:06.638,0.66352,0.66364,1.37,1.00
2015.07.07 07:51:06.942,0.66352,0.66363,1.12,1.00
2015.07.07 07:51:07.534,0.66352,0.66363,1.37,1.00
2015.07.07 07:51:07.737,0.6635,0.66362,1.12,1.00
2015.07.07 07:51:07.789,0.66348,0.6636,1.37,1.00
2015.07.07 07:51:07.840,0.66348,0.6636,1.00,1.00
2015.07.07 07:51:07.942,0.66346,0.66357,1.00,1.00
2015.07.07 07:51:07.993,0.66343,0.66357,1.50,1.50
2015.07.07 07:51:08.399,0.66342,0.66354,1.87,1.00
2015.07.07 07:51:08.943,0.66343,0.66353,1.00,1.00
2015.07.07 07:51:09.651,0.66343,0.66352,1.00,1.37
2015.07.07 07:51:09.702,0.66339,0.66352,1.00,1.37
2015.07.07 07:51:09.804,0.66337,0.66348,1.00,1.00
2015.07.07 07:51:10.284,0.66331,0.6634,1.50,1.00
2015.07.07 07:51:10.335,0.66328,0.66338,1.00,1.00
2015.07.07 07:51:10.842,0.66328,0.66337,1.00,1.00
2015.07.07 07:51:10.893,0.66327,0.66339,1.50,1.00
2015.07.07 07:51:11.218,0.66327,0.66337,1.00,1.00
2015.07.07 07:51:11.269,0.66322,0.66334,1.12,1.00
2015.07.07 07:51:11.371,0.66323,0.66331,1.00,1.00
2015.07.07 07:51:11.624,0.66329,0.66338,1.00,1.00
2015.07.07 07:51:12.217,0.66328,0.66337,1.00,1.00
2015.07.07 07:51:12.369,0.66328,0.66335,1.50,1.00
2015.07.07 07:51:12.977,0.66329,0.66335,1.50,1.00
2015.07.07 07:51:13.390,0.66325,0.66335,1.00,1.00
2015.07.07 07:51:15.409,0.66325,0.66334,1.00,1.00
2015.07.07 07:51:15.689,0.66324,0.66329,1.50,1.00
2015.07.07 07:51:16.196,0.66324,0.66329,1.50,1.00
2015.07.07 07:51:16.697,0.66326,0.66331,1.00,1.00
2015.07.07 07:51:16.799,0.66329,0.66333,1.00,1.00
2015.07.07 07:51:16.902,0.66329,0.66335,1.00,1.00
2015.07.07 07:51:16.954,0.6633,0.66334,1.00,1.00
2015.07.07 07:51:17.463,0.66329,0.66333,1.00,1.00
2015.07.07 07:51:18.166,0.66329,0.66333,1.00,1.00
2015.07.07 07:51:18.217,0.66327,0.66332,1.50,1.00
2015.07.07 07:51:18.268,0.66325,0.66332,1.12,1.00
2015.07.07 07:51:18.420,0.66325,0.6633,1.50,1.00
2015.07.07 07:51:19.224,0.66323,0.66329,1.50,1.00
2015.07.07 07:51:19.731,0.66322,0.66329,1.87,1.00
2015.07.07 07:51:20.103,0.66325,0.6633,1.00,1.00
2015.07.07 07:51:20.612,0.66326,0.66332,1.50,1.00
2015.07.07 07:51:20.663,0.66325,0.66331,1.50,1.00
2015.07.07 07:51:21.102,0.66328,0.66332,1.00,1.00
2015.07.07 07:51:21.154,0.66328,0.66334,1.50,1.00
2015.07.07 07:51:21.205,0.6633,0.66334,1.00,1.00
2015.07.07 07:51:21.510,0.66328,0.66333,1.50,1.00
2015.07.07 07:51:23.070,0.66327,0.66332,1.00,1.00
2015.07.07 07:51:23.693,0.6633,0.66334,1.00,1.00
2015.07.07 07:51:24.166,0.66332,0.66336,1.50,1.00
2015.07.07 07:51:24.679,0.66334,0.66338,1.00,1.00
2015.07.07 07:51:24.832,0.66329,0.66343,1.50,2.25
2015.07.07 07:51:24.883,0.66329,0.6634,1.00,1.00
2015.07.07 07:51:24.935,0.66326,0.6634,1.12,1.50
2015.07.07 07:51:25.369,0.66325,0.66332,1.00,1.00
2015.07.07 07:51:25.421,0.66323,0.6633,1.50,1.00
2015.07.07 07:51:26.384,0.66324,0.6633,1.00,1.00
2015.07.07 07:51:26.434,0.66324,0.66329,1.00,1.00
2015.07.07 07:51:26.803,0.66326,0.66331,1.00,1.00
2015.07.07 07:51:26.955,0.66328,0.66332,1.00,1.00
2015.07.07 07:51:27.107,0.66328,0.66333,1.00,1.00
2015.07.07 07:51:27.495,0.66329,0.66335,1.50,1.00
2015.07.07 07:51:27.916,0.66329,0.66338,1.50,1.00
2015.07.07 07:51:28.321,0.66327,0.66338,1.00,1.00
2015.07.07 07:51:28.779,0.66329,0.66338,1.00,1.00
2015.07.07 07:51:29.107,0.66329,0.6634,1.00,1.50
2015.07.07 07:51:30.533,0.6633,0.6634,1.00,1.50
2015.07.07 07:51:31.702,0.6633,0.66341,1.00,1.00
2015.07.07 07:51:32.341,0.66329,0.6634,1.50,1.00
2015.07.07 07:51:33.688,0.66326,0.66339,1.00,1.00
2015.07.07 07:51:34.195,0.66327,0.66339,1.00,1.00
2015.07.07 07:51:34.845,0.66328,0.66339,1.00,1.00
2015.07.07 07:51:34.897,0.66328,0.66342,2.62,2.25
2015.07.07 07:51:34.948,0.66331,0.66342,1.00,1.00
2015.07.07 07:51:35.455,0.66331,0.66343,1.12,1.50
2015.07.07 07:51:35.991,0.6633,0.66343,1.00,1.12
2015.07.07 07:51:36.502,0.66331,0.66343,1.12,1.12
2015.07.07 07:51:36.850,0.66331,0.66341,1.00,1.00
2015.07.07 07:51:37.401,0.66331,0.66342,1.00,1.00
2015.07.07 07:51:37.908,0.66331,0.66345,1.12,3.97
2015.07.07 07:51:38.440,0.66332,0.66345,1.00,1.35
2015.07.07 07:51:38.897,0.66333,0.66346,1.00,1.12
2015.07.07 07:51:39.669,0.66334,0.66347,1.00,3.00
2015.07.07 07:51:40.175,0.66334,0.66348,3.00,2.25
2015.07.07 07:51:40.967,0.66335,0.66347,1.00,1.12
2015.07.07 07:51:41.262,0.66333,0.66346,1.50,1.00
2015.07.07 07:51:42.004,0.66335,0.66347,1.00,1.12
2015.07.07 07:51:42.309,0.6634,0.66351,1.00,1.12
2015.07.07 07:51:42.816,0.66338,0.6635,1.87,1.00
2015.07.07 07:51:43.342,0.66338,0.66349,1.00,1.00
2015.07.07 07:51:43.595,0.66338,0.66351,1.00,1.00
2015.07.07 07:51:44.102,0.66339,0.66352,1.00,1.00
2015.07.07 07:51:44.745,0.66338,0.66352,1.50,1.00
2015.07.07 07:51:45.251,0.66341,0.66352,1.00,1.00
2015.07.07 07:51:45.555,0.66345,0.66357,1.00,1.87
2015.07.07 07:51:45.871,0.66343,0.66355,1.00,1.37
2015.07.07 07:51:46.590,0.66344,0.66357,1.00,1.87
2015.07.07 07:51:47.136,0.66344,0.66358,1.00,1.87
2015.07.07 07:51:47.240,0.66345,0.66357,1.00,1.87
2015.07.07 07:51:47.545,0.66345,0.66349,2.25,1.00
2015.07.07 07:51:48.388,0.66345,0.6635,1.00,1.00
2015.07.07 07:51:48.691,0.66347,0.66352,1.00,1.00
2015.07.07 07:51:50.844,0.66347,0.66352,1.00,1.00
2015.07.07 07:51:52.161,0.66347,0.66356,1.87,1.00
2015.07.07 07:51:52.263,0.66348,0.66358,1.87,1.00
2015.07.07 07:51:52.568,0.66358,0.66362,1.00,1.00
2015.07.07 07:51:52.619,0.66358,0.66363,1.00,1.00
2015.07.07 07:51:52.973,0.6636,0.66364,1.00,1.00
2015.07.07 07:51:55.300,0.66358,0.66364,1.00,1.00
2015.07.07 07:51:55.351,0.66358,0.66362,1.00,1.00
2015.07.07 07:51:55.503,0.66356,0.66362,1.50,1.00
2015.07.07 07:51:56.506,0.66355,0.66362,1.50,1.00
2015.07.07 07:51:56.711,0.66354,0.6636,1.00,1.00
2015.07.07 07:51:57.232,0.66354,0.66359,1.00,1.00
2015.07.07 07:51:57.283,0.66354,0.66361,1.50,1.00
2015.07.07 07:51:57.335,0.66356,0.66361,1.00,1.00
2015.07.07 07:51:57.691,0.66356,0.66363,1.00,1.00
2015.07.07 07:51:58.140,0.66357,0.66366,2.25,1.00
2015.07.07 07:51:58.192,0.66356,0.66364,1.50,1.00
2015.07.07 07:51:58.498,0.66356,0.66362,1.00,1.00
2015.07.07 07:51:58.650,0.66354,0.66362,1.00,1.00
2015.07.07 07:52:03.739,0.66355,0.66362,1.00,1.00
2015.07.07 07:52:04.020,0.66357,0.66364,1.00,1.00
2015.07.07 07:52:04.323,0.66359,0.66365,1.00,1.00
2015.07.07 07:52:04.830,0.66358,0.66365,1.50,1.00
2015.07.07 07:52:05.138,0.66364,0.66368,1.00,1.00
2015.07.07 07:52:05.189,0.66364,0.66368,1.00,1.00
2015.07.07 07:52:05.240,0.66362,0.66368,1.12,1.00
2015.07.07 07:52:05.291,0.66362,0.66366,1.12,1.00
2015.07.07 07:52:06.438,0.66361,0.66367,2.25,1.00
2015.07.07 07:52:09.046,0.6636,0.66366,1.12,1.00
2015.07.07 07:52:09.401,0.6636,0.66364,1.00,1.00
2015.07.07 07:52:09.747,0.66349,0.66355,1.30,1.00
2015.07.07 07:52:09.798,0.66349,0.66355,1.00,1.00
2015.07.07 07:52:10.306,0.66348,0.66354,1.00,1.00
2015.07.07 07:52:10.792,0.6635,0.66354,1.00,1.00
2015.07.07 07:52:11.004,0.66348,0.66353,1.00,1.00
2015.07.07 07:52:11.512,0.66349,0.66354,1.00,1.00
2015.07.07 07:52:12.022,0.6635,0.66354,1.00,1.00
2015.07.07 07:52:12.578,0.66351,0.66355,1.00,1.00
2015.07.07 07:52:12.680,0.66352,0.66357,1.00,1.00
2015.07.07 07:52:12.781,0.66352,0.66359,2.25,1.00
2015.07.07 07:52:13.099,0.66356,0.6636,1.00,1.00
2015.07.07 07:52:13.150,0.66355,0.66361,1.00,1.00
2015.07.07 07:52:13.657,0.66355,0.66362,1.00,1.00
2015.07.07 07:52:14.144,0.66355,0.66359,1.00,1.00
2015.07.07 07:52:14.195,0.66353,0.66359,1.00,1.00
2015.07.07 07:52:14.246,0.66353,0.66357,1.00,1.00
2015.07.07 07:52:14.448,0.66348,0.66354,1.00,1.00
2015.07.07 07:52:14.601,0.66347,0.66352,1.00,1.00
2015.07.07 07:52:14.652,0.66345,0.66352,1.00,1.00
2015.07.07 07:52:15.100,0.66343,0.66351,1.00,1.00
2015.07.07 07:52:15.691,0.66343,0.66352,1.00,1.00
2015.07.07 07:52:16.651,0.66345,0.66352,1.00,1.00
2015.07.07 07:52:17.519,0.66346,0.66352,1.00,1.00
2015.07.07 07:52:18.411,0.66344,0.66352,1.00,1.00
2015.07.07 07:52:18.913,0.66345,0.66352,1.00,1.00
2015.07.07 07:52:19.680,0.66346,0.66352,1.00,1.00
2015.07.07 07:52:20.689,0.66347,0.66353,1.00,1.00
2015.07.07 07:52:21.094,0.66347,0.66355,1.00,1.00
2015.07.07 07:52:21.146,0.6635,0.66355,1.00,1.00
2015.07.07 07:52:21.197,0.6635,0.66357,1.00,1.00
2015.07.07 07:52:21.349,0.66353,0.66357,1.00,1.00
2015.07.07 07:52:21.856,0.66352,0.66357,1.00,1.00
2015.07.07 07:52:23.580,0.66353,0.66357,1.00,1.00
2015.07.07 07:52:23.683,0.66351,0.66357,1.00,1.00
2015.07.07 07:52:24.343,0.66351,0.66359,1.00,1.00
2015.07.07 07:52:24.445,0.66351,0.66357,1.00,1.00
2015.07.07 07:52:24.547,0.66349,0.66357,1.00,1.00
2015.07.07 07:52:24.851,0.66347,0.66357,1.00,1.00
2015.07.07 07:52:25.381,0.66348,0.66357,1.00,1.00
2015.07.07 07:52:25.483,0.66348,0.66359,1.00,1.00
2015.07.07 07:52:25.990,0.66347,0.6636,1.50,1.87
2015.07.07 07:52:26.948,0.66349,0.6636,1.00,1.12
2015.07.07 07:52:27.253,0.66352,0.6636,1.00,1.00
2015.07.07 07:52:30.145,0.66352,0.66358,1.00,1.00
2015.07.07 07:52:30.196,0.66349,0.66358,1.00,1.00
2015.07.07 07:52:30.400,0.66347,0.66358,1.00,1.50
2015.07.07 07:52:30.552,0.66347,0.66356,1.00,1.00
2015.07.07 07:52:30.857,0.66346,0.66353,1.00,1.00
2015.07.07 07:52:31.848,0.66346,0.66352,1.00,1.00
2015.07.07 07:52:33.586,0.66346,0.66354,1.00,1.00
2015.07.07 07:52:34.193,0.66346,0.66355,1.00,1.00
2015.07.07 07:52:34.743,0.66346,0.66356,1.00,1.00
2015.07.07 07:52:35.304,0.66344,0.66355,1.00,1.00
2015.07.07 07:52:36.640,0.66342,0.66355,1.00,2.25
2015.07.07 07:52:36.899,0.66342,0.66351,1.00,1.00
2015.07.07 07:52:37.405,0.66341,0.66352,1.00,1.50
2015.07.07 07:52:40.696,0.66342,0.66352,1.00,1.50
2015.07.07 07:52:41.690,0.66341,0.66352,1.00,1.50
2015.07.07 07:52:42.795,0.66341,0.6635,1.00,1.50
2015.07.07 07:52:43.547,0.66341,0.66352,1.00,1.50
2015.07.07 07:52:43.699,0.66343,0.66352,1.00,1.50
2015.07.07 07:52:43.852,0.66343,0.66354,1.00,1.12
2015.07.07 07:52:44.598,0.66344,0.66357,1.00,2.25
2015.07.07 07:52:45.332,0.66347,0.66357,1.00,1.00
2015.07.07 07:52:45.850,0.66347,0.66358,1.00,1.12
2015.07.07 07:52:47.747,0.66346,0.66358,1.00,1.50
2015.07.07 07:52:49.007,0.66346,0.66352,1.00,1.00
2015.07.07 07:52:49.738,0.66344,0.66352,1.00,1.00
2015.07.07 07:52:53.415,0.66344,0.66354,2.25,1.00
2015.07.07 07:52:53.567,0.66347,0.66354,1.00,1.00
2015.07.07 07:52:53.821,0.66346,0.66356,1.50,1.00
2015.07.07 07:52:54.403,0.66347,0.66357,1.50,1.00
2015.07.07 07:52:54.911,0.66349,0.66357,1.00,1.00
2015.07.07 07:52:55.773,0.66348,0.6636,1.00,1.12
2015.07.07 07:52:56.678,0.66349,0.6636,1.00,1.12
2015.07.07 07:52:57.193,0.66348,0.6636,1.00,1.12
2015.07.07 07:52:59.709,0.66349,0.6636,1.00,1.12
2015.07.07 07:52:59.810,0.66353,0.66364,1.00,3.00
2015.07.07 07:52:59.861,0.66354,0.66365,1.00,1.12
2015.07.07 07:53:00.142,0.66356,0.66365,1.00,1.00
2015.07.07 07:53:00.193,0.66358,0.6637,1.00,1.87
2015.07.07 07:53:00.699,0.66357,0.6637,1.00,2.62
2015.07.07 07:53:01.204,0.66356,0.6637,1.00,3.37
2015.07.07 07:53:01.710,0.66355,0.66368,1.50,1.00
2015.07.07 07:53:01.761,0.66353,0.66366,1.00,1.50
2015.07.07 07:53:02.305,0.66354,0.66366,1.00,1.87
2015.07.07 07:53:02.811,0.66354,0.66365,1.00,1.00
2015.07.07 07:53:03.370,0.66353,0.66358,1.00,1.00
2015.07.07 07:53:03.421,0.66353,0.66361,1.00,1.37
2015.07.07 07:53:03.472,0.66347,0.66356,1.47,1.45
2015.07.07 07:53:03.777,0.66335,0.66339,1.00,1.00
2015.07.07 07:53:03.929,0.66323,0.6633,1.50,1.00
2015.07.07 07:53:03.980,0.66323,0.66327,1.50,1.00
2015.07.07 07:53:04.032,0.66318,0.66325,1.50,1.00
2015.07.07 07:53:04.083,0.66317,0.66323,1.50,1.00
2015.07.07 07:53:04.336,0.66316,0.66321,1.00,1.00
2015.07.07 07:53:04.437,0.66316,0.66323,1.00,1.00
2015.07.07 07:53:04.590,0.66314,0.66323,1.00,1.00
2015.07.07 07:53:04.793,0.66312,0.6632,1.00,1.00
2015.07.07 07:53:04.844,0.66312,0.66322,1.00,1.00
2015.07.07 07:53:04.896,0.66312,0.6632,1.00,1.00
2015.07.07 07:53:05.149,0.66313,0.66322,1.00,1.00
2015.07.07 07:53:05.250,0.66311,0.66321,1.00,1.00
2015.07.07 07:53:05.560,0.66313,0.66321,1.00,1.00
2015.07.07 07:53:05.916,0.6631,0.66321,1.00,1.00
2015.07.07 07:53:06.448,0.66309,0.66322,2.10,1.00
2015.07.07 07:53:07.329,0.66308,0.66319,2.47,1.00
2015.07.07 07:53:07.532,0.66305,0.66316,1.00,1.50
2015.07.07 07:53:07.911,0.66311,0.66323,1.00,1.00
2015.07.07 07:53:07.962,0.66311,0.66323,1.60,1.00
2015.07.07 07:53:08.014,0.66312,0.66325,1.60,1.50
2015.07.07 07:53:08.065,0.66312,0.6632,1.00,1.00
2015.07.07 07:53:08.166,0.66309,0.66319,1.50,1.00
2015.07.07 07:53:08.268,0.66304,0.66318,2.25,2.25
2015.07.07 07:53:08.370,0.66303,0.66316,1.00,1.50
2015.07.07 07:53:08.675,0.66302,0.66311,1.00,1.00
2015.07.07 07:53:09.091,0.663,0.66311,1.00,1.00
2015.07.07 07:53:09.344,0.663,0.66313,1.37,1.50
2015.07.07 07:53:09.445,0.66302,0.66316,1.00,1.12
2015.07.07 07:53:09.548,0.66304,0.66317,1.00,1.50
2015.07.07 07:53:10.052,0.66306,0.66318,1.00,1.00
2015.07.07 07:53:10.602,0.66305,0.66318,1.00,1.00
2015.07.07 07:53:11.149,0.66305,0.66317,1.00,1.00
2015.07.07 07:53:11.704,0.66306,0.66317,1.00,1.00
2015.07.07 07:53:11.907,0.66306,0.66319,1.00,1.12
2015.07.07 07:53:12.442,0.66305,0.66319,1.50,1.12
2015.07.07 07:53:12.670,0.66304,0.66315,1.00,1.00
2015.07.07 07:53:12.860,0.66302,0.66315,1.50,1.00
2015.07.07 07:53:13.114,0.663,0.66314,1.00,1.00
2015.07.07 07:53:13.266,0.663,0.66312,1.00,1.50
2015.07.07 07:53:13.885,0.663,0.66313,1.00,1.00
2015.07.07 07:53:14.494,0.66301,0.66313,1.00,1.00
2015.07.07 07:53:14.946,0.663,0.66316,1.12,1.50
2015.07.07 07:53:18.425,0.663,0.66316,1.37,1.87
2015.07.07 07:53:19.358,0.66303,0.66316,1.00,1.12
2015.07.07 07:53:19.409,0.66304,0.66318,1.00,1.00
2015.07.07 07:53:19.763,0.66306,0.66318,1.00,1.00
2015.07.07 07:53:20.067,0.66307,0.66321,1.00,1.00
2015.07.07 07:53:20.403,0.6631,0.66322,1.00,1.00
2015.07.07 07:53:20.961,0.66312,0.66325,1.00,1.37
2015.07.07 07:53:21.164,0.66312,0.66326,1.00,1.50
2015.07.07 07:53:21.588,0.66314,0.66326,1.00,1.00
2015.07.07 07:53:21.871,0.66312,0.66326,2.25,1.00
2015.07.07 07:53:22.024,0.66312,0.66318,1.50,2.50
2015.07.07 07:53:22.329,0.66297,0.66303,1.50,1.00
2015.07.07 07:53:22.647,0.66294,0.66303,1.12,1.00
2015.07.07 07:53:22.698,0.66293,0.66301,1.37,1.00
2015.07.07 07:53:23.222,0.66293,0.66301,1.00,1.00
2015.07.07 07:53:23.755,0.66292,0.66301,1.12,1.00
2015.07.07 07:53:24.952,0.66292,0.66304,1.12,1.00
2015.07.07 07:53:25.003,0.66294,0.66304,1.00,1.00
2015.07.07 07:53:25.509,0.66295,0.66304,2.25,1.00
2015.07.07 07:53:26.093,0.66296,0.66304,1.00,1.00
2015.07.07 07:53:26.398,0.66294,0.66304,1.87,1.00
2015.07.07 07:53:26.702,0.66294,0.66302,1.00,1.00
2015.07.07 07:53:26.753,0.66292,0.66302,1.12,1.00
2015.07.07 07:53:27.215,0.66291,0.66299,1.37,1.00
2015.07.07 07:53:27.571,0.66291,0.66301,2.47,1.00
2015.07.07 07:53:27.622,0.66293,0.66304,1.30,1.00
2015.07.07 07:53:27.825,0.66294,0.66302,1.00,1.00
2015.07.07 07:53:27.928,0.66291,0.663,1.12,1.00
2015.07.07 07:53:28.780,0.6629,0.663,1.87,1.00
2015.07.07 07:53:28.831,0.66292,0.66303,1.00,1.00
2015.07.07 07:53:29.533,0.66295,0.66303,1.00,1.00
2015.07.07 07:53:29.584,0.66295,0.66305,1.00,1.00
2015.07.07 07:53:30.814,0.66294,0.66305,1.00,1.50
2015.07.07 07:53:30.869,0.66292,0.66303,1.12,1.00
2015.07.07 07:53:31.578,0.66291,0.66303,1.50,1.00
2015.07.07 07:53:32.109,0.66291,0.66303,1.87,1.00
2015.07.07 07:53:32.615,0.66293,0.66303,1.00,1.00
2015.07.07 07:53:33.159,0.66292,0.66303,1.00,1.00
2015.07.07 07:53:33.681,0.66293,0.66303,1.00,1.00
2015.07.07 07:53:33.732,0.66293,0.66305,1.00,1.00
2015.07.07 07:53:33.884,0.66295,0.66305,1.00,1.00
2015.07.07 07:53:34.207,0.66295,0.66303,1.00,1.00
2015.07.07 07:53:34.412,0.66293,0.66302,1.00,1.00
2015.07.07 07:53:35.216,0.66292,0.66302,1.50,1.00
2015.07.07 07:53:36.075,0.66292,0.66304,1.50,1.00
2015.07.07 07:53:36.126,0.66294,0.66304,1.00,1.00
2015.07.07 07:53:36.642,0.66296,0.66304,1.00,1.00
2015.07.07 07:53:37.099,0.66298,0.66305,1.00,1.00
2015.07.07 07:53:37.252,0.66296,0.66305,1.00,1.00
2015.07.07 07:53:37.834,0.66295,0.663,1.00,1.00
2015.07.07 07:53:37.987,0.66291,0.663,1.12,1.00
2015.07.07 07:53:38.139,0.66291,0.663,1.37,1.00
2015.07.07 07:53:39.003,0.66291,0.663,1.00,1.00
2015.07.07 07:53:39.712,0.66291,0.66298,1.00,1.00
2015.07.07 07:53:40.094,0.66291,0.66296,1.00,1.00
2015.07.07 07:53:40.246,0.66289,0.66296,1.12,1.00
2015.07.07 07:53:40.348,0.66289,0.66294,1.12,1.00
2015.07.07 07:53:40.449,0.66287,0.66294,1.00,1.00
2015.07.07 07:53:41.200,0.66286,0.66294,1.00,1.00
2015.07.07 07:53:42.468,0.66287,0.66294,1.00,1.00
2015.07.07 07:53:44.056,0.66287,0.66292,1.00,1.00
2015.07.07 07:53:44.158,0.66285,0.66292,1.00,1.00
2015.07.07 07:53:44.563,0.66283,0.66292,1.87,1.00
2015.07.07 07:53:44.716,0.66283,0.6629,1.00,1.00
2015.07.07 07:53:45.242,0.66282,0.6629,1.50,1.00
2015.07.07 07:53:46.044,0.66282,0.6629,1.87,1.00
2015.07.07 07:53:46.667,0.66282,0.6629,1.50,1.00
2015.07.07 07:53:47.559,0.66286,0.66292,1.00,1.00
2015.07.07 07:53:47.661,0.66286,0.66294,1.00,1.00
2015.07.07 07:53:47.864,0.66289,0.66294,1.00,1.00
2015.07.07 07:53:47.965,0.66287,0.66294,1.00,1.00
2015.07.07 07:53:49.631,0.66287,0.66298,1.00,1.37
2015.07.07 07:53:50.935,0.66288,0.66298,1.00,1.37
2015.07.07 07:53:51.503,0.66288,0.66299,1.00,1.37
2015.07.07 07:53:52.893,0.66288,0.66299,1.00,1.37
2015.07.07 07:53:53.439,0.66287,0.66299,1.00,1.37
2015.07.07 07:53:54.028,0.66288,0.66299,1.00,1.37
2015.07.07 07:53:55.388,0.66288,0.663,1.00,1.37
2015.07.07 07:53:57.098,0.66289,0.663,1.00,1.37
2015.07.07 07:53:58.314,0.66289,0.66301,1.00,2.47
2015.07.07 07:53:58.816,0.66288,0.66299,1.00,1.00
2015.07.07 07:53:58.999,0.66288,0.66299,1.00,1.37
2015.07.07 07:53:59.385,0.66288,0.66299,1.00,1.00
2015.07.07 07:54:00.133,0.66288,0.66299,1.00,1.37
2015.07.07 07:54:00.586,0.66288,0.66295,1.00,1.00
2015.07.07 07:54:01.109,0.66287,0.66295,1.00,1.00
2015.07.07 07:54:01.362,0.66287,0.66297,1.00,1.12
2015.07.07 07:54:01.938,0.66287,0.66296,1.00,1.00
2015.07.07 07:54:02.448,0.66287,0.66297,1.00,1.00
2015.07.07 07:54:02.499,0.66287,0.66295,1.00,1.00
2015.07.07 07:54:04.680,0.66285,0.66295,1.00,1.00
2015.07.07 07:54:05.211,0.66285,0.66294,1.00,1.00
2015.07.07 07:54:05.755,0.66284,0.66293,1.00,1.00
2015.07.07 07:54:07.363,0.66285,0.66293,1.00,1.00
2015.07.07 07:54:08.721,0.66285,0.6629,1.00,1.00
2015.07.07 07:54:09.102,0.6628,0.66289,1.00,1.12
2015.07.07 07:54:11.329,0.66281,0.66291,1.00,1.37
2015.07.07 07:54:11.979,0.6628,0.66291,1.00,1.37
2015.07.07 07:54:13.979,0.6628,0.66288,1.00,1.00
2015.07.07 07:54:14.485,0.6628,0.66289,1.00,1.12
2015.07.07 07:54:17.898,0.6628,0.66289,1.00,1.37
2015.07.07 07:54:18.611,0.66274,0.66285,1.00,1.87
2015.07.07 07:54:19.152,0.66273,0.66283,1.00,1.00
2015.07.07 07:54:19.664,0.66274,0.66283,1.00,1.00
2015.07.07 07:54:19.715,0.66272,0.66277,1.12,1.00
2015.07.07 07:54:20.019,0.66272,0.66276,1.00,1.00
2015.07.07 07:54:20.121,0.6627,0.66274,1.00,1.00
2015.07.07 07:54:20.746,0.66271,0.66275,1.00,1.00
2015.07.07 07:54:22.081,0.66271,0.66275,1.00,1.00
2015.07.07 07:54:22.182,0.66268,0.66272,1.00,1.00
2015.07.07 07:54:22.284,0.66266,0.6627,1.00,1.00
2015.07.07 07:54:22.385,0.6626,0.66266,1.12,1.00
2015.07.07 07:54:22.436,0.66262,0.66268,1.00,1.00
2015.07.07 07:54:22.589,0.66266,0.6627,1.00,1.00
2015.07.07 07:54:22.943,0.66264,0.66268,1.00,1.00
2015.07.07 07:54:23.319,0.66259,0.66263,1.12,1.00
2015.07.07 07:54:25.691,0.66258,0.66263,1.00,1.00
2015.07.07 07:54:26.197,0.66259,0.66263,1.00,1.00
2015.07.07 07:54:28.349,0.6626,0.66264,1.00,1.00
2015.07.07 07:54:28.885,0.66259,0.66263,1.00,1.00
2015.07.07 07:54:32.955,0.66259,0.66263,1.00,1.00
2015.07.07 07:54:33.006,0.66255,0.66261,1.50,1.00
2015.07.07 07:54:33.209,0.66256,0.6626,1.00,1.00
2015.07.07 07:54:33.473,0.66253,0.66259,2.25,1.00
2015.07.07 07:54:33.840,0.66251,0.66256,1.50,1.00
2015.07.07 07:54:37.480,0.66252,0.66256,1.00,1.00
2015.07.07 07:54:39.051,0.66251,0.66256,1.50,1.00
2015.07.07 07:54:42.174,0.66249,0.66255,2.62,1.00
2015.07.07 07:54:42.704,0.66251,0.66255,1.50,1.00
2015.07.07 07:54:43.385,0.6625,0.66254,1.12,1.00
2015.07.07 07:54:43.691,0.66245,0.6625,1.00,1.00
2015.07.07 07:54:43.793,0.66241,0.66248,1.87,1.00
2015.07.07 07:54:43.996,0.66246,0.6625,1.00,1.00
2015.07.07 07:54:44.148,0.66244,0.66248,2.25,1.00
2015.07.07 07:54:44.811,0.66242,0.66248,1.12,1.00
2015.07.07 07:54:44.913,0.66242,0.66248,1.37,1.00
2015.07.07 07:54:45.858,0.6624,0.66244,1.00,1.00
2015.07.07 07:54:45.962,0.66232,0.66238,1.50,1.00
2015.07.07 07:54:46.115,0.66229,0.66235,3.00,1.00
2015.07.07 07:54:46.318,0.66227,0.66234,1.00,1.00
2015.07.07 07:54:46.368,0.66225,0.66232,1.87,1.00
2015.07.07 07:54:46.672,0.66225,0.6623,1.00,1.00
2015.07.07 07:54:46.825,0.66223,0.66229,1.50,1.00
2015.07.07 07:54:47.109,0.66225,0.66229,1.00,1.00
2015.07.07 07:54:47.738,0.66225,0.6623,1.00,1.00
2015.07.07 07:54:48.254,0.66224,0.6623,1.00,1.00
2015.07.07 07:54:48.728,0.66224,0.66232,1.00,1.00
2015.07.07 07:54:50.691,0.66225,0.66232,1.00,1.00
2015.07.07 07:54:50.894,0.66224,0.66234,1.00,1.00
2015.07.07 07:54:51.439,0.66223,0.66234,1.12,1.00
2015.07.07 07:54:52.108,0.66223,0.66235,1.12,1.00
2015.07.07 07:54:53.036,0.66226,0.66235,1.50,1.00
2015.07.07 07:54:53.087,0.66226,0.66238,1.50,1.87
2015.07.07 07:54:54.321,0.66226,0.66238,1.50,1.12
2015.07.07 07:54:57.203,0.66226,0.66238,1.00,1.87
2015.07.07 07:54:57.507,0.66226,0.6624,1.87,2.62
2015.07.07 07:54:58.092,0.66227,0.6624,1.87,1.12
2015.07.07 07:54:58.143,0.66229,0.66242,1.00,1.87
2015.07.07 07:54:58.464,0.66231,0.66242,1.00,1.50
2015.07.07 07:54:59.199,0.66231,0.66243,1.37,1.50
2015.07.07 07:54:59.554,0.66233,0.66245,2.25,1.87
2015.07.07 07:54:59.871,0.66233,0.66247,2.25,3.00
2015.07.07 07:55:00.024,0.66236,0.66247,1.50,1.12
2015.07.07 07:55:00.550,0.66237,0.66248,1.00,1.37
2015.07.07 07:55:00.601,0.66238,0.66249,1.12,1.00
2015.07.07 07:55:00.703,0.6624,0.6625,1.00,1.00
2015.07.07 07:55:01.341,0.66239,0.6625,1.00,1.00
2015.07.07 07:55:01.848,0.66238,0.6625,1.00,1.00
2015.07.07 07:55:02.154,0.66238,0.66246,1.00,1.00
2015.07.07 07:55:02.484,0.66238,0.66243,1.00,1.00
2015.07.07 07:55:03.832,0.66236,0.66242,1.00,1.00
2015.07.07 07:55:03.933,0.66235,0.6624,1.00,1.00
2015.07.07 07:55:04.338,0.66234,0.66242,1.87,1.00
2015.07.07 07:55:04.490,0.66234,0.6624,1.87,1.00
2015.07.07 07:55:04.916,0.66217,0.66229,1.87,1.00
2015.07.07 07:55:04.967,0.66217,0.66227,1.50,1.00
2015.07.07 07:55:05.273,0.66217,0.66223,1.00,1.00
2015.07.07 07:55:05.324,0.66215,0.66223,1.00,1.50
2015.07.07 07:55:05.375,0.66215,0.66221,1.00,1.00
2015.07.07 07:55:05.426,0.66211,0.66221,2.25,1.00
2015.07.07 07:55:05.629,0.66213,0.66221,1.00,1.00
2015.07.07 07:55:05.907,0.66211,0.66221,1.00,1.50
2015.07.07 07:55:06.417,0.6621,0.6622,1.35,1.00
2015.07.07 07:55:06.850,0.66211,0.66221,2.47,1.00
2015.07.07 07:55:07.154,0.66213,0.66225,1.50,1.50
2015.07.07 07:55:07.357,0.66216,0.66225,1.00,1.00
2015.07.07 07:55:07.864,0.66215,0.66225,1.50,1.00
2015.07.07 07:55:08.381,0.66214,0.66225,1.00,1.00
2015.07.07 07:55:09.063,0.66213,0.66225,1.35,2.25
2015.07.07 07:55:09.368,0.66206,0.6622,3.37,2.25
2015.07.07 07:55:10.062,0.66207,0.66219,1.00,1.00
2015.07.07 07:55:10.518,0.66208,0.6622,1.60,1.00
2015.07.07 07:55:10.620,0.66209,0.66223,1.72,2.25
2015.07.07 07:55:10.823,0.66212,0.66226,2.10,2.25
2015.07.07 07:55:11.096,0.66217,0.66226,1.00,1.00
2015.07.07 07:55:11.406,0.66216,0.66222,1.00,1.12
2015.07.07 07:55:11.964,0.66217,0.66223,1.00,1.12
2015.07.07 07:55:12.304,0.66209,0.66218,1.50,1.50
2015.07.07 07:55:12.356,0.66204,0.66213,1.00,1.12
2015.07.07 07:55:12.407,0.66206,0.66213,1.00,1.37
2015.07.07 07:55:13.514,0.66207,0.66214,1.00,1.00
2015.07.07 07:55:14.020,0.66206,0.66214,1.00,1.37
2015.07.07 07:55:14.224,0.6621,0.66216,1.00,1.00
2015.07.07 07:55:14.621,0.66212,0.66217,1.00,1.12
2015.07.07 07:55:15.078,0.66214,0.6622,1.00,1.37
2015.07.07 07:55:15.129,0.66215,0.6622,1.00,1.00
2015.07.07 07:55:15.791,0.66213,0.6622,1.00,1.37
2015.07.07 07:55:16.250,0.66212,0.66219,1.00,1.37
2015.07.07 07:55:16.656,0.66203,0.66209,1.12,1.00
2015.07.07 07:55:17.189,0.66204,0.66209,1.00,1.00
2015.07.07 07:55:19.949,0.66205,0.66209,1.00,1.00
2015.07.07 07:55:20.101,0.66205,0.66212,1.00,1.00
2015.07.07 07:55:20.152,0.66205,0.66214,1.00,1.00
2015.07.07 07:55:20.304,0.66205,0.66216,1.00,1.00
2015.07.07 07:55:21.306,0.66205,0.66216,1.60,1.00
2015.07.07 07:55:21.458,0.66209,0.66218,1.00,1.00
2015.07.07 07:55:21.820,0.66211,0.66218,1.00,1.00
2015.07.07 07:55:21.872,0.66211,0.66222,1.35,1.00
2015.07.07 07:55:21.923,0.66212,0.66224,1.09,1.12
2015.07.07 07:55:21.975,0.66216,0.66224,1.00,1.00
2015.07.07 07:55:22.026,0.66216,0.66228,1.00,1.12
2015.07.07 07:55:22.079,0.66218,0.66228,1.00,1.00
2015.07.07 07:55:23.280,0.66219,0.66228,1.00,1.00
2015.07.07 07:55:23.912,0.66222,0.66232,1.00,1.00
2015.07.07 07:55:24.168,0.66222,0.6623,1.00,1.00
2015.07.07 07:55:24.269,0.66219,0.6623,1.00,1.00
2015.07.07 07:55:24.472,0.66224,0.6623,1.00,1.00
2015.07.07 07:55:24.776,0.66224,0.66234,1.00,1.87
2015.07.07 07:55:25.009,0.6623,0.66234,1.50,1.12
2015.07.07 07:55:25.060,0.66233,0.66238,1.50,1.00
2015.07.07 07:55:25.163,0.66233,0.6624,1.50,1.00
2015.07.07 07:55:25.214,0.66233,0.66242,1.50,1.00
2015.07.07 07:55:25.265,0.66236,0.66242,1.00,1.00
2015.07.07 07:55:25.316,0.66236,0.66244,1.35,1.00
2015.07.07 07:55:25.367,0.66239,0.66244,1.00,1.00
2015.07.07 07:55:25.419,0.66239,0.66248,1.00,1.00
2015.07.07 07:55:25.473,0.66241,0.66248,1.00,1.00
2015.07.07 07:55:26.072,0.6625,0.66257,1.50,1.20
2015.07.07 07:55:26.480,0.66248,0.66258,1.00,1.00
2015.07.07 07:55:26.784,0.66251,0.66261,1.00,1.00
2015.07.07 07:55:27.166,0.66251,0.66264,1.00,1.00
2015.07.07 07:55:27.421,0.6625,0.66256,1.50,1.00
2015.07.07 07:55:27.473,0.66249,0.66255,2.25,1.00
2015.07.07 07:55:27.575,0.66248,0.66255,2.25,1.00
2015.07.07 07:55:27.778,0.66247,0.66253,1.50,1.00
2015.07.07 07:55:28.635,0.66247,0.66251,1.00,1.00
2015.07.07 07:55:28.737,0.66242,0.66248,2.25,1.00
2015.07.07 07:55:29.370,0.66241,0.66247,1.87,1.00
2015.07.07 07:55:29.892,0.66242,0.66248,1.00,1.00
2015.07.07 07:55:29.994,0.6624,0.66246,1.00,1.00
2015.07.07 07:55:30.045,0.6624,0.66251,1.00,1.35
2015.07.07 07:55:30.096,0.66236,0.66248,1.00,1.00
2015.07.07 07:55:30.147,0.66236,0.6624,1.00,1.00
2015.07.07 07:55:30.198,0.66233,0.66238,1.50,1.00
2015.07.07 07:55:30.743,0.66233,0.66238,1.00,1.00
2015.07.07 07:55:32.678,0.66233,0.66237,1.00,1.00
2015.07.07 07:55:33.204,0.66232,0.66237,1.87,1.00
2015.07.07 07:55:33.934,0.66234,0.66239,1.00,1.00
2015.07.07 07:55:34.409,0.66234,0.66239,1.50,1.00
2015.07.07 07:55:35.192,0.66234,0.66239,1.00,1.00
2015.07.07 07:55:35.312,0.66235,0.66245,1.30,1.00
2015.07.07 07:55:35.413,0.6624,0.66245,1.00,1.00
2015.07.07 07:55:35.515,0.66242,0.66248,1.00,1.00
2015.07.07 07:55:35.566,0.66242,0.66252,3.60,1.00
2015.07.07 07:55:35.617,0.66242,0.66249,3.60,1.00
2015.07.07 07:55:37.352,0.66245,0.66252,1.87,1.00
2015.07.07 07:55:40.135,0.66245,0.6625,1.50,1.00
2015.07.07 07:55:47.764,0.66245,0.6625,1.50,1.00
2015.07.07 07:55:48.517,0.66244,0.66249,1.00,1.00
2015.07.07 07:55:49.012,0.66246,0.66251,1.00,1.00
2015.07.07 07:55:49.063,0.66248,0.66252,1.00,1.00
2015.07.07 07:55:49.418,0.6625,0.66254,1.00,1.00
2015.07.07 07:55:49.723,0.66252,0.66257,1.50,1.00
2015.07.07 07:55:50.124,0.66253,0.66258,1.00,1.00
2015.07.07 07:55:50.642,0.66254,0.66259,1.00,1.00
2015.07.07 07:55:50.795,0.66254,0.66259,1.00,1.00
2015.07.07 07:55:50.948,0.66256,0.6626,1.00,1.00
2015.07.07 07:55:51.802,0.66256,0.66269,1.00,4.72
2015.07.07 07:55:51.853,0.66249,0.66255,1.50,1.00
2015.07.07 07:55:52.056,0.66244,0.66249,1.00,1.00
2015.07.07 07:55:52.337,0.66246,0.6625,1.00,1.00
2015.07.07 07:55:52.654,0.66243,0.66248,1.50,1.00
2015.07.07 07:55:53.162,0.66242,0.66247,1.50,1.00
2015.07.07 07:55:58.457,0.66241,0.66246,1.00,1.00
2015.07.07 07:55:59.738,0.6624,0.66246,2.47,1.00
2015.07.07 07:56:00.518,0.66234,0.6624,1.50,1.00
2015.07.07 07:56:01.025,0.66234,0.6624,1.50,1.00
2015.07.07 07:56:01.454,0.66236,0.6624,1.00,1.00
2015.07.07 07:56:02.067,0.66237,0.66241,1.00,1.00
2015.07.07 07:56:02.532,0.66235,0.6624,1.50,1.00
2015.07.07 07:56:02.634,0.66233,0.66239,2.25,1.00
2015.07.07 07:56:03.152,0.66234,0.66239,1.00,1.00
2015.07.07 07:56:05.463,0.66234,0.66245,1.00,1.00
2015.07.07 07:56:05.514,0.66222,0.66227,1.42,1.00
2015.07.07 07:56:05.565,0.6622,0.66224,1.10,1.00
2015.07.07 07:56:05.616,0.6622,0.66224,1.00,1.00
2015.07.07 07:56:05.667,0.66214,0.6622,1.50,1.00
2015.07.07 07:56:05.819,0.66211,0.6622,1.75,1.00
2015.07.07 07:56:05.871,0.66211,0.66217,1.00,1.00
2015.07.07 07:56:05.922,0.6621,0.66215,1.00,1.00
2015.07.07 07:56:06.074,0.66207,0.66212,1.00,1.00
2015.07.07 07:56:06.333,0.66207,0.66214,1.00,1.00
2015.07.07 07:56:06.386,0.66204,0.66208,1.00,1.00
2015.07.07 07:56:07.121,0.66204,0.6621,1.50,1.00
2015.07.07 07:56:07.580,0.66209,0.66213,1.00,1.00
2015.07.07 07:56:07.682,0.66208,0.66212,1.50,1.00
2015.07.07 07:56:08.188,0.6621,0.66214,1.50,1.00
2015.07.07 07:56:08.568,0.66208,0.66212,1.00,1.00
2015.07.07 07:56:08.725,0.66211,0.66215,1.00,1.00
2015.07.07 07:56:08.776,0.66212,0.66216,1.00,1.00
2015.07.07 07:56:08.878,0.66212,0.66219,1.00,1.00
2015.07.07 07:56:08.930,0.66216,0.6622,1.00,1.00
2015.07.07 07:56:09.468,0.66218,0.66222,1.00,1.00
2015.07.07 07:56:09.774,0.66218,0.66222,1.00,1.00
2015.07.07 07:56:09.879,0.66216,0.66221,1.50,1.00
2015.07.07 07:56:11.212,0.66217,0.66221,1.00,1.00
2015.07.07 07:56:11.510,0.66214,0.6622,1.87,1.00
2015.07.07 07:56:12.227,0.66214,0.66219,1.50,1.00
2015.07.07 07:56:15.955,0.66214,0.66224,1.72,1.00
2015.07.07 07:56:16.006,0.66218,0.66226,1.37,1.00
2015.07.07 07:56:16.499,0.66222,0.66231,1.12,1.00
2015.07.07 07:56:16.550,0.66224,0.66231,1.00,1.00
2015.07.07 07:56:16.905,0.66227,0.66231,1.00,1.00
2015.07.07 07:56:19.929,0.66229,0.66233,1.00,1.00
2015.07.07 07:56:21.601,0.66228,0.66233,1.00,1.00
2015.07.07 07:56:23.251,0.66229,0.66233,1.50,1.00
2015.07.07 07:56:23.303,0.66229,0.6624,2.10,1.37
2015.07.07 07:56:23.355,0.66231,0.66242,1.72,1.00
2015.07.07 07:56:23.406,0.66236,0.66241,1.00,1.00
2015.07.07 07:56:23.728,0.66238,0.66242,1.50,1.00
2015.07.07 07:56:24.451,0.66237,0.66242,1.50,1.00
2015.07.07 07:56:25.000,0.66238,0.66242,1.00,1.00
2015.07.07 07:56:25.408,0.66234,0.66241,1.00,1.00
2015.07.07 07:56:26.688,0.66236,0.66241,1.00,1.00
2015.07.07 07:56:28.215,0.66237,0.66241,1.00,1.00
2015.07.07 07:56:28.419,0.66237,0.66244,1.00,1.00
2015.07.07 07:56:28.839,0.6624,0.66251,1.00,1.50
2015.07.07 07:56:28.991,0.66242,0.66251,1.00,1.50
2015.07.07 07:56:29.298,0.66245,0.66254,1.37,1.00
2015.07.07 07:56:29.603,0.66248,0.66257,1.12,1.00
2015.07.07 07:56:30.134,0.66248,0.66259,1.12,1.37
2015.07.07 07:56:30.888,0.66247,0.66259,1.37,1.00
2015.07.07 07:56:31.590,0.66248,0.66259,1.37,1.00
2015.07.07 07:56:32.279,0.66249,0.6626,1.12,1.00
2015.07.07 07:56:33.743,0.66252,0.6626,1.00,1.00
2015.07.07 07:56:34.260,0.66252,0.66261,1.00,1.12
2015.07.07 07:56:35.270,0.6625,0.66261,1.50,1.12
2015.07.07 07:56:37.266,0.66249,0.66259,1.12,1.00
2015.07.07 07:56:37.519,0.66245,0.66257,1.87,1.00
2015.07.07 07:56:38.040,0.66245,0.66258,1.37,1.50
2015.07.07 07:56:38.546,0.66242,0.66255,1.37,1.00
2015.07.07 07:56:39.302,0.66243,0.66257,1.37,2.25
2015.07.07 07:56:39.353,0.66243,0.66257,1.37,2.62
2015.07.07 07:56:39.860,0.66249,0.66255,1.00,1.12
2015.07.07 07:56:40.064,0.66251,0.66257,1.00,1.37
2015.07.07 07:56:40.418,0.66252,0.66259,1.00,1.37
2015.07.07 07:56:40.469,0.66253,0.66259,1.00,1.12
2015.07.07 07:56:40.723,0.66254,0.6626,1.00,1.00
2015.07.07 07:56:41.030,0.66261,0.66269,1.00,1.75
2015.07.07 07:56:41.557,0.66264,0.66269,1.00,1.00
2015.07.07 07:56:42.065,0.66264,0.6627,1.00,1.37
2015.07.07 07:56:42.167,0.66264,0.6627,1.00,1.00
2015.07.07 07:56:42.775,0.66264,0.66272,1.00,1.37
2015.07.07 07:56:42.826,0.66267,0.66271,1.00,1.00
2015.07.07 07:56:43.130,0.66272,0.66276,1.00,1.00
2015.07.07 07:56:43.181,0.66272,0.66279,1.00,1.12
2015.07.07 07:56:43.487,0.66274,0.6628,1.00,1.50
2015.07.07 07:56:44.130,0.66274,0.6628,1.00,1.12
2015.07.07 07:56:45.040,0.66274,0.6628,1.00,1.37
2015.07.07 07:56:46.147,0.66273,0.66277,1.00,1.00
2015.07.07 07:56:46.915,0.66272,0.66276,1.00,1.00
2015.07.07 07:56:46.966,0.66272,0.66277,1.00,1.00
2015.07.07 07:56:47.017,0.66273,0.66278,1.00,1.12
2015.07.07 07:56:47.371,0.66276,0.66283,1.00,1.37
2015.07.07 07:56:47.677,0.66282,0.66291,1.00,1.00
2015.07.07 07:56:48.225,0.66283,0.66292,1.00,1.50
2015.07.07 07:56:48.733,0.66283,0.66292,1.00,1.87
2015.07.07 07:56:49.372,0.66283,0.66291,1.00,1.37
2015.07.07 07:56:49.876,0.66283,0.6629,1.00,1.37
2015.07.07 07:56:50.433,0.66283,0.66288,1.00,1.00
2015.07.07 07:56:51.650,0.66283,0.6629,1.00,1.37
2015.07.07 07:56:52.392,0.66283,0.66288,1.00,1.00
2015.07.07 07:56:52.855,0.66282,0.66286,1.00,1.00
2015.07.07 07:56:53.588,0.66282,0.66288,1.00,1.00
2015.07.07 07:56:53.808,0.66282,0.66286,1.00,1.00
2015.07.07 07:56:54.061,0.66282,0.66288,1.00,1.12
2015.07.07 07:56:55.742,0.66278,0.66288,1.00,1.12
2015.07.07 07:56:55.793,0.66279,0.66285,1.00,1.12
2015.07.07 07:56:55.945,0.66275,0.66285,1.12,1.00
2015.07.07 07:56:56.097,0.66277,0.66285,1.00,1.00
2015.07.07 07:56:56.199,0.66275,0.66285,1.00,1.00
2015.07.07 07:56:56.301,0.66275,0.66285,1.00,2.10
2015.07.07 07:56:56.605,0.66275,0.66281,1.00,1.00
2015.07.07 07:56:56.656,0.66274,0.6628,1.00,1.00
2015.07.07 07:56:56.959,0.66276,0.66281,1.00,1.00
2015.07.07 07:56:57.113,0.66279,0.66288,1.00,1.00
2015.07.07 07:56:57.267,0.66279,0.66288,1.00,1.31
2015.07.07 07:56:57.571,0.66281,0.66289,1.00,1.87
2015.07.07 07:56:58.835,0.66279,0.66289,1.00,1.37
2015.07.07 07:56:59.089,0.66278,0.66286,1.00,1.00
2015.07.07 07:56:59.433,0.66274,0.66282,1.00,1.37
2015.07.07 07:56:59.940,0.66273,0.6628,1.00,1.12
2015.07.07 07:57:00.537,0.66273,0.66282,1.00,1.12
2015.07.07 07:57:01.044,0.66274,0.66282,1.00,1.12
2015.07.07 07:57:01.740,0.66273,0.66282,1.00,1.12
2015.07.07 07:57:01.791,0.66273,0.6628,1.00,1.00
2015.07.07 07:57:01.892,0.66273,0.66282,1.00,1.12
2015.07.07 07:57:02.342,0.66275,0.66282,1.00,1.12
2015.07.07 07:57:03.091,0.66275,0.66281,1.00,1.00
2015.07.07 07:57:03.605,0.66275,0.66281,1.00,1.37
2015.07.07 07:57:04.300,0.66275,0.66279,1.00,1.00
2015.07.07 07:57:04.807,0.66275,0.66281,1.00,1.37
2015.07.07 07:57:08.202,0.66276,0.66284,1.00,1.37
2015.07.07 07:57:08.254,0.6628,0.66285,1.00,2.25
2015.07.07 07:57:08.356,0.66281,0.66288,1.00,1.37
2015.07.07 07:57:08.407,0.66283,0.66289,1.00,1.65
2015.07.07 07:57:09.100,0.66283,0.6629,1.00,1.00
2015.07.07 07:57:09.648,0.66284,0.66291,1.00,1.87
2015.07.07 07:57:09.699,0.66285,0.66291,1.00,1.50
2015.07.07 07:57:09.902,0.66286,0.66293,1.00,1.12
2015.07.07 07:57:10.004,0.66288,0.66295,1.00,1.87
2015.07.07 07:57:10.409,0.6629,0.66296,1.00,1.00
2015.07.07 07:57:10.818,0.66292,0.66298,1.00,1.87
2015.07.07 07:57:10.920,0.66291,0.66296,1.00,1.12
2015.07.07 07:57:11.123,0.66292,0.66297,1.00,1.00
2015.07.07 07:57:11.174,0.66291,0.66297,1.00,1.00
2015.07.07 07:57:11.680,0.66291,0.66296,1.00,1.00
2015.07.07 07:57:12.051,0.66291,0.66299,1.00,1.00
2015.07.07 07:57:12.102,0.66295,0.66301,1.00,1.12
2015.07.07 07:57:12.204,0.66291,0.66299,1.00,1.00
2015.07.07 07:57:12.306,0.66294,0.66299,1.00,1.00
2015.07.07 07:57:13.018,0.66293,0.66297,1.00,1.00
2015.07.07 07:57:13.121,0.66289,0.66297,1.12,1.00
2015.07.07 07:57:13.408,0.66288,0.66292,1.12,1.00
2015.07.07 07:57:16.858,0.66289,0.66294,1.50,1.00
2015.07.07 07:57:18.545,0.66289,0.66293,1.00,1.00
2015.07.07 07:57:18.871,0.66287,0.66291,1.00,1.00
2015.07.07 07:57:20.779,0.66288,0.66292,1.00,1.00
2015.07.07 07:57:21.657,0.66289,0.66293,1.00,1.00
2015.07.07 07:57:21.859,0.66288,0.66292,1.50,1.00
2015.07.07 07:57:22.180,0.66291,0.66295,1.00,1.00
2015.07.07 07:57:22.332,0.66291,0.66297,1.00,1.00
2015.07.07 07:57:23.696,0.66291,0.663,1.00,1.37
2015.07.07 07:57:23.927,0.66294,0.663,1.00,1.00
2015.07.07 07:57:24.867,0.66293,0.663,1.00,1.00
2015.07.07 07:57:25.455,0.66296,0.663,1.50,1.00
2015.07.07 07:57:25.764,0.66293,0.66297,1.00,1.00
2015.07.07 07:57:26.272,0.66291,0.66298,1.87,1.00
2015.07.07 07:57:26.841,0.66291,0.66297,1.87,1.00
2015.07.07 07:57:29.822,0.66291,0.66296,1.37,1.00
2015.07.07 07:57:29.923,0.66288,0.66292,2.62,1.00
2015.07.07 07:57:30.430,0.66286,0.66291,1.37,1.00
2015.07.07 07:57:31.800,0.66286,0.66298,1.87,1.00
2015.07.07 07:57:32.081,0.66291,0.66298,1.00,2.25
2015.07.07 07:57:32.396,0.66291,0.66296,1.00,1.00
2015.07.07 07:57:32.498,0.66289,0.66296,1.00,1.00
2015.07.07 07:57:32.549,0.66292,0.66296,1.00,1.00
2015.07.07 07:57:32.651,0.6629,0.66296,1.00,1.00
2015.07.07 07:57:33.164,0.66289,0.66296,1.00,1.00
2015.07.07 07:57:33.669,0.66288,0.66296,1.00,1.00
2015.07.07 07:57:33.771,0.66288,0.66294,1.00,1.00
2015.07.07 07:57:33.872,0.66288,0.66296,1.00,1.12
2015.07.07 07:57:34.151,0.66287,0.66296,1.00,1.37
2015.07.07 07:57:34.252,0.66289,0.66296,1.00,1.00
2015.07.07 07:57:34.506,0.66287,0.66297,1.12,1.33
2015.07.07 07:57:34.607,0.66289,0.66297,1.00,1.33
2015.07.07 07:57:34.709,0.66285,0.66297,1.87,1.00
2015.07.07 07:57:34.967,0.66288,0.66299,1.12,1.12
2015.07.07 07:57:35.513,0.66289,0.66299,1.00,1.12
2015.07.07 07:57:36.212,0.66263,0.66267,1.00,1.50
2015.07.07 07:57:36.365,0.66259,0.66263,1.00,1.00
2015.07.07 07:57:36.568,0.66259,0.66263,1.50,1.00
2015.07.07 07:57:36.619,0.66257,0.66261,1.50,1.00
2015.07.07 07:57:36.670,0.66257,0.66261,1.00,1.00
2015.07.07 07:57:36.721,0.66254,0.66258,1.00,1.00
2015.07.07 07:57:37.274,0.66257,0.66261,1.00,1.00
2015.07.07 07:57:37.376,0.66257,0.66261,1.00,1.00
2015.07.07 07:57:37.884,0.66258,0.66262,1.00,1.00
2015.07.07 07:57:37.986,0.66258,0.66262,1.00,1.00
2015.07.07 07:57:38.037,0.66249,0.66259,7.12,2.10
2015.07.07 07:57:38.369,0.66238,0.66243,1.00,1.00
2015.07.07 07:57:39.671,0.66238,0.66244,1.50,1.00
2015.07.07 07:57:39.773,0.66239,0.66248,1.00,1.00
2015.07.07 07:57:39.875,0.66244,0.66252,1.00,1.50
2015.07.07 07:57:39.977,0.66244,0.66254,1.50,1.00
2015.07.07 07:57:40.130,0.66248,0.66257,1.00,1.00
2015.07.07 07:57:40.570,0.66254,0.66263,1.00,1.00
2015.07.07 07:57:40.621,0.66253,0.66267,1.50,1.50
2015.07.07 07:57:40.672,0.66257,0.66267,1.00,1.50
2015.07.07 07:57:41.330,0.66258,0.66267,1.00,1.00
2015.07.07 07:57:41.843,0.66257,0.66267,1.00,1.00
2015.07.07 07:57:42.865,0.66258,0.66267,1.00,1.00
2015.07.07 07:57:45.293,0.66265,0.66272,1.00,1.50
2015.07.07 07:57:45.396,0.66267,0.66277,1.50,1.00
2015.07.07 07:57:45.549,0.66268,0.66279,1.50,1.00
2015.07.07 07:57:46.058,0.66268,0.6628,1.50,1.00
2015.07.07 07:57:46.814,0.66267,0.6628,1.00,1.50
2015.07.07 07:57:47.320,0.66266,0.6628,1.00,1.50
2015.07.07 07:57:47.800,0.66266,0.66278,1.00,1.00
2015.07.07 07:57:48.873,0.66266,0.6628,1.00,1.50
2015.07.07 07:57:49.472,0.66266,0.66279,1.00,1.00
2015.07.07 07:57:51.534,0.66267,0.66279,1.00,1.00
2015.07.07 07:57:52.101,0.66267,0.6628,1.00,1.00
2015.07.07 07:57:53.744,0.66266,0.66278,3.75,1.00
2015.07.07 07:57:53.845,0.66266,0.6628,2.25,2.25
2015.07.07 07:57:55.152,0.66268,0.6628,1.00,1.50
2015.07.07 07:57:55.846,0.66266,0.6628,2.62,2.25
2015.07.07 07:57:56.355,0.66267,0.66281,1.50,1.87
2015.07.07 07:57:57.623,0.66268,0.6628,1.00,1.00
2015.07.07 07:57:57.826,0.66268,0.66282,1.87,1.12
2015.07.07 07:57:57.978,0.66274,0.66282,1.00,1.00
2015.07.07 07:57:58.352,0.66275,0.66289,1.00,1.87
2015.07.07 07:57:58.559,0.66277,0.66289,1.00,1.12
2015.07.07 07:58:00.135,0.66276,0.66289,1.00,2.62
2015.07.07 07:58:02.081,0.66285,0.66289,1.00,1.87
2015.07.07 07:58:02.134,0.66286,0.6629,2.62,1.00
2015.07.07 07:58:02.235,0.66286,0.66296,1.87,1.00
2015.07.07 07:58:02.388,0.66286,0.66298,1.87,1.00
2015.07.07 07:58:02.936,0.66288,0.66299,1.37,1.00
2015.07.07 07:58:03.438,0.66288,0.663,1.37,1.00
2015.07.07 07:58:06.814,0.66287,0.663,1.37,1.50
2015.07.07 07:58:06.916,0.66295,0.663,1.00,1.87
2015.07.07 07:58:06.967,0.66293,0.663,1.00,1.87
2015.07.07 07:58:07.507,0.66295,0.663,1.00,1.00
2015.07.07 07:58:08.124,0.66294,0.66298,1.00,1.00
2015.07.07 07:58:12.022,0.66294,0.66298,1.00,1.00
2015.07.07 07:58:12.368,0.66292,0.66298,1.00,1.87
2015.07.07 07:58:13.127,0.66294,0.66298,1.00,1.87
2015.07.07 07:58:13.473,0.66291,0.66295,1.00,1.00
2015.07.07 07:58:13.778,0.66293,0.66297,1.00,1.00
2015.07.07 07:58:13.829,0.66293,0.66298,1.00,1.87
2015.07.07 07:58:14.349,0.66293,0.66299,1.00,1.00
2015.07.07 07:58:14.696,0.66291,0.66299,1.00,1.00
2015.07.07 07:58:20.118,0.66289,0.66299,1.00,1.00
2015.07.07 07:58:22.426,0.66289,0.663,1.00,1.12
2015.07.07 07:58:22.721,0.66292,0.66301,1.37,1.00
2015.07.07 07:58:23.638,0.66295,0.66302,1.37,1.00
2015.07.07 07:58:25.160,0.66294,0.663,1.37,1.00
2015.07.07 07:58:25.690,0.66291,0.66301,3.00,1.00
2015.07.07 07:58:29.321,0.66291,0.663,2.25,1.00
2015.07.07 07:58:29.524,0.6629,0.663,2.62,1.00
2015.07.07 07:58:29.676,0.6629,0.66298,1.37,1.00
2015.07.07 07:58:30.374,0.6629,0.66298,1.37,1.00
2015.07.07 07:58:31.848,0.66291,0.663,1.37,1.00
2015.07.07 07:58:31.900,0.66291,0.663,1.37,1.00
2015.07.07 07:58:32.407,0.66291,0.663,1.37,1.00
2015.07.07 07:58:33.873,0.66291,0.66299,1.37,1.00
2015.07.07 07:58:34.377,0.66291,0.66301,1.37,1.00
2015.07.07 07:58:36.840,0.66291,0.663,1.37,1.00
2015.07.07 07:58:38.011,0.66291,0.66301,1.37,1.00
2015.07.07 07:58:39.330,0.66291,0.66301,1.50,1.00
2015.07.07 07:58:42.855,0.66291,0.663,1.50,1.00
2015.07.07 07:58:43.267,0.66293,0.663,1.00,1.00
2015.07.07 07:58:43.595,0.66297,0.66301,1.00,1.00
2015.07.07 07:58:44.391,0.66297,0.66301,1.00,1.00
2015.07.07 07:58:46.028,0.66293,0.66301,1.00,1.00
2015.07.07 07:58:46.274,0.66292,0.66299,1.50,2.62
2015.07.07 07:58:46.580,0.66294,0.66299,1.00,1.12
2015.07.07 07:58:47.108,0.66294,0.663,1.00,1.12
2015.07.07 07:58:49.917,0.66294,0.66299,1.00,1.00
2015.07.07 07:58:51.748,0.66293,0.66299,1.00,1.00
2015.07.07 07:58:54.443,0.66296,0.66301,1.00,1.00
2015.07.07 07:58:54.545,0.66297,0.66301,1.00,1.00
2015.07.07 07:58:54.748,0.66297,0.66303,1.00,1.00
2015.07.07 07:58:55.594,0.66293,0.66303,1.00,1.00
2015.07.07 07:58:56.846,0.66293,0.66304,1.00,1.00
2015.07.07 07:58:57.048,0.66293,0.66302,1.00,1.00
2015.07.07 07:58:57.362,0.66293,0.66304,1.50,1.00
2015.07.07 07:58:58.129,0.66296,0.66304,1.00,1.00
2015.07.07 07:58:58.834,0.66296,0.66305,1.00,2.25
2015.07.07 07:59:01.003,0.66296,0.66305,1.00,1.37
2015.07.07 07:59:01.206,0.66296,0.66306,1.00,2.62
2015.07.07 07:59:01.730,0.66296,0.66305,1.00,1.50
2015.07.07 07:59:04.869,0.66296,0.66304,1.00,1.00
2015.07.07 07:59:08.621,0.66296,0.66302,1.00,1.00
2015.07.07 07:59:14.829,0.66293,0.66302,1.00,1.00
2015.07.07 07:59:14.880,0.66293,0.663,1.00,1.00
2015.07.07 07:59:15.286,0.66289,0.66299,1.00,1.00
2015.07.07 07:59:15.662,0.66286,0.66297,1.00,1.00
2015.07.07 07:59:15.713,0.66291,0.66296,1.00,1.00
2015.07.07 07:59:15.865,0.66291,0.66298,1.00,2.25
2015.07.07 07:59:15.916,0.66294,0.66298,1.00,1.00
2015.07.07 07:59:15.967,0.66295,0.663,1.00,2.25
2015.07.07 07:59:16.017,0.66296,0.663,1.00,2.25
2015.07.07 07:59:16.170,0.66295,0.66299,1.50,1.00
2015.07.07 07:59:16.423,0.66297,0.66302,1.00,3.00
2015.07.07 07:59:17.858,0.66293,0.66297,1.87,1.00
2015.07.07 07:59:18.387,0.66294,0.66298,1.00,1.00
2015.07.07 07:59:18.846,0.66292,0.66297,1.12,1.00
2015.07.07 07:59:29.513,0.66291,0.66297,1.87,1.00
2015.07.07 07:59:32.986,0.66292,0.66297,1.00,1.00
2015.07.07 07:59:33.349,0.6629,0.66299,1.37,1.00
2015.07.07 07:59:34.735,0.6629,0.66302,1.37,1.00
2015.07.07 07:59:38.011,0.6629,0.66296,1.37,1.00
2015.07.07 07:59:38.134,0.6629,0.66304,1.37,1.00
2015.07.07 07:59:38.489,0.6629,0.66302,1.37,1.00
2015.07.07 07:59:38.795,0.66288,0.66298,1.50,1.00
2015.07.07 07:59:39.051,0.66288,0.66301,1.50,1.00
2015.07.07 07:59:41.051,0.66289,0.66301,1.00,1.00
2015.07.07 07:59:41.432,0.66289,0.66299,1.00,1.00
2015.07.07 07:59:41.736,0.66291,0.66301,1.00,1.00
2015.07.07 07:59:43.608,0.66291,0.66297,1.50,1.00
2015.07.07 07:59:44.043,0.66289,0.66297,2.25,1.00
2015.07.07 07:59:44.561,0.6629,0.66297,1.00,1.00
2015.07.07 07:59:50.300,0.6629,0.663,1.00,1.00
2015.07.07 07:59:50.503,0.6629,0.66297,1.50,1.00
2015.07.07 07:59:53.267,0.66294,0.66298,1.00,1.00
2015.07.07 07:59:53.815,0.66295,0.66299,1.00,1.00
2015.07.07 07:59:54.325,0.66293,0.66297,1.50,1.00
2015.07.07 07:59:54.769,0.66293,0.66298,1.00,1.00
2015.07.07 07:59:55.297,0.66294,0.66298,1.00,1.00
2015.07.07 07:59:55.756,0.66295,0.66301,1.00,1.00
2015.07.07 07:59:55.858,0.66295,0.66299,1.00,1.00
2015.07.07 07:59:55.960,0.66293,0.66297,1.00,1.00
2015.07.07 07:59:56.264,0.66291,0.66297,1.12,1.00
2015.07.07 07:59:56.417,0.66291,0.66296,1.12,1.00
