2013.07.05 08:00:02.621,0.78216,0.78235,1.32,1.50
2013.07.05 08:00:02.801,0.78214,0.78235,1.69,1.50
2013.07.05 08:00:07.971,0.78213,0.78233,2.44,1.73
2013.07.05 08:00:08.273,0.78211,0.78227,1.69,2.33
2013.07.05 08:00:08.395,0.78209,0.78226,1.32,1.58
2013.07.05 08:00:08.642,0.78204,0.78223,1.69,1.13
2013.07.05 08:00:09.072,0.78204,0.78221,2.44,1.50
2013.07.05 08:00:09.191,0.78204,0.78225,2.44,1.88
2013.07.05 08:00:10.060,0.78204,0.78226,3.19,1.50
2013.07.05 08:00:10.442,0.78204,0.78227,3.94,4.17
2013.07.05 08:00:10.620,0.78207,0.78226,1.50,1.69
2013.07.05 08:00:13.131,0.78207,0.78226,1.69,1.88
2013.07.05 08:00:13.190,0.78205,0.78226,1.69,1.88
2013.07.05 08:00:14.152,0.78204,0.78226,2.44,2.07
2013.07.05 08:00:14.960,0.78205,0.78226,1.69,1.69
2013.07.05 08:00:15.083,0.78206,0.78226,1.09,1.69
2013.07.05 08:00:15.203,0.78212,0.78227,1.65,1.13
2013.07.05 08:00:15.561,0.78214,0.78229,1.65,1.13
2013.07.05 08:00:15.622,0.78213,0.7823,1.65,1.88
2013.07.05 08:00:16.449,0.78216,0.78232,1.13,1.50
2013.07.05 08:00:16.527,0.78219,0.78235,1.50,2.25
2013.07.05 08:00:16.950,0.78216,0.78232,1.13,1.50
2013.07.05 08:00:17.010,0.78215,0.78232,1.32,1.50
2013.07.05 08:00:17.250,0.78215,0.78233,1.32,1.50
2013.07.05 08:00:18.100,0.78213,0.78233,2.07,1.50
2013.07.05 08:00:19.021,0.78213,0.78233,2.07,1.50
2013.07.05 08:00:19.751,0.78213,0.78232,2.07,2.63
2013.07.05 08:00:20.231,0.78209,0.78226,1.32,1.50
2013.07.05 08:00:20.292,0.78208,0.78226,1.17,1.50
2013.07.05 08:00:20.414,0.78207,0.78223,1.54,1.50
2013.07.05 08:00:20.660,0.78203,0.78222,1.69,1.50
2013.07.05 08:00:23.171,0.78206,0.78224,2.25,1.69
2013.07.05 08:00:23.291,0.78204,0.78224,2.07,1.50
2013.07.05 08:00:23.412,0.78206,0.78225,1.50,1.69
2013.07.05 08:00:24.891,0.78204,0.78225,2.07,1.69
2013.07.05 08:00:25.671,0.78201,0.78223,2.07,1.69
2013.07.05 08:00:25.975,0.78201,0.78216,1.13,1.50
2013.07.05 08:00:26.460,0.78201,0.78219,1.88,1.50
2013.07.05 08:00:26.822,0.78201,0.78219,1.13,1.50
2013.07.05 08:00:27.241,0.78198,0.78216,2.82,1.50
2013.07.05 08:00:27.780,0.78199,0.78216,1.69,1.50
2013.07.05 08:00:28.337,0.78198,0.78216,2.07,1.50
2013.07.05 08:00:29.631,0.782,0.78219,1.50,2.29
2013.07.05 08:00:30.318,0.78204,0.78222,2.55,1.50
2013.07.05 08:00:30.393,0.78207,0.78222,1.13,1.50
2013.07.05 08:00:30.814,0.7821,0.78226,1.50,1.50
2013.07.05 08:00:31.362,0.7821,0.78229,1.50,2.44
2013.07.05 08:00:33.300,0.7821,0.78229,1.50,2.44
2013.07.05 08:00:33.654,0.78209,0.78227,1.13,1.35
2013.07.05 08:00:33.773,0.78206,0.78226,3.19,1.50
2013.07.05 08:00:33.902,0.78204,0.78224,1.69,1.50
2013.07.05 08:00:34.081,0.78203,0.78224,1.69,1.69
2013.07.05 08:00:34.140,0.78201,0.78223,2.07,1.50
2013.07.05 08:00:34.261,0.78201,0.78223,2.07,1.69
2013.07.05 08:00:38.614,0.78201,0.78223,1.69,1.69
2013.07.05 08:00:39.382,0.78202,0.78223,1.50,1.69
2013.07.05 08:00:39.988,0.78203,0.78223,1.50,1.69
2013.07.05 08:00:40.821,0.78202,0.78223,1.69,1.69
2013.07.05 08:00:41.552,0.78202,0.78223,1.69,1.69
2013.07.05 08:00:42.973,0.782,0.78223,3.19,3.19
2013.07.05 08:00:43.124,0.782,0.78222,2.63,1.69
2013.07.05 08:00:43.364,0.782,0.78218,2.63,1.50
2013.07.05 08:00:44.028,0.78194,0.78216,2.44,1.69
2013.07.05 08:00:44.581,0.78196,0.78216,2.44,1.69
2013.07.05 08:00:45.300,0.78197,0.78216,1.88,1.69
2013.07.05 08:00:45.732,0.78198,0.78217,2.25,1.69
2013.07.05 08:00:45.911,0.78199,0.7822,2.44,1.32
2013.07.05 08:00:46.093,0.78201,0.7822,1.50,1.32
2013.07.05 08:00:46.931,0.78199,0.7822,2.44,1.32
2013.07.05 08:00:47.947,0.78199,0.78221,3.57,1.54
2013.07.05 08:00:48.912,0.78197,0.78218,1.69,1.50
2013.07.05 08:00:49.392,0.78202,0.7822,1.50,1.13
2013.07.05 08:00:49.451,0.78203,0.7822,1.50,1.13
2013.07.05 08:00:49.631,0.78204,0.78225,1.50,2.67
2013.07.05 08:00:49.990,0.78207,0.78225,1.50,2.67
2013.07.05 08:00:50.483,0.78204,0.78222,1.50,2.10
2013.07.05 08:00:50.842,0.78201,0.78221,2.82,1.35
2013.07.05 08:00:51.384,0.78203,0.78221,2.44,1.35
2013.07.05 08:00:51.631,0.78204,0.78225,1.69,2.48
2013.07.05 08:00:51.932,0.78208,0.78225,1.50,2.10
2013.07.05 08:01:01.211,0.78204,0.78225,2.44,1.35
2013.07.05 08:01:03.311,0.78205,0.78225,1.32,1.54
2013.07.05 08:01:05.141,0.78207,0.78225,1.50,1.54
2013.07.05 08:01:06.323,0.78207,0.78225,1.50,1.54
2013.07.05 08:01:06.381,0.78207,0.78225,1.50,1.54
2013.07.05 08:01:06.441,0.78207,0.78225,1.50,1.54
2013.07.05 08:01:06.741,0.7821,0.78227,2.25,1.50
2013.07.05 08:01:06.921,0.7821,0.78227,2.25,1.50
2013.07.05 08:01:07.281,0.78214,0.78229,1.50,2.25
2013.07.05 08:01:07.840,0.78213,0.78229,1.50,2.25
2013.07.05 08:01:08.442,0.78213,0.78228,1.50,1.50
2013.07.05 08:01:08.623,0.78213,0.78229,1.50,2.25
2013.07.05 08:01:08.981,0.78215,0.78229,1.50,2.25
2013.07.05 08:01:09.521,0.78213,0.78228,1.50,1.50
2013.07.05 08:01:09.640,0.78212,0.78229,1.69,2.25
2013.07.05 08:01:09.881,0.78213,0.78229,1.50,2.25
2013.07.05 08:01:11.182,0.78213,0.78232,2.25,2.67
2013.07.05 08:01:11.731,0.78213,0.78232,1.69,1.13
2013.07.05 08:01:11.971,0.78214,0.78232,1.69,1.13
2013.07.05 08:01:12.503,0.78214,0.78232,2.44,1.13
2013.07.05 08:01:13.010,0.78213,0.78232,2.44,1.13
2013.07.05 08:01:20.800,0.78216,0.78235,1.50,1.69
2013.07.05 08:01:21.162,0.78217,0.78235,2.07,1.50
2013.07.05 08:01:21.580,0.78219,0.78235,1.50,1.50
2013.07.05 08:01:22.081,0.78218,0.78235,1.50,1.50
2013.07.05 08:01:22.900,0.78218,0.78235,1.50,1.50
2013.07.05 08:01:23.597,0.78218,0.78235,1.50,1.50
2013.07.05 08:01:23.931,0.78218,0.78235,1.50,1.50
2013.07.05 08:01:24.970,0.78218,0.78235,1.50,1.50
2013.07.05 08:01:25.481,0.78218,0.78235,1.50,1.50
2013.07.05 08:01:26.006,0.78219,0.78235,1.50,1.50
2013.07.05 08:01:28.320,0.78218,0.78235,1.88,1.50
2013.07.05 08:01:28.829,0.78218,0.78235,1.13,1.50
2013.07.05 08:01:32.141,0.78218,0.78235,1.50,2.10
2013.07.05 08:01:33.980,0.78219,0.78235,1.50,2.10
2013.07.05 08:01:34.161,0.78219,0.78235,1.50,3.60
2013.07.05 08:01:34.400,0.78214,0.78232,4.02,1.50
2013.07.05 08:01:34.462,0.78215,0.78232,1.69,2.25
2013.07.05 08:01:34.522,0.78219,0.78235,1.13,2.10
2013.07.05 08:01:34.881,0.78224,0.78236,1.50,1.50
2013.07.05 08:01:37.493,0.78226,0.78239,1.50,2.25
2013.07.05 08:01:38.376,0.78229,0.78238,1.50,1.50
2013.07.05 08:01:38.463,0.7824,0.78258,1.50,2.10
2013.07.05 08:01:38.533,0.7824,0.78258,2.25,2.10
2013.07.05 08:01:38.891,0.78246,0.78262,1.50,1.50
2013.07.05 08:01:39.073,0.78247,0.78266,2.25,1.13
2013.07.05 08:01:39.252,0.78248,0.78266,1.69,1.13
2013.07.05 08:01:39.613,0.78246,0.78264,1.69,1.50
2013.07.05 08:01:40.151,0.78245,0.78264,1.69,2.10
2013.07.05 08:01:41.143,0.78244,0.78264,1.69,2.10
2013.07.05 08:01:41.685,0.78243,0.78263,2.07,2.25
2013.07.05 08:01:45.050,0.78243,0.7826,1.69,1.58
2013.07.05 08:01:45.231,0.78239,0.78253,1.13,1.50
2013.07.05 08:01:45.291,0.78238,0.78253,1.13,2.10
2013.07.05 08:01:45.412,0.78235,0.78253,2.63,2.48
2013.07.05 08:01:45.472,0.78235,0.78246,1.88,1.50
2013.07.05 08:01:45.712,0.78234,0.78249,1.13,1.50
2013.07.05 08:01:46.131,0.78232,0.78246,4.50,1.50
2013.07.05 08:01:47.232,0.78224,0.78246,2.44,1.69
2013.07.05 08:01:48.294,0.78226,0.78246,1.69,1.69
2013.07.05 08:01:48.796,0.78227,0.78246,1.50,1.69
2013.07.05 08:01:49.785,0.78228,0.78246,1.88,1.69
2013.07.05 08:01:50.671,0.78226,0.78246,1.69,1.69
2013.07.05 08:01:50.731,0.78226,0.78246,1.69,1.69
2013.07.05 08:01:50.851,0.78225,0.78247,1.69,3.42
2013.07.05 08:01:50.911,0.78238,0.78247,1.50,1.17
2013.07.05 08:01:51.032,0.78241,0.7825,2.25,1.13
2013.07.05 08:01:51.091,0.78241,0.78254,2.25,1.88
2013.07.05 08:01:51.152,0.78241,0.78254,1.13,1.88
2013.07.05 08:01:51.271,0.78237,0.78254,1.50,1.13
2013.07.05 08:01:51.571,0.78236,0.78254,1.50,1.73
2013.07.05 08:01:51.691,0.78236,0.78254,1.50,1.13
2013.07.05 08:01:51.871,0.78236,0.78254,1.50,1.13
2013.07.05 08:01:52.410,0.78235,0.78253,1.69,1.35
2013.07.05 08:01:52.701,0.78234,0.78253,1.69,1.35
2013.07.05 08:01:52.881,0.78234,0.78253,1.69,2.85
2013.07.05 08:01:53.443,0.78232,0.78251,1.32,1.35
2013.07.05 08:01:53.501,0.78232,0.78251,2.07,1.35
2013.07.05 08:01:53.681,0.78232,0.78251,1.32,1.35
2013.07.05 08:01:54.111,0.78233,0.78253,1.32,1.35
2013.07.05 08:01:54.171,0.78233,0.78255,1.32,1.69
2013.07.05 08:01:54.713,0.78234,0.78256,3.19,2.07
2013.07.05 08:01:54.893,0.78234,0.78255,2.44,1.54
2013.07.05 08:01:56.803,0.78235,0.78255,2.44,1.54
2013.07.05 08:02:00.835,0.78236,0.78257,2.44,1.32
2013.07.05 08:02:01.376,0.78236,0.78255,1.69,1.69
2013.07.05 08:02:01.441,0.78236,0.78255,1.69,1.69
2013.07.05 08:02:01.921,0.78236,0.78257,1.69,1.32
2013.07.05 08:02:02.232,0.78234,0.78255,2.44,1.35
2013.07.05 08:02:03.103,0.78233,0.78251,2.25,1.35
2013.07.05 08:02:03.365,0.78221,0.7824,1.13,2.25
2013.07.05 08:02:03.673,0.78219,0.7824,1.50,2.25
2013.07.05 08:02:03.871,0.78217,0.78238,2.44,1.50
2013.07.05 08:02:05.180,0.78215,0.78236,2.29,1.50
2013.07.05 08:02:05.300,0.78214,0.78236,3.57,2.10
2013.07.05 08:02:05.841,0.78214,0.78236,2.44,2.10
2013.07.05 08:02:06.691,0.78215,0.78236,2.44,2.10
2013.07.05 08:02:06.871,0.78216,0.78236,2.25,1.35
2013.07.05 08:02:07.171,0.78216,0.78236,2.44,1.35
2013.07.05 08:02:07.350,0.78216,0.78236,1.69,2.10
2013.07.05 08:02:08.471,0.78217,0.7824,2.44,2.44
2013.07.05 08:02:08.833,0.78221,0.78242,1.50,1.92
2013.07.05 08:02:09.172,0.78222,0.78244,1.50,1.69
2013.07.05 08:02:09.713,0.78224,0.78247,2.44,2.07
2013.07.05 08:02:09.892,0.78225,0.78248,3.19,1.32
2013.07.05 08:02:10.194,0.78224,0.78245,2.44,1.54
2013.07.05 08:02:10.383,0.78226,0.78244,1.69,2.25
2013.07.05 08:02:10.981,0.78226,0.78243,1.50,2.10
2013.07.05 08:02:11.521,0.78222,0.78243,1.32,1.69
2013.07.05 08:02:11.581,0.78222,0.78243,1.32,1.69
2013.07.05 08:02:11.701,0.7822,0.78241,1.69,1.54
2013.07.05 08:02:12.061,0.78215,0.78238,1.32,3.00
2013.07.05 08:02:12.121,0.78215,0.78236,1.13,1.69
2013.07.05 08:02:12.182,0.78217,0.78236,1.50,2.44
2013.07.05 08:02:12.542,0.78215,0.78236,1.32,1.69
2013.07.05 08:02:12.661,0.78217,0.78237,1.50,1.69
2013.07.05 08:02:12.841,0.78216,0.78237,1.69,1.69
2013.07.05 08:02:13.202,0.78217,0.78237,1.69,1.69
2013.07.05 08:02:13.440,0.78214,0.78236,3.19,1.50
2013.07.05 08:02:13.741,0.78217,0.78238,2.82,1.13
2013.07.05 08:02:14.284,0.78219,0.78241,1.69,1.54
2013.07.05 08:02:16.479,0.78218,0.78241,2.44,1.54
2013.07.05 08:02:18.351,0.78218,0.78241,1.69,1.54
2013.07.05 08:02:19.055,0.78217,0.78238,1.69,1.50
2013.07.05 08:02:19.602,0.78216,0.78236,1.69,1.50
2013.07.05 08:02:19.903,0.78215,0.78236,1.69,2.25
2013.07.05 08:02:19.974,0.78214,0.78234,1.69,1.35
2013.07.05 08:02:20.513,0.78214,0.78231,1.69,2.10
2013.07.05 08:02:20.873,0.78209,0.7823,2.44,1.50
2013.07.05 08:02:21.231,0.78208,0.78223,1.69,2.25
2013.07.05 08:02:21.352,0.782,0.78219,1.69,1.50
2013.07.05 08:02:21.651,0.78199,0.78219,1.32,1.50
2013.07.05 08:02:21.891,0.78199,0.78219,1.32,2.25
2013.07.05 08:02:22.431,0.78197,0.78217,1.69,2.25
2013.07.05 08:02:24.241,0.78197,0.78217,2.07,1.50
2013.07.05 08:02:24.601,0.78197,0.7822,3.57,1.32
2013.07.05 08:02:24.961,0.78199,0.7822,1.69,1.13
2013.07.05 08:02:26.240,0.78199,0.7822,1.69,1.32
2013.07.05 08:02:29.451,0.782,0.78223,1.69,2.44
2013.07.05 08:02:30.182,0.78206,0.78224,1.50,1.92
2013.07.05 08:02:35.891,0.78206,0.78226,1.69,1.69
2013.07.05 08:02:38.190,0.78207,0.78226,1.32,1.69
2013.07.05 08:02:39.362,0.78206,0.78226,2.82,1.69
2013.07.05 08:02:39.900,0.78206,0.78226,1.69,1.50
2013.07.05 08:02:44.501,0.78205,0.78224,1.69,1.35
2013.07.05 08:02:44.860,0.78205,0.78226,1.69,2.63
2013.07.05 08:02:48.410,0.78206,0.78228,2.44,2.29
2013.07.05 08:02:48.952,0.78208,0.78228,1.69,1.50
2013.07.05 08:02:49.491,0.78207,0.78228,1.69,3.00
2013.07.05 08:02:50.012,0.78207,0.78228,1.69,2.25
2013.07.05 08:02:51.412,0.78207,0.78228,1.69,1.88
2013.07.05 08:02:52.661,0.7821,0.7823,1.50,1.54
2013.07.05 08:02:53.682,0.7821,0.78233,2.44,3.94
2013.07.05 08:02:53.862,0.78213,0.78233,1.50,1.69
2013.07.05 08:02:54.222,0.78215,0.78234,1.69,1.35
2013.07.05 08:02:57.631,0.78215,0.78234,1.69,1.54
2013.07.05 08:02:57.940,0.78217,0.78236,2.07,1.50
2013.07.05 08:02:58.242,0.7822,0.78241,1.50,2.07
2013.07.05 08:02:58.301,0.7822,0.78241,1.50,1.32
2013.07.05 08:02:58.421,0.78224,0.78243,2.25,1.54
2013.07.05 08:02:58.721,0.78226,0.78248,3.00,1.32
2013.07.05 08:02:59.260,0.78226,0.78248,3.19,1.13
2013.07.05 08:03:00.602,0.78226,0.78248,2.44,2.63
2013.07.05 08:03:03.131,0.78238,0.78249,1.50,2.82
2013.07.05 08:03:03.251,0.78241,0.78249,1.88,1.50
2013.07.05 08:03:03.371,0.78241,0.78257,3.00,1.58
2013.07.05 08:03:03.493,0.78239,0.78252,1.88,1.13
2013.07.05 08:03:03.613,0.78234,0.78249,1.69,1.13
2013.07.05 08:03:03.671,0.78231,0.78249,1.69,1.88
2013.07.05 08:03:03.791,0.78229,0.78249,2.07,1.50
2013.07.05 08:03:03.853,0.78229,0.78249,1.32,3.75
2013.07.05 08:03:04.391,0.78225,0.78246,1.69,1.50
2013.07.05 08:03:05.111,0.78226,0.78245,1.69,1.35
2013.07.05 08:03:05.231,0.78234,0.78248,1.50,1.50
2013.07.05 08:03:05.351,0.78234,0.78252,1.50,2.44
2013.07.05 08:03:05.411,0.78232,0.78252,5.82,1.35
2013.07.05 08:03:05.831,0.78229,0.78252,2.44,3.79
2013.07.05 08:03:09.021,0.78227,0.78249,1.69,1.32
2013.07.05 08:03:09.575,0.78227,0.78249,1.69,1.32
2013.07.05 08:03:12.471,0.78231,0.7825,1.50,1.32
2013.07.05 08:03:13.006,0.7823,0.7825,2.25,1.32
2013.07.05 08:03:14.211,0.78227,0.78248,1.32,1.69
2013.07.05 08:03:15.471,0.7823,0.78248,1.69,1.50
2013.07.05 08:03:18.011,0.78235,0.78253,1.50,2.25
2013.07.05 08:03:18.081,0.78235,0.78254,1.69,1.13
2013.07.05 08:03:18.622,0.78237,0.78256,2.44,2.85
2013.07.05 08:03:19.951,0.78237,0.78256,2.44,2.48
2013.07.05 08:03:20.461,0.78238,0.78256,1.69,2.48
2013.07.05 08:03:22.680,0.78237,0.78256,1.69,2.48
2013.07.05 08:03:22.981,0.78236,0.78256,2.44,2.48
2013.07.05 08:03:28.330,0.78236,0.78256,1.69,2.85
2013.07.05 08:03:30.910,0.78236,0.78254,1.69,1.13
2013.07.05 08:03:33.931,0.78236,0.78256,1.69,2.85
2013.07.05 08:03:36.312,0.78236,0.78256,2.44,3.98
2013.07.05 08:03:36.931,0.78236,0.78255,1.69,1.50
2013.07.05 08:03:38.941,0.78236,0.78255,1.69,1.50
2013.07.05 08:03:42.753,0.78236,0.78256,3.19,2.48
2013.07.05 08:03:45.702,0.78237,0.78256,1.69,1.73
2013.07.05 08:03:46.641,0.7824,0.78257,1.13,1.88
2013.07.05 08:03:47.002,0.78245,0.78262,2.25,1.50
2013.07.05 08:03:47.361,0.78251,0.78268,1.50,4.35
2013.07.05 08:03:47.481,0.78255,0.7827,1.69,1.13
2013.07.05 08:03:47.660,0.78255,0.78274,1.69,1.50
2013.07.05 08:03:47.841,0.78258,0.78275,1.50,2.25
2013.07.05 08:03:48.141,0.78259,0.78277,1.50,2.10
2013.07.05 08:03:50.020,0.78259,0.78277,1.69,2.10
2013.07.05 08:03:53.182,0.78259,0.78277,2.44,2.10
2013.07.05 08:03:54.593,0.7826,0.78279,2.44,1.13
2013.07.05 08:03:55.131,0.78262,0.78279,1.69,1.13
2013.07.05 08:03:55.653,0.78262,0.7828,1.69,1.50
2013.07.05 08:03:56.171,0.78262,0.7828,1.69,1.50
2013.07.05 08:03:58.031,0.78262,0.78279,1.69,2.10
2013.07.05 08:04:00.116,0.78259,0.78276,1.32,1.50
2013.07.05 08:04:00.242,0.78258,0.78276,2.07,1.50
2013.07.05 08:04:00.481,0.78258,0.78276,2.07,1.50
2013.07.05 08:04:04.451,0.78258,0.78276,1.69,2.33
2013.07.05 08:04:04.990,0.78258,0.78276,1.69,1.50
2013.07.05 08:04:05.521,0.78255,0.78276,2.07,1.50
2013.07.05 08:04:06.235,0.78257,0.78278,1.69,1.13
2013.07.05 08:04:06.542,0.78257,0.78278,1.69,1.20
2013.07.05 08:04:06.664,0.78257,0.78277,1.69,2.33
2013.07.05 08:04:06.912,0.78256,0.78274,1.69,2.25
2013.07.05 08:04:07.214,0.78255,0.78273,1.32,1.50
2013.07.05 08:04:07.343,0.78253,0.78271,2.44,1.50
2013.07.05 08:04:07.523,0.78252,0.78269,1.32,1.50
2013.07.05 08:04:07.651,0.78251,0.78266,1.32,1.50
2013.07.05 08:04:08.012,0.78246,0.78264,2.44,2.25
2013.07.05 08:04:08.781,0.78246,0.78264,1.69,1.50
2013.07.05 08:04:10.130,0.78247,0.78266,2.82,1.50
2013.07.05 08:04:11.090,0.7825,0.78269,1.50,2.29
2013.07.05 08:04:11.392,0.78253,0.78272,2.25,1.69
2013.07.05 08:04:11.454,0.78254,0.78272,1.50,1.50
2013.07.05 08:04:11.701,0.78256,0.78274,1.50,2.07
2013.07.05 08:04:11.883,0.78256,0.78276,1.69,2.25
2013.07.05 08:04:12.481,0.78256,0.78274,1.69,1.13
2013.07.05 08:04:16.633,0.78255,0.78276,1.69,2.82
2013.07.05 08:04:17.872,0.78255,0.78274,1.69,2.25
2013.07.05 08:04:20.640,0.78255,0.78275,1.69,1.50
2013.07.05 08:04:21.710,0.78254,0.78274,2.44,1.50
2013.07.05 08:04:22.256,0.78254,0.78272,2.44,1.50
2013.07.05 08:04:23.751,0.78254,0.78272,1.69,1.50
2013.07.05 08:04:24.170,0.78254,0.78274,1.69,1.50
2013.07.05 08:04:24.691,0.78254,0.78274,1.69,1.50
2013.07.05 08:04:26.440,0.78254,0.78274,1.69,1.50
2013.07.05 08:04:28.471,0.78254,0.78274,2.82,1.50
2013.07.05 08:04:29.071,0.78254,0.78274,2.82,2.25
2013.07.05 08:04:29.611,0.78255,0.78276,1.32,2.44
2013.07.05 08:04:30.836,0.78255,0.78275,1.69,1.50
2013.07.05 08:04:31.231,0.78256,0.78276,1.69,1.50
2013.07.05 08:04:31.411,0.78255,0.78276,2.07,1.50
2013.07.05 08:04:33.150,0.78254,0.78275,2.82,1.50
2013.07.05 08:04:40.981,0.78255,0.78274,1.32,1.50
2013.07.05 08:04:41.581,0.78254,0.78274,2.82,1.50
2013.07.05 08:04:42.120,0.78254,0.78273,2.82,1.35
2013.07.05 08:04:42.713,0.78254,0.78273,2.07,1.35
2013.07.05 08:04:43.852,0.78254,0.78272,1.69,1.50
2013.07.05 08:04:44.391,0.78257,0.78275,1.69,1.65
2013.07.05 08:04:45.062,0.78256,0.78275,1.69,2.40
2013.07.05 08:04:45.121,0.78255,0.78271,3.57,1.35
2013.07.05 08:04:45.182,0.78255,0.78271,2.07,1.35
2013.07.05 08:04:45.361,0.78248,0.78268,2.07,1.69
2013.07.05 08:04:45.601,0.78249,0.78265,1.50,2.10
2013.07.05 08:04:45.781,0.78245,0.78259,1.50,1.50
2013.07.05 08:04:45.841,0.78242,0.78259,2.44,1.50
2013.07.05 08:04:46.470,0.78243,0.78261,2.44,1.50
2013.07.05 08:04:46.830,0.78244,0.78263,1.50,2.48
2013.07.05 08:04:47.071,0.78244,0.78264,2.25,1.92
2013.07.05 08:04:47.191,0.78244,0.78263,2.44,1.92
2013.07.05 08:04:47.370,0.78244,0.78263,2.44,1.17
2013.07.05 08:04:48.391,0.78244,0.78263,1.69,1.54
2013.07.05 08:04:49.452,0.78244,0.78262,1.69,2.25
2013.07.05 08:04:50.771,0.78243,0.78262,1.69,1.50
2013.07.05 08:04:51.311,0.78243,0.78263,1.69,2.67
2013.07.05 08:04:52.642,0.78244,0.78264,1.69,2.29
2013.07.05 08:04:56.671,0.78244,0.78265,3.19,2.29
2013.07.05 08:04:57.031,0.78247,0.78269,1.69,1.54
2013.07.05 08:04:57.211,0.78248,0.78271,3.19,1.54
2013.07.05 08:04:57.512,0.78253,0.78272,1.50,1.13
2013.07.05 08:04:58.050,0.78253,0.78274,1.50,2.29
2013.07.05 08:05:01.501,0.78254,0.78273,1.69,1.69
2013.07.05 08:05:01.621,0.78253,0.78271,1.88,1.54
2013.07.05 08:05:01.681,0.78253,0.78269,1.13,1.50
2013.07.05 08:05:01.812,0.78251,0.78269,1.50,1.50
2013.07.05 08:05:01.871,0.78251,0.78269,1.50,2.25
2013.07.05 08:05:02.231,0.7825,0.78265,1.50,1.50
2013.07.05 08:05:02.471,0.7825,0.78267,2.25,1.50
2013.07.05 08:05:02.591,0.7825,0.78266,1.50,3.00
2013.07.05 08:05:03.271,0.78238,0.78256,1.50,2.07
2013.07.05 08:05:03.462,0.78236,0.78257,3.94,1.92
2013.07.05 08:05:03.901,0.78239,0.78257,2.82,1.35
2013.07.05 08:05:04.141,0.78239,0.7826,2.82,1.69
2013.07.05 08:05:04.382,0.78239,0.78259,2.82,1.54
2013.07.05 08:05:04.501,0.78239,0.78258,1.32,1.50
2013.07.05 08:05:05.041,0.78239,0.78259,1.32,3.04
2013.07.05 08:05:05.102,0.78239,0.78259,2.82,2.29
2013.07.05 08:05:05.461,0.78239,0.7826,1.32,1.69
2013.07.05 08:05:05.581,0.78239,0.78259,1.32,1.69
2013.07.05 08:05:05.941,0.78244,0.7826,1.50,1.69
2013.07.05 08:05:06.421,0.78244,0.78261,1.50,1.69
2013.07.05 08:05:07.581,0.78243,0.7826,1.50,1.50
2013.07.05 08:05:08.091,0.78243,0.7826,1.50,1.50
2013.07.05 08:05:12.361,0.78243,0.7826,1.50,1.69
2013.07.05 08:05:14.561,0.78244,0.7826,1.88,1.50
2013.07.05 08:05:15.221,0.78244,0.78263,1.88,1.69
2013.07.05 08:05:16.302,0.78244,0.78264,1.88,1.92
2013.07.05 08:05:18.901,0.78244,0.7826,1.50,1.50
2013.07.05 08:05:19.442,0.78244,0.78261,1.50,1.69
2013.07.05 08:05:20.262,0.78241,0.78259,1.88,1.50
2013.07.05 08:05:20.381,0.78241,0.78257,1.13,1.50
2013.07.05 08:05:20.622,0.78239,0.78253,1.50,1.50
2013.07.05 08:05:20.682,0.78236,0.78253,1.69,1.50
2013.07.05 08:05:21.221,0.78236,0.78254,1.69,1.50
2013.07.05 08:05:22.332,0.78237,0.78257,1.88,2.44
2013.07.05 08:05:22.451,0.78237,0.78257,2.07,2.44
2013.07.05 08:05:22.871,0.78237,0.78256,2.07,1.50
2013.07.05 08:05:23.231,0.78236,0.78254,1.69,2.10
2013.07.05 08:05:23.352,0.78234,0.78251,1.69,1.50
2013.07.05 08:05:23.711,0.78236,0.78254,1.69,1.50
2013.07.05 08:05:24.602,0.78236,0.78254,1.69,2.25
2013.07.05 08:05:24.961,0.78234,0.78252,1.50,1.50
2013.07.05 08:05:25.691,0.78234,0.78252,1.50,1.50
2013.07.05 08:05:26.861,0.78234,0.78252,1.50,1.69
2013.07.05 08:05:33.029,0.78236,0.78253,1.50,1.35
2013.07.05 08:05:33.593,0.78236,0.78253,2.25,1.35
2013.07.05 08:05:33.669,0.7824,0.78259,1.50,3.04
2013.07.05 08:05:36.251,0.78241,0.78259,1.50,2.10
2013.07.05 08:05:36.550,0.78241,0.7826,1.50,1.69
2013.07.05 08:05:36.671,0.78241,0.7826,3.00,1.69
2013.07.05 08:05:37.532,0.78243,0.7826,1.13,1.69
2013.07.05 08:05:38.893,0.78243,0.78261,2.63,2.29
2013.07.05 08:05:39.430,0.78244,0.78261,1.13,1.54
2013.07.05 08:05:44.121,0.78243,0.7826,1.50,1.69
2013.07.05 08:05:44.481,0.78241,0.7826,2.44,1.69
2013.07.05 08:05:44.791,0.78241,0.7826,1.69,2.44
2013.07.05 08:05:46.390,0.78241,0.7826,1.50,1.69
2013.07.05 08:05:54.497,0.78241,0.7826,1.88,2.44
2013.07.05 08:05:56.460,0.78241,0.7826,1.88,1.69
2013.07.05 08:06:00.051,0.78241,0.7826,1.88,1.69
2013.07.05 08:06:00.662,0.78241,0.7826,1.88,1.69
2013.07.05 08:06:03.881,0.78241,0.7826,1.13,1.69
2013.07.05 08:06:04.713,0.78242,0.7826,1.13,1.69
2013.07.05 08:06:05.072,0.78244,0.78261,2.63,1.50
2013.07.05 08:06:05.432,0.78245,0.78262,1.95,1.35
2013.07.05 08:06:05.791,0.78251,0.7827,1.95,2.29
2013.07.05 08:06:05.972,0.78251,0.7827,2.70,2.29
2013.07.05 08:06:06.511,0.78251,0.7827,2.63,2.29
2013.07.05 08:06:06.571,0.78251,0.7827,1.88,2.29
2013.07.05 08:06:07.120,0.78251,0.7827,1.88,2.29
2013.07.05 08:06:08.300,0.78251,0.7827,1.50,2.29
2013.07.05 08:06:15.581,0.78251,0.7827,1.50,2.29
2013.07.05 08:06:17.043,0.78251,0.7827,1.50,2.29
2013.07.05 08:06:17.381,0.78248,0.78267,1.32,1.50
2013.07.05 08:06:17.920,0.78247,0.78265,1.50,1.69
2013.07.05 08:06:18.041,0.78246,0.78265,1.50,1.69
2013.07.05 08:06:18.341,0.78244,0.78264,1.50,1.77
2013.07.05 08:06:18.952,0.78244,0.78262,1.50,2.25
2013.07.05 08:06:19.482,0.78244,0.78262,1.50,1.69
2013.07.05 08:06:22.381,0.78244,0.78262,1.50,1.69
2013.07.05 08:06:23.138,0.78244,0.78263,1.88,2.44
2013.07.05 08:06:23.681,0.78244,0.78262,1.88,1.69
2013.07.05 08:06:25.411,0.78244,0.78263,1.50,2.44
2013.07.05 08:06:29.101,0.78244,0.78263,1.50,2.44
2013.07.05 08:06:35.321,0.78244,0.78263,1.50,2.44
2013.07.05 08:06:36.057,0.78244,0.78262,1.50,1.69
2013.07.05 08:06:40.034,0.78244,0.78262,1.50,1.69
2013.07.05 08:06:43.312,0.78244,0.78262,1.50,1.69
2013.07.05 08:06:44.293,0.78244,0.78262,1.88,1.69
2013.07.05 08:06:48.872,0.78245,0.78263,1.88,1.69
2013.07.05 08:06:48.931,0.78249,0.78266,1.50,1.54
2013.07.05 08:06:49.473,0.7825,0.7827,1.50,3.94
2013.07.05 08:06:52.171,0.78251,0.78269,1.50,1.69
2013.07.05 08:06:57.334,0.78249,0.78269,1.32,1.69
2013.07.05 08:06:57.642,0.78246,0.78265,2.07,1.50
2013.07.05 08:06:57.702,0.78246,0.78265,1.13,1.69
2013.07.05 08:06:57.762,0.78244,0.78265,2.44,1.69
2013.07.05 08:06:59.784,0.78244,0.78264,1.88,1.69
2013.07.05 08:07:04.473,0.78244,0.78262,1.50,2.44
2013.07.05 08:07:07.070,0.78241,0.78261,1.32,1.50
2013.07.05 08:07:07.372,0.78238,0.7826,1.69,1.69
2013.07.05 08:07:07.431,0.78238,0.78258,1.69,1.69
2013.07.05 08:07:12.551,0.78237,0.78257,1.69,1.50
2013.07.05 08:07:13.451,0.78237,0.78257,1.69,1.50
2013.07.05 08:07:14.893,0.78239,0.78261,2.44,2.29
2013.07.05 08:07:15.251,0.78244,0.78262,2.25,1.50
2013.07.05 08:07:15.312,0.78245,0.78262,1.50,1.50
2013.07.05 08:07:18.361,0.78246,0.78266,1.13,2.29
2013.07.05 08:07:19.091,0.78246,0.78266,1.13,3.79
2013.07.05 08:07:22.780,0.78243,0.78263,2.44,1.69
2013.07.05 08:07:31.887,0.78244,0.78265,3.75,1.69
2013.07.05 08:07:32.012,0.78244,0.78266,4.69,2.29
2013.07.05 08:07:37.346,0.78244,0.78263,1.69,1.69
2013.07.05 08:07:37.892,0.78243,0.78261,1.69,1.50
2013.07.05 08:07:38.073,0.78243,0.78259,1.69,1.35
2013.07.05 08:07:38.253,0.7824,0.78258,1.32,1.50
2013.07.05 08:07:38.491,0.78237,0.78258,1.69,1.50
2013.07.05 08:07:38.611,0.78235,0.78256,2.44,1.50
2013.07.05 08:07:38.851,0.78234,0.78256,2.07,1.50
2013.07.05 08:07:38.912,0.78234,0.78256,3.57,1.50
2013.07.05 08:07:39.272,0.78237,0.78257,1.50,1.69
2013.07.05 08:07:40.292,0.78237,0.78257,1.69,1.69
2013.07.05 08:07:41.183,0.78237,0.78257,1.69,2.44
2013.07.05 08:07:49.761,0.78237,0.78256,1.69,1.50
2013.07.05 08:07:50.993,0.78237,0.78257,1.69,1.69
2013.07.05 08:07:51.541,0.78237,0.78257,1.69,2.44
2013.07.05 08:08:04.372,0.78234,0.78256,4.32,1.50
2013.07.05 08:08:04.612,0.78234,0.78253,2.82,1.50
2013.07.05 08:08:04.671,0.78234,0.78253,1.69,1.50
2013.07.05 08:08:05.185,0.78234,0.78254,1.69,2.25
2013.07.05 08:08:06.382,0.78234,0.78253,1.69,1.50
2013.07.05 08:08:07.135,0.78234,0.78253,1.69,1.50
2013.07.05 08:08:08.023,0.78234,0.78253,1.50,1.69
2013.07.05 08:08:09.122,0.78234,0.78253,1.50,1.69
2013.07.05 08:08:11.352,0.78234,0.78253,1.58,1.69
2013.07.05 08:08:12.251,0.78234,0.78255,2.70,1.69
2013.07.05 08:08:12.791,0.78234,0.78255,2.70,1.69
2013.07.05 08:08:13.961,0.78234,0.78255,2.70,1.69
2013.07.05 08:08:14.490,0.78234,0.78255,2.70,1.69
2013.07.05 08:08:16.568,0.78234,0.78256,2.70,2.44
2013.07.05 08:08:22.231,0.78234,0.78256,2.52,1.69
2013.07.05 08:08:23.914,0.78234,0.78256,3.64,1.69
2013.07.05 08:08:24.451,0.78235,0.78256,2.25,1.69
2013.07.05 08:08:24.752,0.78243,0.78262,3.75,5.67
2013.07.05 08:08:24.871,0.78243,0.78262,3.75,1.50
2013.07.05 08:08:25.056,0.78246,0.78265,2.25,1.69
2013.07.05 08:08:27.042,0.78246,0.78266,1.50,1.69
2013.07.05 08:08:27.992,0.78245,0.78266,2.44,1.69
2013.07.05 08:08:31.062,0.78247,0.78266,1.13,1.69
2013.07.05 08:08:33.402,0.78246,0.78266,1.50,1.69
2013.07.05 08:08:35.022,0.78246,0.78266,1.50,1.69
2013.07.05 08:08:36.563,0.78245,0.78266,2.44,1.69
2013.07.05 08:08:37.193,0.78245,0.78266,2.07,1.69
2013.07.05 08:08:37.732,0.78245,0.78266,1.69,1.69
2013.07.05 08:08:39.893,0.78245,0.78266,1.69,2.07
2013.07.05 08:08:40.343,0.78245,0.78266,1.32,2.07
2013.07.05 08:08:42.912,0.78243,0.78263,1.88,1.69
2013.07.05 08:08:43.272,0.7824,0.78259,1.69,1.35
2013.07.05 08:08:43.871,0.7824,0.78259,1.69,2.10
2013.07.05 08:08:44.450,0.7824,0.78259,1.32,1.35
2013.07.05 08:08:45.191,0.7824,0.78259,1.69,1.35
2013.07.05 08:08:45.883,0.7824,0.78259,1.69,1.35
2013.07.05 08:08:48.473,0.7824,0.78259,1.69,1.35
2013.07.05 08:08:49.631,0.7824,0.78259,1.69,1.35
2013.07.05 08:08:56.003,0.7824,0.78259,1.69,1.54
2013.07.05 08:08:56.184,0.7824,0.78259,1.69,2.29
2013.07.05 08:09:07.423,0.78239,0.78259,1.32,1.54
2013.07.05 08:09:07.663,0.78239,0.78257,1.13,1.50
2013.07.05 08:09:08.021,0.78235,0.78253,1.50,2.25
2013.07.05 08:09:08.142,0.78234,0.78253,1.88,1.50
2013.07.05 08:09:08.681,0.78234,0.78253,1.88,2.25
2013.07.05 08:09:10.031,0.78234,0.78251,1.88,2.10
2013.07.05 08:09:10.212,0.78232,0.7825,1.32,1.35
2013.07.05 08:09:10.391,0.78232,0.78247,1.13,1.50
2013.07.05 08:09:10.515,0.78227,0.78246,1.50,1.88
2013.07.05 08:09:12.042,0.78227,0.78247,1.13,1.69
2013.07.05 08:09:12.102,0.78227,0.78248,1.13,2.07
2013.07.05 08:09:12.925,0.78234,0.78249,1.13,1.69
2013.07.05 08:09:13.112,0.78234,0.78253,1.13,2.07
2013.07.05 08:09:13.293,0.78241,0.78255,1.35,1.54
2013.07.05 08:09:13.653,0.7825,0.78263,1.50,2.10
2013.07.05 08:09:13.713,0.7825,0.78265,2.25,2.85
2013.07.05 08:09:13.772,0.7825,0.78268,2.25,2.10
2013.07.05 08:09:14.072,0.78252,0.78269,1.88,3.79
2013.07.05 08:09:14.192,0.78252,0.7827,2.25,2.82
2013.07.05 08:09:14.672,0.78253,0.78271,2.25,1.69
2013.07.05 08:09:15.093,0.78253,0.78269,1.50,1.50
2013.07.05 08:09:15.401,0.78251,0.78266,1.50,2.85
2013.07.05 08:09:16.179,0.78249,0.78266,2.25,2.85
2013.07.05 08:09:17.992,0.78251,0.78266,1.50,2.85
2013.07.05 08:09:20.402,0.7825,0.78266,2.63,3.79
2013.07.05 08:09:23.462,0.78252,0.78266,1.50,3.79
2013.07.05 08:09:27.691,0.78248,0.78266,3.38,3.79
2013.07.05 08:09:30.431,0.78248,0.78266,1.50,3.79
2013.07.05 08:09:32.936,0.78248,0.78266,1.50,3.79
2013.07.05 08:09:34.052,0.78252,0.78266,1.50,3.79
2013.07.05 08:09:41.794,0.78251,0.78266,1.50,3.79
2013.07.05 08:09:42.452,0.78253,0.78267,1.58,1.69
2013.07.05 08:09:42.572,0.78253,0.7827,2.33,1.69
2013.07.05 08:09:43.133,0.78254,0.78271,1.20,3.04
2013.07.05 08:09:43.431,0.78253,0.78269,3.08,1.13
2013.07.05 08:09:43.971,0.78254,0.78271,1.58,2.29
2013.07.05 08:09:49.423,0.78254,0.78271,2.33,1.35
2013.07.05 08:09:54.921,0.78253,0.78271,1.88,2.29
2013.07.05 08:09:56.924,0.78256,0.78271,1.13,2.29
2013.07.05 08:09:57.461,0.78255,0.78271,2.63,1.54
2013.07.05 08:09:57.702,0.78257,0.78272,1.50,2.10
2013.07.05 08:09:57.762,0.78258,0.78274,1.50,1.13
2013.07.05 08:09:57.882,0.78261,0.78277,1.50,2.10
2013.07.05 08:09:58.421,0.78259,0.78279,1.88,1.54
2013.07.05 08:10:04.652,0.78261,0.78279,2.25,1.54
2013.07.05 08:10:05.513,0.78262,0.78279,2.25,1.54
2013.07.05 08:10:05.572,0.78264,0.78284,1.13,2.44
2013.07.05 08:10:05.751,0.78264,0.78285,2.63,1.69
2013.07.05 08:10:06.951,0.78264,0.78285,1.32,1.69
2013.07.05 08:10:08.891,0.78266,0.78284,1.50,3.04
2013.07.05 08:10:10.992,0.78267,0.78284,1.50,3.04
2013.07.05 08:10:12.373,0.78266,0.78284,1.88,3.04
2013.07.05 08:10:16.732,0.78268,0.78284,1.13,3.04
2013.07.05 08:10:16.791,0.78267,0.78284,1.13,3.04
2013.07.05 08:10:16.912,0.7827,0.7829,1.50,1.69
2013.07.05 08:10:17.151,0.78269,0.78286,1.50,3.00
2013.07.05 08:10:17.453,0.78268,0.78284,2.25,1.35
2013.07.05 08:10:17.751,0.78268,0.78284,1.88,1.35
2013.07.05 08:10:18.277,0.78268,0.78284,1.88,1.35
2013.07.05 08:10:20.642,0.78268,0.78284,1.13,1.35
2013.07.05 08:10:21.061,0.78271,0.78284,1.50,1.35
2013.07.05 08:10:21.183,0.78271,0.78286,1.50,2.44
2013.07.05 08:10:21.422,0.7827,0.78286,1.50,1.50
2013.07.05 08:10:21.662,0.78267,0.78286,2.44,3.00
2013.07.05 08:10:22.401,0.78272,0.78284,1.50,1.35
2013.07.05 08:10:27.031,0.78269,0.78284,1.50,1.35
2013.07.05 08:10:27.153,0.78269,0.78284,1.50,1.35
2013.07.05 08:10:30.082,0.78268,0.78284,1.50,1.54
2013.07.05 08:10:39.603,0.78268,0.78282,1.50,2.25
2013.07.05 08:10:39.783,0.78266,0.78279,1.50,3.00
2013.07.05 08:10:40.922,0.78265,0.78273,1.50,2.10
2013.07.05 08:10:41.042,0.7826,0.78273,1.69,2.10
2013.07.05 08:10:41.761,0.78261,0.78278,1.50,1.54
2013.07.05 08:10:41.821,0.78261,0.78279,1.50,1.54
2013.07.05 08:10:42.802,0.78263,0.78279,1.50,1.54
2013.07.05 08:10:46.533,0.78263,0.78279,1.13,1.54
2013.07.05 08:10:50.091,0.78262,0.78279,1.88,1.54
2013.07.05 08:10:50.602,0.78262,0.78279,2.07,1.35
2013.07.05 08:10:52.081,0.78262,0.78278,2.07,1.35
2013.07.05 08:10:52.202,0.78261,0.78276,1.32,2.85
2013.07.05 08:10:52.722,0.78258,0.78276,3.00,2.85
2013.07.05 08:10:53.384,0.78258,0.78276,2.63,2.85
2013.07.05 08:10:57.082,0.78258,0.78276,2.82,2.85
2013.07.05 08:10:59.321,0.7826,0.78276,1.50,2.85
2013.07.05 08:11:09.711,0.78261,0.78279,1.50,2.29
2013.07.05 08:11:10.251,0.7826,0.78279,2.25,1.54
2013.07.05 08:11:13.341,0.78261,0.78276,1.50,2.10
2013.07.05 08:11:16.170,0.7826,0.78274,1.50,1.35
2013.07.05 08:11:17.825,0.78259,0.78266,1.50,1.50
2013.07.05 08:11:17.952,0.78255,0.78266,1.50,1.88
2013.07.05 08:11:18.012,0.78251,0.78266,2.44,2.63
2013.07.05 08:11:18.133,0.78247,0.78266,1.77,2.48
2013.07.05 08:11:18.371,0.78254,0.78266,1.88,1.32
2013.07.05 08:11:18.552,0.78257,0.78268,1.50,1.50
2013.07.05 08:11:18.672,0.78252,0.78268,2.25,1.88
2013.07.05 08:11:18.854,0.78249,0.78266,1.32,2.10
2013.07.05 08:11:19.587,0.7825,0.78266,2.25,3.04
2013.07.05 08:11:19.685,0.78249,0.78266,1.13,3.04
2013.07.05 08:11:20.201,0.78247,0.78266,1.88,3.42
2013.07.05 08:11:21.401,0.78249,0.78266,2.25,1.32
2013.07.05 08:11:22.902,0.78253,0.78266,1.50,1.32
2013.07.05 08:11:22.962,0.78253,0.78267,1.50,2.07
2013.07.05 08:11:23.142,0.7825,0.78267,1.50,1.32
2013.07.05 08:11:23.201,0.78254,0.78269,1.50,2.29
2013.07.05 08:11:23.442,0.78255,0.78276,2.63,2.82
2013.07.05 08:11:27.981,0.78256,0.78277,1.13,2.82
2013.07.05 08:11:30.374,0.78256,0.78277,1.13,2.82
2013.07.05 08:11:33.442,0.78257,0.78278,1.50,2.67
2013.07.05 08:11:33.501,0.78257,0.78278,1.50,1.92
2013.07.05 08:11:33.621,0.7826,0.78278,1.50,1.17
2013.07.05 08:11:39.352,0.78261,0.78279,1.50,1.32
2013.07.05 08:11:39.891,0.78264,0.78282,3.00,1.69
2013.07.05 08:11:39.951,0.78264,0.78285,3.38,1.69
2013.07.05 08:11:40.072,0.78266,0.78285,1.50,1.69
2013.07.05 08:11:43.013,0.78265,0.78285,1.50,2.07
2013.07.05 08:11:43.518,0.78264,0.78285,3.38,2.07
2013.07.05 08:12:01.134,0.78265,0.78286,1.50,2.07
2013.07.05 08:12:03.691,0.78264,0.78286,3.94,2.07
2013.07.05 08:12:04.231,0.78263,0.78283,2.07,1.69
2013.07.05 08:12:04.591,0.78264,0.78284,2.44,1.54
2013.07.05 08:12:10.593,0.78266,0.78286,1.13,2.07
2013.07.05 08:12:10.834,0.7827,0.78287,1.13,1.50
2013.07.05 08:12:11.133,0.78268,0.78286,1.88,1.50
2013.07.05 08:12:16.135,0.78266,0.78286,1.69,1.69
2013.07.05 08:12:16.383,0.78265,0.78286,1.69,1.69
2013.07.05 08:12:17.201,0.78264,0.78284,1.69,1.88
2013.07.05 08:12:20.403,0.78264,0.78284,1.69,2.07
2013.07.05 08:12:24.621,0.78264,0.78284,1.50,1.32
2013.07.05 08:12:24.682,0.78264,0.78284,1.50,1.32
2013.07.05 08:12:25.231,0.78266,0.78284,2.25,1.32
2013.07.05 08:12:26.181,0.78266,0.78284,1.50,1.32
2013.07.05 08:12:34.181,0.78266,0.78286,3.00,2.07
2013.07.05 08:12:35.573,0.78266,0.78286,1.88,2.07
2013.07.05 08:12:36.113,0.78264,0.78282,1.69,1.35
2013.07.05 08:12:39.662,0.78263,0.78281,1.88,2.10
2013.07.05 08:12:39.962,0.78258,0.78277,2.25,2.85
2013.07.05 08:12:42.922,0.78258,0.78276,1.13,1.50
2013.07.05 08:12:43.901,0.78258,0.78276,1.50,1.50
2013.07.05 08:12:50.601,0.78258,0.78276,1.69,1.50
2013.07.05 08:12:50.783,0.78257,0.78276,1.69,1.50
2013.07.05 08:12:51.392,0.78255,0.78274,1.32,2.25
2013.07.05 08:12:52.803,0.78254,0.78271,2.44,1.50
2013.07.05 08:12:52.863,0.78254,0.78271,1.69,1.88
2013.07.05 08:12:53.405,0.78254,0.78271,1.69,1.88
2013.07.05 08:12:54.191,0.78254,0.78271,1.69,1.88
2013.07.05 08:12:55.093,0.78254,0.78271,1.50,3.00
2013.07.05 08:12:55.452,0.78254,0.78267,1.50,1.50
2013.07.05 08:12:56.112,0.78251,0.78267,1.69,3.00
2013.07.05 08:12:56.233,0.78251,0.78266,1.50,1.50
2013.07.05 08:12:56.472,0.78246,0.78264,3.94,2.85
2013.07.05 08:12:57.065,0.78246,0.78262,2.44,2.25
2013.07.05 08:12:57.137,0.7824,0.78257,1.32,3.98
2013.07.05 08:12:57.383,0.7824,0.78255,1.32,1.50
2013.07.05 08:13:01.642,0.7824,0.78255,1.50,2.85
2013.07.05 08:13:02.192,0.7824,0.78254,1.50,2.25
2013.07.05 08:13:02.512,0.78239,0.78254,1.13,2.25
2013.07.05 08:13:02.943,0.78237,0.78253,2.07,2.25
2013.07.05 08:13:03.002,0.78237,0.78251,1.32,1.13
2013.07.05 08:13:03.121,0.78232,0.7825,2.07,1.50
2013.07.05 08:13:03.661,0.78232,0.7825,2.07,1.50
2013.07.05 08:13:06.252,0.78232,0.7825,2.07,1.50
2013.07.05 08:13:06.791,0.78232,0.7825,2.07,2.25
2013.07.05 08:13:07.661,0.78233,0.78251,1.69,2.63
2013.07.05 08:13:08.381,0.78233,0.7825,1.69,1.50
2013.07.05 08:13:09.895,0.78229,0.78249,3.19,1.50
2013.07.05 08:13:10.143,0.78225,0.78246,2.44,1.50
2013.07.05 08:13:10.202,0.78224,0.78246,1.69,4.35
2013.07.05 08:13:10.321,0.78224,0.78245,1.50,1.17
2013.07.05 08:13:10.441,0.78224,0.78242,1.88,1.73
2013.07.05 08:13:10.627,0.78224,0.78241,1.88,1.73
2013.07.05 08:13:11.133,0.78224,0.78242,1.50,2.48
2013.07.05 08:13:11.711,0.78224,0.7824,1.50,1.50
2013.07.05 08:13:14.963,0.78223,0.78238,1.50,2.25
2013.07.05 08:13:16.363,0.78223,0.7824,1.50,1.69
2013.07.05 08:13:16.902,0.78223,0.78241,2.25,2.25
2013.07.05 08:13:17.425,0.78223,0.78242,2.25,2.67
2013.07.05 08:13:25.342,0.78224,0.78242,1.69,1.35
2013.07.05 08:13:26.022,0.78224,0.78241,1.69,2.25
2013.07.05 08:13:26.551,0.78224,0.78241,1.69,1.50
2013.07.05 08:13:27.073,0.78223,0.78241,2.44,1.50
2013.07.05 08:13:27.311,0.78223,0.7824,2.25,1.50
2013.07.05 08:13:27.612,0.78222,0.78236,1.13,2.25
2013.07.05 08:13:27.913,0.78221,0.78234,1.50,1.50
2013.07.05 08:13:28.392,0.78219,0.78233,2.25,1.50
2013.07.05 08:13:29.326,0.78219,0.78233,2.25,1.50
2013.07.05 08:13:30.012,0.78219,0.78234,2.25,2.25
2013.07.05 08:13:35.112,0.78219,0.78235,2.44,1.69
2013.07.05 08:13:36.033,0.78219,0.78234,2.82,2.25
2013.07.05 08:13:36.583,0.78219,0.78235,2.82,1.69
2013.07.05 08:13:37.574,0.78219,0.78234,2.07,1.73
2013.07.05 08:13:37.634,0.78219,0.78226,2.07,1.50
2013.07.05 08:13:37.995,0.78209,0.78219,1.50,3.00
2013.07.05 08:13:38.182,0.78205,0.78219,1.50,1.50
2013.07.05 08:13:38.302,0.782,0.78215,4.88,2.10
2013.07.05 08:13:38.363,0.782,0.78215,2.63,2.10
2013.07.05 08:13:38.481,0.78198,0.78216,1.32,3.00
2013.07.05 08:13:39.102,0.78194,0.78216,3.57,1.88
2013.07.05 08:13:41.722,0.78195,0.78216,2.44,3.38
2013.07.05 08:13:41.901,0.78196,0.78216,1.69,2.07
2013.07.05 08:13:45.441,0.78197,0.78216,1.50,1.69
2013.07.05 08:13:45.689,0.78197,0.78216,1.50,2.07
2013.07.05 08:13:47.386,0.78197,0.78216,1.50,2.07
2013.07.05 08:13:53.871,0.78197,0.78216,3.00,1.69
2013.07.05 08:13:53.932,0.782,0.78217,1.50,3.04
2013.07.05 08:13:54.174,0.78201,0.78218,1.50,1.69
2013.07.05 08:13:54.531,0.78205,0.7822,1.50,1.69
2013.07.05 08:13:54.771,0.78202,0.78219,1.50,1.13
2013.07.05 08:13:55.131,0.78201,0.78219,2.25,1.13
2013.07.05 08:13:55.491,0.78201,0.78219,1.50,1.13
2013.07.05 08:13:55.872,0.78201,0.78219,1.50,1.13
2013.07.05 08:13:56.111,0.78201,0.78219,1.50,1.13
2013.07.05 08:13:56.172,0.78205,0.7822,1.50,1.69
2013.07.05 08:13:56.534,0.78201,0.78219,2.25,1.13
2013.07.05 08:13:56.661,0.78201,0.78219,2.25,1.13
2013.07.05 08:13:56.901,0.78201,0.78219,1.50,1.13
2013.07.05 08:13:57.382,0.78201,0.78219,1.50,1.32
2013.07.05 08:13:59.973,0.78201,0.78219,1.50,1.32
2013.07.05 08:14:00.153,0.78203,0.7822,1.50,1.69
2013.07.05 08:14:04.521,0.78206,0.7822,1.50,1.69
2013.07.05 08:14:06.761,0.78203,0.7822,2.25,1.69
2013.07.05 08:14:10.541,0.78203,0.7822,1.50,1.69
2013.07.05 08:14:11.072,0.78203,0.7822,1.50,1.69
2013.07.05 08:14:13.798,0.78202,0.7822,1.69,1.50
2013.07.05 08:14:22.391,0.78202,0.7822,1.50,1.69
2013.07.05 08:14:23.814,0.78202,0.78217,1.50,2.10
2013.07.05 08:14:23.933,0.78202,0.78219,1.50,1.54
2013.07.05 08:14:24.913,0.78203,0.78219,1.13,1.54
2013.07.05 08:14:25.093,0.78205,0.7822,1.50,1.54
2013.07.05 08:14:25.452,0.78211,0.78225,1.50,1.69
2013.07.05 08:14:25.512,0.7821,0.78225,1.50,1.69
2013.07.05 08:14:26.372,0.78206,0.78225,1.88,1.69
2013.07.05 08:14:28.212,0.78206,0.78224,1.13,1.69
2013.07.05 08:14:30.293,0.78206,0.78226,1.58,2.44
2013.07.05 08:14:39.062,0.78207,0.78226,1.13,2.44
2013.07.05 08:14:46.603,0.78207,0.78226,3.38,1.69
2013.07.05 08:14:46.902,0.78213,0.78231,1.50,3.94
2013.07.05 08:14:47.023,0.78213,0.78232,1.50,2.44
2013.07.05 08:14:47.262,0.78215,0.78233,3.00,1.69
2013.07.05 08:14:49.422,0.78215,0.78234,2.25,1.69
2013.07.05 08:14:50.232,0.78215,0.78234,1.13,1.69
2013.07.05 08:14:50.773,0.78214,0.78232,1.50,1.54
2013.07.05 08:14:50.952,0.78212,0.78231,2.44,2.25
2013.07.05 08:14:51.072,0.78211,0.78231,1.88,2.44
2013.07.05 08:14:51.392,0.7821,0.78231,2.07,1.69
2013.07.05 08:15:07.422,0.7821,0.78229,1.13,1.69
2013.07.05 08:15:07.962,0.78208,0.7823,1.32,1.69
2013.07.05 08:15:21.633,0.78208,0.78226,2.07,1.50
2013.07.05 08:15:21.992,0.78207,0.78224,1.50,1.35
2013.07.05 08:15:22.788,0.78204,0.78224,1.69,1.35
2013.07.05 08:15:31.602,0.78203,0.78224,2.44,2.29
2013.07.05 08:15:31.662,0.78204,0.78224,1.69,2.29
2013.07.05 08:15:34.572,0.78204,0.78224,1.69,1.54
2013.07.05 08:15:41.932,0.78204,0.78223,1.69,1.02
2013.07.05 08:15:46.402,0.78204,0.78224,1.69,1.43
2013.07.05 08:15:47.652,0.78204,0.78224,1.69,1.43
2013.07.05 08:15:48.373,0.78207,0.78225,1.50,1.32
2013.07.05 08:15:49.092,0.78206,0.78225,1.69,1.32
2013.07.05 08:15:49.634,0.78204,0.78225,2.44,1.32
2013.07.05 08:15:52.832,0.78206,0.78226,4.02,1.69
2013.07.05 08:15:53.192,0.78209,0.78227,2.25,1.69
2013.07.05 08:15:53.672,0.78207,0.78227,3.00,1.69
2013.07.05 08:15:54.226,0.78207,0.78227,3.00,1.69
2013.07.05 08:15:54.732,0.78209,0.78227,1.69,1.50
2013.07.05 08:15:54.852,0.78211,0.7823,1.50,1.69
2013.07.05 08:15:55.151,0.78213,0.78231,1.50,1.54
2013.07.05 08:15:55.392,0.78214,0.78233,1.50,1.32
2013.07.05 08:15:55.752,0.78216,0.78233,2.25,1.13
2013.07.05 08:15:55.932,0.78216,0.78236,3.00,1.69
2013.07.05 08:15:56.481,0.78217,0.78236,1.50,1.69
2013.07.05 08:15:57.418,0.78215,0.78236,2.44,1.69
2013.07.05 08:15:58.482,0.78215,0.78236,2.44,1.69
2013.07.05 08:15:58.962,0.78213,0.78235,3.57,2.85
2013.07.05 08:15:59.083,0.78213,0.78235,2.82,3.79
2013.07.05 08:16:01.842,0.78213,0.78235,2.44,3.04
2013.07.05 08:16:02.382,0.78213,0.78233,1.69,1.50
2013.07.05 08:16:04.962,0.78212,0.78229,1.32,1.50
2013.07.05 08:16:05.022,0.78212,0.78229,1.13,1.50
2013.07.05 08:16:05.655,0.78208,0.78225,1.50,2.10
2013.07.05 08:16:05.726,0.78203,0.78223,3.19,1.88
2013.07.05 08:16:07.162,0.7821,0.78223,1.50,1.73
2013.07.05 08:16:07.282,0.78214,0.78227,1.41,1.50
2013.07.05 08:16:07.402,0.78214,0.78227,1.41,2.25
2013.07.05 08:16:07.462,0.78213,0.78227,1.13,2.25
2013.07.05 08:16:08.001,0.78211,0.78226,1.50,2.25
2013.07.05 08:16:08.062,0.78211,0.78224,1.50,2.25
2013.07.05 08:16:08.264,0.78208,0.78224,2.25,3.60
2013.07.05 08:16:08.502,0.78206,0.78224,1.50,1.35
2013.07.05 08:16:08.622,0.78209,0.78225,1.13,1.35
2013.07.05 08:16:08.682,0.78214,0.78226,1.13,4.54
2013.07.05 08:16:08.742,0.78214,0.78226,1.13,2.25
2013.07.05 08:16:08.863,0.78214,0.78227,1.13,2.25
2013.07.05 08:16:09.343,0.7821,0.78226,1.13,2.25
2013.07.05 08:16:09.682,0.78208,0.78224,2.82,1.35
2013.07.05 08:16:10.102,0.78204,0.78224,2.44,1.35
2013.07.05 08:16:10.872,0.7821,0.78226,1.50,2.85
2013.07.05 08:16:10.991,0.78214,0.78228,1.50,2.25
2013.07.05 08:16:11.232,0.78212,0.78225,1.50,1.50
2013.07.05 08:16:11.292,0.78208,0.78225,1.69,1.50
2013.07.05 08:16:11.412,0.78206,0.78225,1.32,2.25
2013.07.05 08:16:11.772,0.78212,0.78226,1.50,1.88
2013.07.05 08:16:12.192,0.78212,0.78228,1.50,3.04
2013.07.05 08:16:12.312,0.78212,0.78228,1.88,1.50
2013.07.05 08:16:12.432,0.78214,0.78232,2.33,1.69
2013.07.05 08:16:12.792,0.78215,0.78232,2.25,1.50
2013.07.05 08:16:13.092,0.78216,0.78236,1.50,2.67
2013.07.05 08:16:13.212,0.78219,0.78236,2.25,2.67
2013.07.05 08:16:13.433,0.78219,0.78236,2.25,2.67
2013.07.05 08:16:13.735,0.78223,0.78236,1.50,2.67
2013.07.05 08:16:14.052,0.78222,0.78236,1.50,2.67
2013.07.05 08:16:14.113,0.78219,0.78236,1.50,2.67
2013.07.05 08:16:14.232,0.78221,0.78236,1.50,2.67
2013.07.05 08:16:14.773,0.78221,0.78236,1.50,2.67
2013.07.05 08:16:15.964,0.78221,0.78236,1.50,2.67
2013.07.05 08:16:16.322,0.78223,0.78236,1.50,2.29
2013.07.05 08:16:16.442,0.7822,0.78236,2.25,1.54
2013.07.05 08:16:16.623,0.7822,0.78238,3.00,1.13
2013.07.05 08:16:16.682,0.78223,0.78242,1.69,1.69
2013.07.05 08:16:17.222,0.78224,0.78243,1.69,1.13
2013.07.05 08:16:21.915,0.78224,0.78245,2.44,1.32
2013.07.05 08:16:22.634,0.78224,0.78245,1.69,1.32
2013.07.05 08:16:23.632,0.78225,0.78245,1.69,1.32
2013.07.05 08:16:24.122,0.78225,0.78243,2.44,1.50
2013.07.05 08:16:24.363,0.78223,0.7824,1.69,2.48
2013.07.05 08:16:24.901,0.78222,0.7824,2.44,2.48
2013.07.05 08:16:25.143,0.78223,0.7824,1.69,2.48
2013.07.05 08:16:26.262,0.78224,0.7824,1.50,2.48
2013.07.05 08:16:26.764,0.78224,0.7824,1.50,2.48
2013.07.05 08:16:27.362,0.78224,0.7824,1.50,2.10
2013.07.05 08:16:27.941,0.78222,0.7824,2.44,2.10
2013.07.05 08:16:55.602,0.78223,0.78242,2.25,1.13
2013.07.05 08:16:55.843,0.78234,0.78246,1.50,1.50
2013.07.05 08:16:56.143,0.78234,0.78246,1.69,1.50
2013.07.05 08:16:56.322,0.78234,0.78249,2.82,1.50
2013.07.05 08:16:56.383,0.78241,0.78248,1.50,1.50
2013.07.05 08:16:56.681,0.78246,0.78261,1.35,2.07
2013.07.05 08:16:57.221,0.78246,0.78262,1.35,1.69
2013.07.05 08:16:57.402,0.78246,0.78262,2.29,1.50
2013.07.05 08:16:58.203,0.78247,0.78263,2.25,2.03
2013.07.05 08:16:58.622,0.78245,0.78263,3.00,3.15
2013.07.05 08:17:06.643,0.78246,0.78263,1.50,1.02
2013.07.05 08:17:06.883,0.7825,0.78268,1.50,1.69
2013.07.05 08:17:07.182,0.78251,0.78269,1.50,1.69
2013.07.05 08:17:07.362,0.78253,0.78271,1.50,1.69
2013.07.05 08:17:13.233,0.78253,0.78273,1.50,2.07
2013.07.05 08:17:13.828,0.78253,0.78273,2.44,2.07
2013.07.05 08:17:19.222,0.7825,0.78269,3.00,2.25
2013.07.05 08:17:19.763,0.78249,0.78266,2.07,1.50
2013.07.05 08:17:20.602,0.78249,0.78266,1.32,2.25
2013.07.05 08:17:20.662,0.78246,0.78262,3.19,1.50
2013.07.05 08:17:20.842,0.78245,0.78257,2.25,1.50
2013.07.05 08:17:21.431,0.78244,0.78256,1.22,1.50
2013.07.05 08:17:21.932,0.78244,0.78256,1.97,1.50
2013.07.05 08:17:22.052,0.78246,0.78262,1.50,1.50
2013.07.05 08:17:22.113,0.78247,0.78263,1.50,1.50
2013.07.05 08:17:22.173,0.7825,0.78265,1.50,1.54
2013.07.05 08:17:22.352,0.7825,0.78269,1.50,2.44
2013.07.05 08:17:26.152,0.78251,0.78271,1.50,2.07
2013.07.05 08:17:26.402,0.78253,0.78272,1.50,1.92
2013.07.05 08:17:30.321,0.78253,0.78272,1.50,2.82
2013.07.05 08:17:30.682,0.7825,0.78266,1.50,1.50
2013.07.05 08:17:31.902,0.78252,0.78266,1.50,1.50
2013.07.05 08:17:32.261,0.78253,0.78266,1.32,1.50
2013.07.05 08:17:32.682,0.78252,0.78269,2.07,1.50
2013.07.05 08:17:32.982,0.78251,0.7827,1.50,2.29
2013.07.05 08:17:45.393,0.78251,0.78268,1.50,2.10
2013.07.05 08:17:45.752,0.78246,0.78263,1.50,1.50
2013.07.05 08:17:49.143,0.78244,0.78262,3.47,1.50
2013.07.05 08:17:49.322,0.78247,0.78264,1.69,1.58
2013.07.05 08:17:49.742,0.78246,0.78263,2.25,3.00
2013.07.05 08:17:49.982,0.78246,0.78263,1.50,1.50
2013.07.05 08:17:50.541,0.78246,0.78263,1.50,1.50
2013.07.05 08:17:50.962,0.78249,0.78264,1.50,1.09
2013.07.05 08:17:51.480,0.78247,0.78265,1.50,1.28
2013.07.05 08:17:54.202,0.78247,0.78265,1.69,1.65
2013.07.05 08:17:54.823,0.78247,0.78265,1.69,1.65
2013.07.05 08:17:55.338,0.78247,0.78265,1.69,1.65
2013.07.05 08:17:58.312,0.78247,0.78266,1.50,2.07
2013.07.05 08:17:58.613,0.78253,0.78268,1.50,1.69
2013.07.05 08:17:58.732,0.78253,0.78271,1.50,2.44
2013.07.05 08:17:58.912,0.78253,0.78273,1.50,3.57
2013.07.05 08:18:00.762,0.78253,0.78274,2.25,1.39
2013.07.05 08:18:10.530,0.78253,0.78275,3.19,3.42
2013.07.05 08:18:11.692,0.78253,0.78271,3.19,1.50
2013.07.05 08:18:17.469,0.78253,0.78271,2.44,1.88
2013.07.05 08:18:30.262,0.78253,0.78271,3.19,1.50
2013.07.05 08:18:41.393,0.78253,0.78271,2.44,2.25
2013.07.05 08:18:41.692,0.78251,0.78268,3.57,1.50
2013.07.05 08:18:41.932,0.78251,0.78267,2.82,1.50
2013.07.05 08:18:42.472,0.78251,0.78268,1.69,1.50
2013.07.05 08:18:47.572,0.7825,0.78267,1.69,1.50
2013.07.05 08:18:48.112,0.7825,0.78267,1.69,1.20
2013.07.05 08:18:49.382,0.78249,0.78266,1.50,3.08
2013.07.05 08:18:49.934,0.78249,0.78264,1.50,1.58
2013.07.05 08:18:51.127,0.78247,0.78263,1.50,1.50
2013.07.05 08:18:51.252,0.78247,0.78261,1.50,1.65
2013.07.05 08:18:51.372,0.78247,0.78262,1.50,1.08
2013.07.05 08:18:51.433,0.78246,0.78259,2.25,1.50
2013.07.05 08:18:51.552,0.78246,0.78263,2.25,2.25
2013.07.05 08:18:55.092,0.78246,0.78262,1.50,1.32
2013.07.05 08:18:55.172,0.78243,0.78259,1.32,4.35
2013.07.05 08:18:55.425,0.78239,0.78255,2.07,2.10
2013.07.05 08:18:55.614,0.78239,0.78254,1.13,1.50
2013.07.05 08:18:55.973,0.78233,0.78249,1.50,1.50
2013.07.05 08:18:56.214,0.78228,0.78246,2.07,1.50
2013.07.05 08:18:56.404,0.78229,0.78248,1.13,1.69
2013.07.05 08:18:56.585,0.78229,0.7825,1.32,1.35
2013.07.05 08:18:57.123,0.78229,0.7825,2.07,1.35
2013.07.05 08:18:57.674,0.78229,0.7825,2.07,1.35
2013.07.05 08:18:59.324,0.78227,0.78248,1.69,1.50
2013.07.05 08:18:59.963,0.78227,0.78247,1.69,2.25
2013.07.05 08:19:02.312,0.78227,0.78248,1.69,2.07
2013.07.05 08:19:02.912,0.78227,0.78248,1.69,2.07
2013.07.05 08:19:03.452,0.78227,0.7825,1.69,2.29
2013.07.05 08:19:11.436,0.78225,0.78247,2.82,1.50
2013.07.05 08:19:11.521,0.78224,0.78244,1.69,1.50
2013.07.05 08:19:11.715,0.78224,0.78243,1.69,1.50
2013.07.05 08:19:12.309,0.78224,0.7824,1.69,1.50
2013.07.05 08:19:12.970,0.78224,0.78241,1.69,1.50
2013.07.05 08:19:15.343,0.78223,0.7824,1.69,1.50
2013.07.05 08:19:15.702,0.78218,0.78235,1.32,1.50
2013.07.05 08:19:15.822,0.78217,0.78235,1.50,1.50
2013.07.05 08:19:15.882,0.78216,0.78234,1.50,3.00
2013.07.05 08:19:16.242,0.78215,0.7823,1.50,1.50
2013.07.05 08:19:17.662,0.78214,0.7823,2.44,1.50
2013.07.05 08:19:18.262,0.78214,0.78231,2.44,1.50
2013.07.05 08:19:18.844,0.78215,0.78232,1.69,1.50
2013.07.05 08:19:20.122,0.78215,0.78233,1.77,1.50
2013.07.05 08:19:20.303,0.78215,0.78236,1.77,2.07
2013.07.05 08:19:20.722,0.78217,0.78238,3.19,2.29
2013.07.05 08:19:20.783,0.78217,0.78239,3.19,2.44
2013.07.05 08:19:20.843,0.78218,0.78239,2.44,1.69
2013.07.05 08:19:21.382,0.78218,0.78241,2.44,2.82
2013.07.05 08:19:22.052,0.78218,0.78241,3.19,2.82
2013.07.05 08:19:26.172,0.78218,0.7824,1.32,2.07
2013.07.05 08:19:29.843,0.78217,0.78239,2.07,2.44
2013.07.05 08:19:31.152,0.78217,0.7824,2.07,1.69
2013.07.05 08:19:32.972,0.78217,0.78239,2.07,3.19
2013.07.05 08:19:33.152,0.78217,0.78236,2.07,1.50
2013.07.05 08:19:40.112,0.78216,0.78235,1.69,1.50
2013.07.05 08:19:40.232,0.78215,0.78234,1.32,3.00
2013.07.05 08:19:40.353,0.78215,0.78233,1.13,1.50
2013.07.05 08:19:40.892,0.78215,0.78231,1.13,1.50
2013.07.05 08:19:42.102,0.78214,0.78231,1.69,1.50
2013.07.05 08:19:42.642,0.78214,0.78231,1.69,1.50
2013.07.05 08:19:43.613,0.78214,0.78231,1.69,1.50
2013.07.05 08:19:43.974,0.78214,0.78229,1.50,1.50
2013.07.05 08:19:46.693,0.78214,0.78231,1.50,1.50
2013.07.05 08:20:06.462,0.78214,0.78229,1.50,1.50
2013.07.05 08:20:12.334,0.78214,0.78231,1.50,2.07
2013.07.05 08:20:24.682,0.78213,0.78231,2.25,1.69
2013.07.05 08:20:36.359,0.78211,0.78227,1.50,1.50
2013.07.05 08:20:36.604,0.7821,0.78225,1.69,1.50
2013.07.05 08:20:36.724,0.78208,0.78225,1.69,1.50
2013.07.05 08:20:37.142,0.78204,0.78224,1.69,1.50
2013.07.05 08:20:37.322,0.78204,0.78222,1.69,1.50
2013.07.05 08:20:38.476,0.78204,0.78224,2.44,2.25
2013.07.05 08:20:38.603,0.78208,0.78224,1.50,2.25
2013.07.05 08:20:38.722,0.78206,0.78224,1.77,2.25
2013.07.05 08:20:39.262,0.78206,0.78226,1.77,1.69
2013.07.05 08:20:40.124,0.78206,0.78226,1.77,1.69
2013.07.05 08:20:40.433,0.78209,0.78227,1.50,2.82
2013.07.05 08:20:40.792,0.78211,0.78229,1.50,1.13
2013.07.05 08:20:40.912,0.78211,0.78231,1.50,2.44
2013.07.05 08:20:41.452,0.78211,0.78229,1.50,2.10
2013.07.05 08:20:41.632,0.78211,0.78229,1.50,1.35
2013.07.05 08:20:42.172,0.78211,0.78231,2.25,2.07
2013.07.05 08:20:47.122,0.78211,0.7823,2.44,1.54
2013.07.05 08:20:47.484,0.78211,0.78225,2.44,1.50
2013.07.05 08:20:48.402,0.78211,0.78228,2.44,1.50
2013.07.05 08:21:02.233,0.78211,0.78227,1.50,1.50
2013.07.05 08:21:04.523,0.78211,0.78226,1.50,1.58
2013.07.05 08:21:04.702,0.7821,0.78225,2.25,1.58
2013.07.05 08:21:04.942,0.7821,0.78223,1.50,1.50
2013.07.05 08:21:05.803,0.78209,0.78224,2.25,1.95
2013.07.05 08:21:06.482,0.78209,0.78223,2.25,1.50
2013.07.05 08:21:07.106,0.78209,0.78224,2.25,1.95
2013.07.05 08:21:09.635,0.78207,0.78223,3.00,2.25
2013.07.05 08:21:09.753,0.78207,0.78222,3.00,1.50
2013.07.05 08:21:09.934,0.78207,0.78222,3.00,1.65
2013.07.05 08:21:10.173,0.78205,0.78216,1.50,1.50
2013.07.05 08:21:10.293,0.78201,0.78216,2.40,1.88
2013.07.05 08:21:10.472,0.782,0.78219,2.40,3.00
2013.07.05 08:21:10.953,0.78204,0.78217,1.50,1.50
2013.07.05 08:21:11.372,0.78204,0.7822,1.50,1.13
2013.07.05 08:21:12.424,0.78203,0.7822,1.50,1.88
2013.07.05 08:21:12.543,0.78203,0.78219,1.50,1.50
2013.07.05 08:21:12.902,0.78203,0.78218,2.25,1.50
2013.07.05 08:21:13.754,0.78203,0.7822,2.25,1.13
2013.07.05 08:21:16.724,0.78203,0.7822,2.44,1.50
2013.07.05 08:21:21.443,0.78203,0.78219,2.44,1.13
2013.07.05 08:21:21.989,0.78203,0.78219,2.44,1.13
2013.07.05 08:21:22.624,0.78203,0.78219,2.44,1.88
2013.07.05 08:21:23.972,0.78203,0.78219,1.69,1.88
2013.07.05 08:21:24.093,0.78203,0.78219,1.50,1.88
2013.07.05 08:21:24.453,0.78203,0.78215,1.50,2.25
2013.07.05 08:21:24.632,0.78201,0.78214,2.25,1.58
2013.07.05 08:21:25.543,0.782,0.78215,2.25,2.33
2013.07.05 08:21:26.152,0.782,0.78215,2.25,2.33
2013.07.05 08:21:26.392,0.782,0.78214,1.50,1.58
2013.07.05 08:21:29.913,0.78199,0.78214,1.50,1.50
2013.07.05 08:21:41.203,0.782,0.78214,2.25,1.50
2013.07.05 08:21:41.502,0.78203,0.7822,2.85,1.32
2013.07.05 08:21:41.743,0.78204,0.78222,3.00,1.50
2013.07.05 08:21:41.922,0.78205,0.78226,3.00,1.50
2013.07.05 08:21:42.222,0.78208,0.78228,1.50,2.44
2013.07.05 08:21:44.276,0.78207,0.78228,2.44,2.44
2013.07.05 08:21:47.852,0.78207,0.78227,2.44,1.69
2013.07.05 08:21:49.692,0.78206,0.78226,2.07,1.69
2013.07.05 08:21:50.232,0.78206,0.78228,1.69,2.44
2013.07.05 08:21:57.692,0.78207,0.78226,1.69,1.69
2013.07.05 08:21:59.792,0.78205,0.78226,1.69,1.69
2013.07.05 08:22:01.312,0.78205,0.78226,2.44,1.69
2013.07.05 08:22:10.494,0.78205,0.78226,1.32,2.44
2013.07.05 08:22:15.204,0.78204,0.78226,1.69,2.44
2013.07.05 08:22:18.125,0.78204,0.78226,2.07,3.94
2013.07.05 08:22:20.232,0.78204,0.78224,1.69,1.58
2013.07.05 08:22:23.472,0.78204,0.78224,1.69,1.77
2013.07.05 08:22:26.872,0.78204,0.78226,1.69,2.44
2013.07.05 08:22:27.432,0.78204,0.78224,1.69,2.44
2013.07.05 08:22:27.972,0.78204,0.78224,1.69,1.69
2013.07.05 08:22:28.803,0.78204,0.78224,1.69,2.44
2013.07.05 08:22:29.344,0.78204,0.78223,1.69,1.50
2013.07.05 08:22:29.645,0.78204,0.78223,1.69,1.50
2013.07.05 08:22:29.705,0.78203,0.7822,1.50,1.50
2013.07.05 08:22:30.496,0.78203,0.78221,2.25,1.50
2013.07.05 08:22:31.045,0.78204,0.78223,1.88,1.50
2013.07.05 08:22:31.583,0.78204,0.78222,1.88,1.50
2013.07.05 08:22:32.803,0.78204,0.78224,2.07,2.44
2013.07.05 08:22:33.352,0.78204,0.78225,2.07,2.07
2013.07.05 08:22:34.743,0.78204,0.78224,1.69,2.82
2013.07.05 08:22:35.283,0.78204,0.78224,1.69,2.82
2013.07.05 08:22:35.812,0.78204,0.78224,1.69,2.82
2013.07.05 08:22:36.413,0.78203,0.7822,1.69,1.13
2013.07.05 08:22:36.536,0.78203,0.7822,1.50,1.13
2013.07.05 08:22:37.795,0.78203,0.7822,2.25,1.13
2013.07.05 08:22:38.156,0.78204,0.78222,2.25,1.69
2013.07.05 08:22:38.283,0.78204,0.78223,2.25,2.44
2013.07.05 08:22:38.342,0.78204,0.78223,1.69,1.50
2013.07.05 08:22:43.942,0.78204,0.78221,1.69,1.50
2013.07.05 08:22:44.243,0.78203,0.7822,1.50,2.63
2013.07.05 08:22:44.893,0.78203,0.7822,1.50,1.88
2013.07.05 08:22:47.192,0.78203,0.7822,1.50,1.88
2013.07.05 08:23:01.813,0.78203,0.78219,1.50,1.13
2013.07.05 08:23:02.524,0.78203,0.78219,1.50,1.88
2013.07.05 08:23:03.231,0.78203,0.78219,1.50,1.88
2013.07.05 08:23:14.992,0.78203,0.78219,1.50,1.88
2013.07.05 08:23:29.582,0.78201,0.78218,2.44,1.88
2013.07.05 08:23:30.142,0.78201,0.7822,2.44,1.69
2013.07.05 08:23:31.502,0.78201,0.7822,2.44,1.32
2013.07.05 08:23:44.233,0.78201,0.7822,1.69,1.50
2013.07.05 08:23:51.191,0.78201,0.7822,2.07,1.13
2013.07.05 08:23:56.482,0.78201,0.7822,2.07,1.32
2013.07.05 08:23:59.422,0.78201,0.7822,1.69,1.69
2013.07.05 08:24:03.213,0.78201,0.7822,1.69,1.50
2013.07.05 08:24:10.621,0.78201,0.7822,1.69,2.44
2013.07.05 08:24:16.332,0.78201,0.78219,1.69,1.13
2013.07.05 08:24:16.692,0.78201,0.78217,1.69,1.50
2013.07.05 08:24:16.872,0.78201,0.7822,1.69,1.32
2013.07.05 08:24:47.063,0.782,0.78218,1.13,1.35
2013.07.05 08:24:47.385,0.782,0.78214,1.50,1.58
2013.07.05 08:24:47.893,0.78199,0.78215,1.50,2.93
2013.07.05 08:24:48.492,0.78199,0.78212,1.50,1.13
2013.07.05 08:24:48.793,0.78194,0.78207,2.82,1.58
2013.07.05 08:24:49.033,0.78191,0.78207,1.50,1.20
2013.07.05 08:24:49.576,0.78189,0.78206,2.25,1.58
2013.07.05 08:24:59.147,0.78189,0.78206,2.44,1.80
2013.07.05 08:24:59.454,0.78191,0.78208,1.50,1.32
2013.07.05 08:24:59.992,0.78192,0.7821,1.50,1.69
2013.07.05 08:25:00.737,0.78194,0.78211,1.50,1.50
2013.07.05 08:25:01.182,0.78194,0.78213,1.50,2.44
2013.07.05 08:25:04.413,0.78194,0.78213,1.50,2.44
2013.07.05 08:25:11.542,0.78194,0.78211,1.69,1.50
2013.07.05 08:25:25.482,0.78193,0.78211,1.69,1.50
2013.07.05 08:25:33.883,0.78193,0.78211,1.69,1.50
2013.07.05 08:25:48.442,0.78192,0.7821,1.69,1.50
2013.07.05 08:25:48.972,0.78192,0.7821,1.50,1.50
2013.07.05 08:26:02.046,0.78192,0.7821,1.69,2.25
2013.07.05 08:26:04.163,0.78192,0.78209,1.50,2.07
2013.07.05 08:26:04.784,0.78191,0.78206,1.50,2.25
2013.07.05 08:26:05.143,0.78189,0.78205,2.44,1.58
2013.07.05 08:26:06.674,0.78189,0.78204,1.50,1.20
2013.07.05 08:26:06.733,0.78187,0.78204,1.88,1.95
2013.07.05 08:26:09.343,0.78187,0.78203,1.50,1.50
2013.07.05 08:26:09.584,0.78185,0.78201,1.50,1.88
2013.07.05 08:26:09.703,0.78183,0.78201,1.69,2.63
2013.07.05 08:26:11.242,0.78183,0.782,1.50,1.50
2013.07.05 08:26:25.364,0.78182,0.782,2.44,2.25
2013.07.05 08:26:40.002,0.78183,0.782,1.50,1.69
2013.07.05 08:26:47.502,0.78183,0.782,1.50,1.50
2013.07.05 08:27:01.452,0.78183,0.782,1.50,1.50
2013.07.05 08:27:11.472,0.78183,0.78201,2.25,1.69
2013.07.05 08:27:11.592,0.78185,0.78202,2.25,1.69
2013.07.05 08:27:11.773,0.78187,0.78204,1.13,1.69
2013.07.05 08:27:11.953,0.78187,0.78204,2.63,1.50
2013.07.05 08:27:12.913,0.78187,0.78206,1.88,1.69
2013.07.05 08:27:14.454,0.78188,0.78206,2.25,1.69
2013.07.05 08:27:14.933,0.7819,0.78209,1.13,2.67
2013.07.05 08:27:15.053,0.7819,0.78211,1.32,4.54
2013.07.05 08:27:15.600,0.78191,0.78209,2.25,1.13
2013.07.05 08:27:17.933,0.7819,0.78209,2.07,1.32
2013.07.05 08:27:19.294,0.7819,0.78209,1.69,1.69
2013.07.05 08:27:22.059,0.7819,0.78209,2.07,1.32
2013.07.05 08:27:23.555,0.7819,0.78208,1.69,1.50
2013.07.05 08:27:25.873,0.7819,0.78208,1.69,1.50
2013.07.05 08:27:26.423,0.7819,0.78208,1.69,1.50
2013.07.05 08:27:26.814,0.78189,0.78207,1.69,1.13
2013.07.05 08:27:27.175,0.78187,0.78207,2.82,1.13
2013.07.05 08:27:27.233,0.78188,0.78208,1.32,1.69
2013.07.05 08:27:28.763,0.7819,0.78208,2.25,1.69
2013.07.05 08:27:29.323,0.7819,0.78208,1.50,1.69
2013.07.05 08:27:30.093,0.7819,0.78208,2.25,1.69
2013.07.05 08:27:30.453,0.78196,0.78209,1.50,2.07
2013.07.05 08:27:35.699,0.78196,0.7821,1.50,1.13
2013.07.05 08:27:37.013,0.78201,0.78213,1.50,1.50
2013.07.05 08:27:42.843,0.78202,0.78218,1.32,1.50
2013.07.05 08:27:42.904,0.78205,0.78219,1.50,2.25
2013.07.05 08:27:43.263,0.78214,0.78223,1.50,1.50
2013.07.05 08:27:43.622,0.78221,0.78226,1.50,1.50
2013.07.05 08:27:43.983,0.78221,0.78233,1.50,1.50
2013.07.05 08:27:44.344,0.78221,0.78235,1.50,1.32
2013.07.05 08:27:44.903,0.78221,0.78236,1.50,3.42
2013.07.05 08:27:48.383,0.78221,0.78236,1.50,1.35
2013.07.05 08:27:58.753,0.78221,0.78236,1.50,2.29
2013.07.05 08:28:04.414,0.78221,0.78236,1.50,2.10
2013.07.05 08:28:09.134,0.78224,0.78237,1.50,2.67
2013.07.05 08:28:09.314,0.78231,0.78243,1.50,1.88
2013.07.05 08:28:09.744,0.78233,0.78246,1.50,1.50
2013.07.05 08:28:09.804,0.78236,0.78249,1.50,2.29
2013.07.05 08:28:09.923,0.78237,0.7825,2.25,1.13
2013.07.05 08:28:10.463,0.78241,0.78255,1.50,3.04
2013.07.05 08:28:11.824,0.78241,0.78256,1.50,4.92
2013.07.05 08:28:12.003,0.78242,0.78257,2.25,2.29
2013.07.05 08:28:12.063,0.78246,0.78257,1.50,2.10
2013.07.05 08:28:13.353,0.78246,0.78257,1.50,1.73
2013.07.05 08:28:13.473,0.78246,0.78256,1.50,1.95
2013.07.05 08:28:14.185,0.78241,0.78253,1.50,2.10
2013.07.05 08:28:19.854,0.78241,0.78253,1.50,2.85
2013.07.05 08:28:20.806,0.78241,0.78251,1.50,1.28
2013.07.05 08:28:21.056,0.78236,0.78249,1.50,1.50
2013.07.05 08:28:21.413,0.78232,0.78248,1.50,1.88
2013.07.05 08:28:21.593,0.78231,0.78246,1.50,3.00
2013.07.05 08:28:21.653,0.78231,0.78246,1.50,3.15
2013.07.05 08:28:22.013,0.78231,0.78243,1.50,1.50
2013.07.05 08:28:24.173,0.78227,0.78241,1.50,1.13
2013.07.05 08:28:24.293,0.78226,0.78239,1.50,1.88
2013.07.05 08:28:27.304,0.78226,0.78239,1.50,1.58
2013.07.05 08:28:27.663,0.78226,0.78238,1.50,1.58
2013.07.05 08:28:27.844,0.78221,0.78236,1.50,2.63
2013.07.05 08:28:27.904,0.78231,0.78238,1.50,1.13
2013.07.05 08:28:28.085,0.78231,0.78244,1.50,1.32
2013.07.05 08:28:28.145,0.78231,0.78245,1.50,1.32
2013.07.05 08:28:42.728,0.78231,0.78244,1.50,1.32
2013.07.05 08:28:45.063,0.78229,0.78244,1.50,1.39
2013.07.05 08:28:47.672,0.78229,0.78247,2.33,1.54
2013.07.05 08:28:47.738,0.78234,0.78249,1.50,1.17
2013.07.05 08:28:47.984,0.78239,0.78252,1.50,2.44
2013.07.05 08:28:48.225,0.78239,0.78253,1.50,1.50
2013.07.05 08:28:48.405,0.78239,0.78255,1.50,1.69
2013.07.05 08:28:49.388,0.78239,0.78256,1.50,2.29
2013.07.05 08:28:49.943,0.78239,0.78256,1.50,2.37
2013.07.05 08:29:01.924,0.78239,0.7825,1.50,2.10
2013.07.05 08:29:02.106,0.78234,0.78249,2.25,1.50
2013.07.05 08:29:02.165,0.78233,0.78248,1.50,1.50
2013.07.05 08:29:02.464,0.78229,0.78246,1.50,1.50
2013.07.05 08:29:02.585,0.78229,0.78246,1.50,1.58
2013.07.05 08:29:19.825,0.78229,0.78246,1.50,2.07
2013.07.05 08:29:20.433,0.7823,0.78247,1.50,1.32
2013.07.05 08:29:20.614,0.78234,0.7825,1.50,1.54
2013.07.05 08:29:20.975,0.7823,0.78246,1.69,1.50
2013.07.05 08:29:21.094,0.78229,0.78246,2.52,1.50
2013.07.05 08:29:21.154,0.78234,0.78248,1.50,1.50
2013.07.05 08:29:21.215,0.78234,0.7825,1.50,1.17
2013.07.05 08:29:21.453,0.78235,0.78254,1.50,2.14
2013.07.05 08:29:21.573,0.78239,0.78254,1.50,2.14
2013.07.05 08:29:21.634,0.78239,0.78254,1.50,1.39
2013.07.05 08:29:33.343,0.78239,0.78255,1.50,1.02
2013.07.05 08:29:34.646,0.78239,0.78255,1.50,1.02
2013.07.05 08:29:38.603,0.78238,0.78256,1.50,2.74
2013.07.05 08:29:39.133,0.78234,0.78256,2.82,2.74
2013.07.05 08:29:40.154,0.78236,0.78256,2.07,1.54
2013.07.05 08:29:40.455,0.7824,0.78259,1.50,1.32
2013.07.05 08:29:40.575,0.78241,0.78261,1.50,2.29
2013.07.05 08:29:40.756,0.78244,0.78263,1.50,1.69
2013.07.05 08:29:40.874,0.78244,0.78264,2.25,1.69
2013.07.05 08:29:41.483,0.78244,0.78264,1.69,1.69
2013.07.05 08:29:49.755,0.78244,0.78263,1.69,1.13
2013.07.05 08:29:50.058,0.78242,0.78259,1.32,3.08
2013.07.05 08:29:50.424,0.78238,0.78256,1.50,1.58
2013.07.05 08:29:57.185,0.78234,0.78255,1.69,1.02
2013.07.05 08:29:58.333,0.78234,0.78255,1.69,1.77
2013.07.05 08:30:00.663,0.78234,0.78253,1.69,1.88
2013.07.05 08:30:03.353,0.78234,0.78254,1.69,1.39
2013.07.05 08:30:07.413,0.78234,0.78255,1.69,2.52
2013.07.05 08:30:13.613,0.78234,0.78255,1.69,2.52
2013.07.05 08:30:13.794,0.78233,0.78253,1.69,1.13
2013.07.05 08:30:13.921,0.78232,0.7825,1.32,1.50
2013.07.05 08:30:14.464,0.78232,0.78248,1.13,1.50
2013.07.05 08:30:14.523,0.78232,0.78247,1.13,1.50
2013.07.05 08:30:14.763,0.78228,0.78246,1.32,1.50
2013.07.05 08:30:15.850,0.78228,0.78249,1.32,1.13
2013.07.05 08:30:15.975,0.78228,0.7825,1.32,2.07
2013.07.05 08:30:17.654,0.78228,0.78249,1.32,1.69
2013.07.05 08:30:18.170,0.78227,0.78247,2.29,2.25
2013.07.05 08:30:18.673,0.78227,0.78248,2.29,1.69
2013.07.05 08:30:19.331,0.78229,0.78249,1.13,1.69
2013.07.05 08:30:19.900,0.78229,0.78249,1.32,1.69
2013.07.05 08:30:21.214,0.78227,0.78248,1.54,1.32
2013.07.05 08:30:25.013,0.78228,0.78246,1.69,1.88
2013.07.05 08:30:26.553,0.78227,0.78248,3.04,2.07
2013.07.05 08:30:26.794,0.78227,0.78248,2.29,2.44
2013.07.05 08:30:26.985,0.78227,0.78248,1.54,1.69
2013.07.05 08:30:27.407,0.78227,0.7825,3.79,2.07
2013.07.05 08:30:27.954,0.78231,0.7825,1.50,1.32
2013.07.05 08:30:28.493,0.78231,0.7825,1.50,1.69
2013.07.05 08:30:28.793,0.78231,0.78251,1.50,1.32
2013.07.05 08:30:29.326,0.78227,0.7825,5.29,2.07
2013.07.05 08:30:29.864,0.78229,0.7825,1.69,1.69
2013.07.05 08:30:30.223,0.7823,0.78253,4.69,3.19
2013.07.05 08:30:30.403,0.7823,0.78253,2.44,3.19
2013.07.05 08:30:30.664,0.78231,0.7825,1.69,1.32
2013.07.05 08:30:37.687,0.7823,0.78251,1.69,1.32
2013.07.05 08:30:38.644,0.78233,0.78251,1.50,1.32
2013.07.05 08:30:38.764,0.78234,0.78253,1.50,1.32
2013.07.05 08:30:38.824,0.78234,0.78254,1.50,2.44
2013.07.05 08:30:39.303,0.78234,0.78255,1.69,1.69
2013.07.05 08:30:40.384,0.78234,0.78255,1.69,1.50
2013.07.05 08:30:40.503,0.78237,0.78256,1.50,2.82
2013.07.05 08:30:40.683,0.78235,0.78256,1.69,2.07
2013.07.05 08:30:41.523,0.78234,0.78254,1.69,2.25
2013.07.05 08:30:41.824,0.78236,0.78256,1.50,2.82
2013.07.05 08:30:42.063,0.78236,0.78254,2.07,1.50
2013.07.05 08:30:42.484,0.78238,0.78255,2.25,1.13
2013.07.05 08:30:42.664,0.78238,0.78258,1.69,1.20
2013.07.05 08:30:42.783,0.78237,0.78258,2.25,1.77
2013.07.05 08:30:42.844,0.78237,0.78256,1.50,2.07
2013.07.05 08:30:43.144,0.78234,0.78254,1.69,1.13
2013.07.05 08:30:43.444,0.78234,0.78254,1.69,1.32
2013.07.05 08:30:44.163,0.78234,0.78255,1.69,1.35
2013.07.05 08:30:45.141,0.78234,0.78255,3.19,1.35
2013.07.05 08:30:45.445,0.78237,0.78258,3.38,1.69
2013.07.05 08:30:45.687,0.78237,0.78258,2.07,1.69
2013.07.05 08:30:46.243,0.78237,0.78258,2.07,2.44
2013.07.05 08:30:48.474,0.78237,0.78257,1.69,1.50
2013.07.05 08:30:48.773,0.78237,0.78256,1.69,2.25
2013.07.05 08:30:50.220,0.78237,0.78257,1.69,1.69
2013.07.05 08:30:51.296,0.78237,0.78257,1.69,1.32
2013.07.05 08:30:51.795,0.78237,0.78258,3.19,1.32
2013.07.05 08:30:51.855,0.78237,0.78257,1.69,1.32
2013.07.05 08:30:52.334,0.78234,0.78254,1.69,1.50
2013.07.05 08:30:52.904,0.78234,0.78254,1.69,1.50
2013.07.05 08:30:53.455,0.78233,0.78254,2.44,1.50
2013.07.05 08:30:53.515,0.78233,0.78254,2.44,1.69
2013.07.05 08:30:54.206,0.7823,0.78253,3.19,3.00
2013.07.05 08:30:54.265,0.7823,0.78253,2.07,4.69
2013.07.05 08:30:54.566,0.78229,0.7825,1.02,1.69
2013.07.05 08:30:57.135,0.78226,0.78246,1.32,1.50
2013.07.05 08:30:57.674,0.78221,0.78243,1.54,3.94
2013.07.05 08:30:58.353,0.7822,0.78241,2.44,2.25
2013.07.05 08:30:58.548,0.7822,0.7824,1.32,1.50
2013.07.05 08:30:58.616,0.78219,0.78238,3.04,2.25
2013.07.05 08:30:59.164,0.78217,0.78236,1.02,3.00
2013.07.05 08:30:59.654,0.78217,0.78236,1.77,1.50
2013.07.05 08:31:01.427,0.78215,0.78234,1.32,1.50
2013.07.05 08:31:01.976,0.78214,0.78234,1.32,1.77
2013.07.05 08:31:02.096,0.78215,0.78234,1.32,1.77
2013.07.05 08:31:02.275,0.78214,0.78236,1.39,5.07
2013.07.05 08:31:03.435,0.78217,0.78235,1.05,1.50
2013.07.05 08:31:04.424,0.78217,0.78235,1.80,1.50
2013.07.05 08:31:04.964,0.78216,0.78235,2.82,1.50
2013.07.05 08:31:05.203,0.78217,0.78235,1.73,1.50
2013.07.05 08:31:05.384,0.78217,0.78235,1.80,1.50
2013.07.05 08:31:05.927,0.7822,0.78238,1.88,1.50
2013.07.05 08:31:05.995,0.7822,0.78239,3.38,1.69
2013.07.05 08:31:06.114,0.78221,0.78242,1.13,4.32
2013.07.05 08:31:06.236,0.78224,0.78242,3.60,2.07
2013.07.05 08:31:06.296,0.78224,0.78242,4.43,1.32
2013.07.05 08:31:06.416,0.78227,0.78244,1.58,1.69
2013.07.05 08:31:06.595,0.78229,0.78248,3.75,1.69
2013.07.05 08:31:06.656,0.78232,0.7825,1.50,2.07
2013.07.05 08:31:06.954,0.7823,0.7825,1.69,1.32
2013.07.05 08:31:07.498,0.78231,0.78252,1.69,3.94
2013.07.05 08:31:07.933,0.78231,0.78252,2.44,2.44
2013.07.05 08:31:08.345,0.78232,0.78254,1.88,3.57
2013.07.05 08:31:08.528,0.78234,0.78255,1.50,2.07
2013.07.05 08:31:09.073,0.78234,0.78255,3.00,1.32
2013.07.05 08:31:09.814,0.78234,0.78255,2.25,1.32
2013.07.05 08:31:10.419,0.78237,0.78256,1.50,1.69
2013.07.05 08:31:10.994,0.78236,0.78256,1.50,1.69
2013.07.05 08:31:13.577,0.78236,0.78257,1.69,1.69
2013.07.05 08:31:15.653,0.78234,0.78256,1.69,2.29
2013.07.05 08:31:15.895,0.78234,0.78253,1.69,1.50
2013.07.05 08:31:16.014,0.78232,0.7825,1.69,1.50
2013.07.05 08:31:16.194,0.78234,0.78252,1.50,1.50
2013.07.05 08:31:16.733,0.78234,0.78253,1.50,1.69
2013.07.05 08:31:17.334,0.78234,0.78253,1.50,1.69
2013.07.05 08:31:18.244,0.78234,0.78253,1.50,1.69
2013.07.05 08:31:18.765,0.78234,0.78254,1.69,2.89
2013.07.05 08:31:20.685,0.78234,0.78254,1.69,1.39
2013.07.05 08:31:21.704,0.78234,0.78256,1.69,2.82
2013.07.05 08:31:21.764,0.78234,0.78256,3.19,2.82
2013.07.05 08:31:21.944,0.78238,0.7826,3.00,1.69
2013.07.05 08:31:22.484,0.78243,0.78263,1.50,2.07
2013.07.05 08:31:22.605,0.78243,0.78263,1.69,1.88
2013.07.05 08:31:22.904,0.78244,0.78266,2.44,3.19
2013.07.05 08:31:23.623,0.78246,0.78266,1.50,1.69
2013.07.05 08:31:30.874,0.78245,0.78266,1.32,3.19
2013.07.05 08:31:31.468,0.78244,0.78266,1.69,2.07
2013.07.05 08:31:33.153,0.78244,0.78266,1.69,2.82
2013.07.05 08:31:34.684,0.78244,0.78264,1.69,1.13
2013.07.05 08:31:34.743,0.78244,0.78263,1.69,1.13
2013.07.05 08:31:35.044,0.78243,0.78262,1.69,1.50
2013.07.05 08:31:35.104,0.78244,0.78263,1.69,1.13
2013.07.05 08:31:35.223,0.78244,0.78264,1.69,2.44
2013.07.05 08:31:36.673,0.78244,0.78264,1.69,2.25
2013.07.05 08:31:37.233,0.78244,0.78264,1.69,1.50
2013.07.05 08:31:37.594,0.78242,0.78259,1.69,1.50
2013.07.05 08:31:37.894,0.78241,0.78259,2.07,1.50
2013.07.05 08:31:38.015,0.7824,0.78259,1.69,1.50
2013.07.05 08:31:38.317,0.78238,0.78259,2.82,1.50
2013.07.05 08:31:38.384,0.78238,0.78259,2.07,3.00
2013.07.05 08:31:38.926,0.78235,0.78254,1.69,1.13
2013.07.05 08:31:38.985,0.78234,0.78254,1.69,1.13
2013.07.05 08:31:39.045,0.78234,0.78254,1.69,1.13
2013.07.05 08:31:39.722,0.78234,0.78254,1.69,1.13
2013.07.05 08:31:42.354,0.78233,0.78254,2.44,1.50
2013.07.05 08:31:45.825,0.78234,0.78254,1.32,1.20
2013.07.05 08:31:46.473,0.78233,0.78254,2.82,1.20
2013.07.05 08:31:47.046,0.78234,0.78254,1.32,1.95
2013.07.05 08:31:47.974,0.78233,0.78254,2.82,1.95
2013.07.05 08:31:48.515,0.78233,0.78254,2.07,1.95
2013.07.05 08:31:48.635,0.78233,0.78254,2.07,2.14
2013.07.05 08:31:49.175,0.78233,0.7825,1.13,1.50
2013.07.05 08:31:49.416,0.78233,0.78252,1.13,3.00
2013.07.05 08:31:49.905,0.78233,0.78252,1.13,2.25
2013.07.05 08:31:49.966,0.78231,0.78251,1.69,1.50
2013.07.05 08:31:50.324,0.78228,0.78248,2.07,1.50
2013.07.05 08:31:50.384,0.78228,0.78248,1.32,1.50
2013.07.05 08:31:50.925,0.78226,0.78246,1.92,3.75
2013.07.05 08:31:51.164,0.78224,0.78244,1.32,1.50
2013.07.05 08:31:54.215,0.78223,0.78244,2.44,1.77
2013.07.05 08:31:54.334,0.78223,0.78244,1.69,3.27
2013.07.05 08:31:55.714,0.78218,0.78239,2.07,1.50
2013.07.05 08:31:56.014,0.78216,0.78236,1.32,3.00
2013.07.05 08:31:56.134,0.78216,0.78236,1.32,1.50
2013.07.05 08:31:56.313,0.78218,0.78236,1.13,1.50
2013.07.05 08:31:56.855,0.78217,0.78236,1.13,1.50
2013.07.05 08:31:56.974,0.78215,0.78235,3.19,1.50
2013.07.05 08:31:57.513,0.78215,0.78233,1.69,1.50
2013.07.05 08:31:58.205,0.78215,0.78233,1.69,1.50
2013.07.05 08:31:58.720,0.78214,0.78233,1.69,1.50
2013.07.05 08:31:59.364,0.78214,0.78233,1.69,1.50
2013.07.05 08:31:59.925,0.78214,0.78233,1.69,1.50
2013.07.05 08:32:03.655,0.78216,0.78235,2.44,2.44
2013.07.05 08:32:04.193,0.78215,0.78235,2.82,1.50
2013.07.05 08:32:04.886,0.78216,0.78236,2.44,2.25
2013.07.05 08:32:05.245,0.78222,0.78236,3.38,1.50
2013.07.05 08:32:05.849,0.78222,0.78236,3.38,2.25
2013.07.05 08:32:05.974,0.78222,0.78236,1.50,3.00
2013.07.05 08:32:06.094,0.78217,0.78236,2.07,1.50
2013.07.05 08:32:06.216,0.78218,0.7824,1.13,3.57
2013.07.05 08:32:06.704,0.78217,0.7824,2.07,2.82
2013.07.05 08:32:07.184,0.78217,0.78239,3.57,1.69
2013.07.05 08:32:07.666,0.78221,0.78243,1.69,2.29
2013.07.05 08:32:08.174,0.78226,0.78243,1.13,1.54
2013.07.05 08:32:08.234,0.78226,0.78246,1.88,1.32
2013.07.05 08:32:08.775,0.78229,0.78247,2.25,1.50
2013.07.05 08:32:09.254,0.78231,0.78249,1.13,1.50
2013.07.05 08:32:09.494,0.78233,0.78254,1.50,2.44
2013.07.05 08:32:11.373,0.78234,0.78255,1.69,1.32
2013.07.05 08:32:12.163,0.78234,0.78254,1.69,2.52
2013.07.05 08:32:15.313,0.78234,0.78254,1.69,1.95
2013.07.05 08:32:18.475,0.78237,0.78256,1.50,1.69
2013.07.05 08:32:18.895,0.78239,0.78256,1.50,1.69
2013.07.05 08:32:19.397,0.78239,0.78256,1.50,1.50
2013.07.05 08:32:19.704,0.78237,0.78256,2.44,1.50
2013.07.05 08:32:20.244,0.78238,0.78256,1.50,1.50
2013.07.05 08:32:20.783,0.78238,0.78256,1.69,1.50
2013.07.05 08:32:21.643,0.78238,0.78256,1.69,1.50
2013.07.05 08:32:25.896,0.78238,0.78256,1.50,1.69
2013.07.05 08:32:26.454,0.78239,0.78256,1.50,1.69
2013.07.05 08:32:27.602,0.7824,0.78256,1.50,1.69
2013.07.05 08:32:29.723,0.78239,0.78256,1.50,1.69
2013.07.05 08:32:29.904,0.78236,0.78256,2.07,1.69
2013.07.05 08:32:30.593,0.78236,0.78256,2.07,1.69
2013.07.05 08:32:35.264,0.78238,0.78256,1.50,1.69
2013.07.05 08:32:36.043,0.78237,0.78256,2.52,1.69
2013.07.05 08:32:36.653,0.78238,0.78256,1.50,1.69
2013.07.05 08:32:37.316,0.78237,0.78256,3.27,1.69
2013.07.05 08:32:38.263,0.78238,0.78256,1.13,1.69
2013.07.05 08:32:42.963,0.78238,0.78256,1.13,1.69
2013.07.05 08:32:43.503,0.78238,0.78256,1.88,1.69
2013.07.05 08:32:44.164,0.78237,0.78256,1.69,1.69
2013.07.05 08:32:44.713,0.78238,0.78256,1.88,1.69
2013.07.05 08:32:45.292,0.78237,0.78256,1.69,1.69
2013.07.05 08:32:45.793,0.78238,0.78256,1.50,1.69
2013.07.05 08:32:48.843,0.78237,0.78256,1.50,1.69
2013.07.05 08:32:49.454,0.78238,0.78256,1.50,1.69
2013.07.05 08:32:49.994,0.78237,0.78256,1.50,1.69
2013.07.05 08:32:50.533,0.78238,0.78256,1.50,1.69
2013.07.05 08:32:51.134,0.78237,0.78256,1.50,1.69
2013.07.05 08:32:51.673,0.78237,0.78256,1.50,1.69
2013.07.05 08:32:52.973,0.78238,0.78256,1.50,1.69
2013.07.05 08:32:53.473,0.7824,0.78256,1.50,1.69
2013.07.05 08:32:53.884,0.78238,0.78256,1.50,1.69
2013.07.05 08:32:54.065,0.78238,0.78256,1.50,1.69
2013.07.05 08:32:54.425,0.78242,0.78256,1.50,1.69
2013.07.05 08:32:55.365,0.78238,0.78256,1.50,1.69
2013.07.05 08:32:58.223,0.78239,0.78256,1.50,1.69
2013.07.05 08:32:59.131,0.78239,0.78256,1.50,1.69
2013.07.05 08:32:59.386,0.78238,0.78251,1.13,1.50
2013.07.05 08:32:59.694,0.78234,0.78251,2.10,1.50
2013.07.05 08:33:00.575,0.78234,0.7825,1.50,1.50
2013.07.05 08:33:00.814,0.78234,0.7825,1.50,1.50
2013.07.05 08:33:00.994,0.78236,0.78253,1.88,1.32
2013.07.05 08:33:01.113,0.78237,0.78255,1.50,1.54
2013.07.05 08:33:01.703,0.78237,0.78255,1.50,1.54
2013.07.05 08:33:02.903,0.78235,0.78254,1.69,1.47
2013.07.05 08:33:04.884,0.78235,0.78253,1.69,1.13
2013.07.05 08:33:05.763,0.78234,0.78252,3.19,1.13
2013.07.05 08:33:06.373,0.78235,0.78252,1.69,1.13
2013.07.05 08:33:10.474,0.78235,0.78253,2.44,1.50
2013.07.05 08:33:12.253,0.78233,0.78253,3.19,1.50
2013.07.05 08:33:13.444,0.78233,0.78253,3.19,1.50
2013.07.05 08:33:17.413,0.78233,0.78251,2.44,1.13
2013.07.05 08:33:17.476,0.78233,0.7825,1.50,1.50
2013.07.05 08:33:19.654,0.78232,0.78249,1.69,1.35
2013.07.05 08:33:19.954,0.7823,0.78247,3.00,1.13
2013.07.05 08:33:20.493,0.78229,0.78247,1.88,1.13
2013.07.05 08:33:20.614,0.78229,0.78246,1.13,2.25
2013.07.05 08:33:21.153,0.78227,0.78246,1.32,3.79
2013.07.05 08:33:23.084,0.78227,0.78246,2.07,3.04
2013.07.05 08:33:23.443,0.78232,0.78246,3.38,1.50
2013.07.05 08:33:23.624,0.78232,0.78246,3.38,1.50
2013.07.05 08:33:24.224,0.78228,0.78246,1.69,2.25
2013.07.05 08:33:24.403,0.78227,0.78246,2.07,2.25
2013.07.05 08:33:24.463,0.78227,0.78245,1.32,1.50
2013.07.05 08:33:25.584,0.78226,0.78246,1.69,2.63
2013.07.05 08:33:25.703,0.78231,0.78246,1.88,1.88
2013.07.05 08:33:27.753,0.78233,0.78247,1.50,1.50
2013.07.05 08:33:27.993,0.7823,0.78246,1.69,2.25
2013.07.05 08:33:28.174,0.78229,0.78246,1.32,1.50
2013.07.05 08:33:28.234,0.78229,0.78246,1.32,1.50
2013.07.05 08:33:30.184,0.78227,0.78246,1.50,1.69
2013.07.05 08:33:30.779,0.78226,0.78246,2.44,1.69
2013.07.05 08:33:33.745,0.78226,0.78246,1.69,1.69
2013.07.05 08:33:35.894,0.78225,0.78241,1.69,1.50
2013.07.05 08:33:36.074,0.78223,0.78241,2.25,1.50
2013.07.05 08:33:36.194,0.78224,0.78243,1.50,1.69
2013.07.05 08:33:36.747,0.78224,0.78244,1.88,1.54
2013.07.05 08:33:37.174,0.78228,0.78244,1.50,1.35
2013.07.05 08:33:37.853,0.78227,0.78244,1.50,1.35
2013.07.05 08:33:38.397,0.78226,0.78244,2.25,1.35
2013.07.05 08:33:49.254,0.78227,0.78245,1.13,3.04
2013.07.05 08:33:49.793,0.78225,0.78245,2.44,1.50
2013.07.05 08:33:52.144,0.78224,0.78244,1.69,1.39
2013.07.05 08:33:52.204,0.78223,0.7824,2.07,1.50
2013.07.05 08:33:52.444,0.78222,0.7824,2.07,1.50
2013.07.05 08:33:52.684,0.78221,0.78239,1.69,2.10
2013.07.05 08:33:53.614,0.7822,0.78238,2.44,1.58
2013.07.05 08:33:53.793,0.7822,0.78238,1.69,1.58
2013.07.05 08:33:54.093,0.78217,0.78236,1.32,1.50
2013.07.05 08:33:54.703,0.78215,0.78236,2.44,1.88
2013.07.05 08:33:55.974,0.78215,0.78234,2.44,1.35
2013.07.05 08:33:58.395,0.78218,0.78235,1.50,1.54
2013.07.05 08:33:58.635,0.78218,0.78236,1.69,3.00
2013.07.05 08:33:59.176,0.78218,0.78236,1.69,3.75
2013.07.05 08:33:59.633,0.78219,0.78236,1.50,3.75
2013.07.05 08:33:59.993,0.78224,0.78236,1.13,1.50
2013.07.05 08:34:06.745,0.78224,0.78237,2.07,1.50
2013.07.05 08:34:07.283,0.78224,0.78238,2.07,1.50
2013.07.05 08:34:08.248,0.78224,0.78239,2.07,1.50
2013.07.05 08:34:09.304,0.78224,0.78237,2.07,1.50
2013.07.05 08:34:10.704,0.78222,0.78237,4.99,1.50
2013.07.05 08:34:10.824,0.78222,0.7824,2.07,2.25
2013.07.05 08:34:16.473,0.78222,0.78239,1.69,2.10
2013.07.05 08:34:16.654,0.78221,0.78238,1.69,2.25
2013.07.05 08:34:17.194,0.78219,0.78238,3.19,2.25
2013.07.05 08:34:17.733,0.78219,0.78238,2.63,2.25
2013.07.05 08:34:17.914,0.78222,0.78238,1.50,1.50
2013.07.05 08:34:21.924,0.78222,0.78238,2.44,1.50
2013.07.05 08:34:22.284,0.7822,0.78237,2.44,1.50
2013.07.05 08:34:22.861,0.7822,0.78237,1.50,1.50
2013.07.05 08:34:27.014,0.78219,0.78236,1.69,2.10
2013.07.05 08:34:27.434,0.78216,0.78235,2.07,2.48
2013.07.05 08:34:27.496,0.78216,0.7823,1.32,1.50
2013.07.05 08:34:27.614,0.78213,0.7823,1.69,1.50
2013.07.05 08:34:27.674,0.78215,0.78234,1.13,1.50
2013.07.05 08:34:28.224,0.78216,0.78236,2.33,1.69
2013.07.05 08:34:30.634,0.78216,0.78236,2.70,1.69
2013.07.05 08:34:33.688,0.78218,0.78236,1.13,1.50
2013.07.05 08:34:34.204,0.78224,0.78236,1.50,1.50
2013.07.05 08:34:35.226,0.78219,0.78236,3.00,1.50
2013.07.05 08:34:35.796,0.78219,0.78236,1.50,1.50
2013.07.05 08:34:36.755,0.78222,0.78236,1.50,1.50
2013.07.05 08:34:36.814,0.78222,0.78238,1.50,2.07
2013.07.05 08:34:37.114,0.78224,0.78239,3.00,2.07
2013.07.05 08:34:37.474,0.78236,0.78252,1.05,2.25
2013.07.05 08:34:37.895,0.78236,0.78253,1.05,1.35
2013.07.05 08:34:38.729,0.78237,0.78254,2.55,2.10
2013.07.05 08:34:38.799,0.78238,0.78256,2.25,1.39
2013.07.05 08:34:39.114,0.78238,0.78257,3.00,1.02
2013.07.05 08:34:39.474,0.78244,0.78262,1.50,1.69
2013.07.05 08:34:39.654,0.78245,0.78266,1.50,2.07
2013.07.05 08:34:39.954,0.78245,0.78266,1.69,2.07
2013.07.05 08:34:41.384,0.78244,0.78266,1.69,2.07
2013.07.05 08:34:45.758,0.78246,0.78266,2.44,2.07
2013.07.05 08:34:46.426,0.78244,0.78266,1.69,2.82
2013.07.05 08:34:49.123,0.78244,0.78264,1.69,1.95
2013.07.05 08:34:51.536,0.78244,0.78264,1.69,1.88
2013.07.05 08:34:55.223,0.78244,0.78265,1.69,2.82
2013.07.05 08:34:55.763,0.78244,0.78265,1.69,2.07
2013.07.05 08:34:58.354,0.78245,0.78265,1.32,2.44
2013.07.05 08:34:58.893,0.78245,0.78265,1.32,1.69
2013.07.05 08:35:01.406,0.78246,0.78266,1.02,2.07
2013.07.05 08:35:01.826,0.78247,0.78269,3.75,2.07
2013.07.05 08:35:02.065,0.7825,0.7827,1.50,1.92
2013.07.05 08:35:03.626,0.7825,0.7827,1.50,1.17
2013.07.05 08:35:03.985,0.78253,0.78274,1.69,1.77
2013.07.05 08:35:04.524,0.78253,0.78274,1.69,2.59
2013.07.05 08:35:06.153,0.78253,0.78274,3.19,1.84
2013.07.05 08:35:06.454,0.78253,0.78272,1.69,1.73
2013.07.05 08:35:06.634,0.78251,0.7827,2.44,1.13
2013.07.05 08:35:06.874,0.78251,0.7827,1.50,1.88
2013.07.05 08:35:07.413,0.7825,0.7827,1.69,1.88
2013.07.05 08:35:14.214,0.78253,0.7827,1.50,1.13
2013.07.05 08:35:15.144,0.7825,0.7827,3.19,1.13
2013.07.05 08:35:18.935,0.78251,0.7827,2.44,1.32
2013.07.05 08:35:19.294,0.78253,0.78274,3.19,2.52
2013.07.05 08:35:20.693,0.78253,0.78274,3.94,1.39
2013.07.05 08:35:21.205,0.78253,0.78274,3.94,1.39
2013.07.05 08:35:24.176,0.78253,0.78272,1.69,2.07
2013.07.05 08:35:26.184,0.78253,0.78272,3.00,1.32
2013.07.05 08:35:26.723,0.78253,0.78274,4.69,2.22
2013.07.05 08:35:28.665,0.78253,0.78273,1.69,1.88
2013.07.05 08:35:29.214,0.7825,0.78269,4.69,1.50
2013.07.05 08:35:29.714,0.7825,0.78269,2.44,1.50
2013.07.05 08:35:29.963,0.7825,0.78269,1.69,2.25
2013.07.05 08:35:32.696,0.78249,0.78266,1.69,1.50
2013.07.05 08:35:34.996,0.78247,0.78259,2.82,1.50
2013.07.05 08:35:35.175,0.78246,0.78259,1.13,1.50
2013.07.05 08:35:35.234,0.78246,0.78256,1.13,1.50
2013.07.05 08:35:35.416,0.78243,0.78256,4.50,2.25
2013.07.05 08:35:35.478,0.78242,0.78256,3.75,2.25
2013.07.05 08:35:35.667,0.78239,0.78255,1.13,1.88
2013.07.05 08:35:35.985,0.78235,0.78252,2.25,2.10
2013.07.05 08:35:36.227,0.78229,0.7825,1.69,1.35
2013.07.05 08:35:36.654,0.78228,0.78246,2.44,1.50
2013.07.05 08:35:36.715,0.78228,0.78246,1.69,1.50
2013.07.05 08:35:37.196,0.78227,0.78249,3.00,2.67
2013.07.05 08:35:37.436,0.78228,0.78246,1.69,1.50
2013.07.05 08:35:37.676,0.78228,0.78248,1.69,1.69
2013.07.05 08:35:37.738,0.78228,0.78249,1.69,2.07
2013.07.05 08:35:37.865,0.78233,0.78249,1.50,1.32
2013.07.05 08:35:38.044,0.78233,0.78252,1.50,1.69
2013.07.05 08:35:38.344,0.78233,0.78253,1.69,1.13
2013.07.05 08:35:38.464,0.78231,0.78251,1.69,1.50
2013.07.05 08:35:38.704,0.78233,0.78253,1.69,2.07
2013.07.05 08:35:39.244,0.78233,0.78254,1.69,2.07
2013.07.05 08:35:39.364,0.78233,0.78253,1.69,1.13
2013.07.05 08:35:39.724,0.78231,0.7825,1.69,1.50
2013.07.05 08:35:39.783,0.7823,0.7825,2.82,1.50
2013.07.05 08:35:40.144,0.78233,0.7825,1.50,1.69
2013.07.05 08:35:40.444,0.78233,0.78253,1.50,2.07
2013.07.05 08:35:40.565,0.78232,0.78252,1.32,1.32
2013.07.05 08:35:41.239,0.78229,0.78252,3.94,2.82
2013.07.05 08:35:41.747,0.78227,0.78249,2.82,1.50
2013.07.05 08:35:43.115,0.78238,0.78249,2.10,1.50
2013.07.05 08:35:43.295,0.78247,0.78258,1.50,1.58
2013.07.05 08:35:43.354,0.78247,0.78261,1.50,1.95
2013.07.05 08:35:45.266,0.78247,0.78263,1.50,3.19
2013.07.05 08:35:45.999,0.78247,0.78263,1.50,1.69
2013.07.05 08:35:46.206,0.78245,0.78263,2.25,1.69
2013.07.05 08:35:46.267,0.78245,0.7826,1.50,1.50
2013.07.05 08:35:46.334,0.78242,0.7826,1.69,1.50
2013.07.05 08:35:46.453,0.78243,0.78262,1.69,1.32
2013.07.05 08:35:46.634,0.78244,0.78265,1.50,2.25
2013.07.05 08:35:47.605,0.78243,0.78262,1.69,1.13
2013.07.05 08:35:47.664,0.78242,0.78258,1.32,1.50
2013.07.05 08:35:47.725,0.78241,0.78258,2.44,1.50
2013.07.05 08:35:48.084,0.78234,0.78255,3.57,2.25
2013.07.05 08:35:48.263,0.78234,0.78255,1.32,2.25
2013.07.05 08:35:49.154,0.78234,0.78255,1.32,1.50
2013.07.05 08:35:50.105,0.78234,0.78255,1.32,1.50
2013.07.05 08:35:53.116,0.78234,0.78255,1.32,1.69
2013.07.05 08:35:54.857,0.78235,0.78255,1.32,1.69
2013.07.05 08:35:55.105,0.78239,0.78256,1.50,2.25
2013.07.05 08:35:57.560,0.78239,0.78256,1.50,2.25
2013.07.05 08:35:58.084,0.7824,0.78256,1.50,1.50
2013.07.05 08:35:58.564,0.78237,0.78256,2.44,3.00
2013.07.05 08:35:58.684,0.78237,0.78255,1.32,1.50
2013.07.05 08:35:58.804,0.78237,0.78255,1.32,2.25
2013.07.05 08:35:58.864,0.78233,0.78253,1.69,1.88
2013.07.05 08:35:59.454,0.78233,0.78252,1.69,1.88
2013.07.05 08:36:00.374,0.78233,0.78252,1.69,1.88
2013.07.05 08:36:00.614,0.78233,0.78253,1.69,1.54
2013.07.05 08:36:00.734,0.78233,0.78252,1.69,1.50
2013.07.05 08:36:00.977,0.78233,0.78254,2.44,3.94
2013.07.05 08:36:01.493,0.78233,0.78255,2.44,3.57
2013.07.05 08:36:02.185,0.78234,0.78255,2.44,2.82
2013.07.05 08:36:08.656,0.78234,0.78255,2.44,2.63
2013.07.05 08:36:10.404,0.78233,0.78255,5.44,2.63
2013.07.05 08:36:11.054,0.78234,0.78255,2.44,1.13
2013.07.05 08:36:15.744,0.78233,0.78256,5.82,4.32
2013.07.05 08:36:18.374,0.78234,0.78255,2.07,1.69
2013.07.05 08:36:18.913,0.78234,0.78255,2.07,1.69
2013.07.05 08:36:21.844,0.78233,0.78254,1.69,1.58
2013.07.05 08:36:22.387,0.78233,0.78251,1.69,1.50
2013.07.05 08:36:23.125,0.78233,0.78251,1.69,1.50
2013.07.05 08:36:24.625,0.78233,0.78252,3.19,1.13
2013.07.05 08:36:25.340,0.78235,0.78254,1.50,1.32
2013.07.05 08:36:32.653,0.78234,0.78255,1.69,1.69
2013.07.05 08:36:44.934,0.78234,0.78249,1.69,1.50
2013.07.05 08:36:45.114,0.78231,0.78249,3.19,3.75
2013.07.05 08:36:45.654,0.78231,0.78248,1.69,3.00
2013.07.05 08:36:46.014,0.78229,0.78246,1.32,1.35
2013.07.05 08:36:46.446,0.78228,0.78245,1.32,2.10
2013.07.05 08:36:46.504,0.78226,0.78245,1.69,1.50
2013.07.05 08:36:46.624,0.78224,0.78245,1.69,1.50
2013.07.05 08:36:47.183,0.78224,0.78245,2.44,1.50
2013.07.05 08:36:47.824,0.78225,0.78245,1.50,1.50
2013.07.05 08:36:48.434,0.78226,0.78246,2.25,1.69
2013.07.05 08:36:48.975,0.78226,0.78246,1.50,1.69
2013.07.05 08:36:50.584,0.78226,0.78246,2.25,1.69
2013.07.05 08:36:51.358,0.78223,0.78241,2.82,1.50
2013.07.05 08:36:56.395,0.78223,0.7824,1.69,2.10
2013.07.05 08:36:56.932,0.78223,0.7824,1.50,2.10
2013.07.05 08:36:57.234,0.78233,0.78244,1.50,2.07
2013.07.05 08:36:57.594,0.78243,0.78253,9.61,1.13
2013.07.05 08:36:57.796,0.7825,0.78257,2.85,1.13
2013.07.05 08:36:57.915,0.78256,0.78261,1.13,1.13
2013.07.05 08:36:58.245,0.78256,0.78276,1.13,3.94
2013.07.05 08:37:03.165,0.78256,0.78276,1.50,2.44
2013.07.05 08:37:03.224,0.78259,0.78276,1.50,1.69
2013.07.05 08:37:09.305,0.78259,0.78276,1.69,1.50
2013.07.05 08:37:13.374,0.78259,0.78276,1.69,1.88
2013.07.05 08:37:20.865,0.78259,0.78276,1.69,1.88
2013.07.05 08:37:22.949,0.78259,0.78276,1.69,1.50
2013.07.05 08:37:23.324,0.78259,0.78276,1.69,1.50
2013.07.05 08:37:23.978,0.78261,0.78276,1.50,1.50
2013.07.05 08:37:34.343,0.78261,0.78276,1.69,1.50
2013.07.05 08:37:42.953,0.78266,0.78276,1.50,1.50
2013.07.05 08:37:43.074,0.78266,0.78281,3.00,1.50
2013.07.05 08:37:43.194,0.78266,0.78283,3.75,2.44
2013.07.05 08:37:43.254,0.78266,0.78279,2.25,1.50
2013.07.05 08:38:03.484,0.78268,0.78279,1.50,1.50
2013.07.05 08:38:03.545,0.78271,0.78283,1.50,1.13
2013.07.05 08:38:03.664,0.78273,0.78283,1.50,1.13
2013.07.05 08:38:03.785,0.78275,0.78286,3.90,1.13
2013.07.05 08:38:03.847,0.7828,0.7829,1.35,2.07
2013.07.05 08:38:03.908,0.7828,0.78293,1.35,1.50
2013.07.05 08:38:03.978,0.7828,0.78291,1.35,1.13
2013.07.05 08:38:06.175,0.78285,0.783,1.50,1.58
2013.07.05 08:38:08.407,0.78283,0.78296,2.25,2.33
2013.07.05 08:38:08.714,0.78281,0.78296,1.50,3.08
2013.07.05 08:38:08.836,0.78281,0.78294,1.50,1.20
2013.07.05 08:38:09.804,0.78274,0.78285,1.50,1.50
2013.07.05 08:38:10.285,0.78271,0.78288,4.13,1.95
2013.07.05 08:38:10.404,0.78268,0.78287,1.69,1.58
2013.07.05 08:38:10.885,0.78264,0.78286,2.44,2.14
2013.07.05 08:38:11.667,0.78264,0.78286,1.69,2.14
2013.07.05 08:38:13.894,0.78271,0.78286,1.50,1.39
2013.07.05 08:38:14.195,0.78275,0.78288,1.50,2.63
2013.07.05 08:38:14.554,0.78275,0.78293,3.00,1.88
2013.07.05 08:38:16.154,0.78278,0.78293,2.25,1.13
2013.07.05 08:38:16.214,0.78285,0.78297,1.50,1.32
2013.07.05 08:38:16.394,0.78285,0.78299,2.25,1.95
2013.07.05 08:38:17.114,0.78285,0.78303,3.00,1.13
2013.07.05 08:38:17.655,0.78285,0.78303,2.25,1.13
2013.07.05 08:38:17.835,0.78285,0.78302,2.25,1.13
2013.07.05 08:38:18.638,0.78285,0.78297,2.25,1.13
2013.07.05 08:38:18.710,0.78285,0.78302,3.00,1.50
2013.07.05 08:38:19.075,0.78285,0.78304,3.00,1.09
2013.07.05 08:38:19.615,0.78285,0.78302,3.00,1.50
2013.07.05 08:38:19.916,0.78285,0.78298,2.25,3.94
2013.07.05 08:38:19.977,0.78285,0.78298,3.00,1.69
2013.07.05 08:38:20.044,0.78285,0.78299,2.25,1.69
2013.07.05 08:38:20.284,0.78285,0.78302,2.25,1.13
2013.07.05 08:38:20.585,0.78285,0.78303,2.25,2.44
2013.07.05 08:38:20.946,0.78285,0.78298,1.50,3.57
2013.07.05 08:38:21.125,0.78285,0.78298,2.25,1.13
2013.07.05 08:38:21.664,0.78285,0.78298,1.50,1.13
2013.07.05 08:38:21.724,0.78285,0.78298,1.50,3.38
2013.07.05 08:38:22.444,0.78285,0.78298,2.25,1.32
2013.07.05 08:38:22.685,0.78284,0.783,1.50,1.13
2013.07.05 08:38:24.106,0.78279,0.78289,3.98,3.00
2013.07.05 08:38:24.285,0.78279,0.78284,1.13,3.08
2013.07.05 08:38:24.345,0.78273,0.78282,2.25,1.50
2013.07.05 08:38:24.405,0.78266,0.78282,1.84,2.25
2013.07.05 08:38:24.465,0.78266,0.78276,1.32,1.50
2013.07.05 08:38:24.769,0.78262,0.78271,5.25,1.50
2013.07.05 08:38:25.074,0.7826,0.78269,1.50,1.50
2013.07.05 08:38:25.494,0.78252,0.78269,2.07,1.50
2013.07.05 08:38:25.874,0.78253,0.78271,1.50,1.50
2013.07.05 08:38:25.934,0.78256,0.78271,1.50,1.50
2013.07.05 08:38:26.884,0.78266,0.78275,1.50,3.04
2013.07.05 08:38:26.945,0.78268,0.78275,1.50,2.29
2013.07.05 08:38:27.005,0.78268,0.78277,1.50,5.25
2013.07.05 08:38:27.064,0.78268,0.78281,1.50,2.63
2013.07.05 08:38:27.125,0.78266,0.78283,1.50,1.88
2013.07.05 08:38:27.184,0.78265,0.78283,1.50,1.88
2013.07.05 08:38:27.304,0.78263,0.78283,1.88,2.07
2013.07.05 08:38:27.365,0.78264,0.78283,2.25,1.69
2013.07.05 08:38:27.904,0.78264,0.78284,1.50,1.32
2013.07.05 08:38:28.775,0.78264,0.78284,1.50,1.32
2013.07.05 08:38:29.647,0.78264,0.78283,1.69,1.32
2013.07.05 08:38:30.186,0.78264,0.78285,1.69,2.07
2013.07.05 08:38:31.215,0.78264,0.78285,1.84,1.69
2013.07.05 08:38:31.336,0.78266,0.78285,1.47,1.50
2013.07.05 08:38:31.396,0.78267,0.78289,3.53,2.07
2013.07.05 08:38:31.516,0.78268,0.7829,1.09,1.88
2013.07.05 08:38:31.697,0.78271,0.78292,3.00,1.69
2013.07.05 08:38:31.874,0.78271,0.7829,1.50,1.13
2013.07.05 08:38:31.934,0.78271,0.7829,1.69,1.13
2013.07.05 08:38:32.715,0.78273,0.7829,1.69,1.50
2013.07.05 08:38:32.895,0.78273,0.78292,1.69,2.25
2013.07.05 08:38:33.704,0.78274,0.78293,1.69,2.82
2013.07.05 08:38:34.244,0.78274,0.78292,1.69,1.50
2013.07.05 08:38:34.364,0.78274,0.78295,2.44,1.69
2013.07.05 08:38:35.274,0.78275,0.78296,1.69,2.44
2013.07.05 08:38:35.801,0.78274,0.78294,1.69,1.69
2013.07.05 08:38:36.306,0.78274,0.78295,1.69,2.44
2013.07.05 08:38:36.844,0.78274,0.78294,1.69,1.84
2013.07.05 08:38:37.384,0.78274,0.78294,1.69,1.84
2013.07.05 08:38:37.995,0.78274,0.78294,1.69,2.52
2013.07.05 08:38:38.554,0.78274,0.78294,1.69,1.77
2013.07.05 08:38:42.054,0.78276,0.78296,1.69,1.69
2013.07.05 08:38:42.354,0.78279,0.78297,1.50,2.44
2013.07.05 08:38:43.808,0.7828,0.78297,1.50,1.32
2013.07.05 08:38:44.115,0.78273,0.78288,3.75,1.69
2013.07.05 08:38:44.175,0.78275,0.78288,2.25,1.69
2013.07.05 08:38:44.425,0.78276,0.78296,1.32,2.44
2013.07.05 08:38:44.605,0.78277,0.78297,2.25,1.69
2013.07.05 08:38:45.676,0.78277,0.78298,1.50,1.69
2013.07.05 08:38:46.398,0.78276,0.78296,2.07,2.44
2013.07.05 08:38:46.474,0.78275,0.78296,2.63,1.69
2013.07.05 08:38:46.898,0.78277,0.78297,2.25,1.69
2013.07.05 08:38:47.604,0.7828,0.78298,2.25,1.32
2013.07.05 08:38:47.784,0.7828,0.78299,3.00,1.32
2013.07.05 08:38:47.905,0.7828,0.78298,2.25,1.13
2013.07.05 08:38:48.444,0.78275,0.78297,4.32,2.25
2013.07.05 08:38:49.437,0.78275,0.78297,3.57,2.44
2013.07.05 08:38:51.611,0.78276,0.78289,1.69,1.50
2013.07.05 08:38:51.855,0.78273,0.78288,2.25,3.19
2013.07.05 08:38:52.399,0.78272,0.78288,1.50,3.94
2013.07.05 08:38:52.955,0.78272,0.78288,1.50,3.94
2013.07.05 08:38:56.784,0.78273,0.78287,2.25,2.07
2013.07.05 08:38:56.904,0.78273,0.78287,2.25,1.32
2013.07.05 08:38:57.145,0.78273,0.78294,4.50,1.50
2013.07.05 08:38:57.204,0.78273,0.78293,3.00,1.50
2013.07.05 08:38:57.384,0.78274,0.78294,1.50,1.69
2013.07.05 08:38:57.566,0.78274,0.78295,1.69,1.32
2013.07.05 08:38:59.494,0.78275,0.78296,2.82,1.69
2013.07.05 08:38:59.884,0.78275,0.78296,2.82,2.07
2013.07.05 08:39:00.185,0.78275,0.78289,2.25,2.82
2013.07.05 08:39:00.304,0.78275,0.78292,1.13,1.50
2013.07.05 08:39:00.364,0.78275,0.78294,1.13,1.69
2013.07.05 08:39:00.605,0.78275,0.78296,3.38,1.69
2013.07.05 08:39:01.876,0.78275,0.78296,3.38,2.07
2013.07.05 08:39:02.201,0.78275,0.78288,1.50,3.19
2013.07.05 08:39:02.326,0.78272,0.78288,2.25,3.19
2013.07.05 08:39:02.386,0.78273,0.78288,1.50,2.44
2013.07.05 08:39:02.746,0.7827,0.78279,1.50,1.32
2013.07.05 08:39:02.805,0.78268,0.78278,1.50,1.32
2013.07.05 08:39:02.866,0.7826,0.78273,1.88,1.50
2013.07.05 08:39:03.106,0.78258,0.78268,1.05,1.50
2013.07.05 08:39:03.226,0.78254,0.78268,1.69,1.50
2013.07.05 08:39:03.345,0.78251,0.78268,1.32,1.50
2013.07.05 08:39:03.405,0.7825,0.78265,1.50,1.13
2013.07.05 08:39:03.706,0.78251,0.7827,1.13,1.50
2013.07.05 08:39:03.765,0.78251,0.78271,1.88,2.85
2013.07.05 08:39:04.006,0.78254,0.78271,1.50,1.35
2013.07.05 08:39:04.247,0.78255,0.78275,2.07,1.69
2013.07.05 08:39:04.426,0.78257,0.78276,1.50,1.69
2013.07.05 08:39:04.785,0.78261,0.78279,1.50,1.69
2013.07.05 08:39:04.846,0.78261,0.78282,1.50,3.04
2013.07.05 08:39:04.904,0.78263,0.78282,1.13,1.54
2013.07.05 08:39:05.206,0.78264,0.78285,1.50,1.32
2013.07.05 08:39:05.766,0.78264,0.78286,1.50,2.82
2013.07.05 08:39:08.454,0.78266,0.78286,1.32,2.44
2013.07.05 08:39:09.005,0.78266,0.78286,1.32,1.69
2013.07.05 08:39:11.114,0.78268,0.78287,2.25,1.32
2013.07.05 08:39:11.176,0.78268,0.78289,2.44,1.54
2013.07.05 08:39:11.996,0.78268,0.78289,3.57,2.44
2013.07.05 08:39:12.595,0.78271,0.78289,2.25,1.69
2013.07.05 08:39:12.896,0.78273,0.7829,3.00,1.50
2013.07.05 08:39:13.074,0.78273,0.78292,3.94,1.88
2013.07.05 08:39:13.414,0.78273,0.78292,2.44,1.50
2013.07.05 08:39:13.655,0.78273,0.78293,3.19,2.25
2013.07.05 08:39:14.426,0.78275,0.78293,2.25,2.25
2013.07.05 08:39:14.967,0.78275,0.78294,4.50,1.39
2013.07.05 08:39:16.032,0.78277,0.78296,1.50,1.32
2013.07.05 08:39:16.337,0.78275,0.78288,3.75,2.25
2013.07.05 08:39:16.396,0.78275,0.78288,4.50,1.50
2013.07.05 08:39:16.516,0.78275,0.78291,4.50,3.00
2013.07.05 08:39:16.697,0.78277,0.78297,1.50,4.69
2013.07.05 08:39:16.757,0.78277,0.78297,1.50,1.69
2013.07.05 08:39:18.618,0.78277,0.78291,2.52,1.35
2013.07.05 08:39:18.686,0.78277,0.7829,2.52,1.13
2013.07.05 08:39:18.865,0.78275,0.78289,3.75,1.88
2013.07.05 08:39:18.984,0.78275,0.7829,4.50,2.25
2013.07.05 08:39:19.285,0.78276,0.78297,2.07,1.69
2013.07.05 08:39:19.344,0.78276,0.78297,2.07,2.44
2013.07.05 08:39:20.184,0.78276,0.78297,1.32,2.44
2013.07.05 08:39:20.545,0.78275,0.78288,1.13,1.50
2013.07.05 08:39:20.665,0.78269,0.78285,2.07,2.63
2013.07.05 08:39:20.845,0.78267,0.78284,2.67,1.50
2013.07.05 08:39:21.307,0.78267,0.78285,3.42,3.38
2013.07.05 08:39:21.436,0.78272,0.78286,1.13,2.10
2013.07.05 08:39:21.675,0.78275,0.78293,2.25,2.29
2013.07.05 08:39:21.855,0.78276,0.78296,1.50,1.32
2013.07.05 08:39:22.334,0.78275,0.78296,1.69,2.07
2013.07.05 08:39:23.144,0.78276,0.78296,1.32,1.69
2013.07.05 08:39:25.174,0.78276,0.78296,1.32,3.19
2013.07.05 08:39:26.865,0.78273,0.78289,2.44,1.13
2013.07.05 08:39:26.986,0.78272,0.78288,2.07,3.00
2013.07.05 08:39:27.104,0.78269,0.78283,4.20,1.50
2013.07.05 08:39:27.225,0.78269,0.78283,3.19,1.50
2013.07.05 08:39:27.285,0.78269,0.78283,2.25,1.50
2013.07.05 08:39:27.654,0.78269,0.78285,1.13,2.85
2013.07.05 08:39:27.774,0.78269,0.78287,1.32,1.88
2013.07.05 08:39:27.835,0.78272,0.78288,1.13,1.50
2013.07.05 08:39:28.135,0.78274,0.7829,1.50,1.50
2013.07.05 08:39:28.315,0.78274,0.78294,1.69,1.77
2013.07.05 08:39:28.856,0.78274,0.78294,1.69,2.52
2013.07.05 08:39:29.785,0.78274,0.78293,1.69,1.13
2013.07.05 08:39:29.905,0.78273,0.78289,1.50,1.50
2013.07.05 08:39:29.965,0.78271,0.78288,1.69,1.50
2013.07.05 08:39:30.325,0.78276,0.78288,1.50,3.00
2013.07.05 08:39:31.260,0.78275,0.78288,1.50,3.75
2013.07.05 08:39:32.045,0.7827,0.78288,1.50,4.69
2013.07.05 08:39:32.104,0.78269,0.78288,1.32,5.44
2013.07.05 08:39:32.225,0.78268,0.78284,1.92,1.88
2013.07.05 08:39:33.895,0.78266,0.78285,4.92,2.44
2013.07.05 08:39:33.954,0.78269,0.78286,1.13,1.69
2013.07.05 08:39:34.074,0.78271,0.7829,1.13,1.69
2013.07.05 08:39:34.134,0.78273,0.78291,2.25,2.44
2013.07.05 08:39:34.496,0.78274,0.78293,1.69,1.50
2013.07.05 08:39:35.886,0.78275,0.78293,1.32,1.50
2013.07.05 08:39:36.004,0.78275,0.78293,1.32,1.50
2013.07.05 08:39:36.365,0.78271,0.78283,2.25,1.50
2013.07.05 08:39:36.485,0.78263,0.78283,2.44,2.25
2013.07.05 08:39:36.665,0.78261,0.78281,1.69,1.50
2013.07.05 08:39:36.725,0.78264,0.78282,1.50,2.25
2013.07.05 08:39:36.905,0.78261,0.78282,1.32,1.50
2013.07.05 08:39:37.084,0.78258,0.78282,2.52,2.29
2013.07.05 08:39:41.405,0.7826,0.78282,1.54,1.69
2013.07.05 08:39:45.104,0.7826,0.78282,1.54,1.69
2013.07.05 08:39:46.115,0.7826,0.78281,1.92,1.69
2013.07.05 08:39:57.134,0.78262,0.78281,1.69,1.69
2013.07.05 08:39:58.355,0.78263,0.78282,2.25,1.32
2013.07.05 08:39:58.774,0.78263,0.78281,2.25,1.69
2013.07.05 08:40:02.515,0.78263,0.78282,2.82,1.69
2013.07.05 08:40:03.055,0.78264,0.78282,2.25,1.69
2013.07.05 08:40:03.235,0.78265,0.78282,2.33,1.69
2013.07.05 08:40:03.774,0.78265,0.78282,1.88,1.50
2013.07.05 08:40:04.375,0.78264,0.78282,3.64,1.50
2013.07.05 08:40:04.795,0.78265,0.78282,1.50,1.50
2013.07.05 08:40:04.916,0.78265,0.78282,1.88,1.50
2013.07.05 08:40:05.034,0.78264,0.78282,1.32,1.50
2013.07.05 08:40:05.575,0.78263,0.78281,1.50,1.50
2013.07.05 08:40:06.128,0.78263,0.78282,1.88,1.50
2013.07.05 08:40:11.930,0.78263,0.78283,1.88,3.42
2013.07.05 08:40:14.134,0.78263,0.78281,2.44,1.50
2013.07.05 08:40:14.795,0.78261,0.78281,2.44,2.44
2013.07.05 08:40:15.494,0.78261,0.7828,1.69,1.50
2013.07.05 08:40:17.724,0.78261,0.7828,1.69,2.44
2013.07.05 08:40:18.144,0.78261,0.78281,1.69,2.82
2013.07.05 08:40:18.984,0.78263,0.78281,1.50,2.07
2013.07.05 08:40:19.525,0.78263,0.78281,1.50,2.07
2013.07.05 08:40:20.826,0.78262,0.78282,1.69,2.07
2013.07.05 08:40:21.374,0.78262,0.78282,3.04,1.32
2013.07.05 08:40:25.237,0.78262,0.78281,1.69,1.50
2013.07.05 08:40:25.695,0.78261,0.78279,1.69,2.25
2013.07.05 08:40:25.816,0.78261,0.78278,1.50,1.50
2013.07.05 08:40:26.177,0.78261,0.78279,1.50,1.50
2013.07.05 08:40:27.125,0.78261,0.7828,1.50,1.50
2013.07.05 08:40:29.586,0.78261,0.7828,1.50,2.25
2013.07.05 08:40:29.908,0.78261,0.78279,1.50,1.50
2013.07.05 08:40:32.840,0.78258,0.78277,2.82,1.50
2013.07.05 08:40:43.869,0.78261,0.78279,1.50,1.69
2013.07.05 08:40:44.868,0.78261,0.7828,1.69,2.44
2013.07.05 08:40:45.415,0.78261,0.78279,1.69,2.25
2013.07.05 08:40:45.967,0.78259,0.78278,1.69,1.50
2013.07.05 08:40:46.674,0.78258,0.78274,1.32,1.50
2013.07.05 08:40:46.916,0.78257,0.78274,1.13,1.50
2013.07.05 08:40:47.405,0.78258,0.78276,1.88,1.69
2013.07.05 08:40:47.526,0.78259,0.78278,1.50,1.54
2013.07.05 08:40:52.784,0.78259,0.78277,1.50,3.19
2013.07.05 08:40:53.824,0.78259,0.78277,1.50,2.44
2013.07.05 08:40:56.318,0.78258,0.78277,2.07,1.50
2013.07.05 08:41:05.344,0.78258,0.78274,1.32,2.25
2013.07.05 08:41:05.404,0.78255,0.78273,2.44,1.50
2013.07.05 08:41:05.524,0.78254,0.78273,1.50,2.10
2013.07.05 08:41:05.885,0.78253,0.78272,1.69,1.50
2013.07.05 08:41:05.945,0.78249,0.78272,2.44,3.19
2013.07.05 08:41:06.486,0.78249,0.78271,1.69,1.32
2013.07.05 08:41:08.258,0.78249,0.78271,1.69,1.32
2013.07.05 08:41:09.525,0.78249,0.78272,1.69,2.07
2013.07.05 08:41:10.496,0.78252,0.78273,2.29,1.69
2013.07.05 08:41:10.855,0.78258,0.78275,1.50,1.13
2013.07.05 08:41:11.395,0.78261,0.78276,1.50,1.50
2013.07.05 08:41:11.696,0.78264,0.78281,1.50,1.92
2013.07.05 08:41:11.755,0.78264,0.78285,2.25,3.04
2013.07.05 08:41:11.816,0.78265,0.78285,1.13,1.54
2013.07.05 08:41:12.117,0.78267,0.78285,2.25,1.54
2013.07.05 08:41:12.675,0.78267,0.78285,2.25,1.35
2013.07.05 08:41:13.214,0.78268,0.78286,1.50,1.69
2013.07.05 08:41:13.735,0.78267,0.78286,2.25,1.69
2013.07.05 08:41:14.244,0.78268,0.78286,1.50,1.69
2013.07.05 08:41:16.745,0.78268,0.78286,1.50,1.69
2013.07.05 08:41:17.225,0.78269,0.78288,1.50,1.69
2013.07.05 08:41:17.885,0.7827,0.78289,1.69,2.07
2013.07.05 08:41:18.806,0.7827,0.78289,2.44,1.69
2013.07.05 08:41:19.527,0.7827,0.7829,2.44,1.69
2013.07.05 08:41:20.837,0.7827,0.7829,2.44,1.69
2013.07.05 08:41:22.656,0.7827,0.7829,2.44,1.69
2013.07.05 08:41:23.198,0.78267,0.78289,1.69,1.69
2013.07.05 08:41:23.701,0.78268,0.78289,2.44,1.50
2013.07.05 08:41:24.985,0.78271,0.7829,1.69,1.69
2013.07.05 08:41:25.674,0.78268,0.7829,1.69,2.44
2013.07.05 08:41:27.634,0.78267,0.78289,2.44,1.69
2013.07.05 08:41:37.366,0.78268,0.7829,2.07,1.69
2013.07.05 08:41:37.787,0.78273,0.78291,1.50,1.54
2013.07.05 08:41:37.905,0.78274,0.78293,1.50,2.63
2013.07.05 08:41:38.086,0.78276,0.78293,1.50,1.88
2013.07.05 08:41:38.624,0.78276,0.78294,1.50,1.50
2013.07.05 08:41:39.174,0.78276,0.78294,1.50,1.50
2013.07.05 08:41:41.824,0.78274,0.78294,2.07,1.50
2013.07.05 08:41:43.616,0.78274,0.78289,1.32,1.13
2013.07.05 08:41:43.795,0.78269,0.78286,2.44,1.50
2013.07.05 08:41:43.975,0.78268,0.78286,1.69,1.50
2013.07.05 08:41:44.395,0.78267,0.78283,3.34,1.50
2013.07.05 08:41:44.935,0.78268,0.78281,1.50,1.50
2013.07.05 08:41:45.114,0.78263,0.78281,2.44,1.50
2013.07.05 08:41:45.415,0.78261,0.7828,1.32,2.10
2013.07.05 08:41:45.775,0.78256,0.78276,2.44,2.10
2013.07.05 08:41:46.375,0.78255,0.78275,2.07,1.35
2013.07.05 08:41:48.335,0.78255,0.78275,2.07,1.35
2013.07.05 08:41:48.934,0.78254,0.78275,2.44,1.35
2013.07.05 08:41:49.235,0.78253,0.78273,1.32,2.10
2013.07.05 08:41:49.355,0.78258,0.78276,1.13,1.88
2013.07.05 08:41:49.715,0.78262,0.78279,1.50,1.50
2013.07.05 08:41:49.774,0.78263,0.7828,1.50,1.35
2013.07.05 08:41:52.194,0.78262,0.7828,1.32,2.10
2013.07.05 08:41:55.084,0.78262,0.7828,1.32,2.10
2013.07.05 08:41:55.785,0.78261,0.7828,1.32,2.10
2013.07.05 08:42:00.595,0.78261,0.7828,1.32,1.35
2013.07.05 08:42:01.423,0.78263,0.78281,1.50,1.32
2013.07.05 08:42:05.894,0.78266,0.78283,2.25,1.54
2013.07.05 08:42:05.955,0.78266,0.78285,2.63,2.67
2013.07.05 08:42:06.015,0.78266,0.78287,2.63,2.82
2013.07.05 08:42:06.075,0.78266,0.78285,2.63,1.50
2013.07.05 08:42:06.135,0.78266,0.78286,1.13,1.50
2013.07.05 08:42:06.495,0.78266,0.78289,3.57,2.44
2013.07.05 08:42:07.035,0.78266,0.78288,2.07,1.88
2013.07.05 08:42:08.308,0.78267,0.7829,3.94,1.32
2013.07.05 08:42:08.745,0.78267,0.7829,1.69,1.32
2013.07.05 08:42:10.488,0.78269,0.7829,2.29,1.32
2013.07.05 08:42:10.786,0.78277,0.78295,1.65,2.07
2013.07.05 08:42:10.845,0.78277,0.78295,1.65,2.07
2013.07.05 08:42:11.447,0.7828,0.78298,2.25,1.69
2013.07.05 08:42:11.805,0.78287,0.783,2.40,2.25
2013.07.05 08:42:11.984,0.78284,0.783,2.25,2.25
2013.07.05 08:42:12.344,0.78282,0.78299,1.50,1.50
2013.07.05 08:42:13.226,0.78281,0.78299,2.44,1.50
2013.07.05 08:42:13.304,0.7827,0.78288,1.32,2.25
2013.07.05 08:42:13.375,0.78267,0.78288,4.69,2.25
2013.07.05 08:42:13.556,0.78266,0.78285,1.69,1.20
2013.07.05 08:42:14.036,0.78262,0.78283,2.63,1.54
2013.07.05 08:42:14.166,0.78262,0.78283,1.13,2.29
2013.07.05 08:42:14.226,0.78261,0.78283,1.32,3.79
2013.07.05 08:42:14.882,0.7826,0.7828,1.69,1.32
2013.07.05 08:42:18.904,0.78261,0.7828,1.69,1.32
2013.07.05 08:42:20.195,0.78259,0.7828,1.69,1.32
2013.07.05 08:42:21.085,0.78258,0.7828,2.44,1.32
2013.07.05 08:42:26.914,0.78257,0.78279,1.69,1.32
2013.07.05 08:42:27.036,0.78257,0.78279,1.69,2.07
2013.07.05 08:42:29.736,0.78258,0.78277,1.69,1.13
2013.07.05 08:42:30.058,0.78258,0.7828,1.69,2.82
2013.07.05 08:42:31.356,0.78258,0.78279,1.69,2.07
2013.07.05 08:42:32.016,0.78258,0.78277,1.69,1.95
2013.07.05 08:42:32.256,0.78254,0.78274,2.44,1.02
2013.07.05 08:42:32.495,0.78254,0.78274,2.44,1.02
2013.07.05 08:42:33.035,0.78254,0.78272,2.44,2.25
2013.07.05 08:42:33.715,0.78254,0.78271,1.69,1.50
2013.07.05 08:42:33.955,0.78251,0.78269,1.69,2.25
2013.07.05 08:42:34.554,0.78251,0.78269,1.69,2.25
2013.07.05 08:42:35.094,0.78249,0.7827,1.69,1.69
2013.07.05 08:42:36.675,0.78249,0.78268,1.69,1.50
2013.07.05 08:42:38.297,0.78249,0.78267,1.69,1.50
2013.07.05 08:42:38.356,0.78247,0.78266,1.69,1.20
2013.07.05 08:42:38.417,0.78246,0.78266,1.69,2.33
2013.07.05 08:42:38.596,0.78244,0.78264,2.44,1.58
2013.07.05 08:42:39.136,0.78244,0.78262,1.69,2.25
2013.07.05 08:42:39.196,0.78243,0.78261,1.32,1.50
2013.07.05 08:42:39.315,0.78243,0.7826,1.13,1.50
2013.07.05 08:42:39.887,0.78239,0.78257,1.69,2.25
2013.07.05 08:42:40.727,0.78239,0.78257,1.69,2.25
2013.07.05 08:42:41.266,0.78238,0.78256,1.69,1.50
2013.07.05 08:42:41.447,0.78234,0.78255,2.82,1.50
2013.07.05 08:42:47.395,0.78234,0.78245,1.69,1.50
2013.07.05 08:42:47.636,0.78228,0.7824,1.69,1.50
2013.07.05 08:42:47.695,0.78228,0.7824,1.50,1.50
2013.07.05 08:42:47.875,0.78224,0.7824,1.88,1.50
2013.07.05 08:42:48.416,0.78224,0.78239,1.88,1.50
2013.07.05 08:42:49.025,0.78224,0.78239,1.50,1.50
2013.07.05 08:42:49.867,0.78226,0.78243,1.50,1.50
2013.07.05 08:42:50.406,0.78226,0.78244,2.25,1.50
2013.07.05 08:42:50.944,0.78227,0.78244,2.25,1.50
2013.07.05 08:42:52.615,0.78234,0.78246,1.50,1.17
2013.07.05 08:42:52.795,0.78234,0.78249,1.50,1.69
2013.07.05 08:42:52.974,0.78233,0.78251,1.50,1.50
2013.07.05 08:42:53.094,0.78234,0.78251,1.50,1.50
2013.07.05 08:42:53.215,0.78235,0.78254,1.50,1.32
2013.07.05 08:42:53.815,0.78236,0.78254,2.25,1.13
2013.07.05 08:42:53.995,0.78238,0.78254,1.50,1.13
2013.07.05 08:42:54.295,0.78238,0.78256,1.50,1.69
2013.07.05 08:42:54.854,0.78237,0.78256,1.50,1.69
2013.07.05 08:42:57.347,0.78237,0.78256,1.50,1.69
2013.07.05 08:42:59.344,0.78237,0.78256,1.69,1.50
2013.07.05 08:43:00.735,0.78237,0.78256,2.44,1.50
2013.07.05 08:43:02.173,0.78238,0.78256,1.69,1.50
2013.07.05 08:43:02.735,0.78237,0.78256,2.44,1.69
2013.07.05 08:43:03.236,0.78238,0.78256,1.50,1.69
2013.07.05 08:43:04.436,0.78238,0.78256,1.50,1.69
2013.07.05 08:43:05.083,0.78238,0.78256,1.50,1.69
2013.07.05 08:43:06.985,0.78238,0.78256,1.69,1.50
2013.07.05 08:43:07.525,0.78238,0.78257,1.69,1.69
2013.07.05 08:43:07.645,0.78241,0.78258,1.50,1.32
2013.07.05 08:43:08.155,0.78242,0.78261,1.50,2.44
2013.07.05 08:43:09.508,0.78243,0.78261,1.50,1.69
2013.07.05 08:43:09.995,0.78243,0.78261,1.50,1.32
2013.07.05 08:43:10.736,0.78243,0.7826,1.50,1.13
2013.07.05 08:43:10.798,0.78244,0.78263,1.50,1.32
2013.07.05 08:43:11.036,0.78246,0.78263,1.69,1.13
2013.07.05 08:43:11.275,0.78248,0.78263,1.50,1.13
2013.07.05 08:43:11.576,0.7825,0.78268,4.50,2.25
2013.07.05 08:43:11.694,0.78253,0.7827,1.50,1.32
2013.07.05 08:43:12.115,0.78252,0.7827,2.25,1.32
2013.07.05 08:43:12.655,0.78254,0.7827,1.50,1.32
2013.07.05 08:43:13.325,0.78254,0.7827,1.50,1.32
2013.07.05 08:43:16.427,0.78254,0.78272,1.50,1.73
2013.07.05 08:43:16.559,0.78254,0.78274,2.44,1.54
2013.07.05 08:43:17.855,0.78255,0.78274,1.69,1.47
2013.07.05 08:43:18.404,0.78256,0.78274,2.25,1.47
2013.07.05 08:43:19.576,0.78256,0.78275,1.50,2.22
2013.07.05 08:43:22.915,0.78254,0.78275,4.69,1.47
2013.07.05 08:43:23.217,0.7826,0.78277,1.50,2.44
2013.07.05 08:43:23.724,0.78259,0.78277,2.25,2.44
2013.07.05 08:43:24.265,0.78261,0.78279,1.50,2.07
2013.07.05 08:43:24.445,0.78262,0.78279,1.50,1.13
2013.07.05 08:43:24.924,0.78266,0.78282,1.50,1.54
2013.07.05 08:43:25.225,0.7827,0.78286,1.50,1.69
2013.07.05 08:43:25.285,0.7827,0.7829,1.50,1.32
2013.07.05 08:43:25.405,0.78274,0.7829,2.25,1.13
2013.07.05 08:43:25.646,0.78275,0.78292,1.50,1.69
2013.07.05 08:43:26.006,0.78275,0.78294,1.50,2.55
2013.07.05 08:43:26.186,0.78272,0.78287,1.50,1.58
2013.07.05 08:43:26.307,0.78269,0.78287,1.50,1.58
2013.07.05 08:43:26.668,0.78266,0.78286,1.69,1.95
2013.07.05 08:43:27.216,0.78265,0.78283,1.50,1.69
2013.07.05 08:43:27.398,0.78262,0.7828,2.44,1.13
2013.07.05 08:43:28.579,0.78264,0.78282,2.25,1.50
2013.07.05 08:43:28.830,0.78264,0.78283,1.50,2.44
2013.07.05 08:43:29.316,0.78265,0.78283,1.50,1.32
2013.07.05 08:43:29.445,0.78265,0.78285,3.00,1.02
2013.07.05 08:43:31.167,0.78266,0.78286,1.50,1.32
2013.07.05 08:43:31.286,0.78269,0.78286,1.50,1.32
2013.07.05 08:43:31.646,0.7827,0.78286,1.50,1.13
2013.07.05 08:43:31.885,0.78269,0.78287,2.25,1.13
2013.07.05 08:43:32.126,0.78265,0.78285,2.44,1.13
2013.07.05 08:43:32.186,0.78265,0.78284,2.25,1.88
2013.07.05 08:43:33.114,0.78266,0.78284,1.50,1.13
2013.07.05 08:43:33.175,0.78266,0.78286,3.00,1.32
2013.07.05 08:43:34.134,0.78268,0.78286,1.50,1.69
2013.07.05 08:43:35.116,0.78269,0.78286,2.25,1.32
2013.07.05 08:43:35.415,0.7827,0.78286,1.50,1.20
2013.07.05 08:43:36.295,0.78267,0.78286,1.50,1.39
2013.07.05 08:43:36.835,0.78265,0.78286,1.69,2.52
2013.07.05 08:43:38.105,0.78264,0.78286,5.44,1.39
2013.07.05 08:43:38.645,0.78263,0.78284,3.94,2.14
2013.07.05 08:43:38.765,0.78263,0.78281,3.94,1.58
2013.07.05 08:43:38.885,0.78263,0.78281,2.44,3.08
2013.07.05 08:43:39.185,0.78259,0.78279,3.19,1.58
2013.07.05 08:43:39.365,0.78258,0.78277,3.19,1.50
2013.07.05 08:43:39.635,0.78257,0.78277,1.69,1.50
2013.07.05 08:43:40.642,0.78257,0.78276,1.69,1.50
2013.07.05 08:43:41.188,0.78257,0.78276,1.50,2.89
2013.07.05 08:43:41.435,0.78261,0.78279,2.25,1.69
2013.07.05 08:43:41.615,0.78262,0.78282,1.50,1.32
2013.07.05 08:43:41.735,0.78262,0.78282,1.50,1.32
2013.07.05 08:43:41.976,0.78264,0.78282,2.25,1.32
2013.07.05 08:43:42.158,0.78264,0.78282,1.50,1.32
2013.07.05 08:43:42.407,0.78264,0.78282,2.25,1.32
2013.07.05 08:43:42.776,0.78264,0.78282,2.25,2.07
2013.07.05 08:43:43.324,0.78264,0.78275,2.25,1.50
2013.07.05 08:43:43.685,0.78265,0.78279,1.50,1.50
2013.07.05 08:43:43.805,0.78265,0.78281,1.50,1.50
2013.07.05 08:43:50.691,0.78264,0.78281,1.69,1.50
2013.07.05 08:43:51.227,0.78264,0.78281,1.69,1.50
2013.07.05 08:43:51.347,0.78265,0.78281,2.44,1.50
2013.07.05 08:43:52.648,0.78265,0.78281,3.19,2.33
2013.07.05 08:43:52.775,0.78265,0.78281,3.00,1.50
2013.07.05 08:43:52.897,0.78265,0.7828,1.50,1.50
2013.07.05 08:43:55.985,0.78264,0.78281,1.69,1.50
2013.07.05 08:43:57.275,0.78264,0.78281,4.69,1.50
2013.07.05 08:43:57.335,0.78264,0.78281,3.19,1.50
2013.07.05 08:43:57.875,0.78264,0.78281,1.69,1.50
2013.07.05 08:43:59.816,0.78264,0.78281,1.69,1.50
2013.07.05 08:44:02.735,0.78264,0.78281,1.69,1.50
2013.07.05 08:44:08.435,0.78264,0.78281,1.69,1.50
2013.07.05 08:44:08.616,0.78264,0.78281,1.69,1.50
2013.07.05 08:44:09.335,0.78264,0.78281,3.19,1.50
2013.07.05 08:44:14.055,0.78267,0.78281,2.25,1.50
2013.07.05 08:44:14.295,0.78267,0.78286,4.69,1.50
2013.07.05 08:44:14.416,0.7827,0.78286,1.50,1.50
2013.07.05 08:44:14.715,0.78274,0.7829,1.50,1.50
2013.07.05 08:44:14.835,0.78274,0.7829,1.50,1.50
2013.07.05 08:44:15.136,0.78272,0.78287,3.00,2.33
2013.07.05 08:44:15.257,0.78269,0.78286,2.44,1.58
2013.07.05 08:44:15.316,0.78268,0.78281,1.69,1.50
2013.07.05 08:44:15.615,0.78264,0.78281,3.19,1.50
2013.07.05 08:44:17.406,0.78264,0.78281,1.69,1.50
2013.07.05 08:44:17.707,0.78261,0.7828,2.44,1.88
2013.07.05 08:44:18.065,0.78261,0.7828,2.07,1.13
2013.07.05 08:44:18.185,0.7826,0.7828,3.94,2.63
2013.07.05 08:44:18.245,0.7826,0.7828,1.69,3.38
2013.07.05 08:44:18.426,0.78258,0.78275,2.44,1.50
2013.07.05 08:44:18.607,0.78258,0.78271,1.50,1.50
2013.07.05 08:44:19.566,0.78258,0.78271,1.50,1.50
2013.07.05 08:44:19.745,0.78258,0.78276,1.50,1.50
2013.07.05 08:44:19.986,0.78258,0.78276,2.44,1.50
2013.07.05 08:44:21.128,0.78258,0.78276,1.69,1.50
2013.07.05 08:44:21.685,0.78259,0.78276,1.69,1.50
2013.07.05 08:44:22.345,0.78262,0.78276,2.25,1.50
2013.07.05 08:44:24.375,0.78259,0.78275,2.44,1.50
2013.07.05 08:44:24.495,0.78258,0.78273,1.69,1.50
2013.07.05 08:44:25.035,0.78258,0.78271,1.69,1.50
2013.07.05 08:44:26.835,0.78259,0.78271,1.69,1.50
2013.07.05 08:44:28.654,0.78258,0.78271,2.44,1.50
2013.07.05 08:44:29.195,0.78258,0.78271,1.69,1.50
2013.07.05 08:44:30.065,0.78258,0.78271,2.44,1.50
2013.07.05 08:44:30.616,0.78257,0.78271,1.69,1.50
2013.07.05 08:44:33.807,0.78258,0.78271,1.50,1.50
2013.07.05 08:44:34.416,0.78257,0.78271,1.50,1.50
2013.07.05 08:44:35.179,0.78258,0.78271,1.50,1.50
2013.07.05 08:44:35.695,0.78257,0.78271,1.50,1.50
2013.07.05 08:44:36.204,0.78258,0.78271,1.50,1.50
2013.07.05 08:44:36.625,0.78261,0.78273,1.50,1.50
2013.07.05 08:44:36.685,0.78261,0.78275,1.50,1.69
2013.07.05 08:44:36.865,0.78263,0.78275,1.50,1.50
2013.07.05 08:44:37.105,0.78264,0.78276,1.50,1.50
2013.07.05 08:44:39.316,0.78266,0.78276,1.65,1.50
2013.07.05 08:44:39.556,0.78273,0.78286,1.50,1.50
2013.07.05 08:44:39.676,0.78273,0.78286,1.50,1.50
2013.07.05 08:44:39.796,0.78276,0.78291,1.50,1.50
2013.07.05 08:44:39.916,0.78276,0.78291,2.25,1.50
2013.07.05 08:44:40.455,0.78276,0.78291,2.25,1.50
2013.07.05 08:44:40.996,0.78277,0.78291,1.50,1.50
2013.07.05 08:44:41.504,0.78278,0.78291,2.25,1.50
2013.07.05 08:44:55.325,0.78273,0.78291,2.82,1.50
2013.07.05 08:44:55.384,0.78273,0.7829,2.07,1.50
2013.07.05 08:44:55.685,0.78269,0.78285,1.69,2.25
2013.07.05 08:44:55.805,0.78269,0.78281,1.50,1.50
2013.07.05 08:44:56.347,0.78269,0.78281,1.50,1.50
2013.07.05 08:44:56.855,0.78267,0.78281,2.44,1.50
2013.07.05 08:44:57.381,0.78268,0.78281,1.69,1.50
2013.07.05 08:44:57.806,0.78269,0.78281,1.50,1.50
2013.07.05 08:44:59.157,0.78272,0.78285,2.25,1.50
2013.07.05 08:44:59.515,0.78274,0.78286,1.50,2.25
2013.07.05 08:45:06.678,0.78275,0.78286,1.50,1.50
2013.07.05 08:45:06.745,0.78275,0.78291,1.50,1.69
2013.07.05 08:45:09.245,0.78276,0.78291,2.25,1.50
2013.07.05 08:45:10.396,0.78278,0.78291,2.25,1.50
2013.07.05 08:45:10.636,0.78279,0.78291,2.25,1.50
2013.07.05 08:45:11.177,0.78278,0.78291,3.00,1.50
2013.07.05 08:45:11.427,0.78279,0.78291,2.25,1.50
2013.07.05 08:45:12.835,0.78275,0.78291,2.07,1.50
2013.07.05 08:45:12.895,0.78275,0.7829,2.07,1.50
2013.07.05 08:45:13.015,0.78273,0.78287,2.44,1.50
2013.07.05 08:45:13.135,0.78274,0.78286,2.25,1.50
2013.07.05 08:45:13.255,0.78274,0.78291,3.00,1.50
2013.07.05 08:45:13.796,0.78274,0.78291,2.25,1.50
2013.07.05 08:45:15.760,0.78276,0.78291,1.50,1.50
2013.07.05 08:45:16.265,0.78275,0.78291,1.69,1.50
2013.07.05 08:45:26.436,0.78274,0.78291,1.69,1.50
2013.07.05 08:45:27.459,0.78274,0.78291,2.07,1.50
2013.07.05 08:45:33.758,0.78268,0.78286,1.69,1.50
2013.07.05 08:45:38.076,0.78266,0.78285,3.04,1.50
2013.07.05 08:45:38.256,0.78266,0.78283,1.69,1.50
2013.07.05 08:45:38.315,0.78265,0.78281,2.07,1.50
2013.07.05 08:45:39.386,0.78266,0.78281,1.69,1.50
2013.07.05 08:45:40.555,0.78265,0.78281,1.69,1.50
2013.07.05 08:45:42.445,0.78269,0.78281,1.50,1.50
2013.07.05 08:45:44.256,0.78268,0.78281,2.44,1.50
2013.07.05 08:45:44.806,0.78267,0.78281,1.69,1.50
2013.07.05 08:45:47.386,0.78266,0.78281,2.07,1.50
2013.07.05 08:45:48.012,0.78267,0.78281,1.69,1.50
2013.07.05 08:45:49.960,0.78266,0.78281,2.07,1.50
2013.07.05 08:45:51.089,0.78266,0.78281,2.07,1.50
2013.07.05 08:45:55.925,0.78263,0.78281,2.29,1.50
2013.07.05 08:45:56.404,0.78264,0.78281,2.07,1.50
2013.07.05 08:46:02.985,0.78268,0.78281,1.50,1.50
2013.07.05 08:46:03.524,0.78268,0.78281,1.50,1.50
2013.07.05 08:46:07.035,0.78266,0.7828,1.32,1.50
2013.07.05 08:46:07.336,0.78261,0.78269,2.44,1.50
2013.07.05 08:46:07.406,0.7826,0.78269,3.19,1.50
2013.07.05 08:46:07.526,0.78258,0.78269,3.94,1.50
2013.07.05 08:46:08.065,0.78258,0.78269,1.69,1.50
2013.07.05 08:46:08.246,0.78255,0.78264,2.82,1.50
2013.07.05 08:46:08.306,0.78255,0.78264,2.07,1.50
2013.07.05 08:46:09.305,0.78255,0.78264,3.00,1.50
2013.07.05 08:46:09.845,0.78255,0.78264,3.75,1.50
2013.07.05 08:46:10.416,0.78255,0.78264,3.75,1.50
2013.07.05 08:46:11.155,0.78255,0.78264,3.75,1.50
2013.07.05 08:46:11.755,0.78255,0.78264,3.00,1.50
2013.07.05 08:46:12.784,0.78255,0.78264,3.00,1.50
2013.07.05 08:46:13.325,0.78255,0.78266,3.00,1.50
2013.07.05 08:46:13.386,0.78256,0.78266,2.25,1.50
2013.07.05 08:46:13.566,0.78256,0.78276,2.63,2.25
2013.07.05 08:46:13.626,0.78256,0.78276,2.07,2.25
2013.07.05 08:46:13.686,0.78256,0.78274,2.07,1.50
2013.07.05 08:46:13.987,0.78257,0.78276,1.69,1.50
2013.07.05 08:46:14.047,0.78257,0.78276,1.69,1.50
2013.07.05 08:46:19.596,0.78257,0.78271,1.32,1.50
2013.07.05 08:46:19.775,0.78257,0.78276,1.32,1.50
2013.07.05 08:46:22.858,0.78258,0.78275,1.69,1.58
2013.07.05 08:46:22.916,0.78255,0.78274,2.07,1.58
2013.07.05 08:46:25.955,0.78254,0.78271,2.07,1.50
2013.07.05 08:46:33.766,0.78253,0.78271,2.82,1.50
2013.07.05 08:46:38.785,0.78253,0.78271,1.69,2.25
2013.07.05 08:46:44.015,0.78253,0.78271,1.69,1.50
2013.07.05 08:46:44.496,0.7825,0.78266,2.44,1.50
2013.07.05 08:46:45.585,0.78251,0.78266,2.82,1.50
2013.07.05 08:46:46.126,0.78252,0.78266,1.69,1.50
2013.07.05 08:46:47.485,0.7825,0.78266,2.07,1.50
2013.07.05 08:46:48.676,0.78249,0.78265,2.14,1.50
2013.07.05 08:46:48.987,0.78248,0.78261,1.39,1.50
2013.07.05 08:46:52.856,0.7825,0.78261,1.13,1.50
2013.07.05 08:46:52.916,0.78252,0.78266,1.13,1.50
2013.07.05 08:46:54.838,0.78251,0.78266,1.69,1.50
2013.07.05 08:46:55.146,0.78251,0.78266,1.69,1.50
2013.07.05 08:47:00.465,0.78251,0.78266,2.07,1.50
2013.07.05 08:47:03.445,0.78249,0.78266,1.77,1.50
2013.07.05 08:47:16.188,0.78254,0.78266,1.50,1.50
2013.07.05 08:47:16.246,0.78254,0.78271,1.50,1.88
2013.07.05 08:47:16.786,0.78256,0.78271,2.25,1.88
2013.07.05 08:47:17.295,0.78256,0.78271,1.50,1.50
2013.07.05 08:47:18.686,0.78253,0.78271,1.69,1.50
2013.07.05 08:47:19.407,0.78253,0.7827,1.69,1.50
2013.07.05 08:47:19.466,0.78253,0.78266,1.69,1.50
2013.07.05 08:47:19.825,0.78253,0.78266,3.00,1.50
2013.07.05 08:47:20.005,0.78253,0.78271,3.00,2.25
2013.07.05 08:47:20.246,0.78253,0.78271,1.50,2.25
2013.07.05 08:47:39.605,0.78253,0.78271,1.69,2.25
2013.07.05 08:47:39.925,0.78253,0.7827,1.69,1.50
2013.07.05 08:47:40.107,0.78251,0.78266,2.44,1.50
2013.07.05 08:47:40.168,0.78252,0.78266,1.69,1.50
2013.07.05 08:47:40.286,0.78252,0.7827,2.44,1.50
2013.07.05 08:47:40.808,0.78254,0.78271,1.50,1.69
2013.07.05 08:47:40.877,0.78254,0.78271,1.50,1.69
2013.07.05 08:47:41.187,0.78254,0.78271,1.69,1.50
2013.07.05 08:47:46.156,0.78253,0.78271,2.44,2.25
2013.07.05 08:47:46.216,0.78253,0.78266,2.44,1.50
2013.07.05 08:47:46.575,0.78254,0.7827,1.50,1.13
2013.07.05 08:47:48.205,0.78254,0.7827,1.50,1.13
2013.07.05 08:47:49.599,0.78254,0.7827,1.50,1.13
2013.07.05 08:47:58.705,0.78253,0.78269,1.69,1.50
2013.07.05 08:47:58.886,0.78251,0.78267,3.94,1.50
2013.07.05 08:47:59.066,0.78251,0.78266,1.13,2.25
2013.07.05 08:47:59.127,0.78249,0.78264,1.32,3.68
2013.07.05 08:47:59.486,0.7824,0.78255,1.50,1.20
2013.07.05 08:47:59.667,0.78236,0.78251,2.44,1.50
2013.07.05 08:47:59.726,0.78236,0.78251,3.19,1.50
2013.07.05 08:47:59.906,0.78236,0.78251,1.69,1.50
2013.07.05 08:48:02.466,0.78233,0.78251,2.82,2.25
2013.07.05 08:48:03.178,0.78233,0.7825,1.32,2.25
2013.07.05 08:48:03.937,0.78231,0.78245,1.69,1.50
2013.07.05 08:48:04.015,0.78226,0.78241,1.50,2.25
2013.07.05 08:48:04.083,0.78224,0.78241,2.44,2.25
2013.07.05 08:48:04.705,0.78224,0.78241,1.69,2.25
2013.07.05 08:48:05.246,0.78225,0.78241,1.50,1.50
2013.07.05 08:48:09.271,0.78224,0.78241,3.19,1.50
2013.07.05 08:48:13.745,0.78225,0.78241,3.04,1.50
2013.07.05 08:48:14.166,0.78228,0.78246,1.50,3.00
2013.07.05 08:48:14.226,0.78228,0.78246,1.50,1.50
2013.07.05 08:48:22.396,0.78234,0.78246,1.50,1.50
2013.07.05 08:48:22.456,0.78234,0.7825,1.50,1.13
2013.07.05 08:48:22.696,0.78234,0.78251,1.50,1.50
2013.07.05 08:48:29.365,0.78236,0.78251,1.69,1.50
2013.07.05 08:48:30.149,0.78238,0.78256,1.50,1.69
2013.07.05 08:48:30.336,0.78241,0.78256,1.50,1.50
2013.07.05 08:48:33.459,0.78236,0.78255,1.69,1.50
2013.07.05 08:48:33.527,0.78234,0.78254,2.44,1.50
2013.07.05 08:48:34.065,0.78234,0.78251,2.44,1.50
2013.07.05 08:48:43.206,0.78235,0.78251,1.32,1.50
2013.07.05 08:48:44.196,0.78236,0.78251,1.69,1.50
2013.07.05 08:48:49.346,0.78236,0.78251,1.69,1.50
2013.07.05 08:48:49.855,0.78234,0.78251,2.07,1.50
2013.07.05 08:48:50.395,0.78234,0.78251,1.69,1.50
2013.07.05 08:48:50.636,0.78234,0.78251,2.07,1.50
2013.07.05 08:48:51.177,0.78232,0.78249,1.69,1.50
2013.07.05 08:48:51.415,0.7823,0.78246,1.69,1.50
2013.07.05 08:48:51.775,0.78228,0.78245,1.32,1.50
2013.07.05 08:48:52.196,0.78225,0.78241,1.69,1.50
2013.07.05 08:48:55.706,0.78227,0.78241,1.88,1.50
2013.07.05 08:48:56.365,0.78227,0.78241,4.13,1.50
2013.07.05 08:48:56.486,0.78227,0.78246,6.23,1.69
2013.07.05 08:48:56.906,0.78233,0.78249,1.50,1.13
2013.07.05 08:48:56.966,0.78234,0.78251,1.50,1.50
2013.07.05 08:48:57.085,0.78234,0.78251,1.50,1.50
2013.07.05 08:48:57.445,0.78233,0.78249,1.69,1.50
2013.07.05 08:48:57.506,0.78233,0.78249,1.69,1.50
2013.07.05 08:48:57.626,0.7823,0.78246,2.44,1.50
2013.07.05 08:48:58.165,0.78229,0.78246,2.07,2.25
2013.07.05 08:48:58.226,0.78229,0.78245,1.32,1.50
2013.07.05 08:48:58.735,0.78229,0.78241,1.32,1.50
2013.07.05 08:49:00.366,0.78226,0.78241,1.32,1.50
2013.07.05 08:49:01.270,0.78223,0.78236,1.69,1.50
2013.07.05 08:49:08.755,0.78223,0.7824,1.69,1.50
2013.07.05 08:49:08.815,0.78223,0.78242,1.69,1.13
2013.07.05 08:49:08.998,0.78225,0.78242,1.32,1.13
2013.07.05 08:49:09.237,0.78228,0.78246,1.69,1.50
2013.07.05 08:49:09.366,0.78228,0.78242,1.69,1.13
2013.07.05 08:49:09.487,0.78223,0.78238,1.13,1.88
2013.07.05 08:49:09.547,0.78224,0.78236,1.13,1.13
2013.07.05 08:49:09.666,0.78224,0.78238,1.88,1.88
2013.07.05 08:49:09.787,0.78225,0.78243,1.13,1.69
2013.07.05 08:49:09.847,0.78225,0.78244,1.13,2.25
2013.07.05 08:49:09.967,0.78225,0.78246,1.88,1.50
2013.07.05 08:49:10.387,0.78228,0.78248,3.75,1.13
2013.07.05 08:49:10.866,0.78231,0.78253,1.50,1.13
2013.07.05 08:49:11.166,0.78236,0.78256,2.25,1.13
2013.07.05 08:49:11.226,0.78236,0.78257,2.25,1.50
2013.07.05 08:49:11.595,0.78236,0.78257,1.50,1.50
2013.07.05 08:49:11.716,0.78239,0.78259,1.35,3.00
2013.07.05 08:49:11.909,0.78239,0.78257,1.35,1.50
2013.07.05 08:49:11.977,0.78239,0.78259,1.35,1.88
2013.07.05 08:49:13.426,0.78236,0.78258,2.25,1.50
2013.07.05 08:49:13.935,0.78236,0.78259,2.25,3.57
2013.07.05 08:49:14.596,0.78236,0.78258,2.25,1.50
2013.07.05 08:49:16.765,0.78236,0.78258,3.19,1.69
2013.07.05 08:49:17.612,0.78241,0.7826,2.25,1.32
2013.07.05 08:49:18.036,0.78246,0.78264,1.50,1.69
2013.07.05 08:49:18.156,0.78246,0.78266,1.50,1.69
2013.07.05 08:49:18.407,0.78246,0.78266,1.50,1.69
2013.07.05 08:49:19.745,0.78246,0.78266,1.69,1.69
2013.07.05 08:49:21.995,0.78247,0.78266,1.50,3.19
2013.07.05 08:49:22.356,0.78242,0.78258,1.50,3.38
2013.07.05 08:49:22.416,0.78243,0.78258,1.50,1.88
2013.07.05 08:49:22.775,0.7824,0.78258,2.44,3.53
2013.07.05 08:49:23.017,0.78242,0.78258,1.50,1.88
2013.07.05 08:49:23.077,0.78241,0.78258,1.32,1.13
2013.07.05 08:49:23.138,0.78239,0.78256,1.32,1.50
2013.07.05 08:49:23.386,0.78238,0.78254,1.50,1.13
2013.07.05 08:49:28.197,0.78234,0.78251,2.44,1.50
2013.07.05 08:49:28.436,0.78231,0.7825,2.44,1.50
2013.07.05 08:49:28.617,0.78231,0.78249,1.69,2.63
2013.07.05 08:49:28.796,0.78228,0.78247,1.50,1.50
2013.07.05 08:49:28.855,0.78226,0.78247,1.69,1.50
2013.07.05 08:49:29.563,0.78225,0.78247,2.07,2.25
2013.07.05 08:49:31.695,0.78226,0.78247,3.19,3.00
2013.07.05 08:49:31.880,0.78228,0.78247,1.50,2.25
2013.07.05 08:49:32.425,0.78228,0.78246,1.50,1.69
2013.07.05 08:49:32.785,0.78228,0.78246,1.50,1.69
2013.07.05 08:49:32.965,0.78226,0.78246,2.44,1.69
2013.07.05 08:49:34.858,0.78226,0.78245,1.69,1.09
2013.07.05 08:49:35.399,0.78226,0.78244,1.50,1.09
2013.07.05 08:49:35.769,0.78225,0.78244,1.69,1.84
2013.07.05 08:49:36.317,0.78227,0.78245,1.50,1.77
2013.07.05 08:49:36.617,0.78228,0.78246,1.20,1.50
2013.07.05 08:49:36.738,0.78229,0.78246,1.50,1.50
2013.07.05 08:49:37.166,0.78229,0.78246,3.00,1.50
2013.07.05 08:49:38.825,0.7823,0.78247,1.50,1.69
2013.07.05 08:49:39.766,0.78229,0.78247,1.50,1.69
2013.07.05 08:49:42.616,0.78229,0.78247,1.50,2.44
2013.07.05 08:49:44.632,0.78229,0.78247,1.88,2.44
2013.07.05 08:49:55.688,0.78229,0.78247,1.50,2.44
2013.07.05 08:49:56.358,0.78226,0.78246,1.32,1.69
2013.07.05 08:49:57.216,0.78224,0.78245,1.69,1.95
2013.07.05 08:49:59.097,0.78224,0.78244,1.69,1.58
2013.07.05 08:50:03.218,0.78223,0.78237,1.50,1.95
2013.07.05 08:50:03.576,0.78221,0.78229,1.50,1.13
2013.07.05 08:50:03.636,0.78214,0.78229,1.50,1.13
2013.07.05 08:50:03.696,0.78214,0.78232,2.25,1.35
2013.07.05 08:50:03.816,0.78214,0.78232,1.50,2.29
2013.07.05 08:50:03.936,0.78214,0.78233,1.50,2.29
2013.07.05 08:50:04.479,0.78214,0.78233,1.50,1.54
2013.07.05 08:50:05.086,0.78214,0.78234,1.50,1.69
2013.07.05 08:50:07.408,0.78215,0.78236,1.88,1.69
2013.07.05 08:50:07.766,0.78217,0.78237,2.44,1.88
2013.07.05 08:50:07.888,0.78216,0.78236,2.07,2.25
2013.07.05 08:50:08.246,0.78219,0.78237,2.25,1.69
2013.07.05 08:50:08.366,0.78219,0.7824,2.25,1.69
2013.07.05 08:50:08.427,0.78218,0.78237,1.69,1.50
2013.07.05 08:50:08.666,0.78215,0.78237,2.44,2.44
2013.07.05 08:50:09.027,0.78215,0.78237,1.69,3.19
2013.07.05 08:50:09.506,0.78214,0.78236,3.19,1.69
2013.07.05 08:50:09.686,0.78215,0.78236,1.69,1.69
2013.07.05 08:50:10.190,0.78216,0.78237,1.32,2.44
2013.07.05 08:50:10.496,0.78214,0.78235,2.07,1.50
2013.07.05 08:50:10.736,0.78213,0.78233,1.32,1.50
2013.07.05 08:50:11.278,0.78212,0.78233,1.69,1.50
2013.07.05 08:50:12.235,0.78213,0.78232,1.13,1.50
2013.07.05 08:50:12.667,0.7821,0.78233,1.32,1.50
2013.07.05 08:50:14.234,0.78208,0.78228,1.54,1.50
2013.07.05 08:50:14.376,0.78208,0.78228,1.54,1.50
2013.07.05 08:50:15.418,0.78207,0.78229,1.69,2.25
2013.07.05 08:50:16.087,0.78207,0.7823,1.69,2.10
2013.07.05 08:50:18.937,0.78207,0.78229,1.69,1.32
2013.07.05 08:50:22.986,0.78207,0.78228,1.69,1.69
2013.07.05 08:50:23.526,0.78208,0.78227,1.02,1.50
2013.07.05 08:50:23.887,0.7821,0.7823,1.32,1.50
2013.07.05 08:50:24.246,0.78213,0.78234,1.50,2.07
2013.07.05 08:50:27.845,0.78213,0.78234,1.13,2.82
2013.07.05 08:50:28.836,0.78213,0.78233,1.13,1.69
2013.07.05 08:50:32.215,0.7821,0.78233,1.69,2.07
2013.07.05 08:50:32.755,0.78212,0.78231,1.32,2.44
2013.07.05 08:50:33.262,0.78212,0.78231,1.32,1.69
2013.07.05 08:50:33.866,0.78208,0.78231,4.62,1.69
2013.07.05 08:50:34.437,0.78208,0.78231,4.62,1.69
2013.07.05 08:50:35.426,0.78208,0.78225,1.77,1.35
2013.07.05 08:50:35.547,0.78206,0.78222,1.02,1.13
2013.07.05 08:50:35.669,0.78202,0.7822,1.69,1.50
2013.07.05 08:50:35.855,0.78201,0.78218,2.44,1.50
2013.07.05 08:50:35.915,0.78201,0.78218,1.69,1.50
2013.07.05 08:50:36.395,0.78201,0.78219,1.69,1.50
2013.07.05 08:50:36.935,0.78201,0.78219,1.69,1.50
2013.07.05 08:50:37.056,0.78201,0.7822,2.44,1.50
2013.07.05 08:50:37.175,0.78201,0.78221,2.44,1.50
2013.07.05 08:50:37.476,0.78205,0.78223,3.08,1.50
2013.07.05 08:50:37.596,0.78208,0.78227,1.58,2.07
2013.07.05 08:50:38.875,0.78208,0.78227,1.58,2.07
2013.07.05 08:50:39.055,0.78214,0.78231,1.50,1.88
2013.07.05 08:50:39.355,0.78217,0.78233,1.58,1.50
2013.07.05 08:50:39.715,0.78219,0.78237,2.25,1.13
2013.07.05 08:50:40.197,0.78218,0.78236,1.32,1.50
2013.07.05 08:50:40.376,0.78218,0.78237,1.32,2.25
2013.07.05 08:50:42.135,0.78216,0.78235,1.32,1.50
2013.07.05 08:50:42.316,0.78215,0.78234,1.69,1.50
2013.07.05 08:50:43.596,0.78214,0.78233,1.69,1.50
2013.07.05 08:50:44.645,0.78213,0.78232,2.44,3.00
2013.07.05 08:50:44.706,0.78211,0.78229,1.32,1.50
2013.07.05 08:50:44.825,0.78209,0.78226,2.82,1.50
2013.07.05 08:50:45.365,0.78207,0.78225,1.69,1.50
2013.07.05 08:50:45.425,0.78205,0.78225,4.69,1.50
2013.07.05 08:50:45.551,0.78204,0.78225,2.44,1.50
2013.07.05 08:50:45.615,0.78203,0.78225,1.69,2.25
2013.07.05 08:50:45.955,0.78201,0.7822,1.92,1.50
2013.07.05 08:50:46.016,0.78199,0.78221,1.69,1.50
2013.07.05 08:50:46.815,0.78198,0.78219,1.02,1.50
2013.07.05 08:50:47.345,0.78198,0.78219,1.02,1.50
2013.07.05 08:50:47.645,0.782,0.78219,1.69,1.50
2013.07.05 08:50:47.886,0.78204,0.78223,1.50,2.44
2013.07.05 08:50:47.946,0.78204,0.78223,1.50,1.69
2013.07.05 08:50:48.126,0.78204,0.78225,1.69,3.04
2013.07.05 08:50:48.665,0.78204,0.78225,1.69,2.29
2013.07.05 08:50:49.465,0.78204,0.78225,1.69,1.54
2013.07.05 08:50:50.127,0.78206,0.78226,1.69,1.50
2013.07.05 08:50:51.566,0.78204,0.78226,2.82,3.00
2013.07.05 08:50:51.865,0.78204,0.78224,2.07,1.50
2013.07.05 08:50:52.405,0.78204,0.78224,2.07,1.50
2013.07.05 08:50:54.590,0.78204,0.78223,1.69,1.50
2013.07.05 08:50:59.064,0.78204,0.78223,1.69,1.50
2013.07.05 08:51:00.408,0.78204,0.78223,1.69,1.50
2013.07.05 08:51:00.993,0.78204,0.78224,1.69,2.44
2013.07.05 08:51:01.566,0.78204,0.78223,1.69,1.69
2013.07.05 08:51:02.296,0.78204,0.78223,1.69,1.69
2013.07.05 08:51:03.596,0.78204,0.78223,1.69,1.69
2013.07.05 08:51:04.145,0.78204,0.78221,1.69,1.50
2013.07.05 08:51:05.117,0.78202,0.78221,1.32,1.50
2013.07.05 08:51:05.177,0.78199,0.7822,1.69,1.50
2013.07.05 08:51:05.238,0.78199,0.78221,1.32,2.25
2013.07.05 08:51:05.358,0.78199,0.78221,1.32,1.50
2013.07.05 08:51:13.856,0.78199,0.78219,1.32,1.69
2013.07.05 08:51:14.157,0.78197,0.78217,1.32,3.00
2013.07.05 08:51:14.276,0.78197,0.78216,1.13,2.25
2013.07.05 08:51:14.576,0.78196,0.78214,1.32,1.58
2013.07.05 08:51:14.816,0.78194,0.78212,1.50,1.50
2013.07.05 08:51:14.875,0.78193,0.78211,1.69,2.25
2013.07.05 08:51:27.655,0.78193,0.7821,1.69,1.50
2013.07.05 08:51:30.251,0.78193,0.78209,1.69,1.13
2013.07.05 08:51:30.789,0.78194,0.78209,1.50,1.13
2013.07.05 08:51:31.095,0.78194,0.78211,1.69,1.13
2013.07.05 08:51:32.806,0.78194,0.7821,1.69,1.88
2013.07.05 08:51:35.376,0.78195,0.7821,2.59,1.50
2013.07.05 08:51:38.856,0.78203,0.7821,1.50,1.50
2013.07.05 08:51:38.916,0.78204,0.78219,1.50,1.32
2013.07.05 08:51:39.036,0.78205,0.7822,1.50,1.50
2013.07.05 08:51:39.097,0.78206,0.7822,1.65,1.50
2013.07.05 08:51:39.456,0.78211,0.78229,2.25,3.60
2013.07.05 08:51:39.515,0.78214,0.78229,1.50,2.25
2013.07.05 08:51:39.937,0.78214,0.7823,2.25,1.50
2013.07.05 08:51:40.178,0.78214,0.7823,2.25,1.50
2013.07.05 08:51:46.027,0.78214,0.7823,1.69,1.50
2013.07.05 08:51:48.416,0.78214,0.7823,1.69,1.50
2013.07.05 08:51:56.226,0.78216,0.7823,2.14,1.50
2013.07.05 08:51:56.586,0.78222,0.78235,1.50,1.50
2013.07.05 08:52:10.946,0.78221,0.7823,1.69,1.50
2013.07.05 08:52:11.065,0.78219,0.7823,1.69,1.50
2013.07.05 08:52:11.248,0.78218,0.7823,1.32,1.50
2013.07.05 08:52:11.425,0.78218,0.78235,1.32,1.50
2013.07.05 08:52:15.403,0.78216,0.78234,1.32,2.10
2013.07.05 08:52:15.539,0.78213,0.7823,2.44,1.50
2013.07.05 08:52:15.846,0.7821,0.78223,2.25,3.75
2013.07.05 08:52:15.906,0.78203,0.78222,2.44,1.50
2013.07.05 08:52:15.966,0.78203,0.78215,1.69,1.50
2013.07.05 08:52:16.026,0.78203,0.78215,1.13,1.50
2013.07.05 08:52:16.447,0.78199,0.7821,1.50,1.50
2013.07.05 08:52:16.927,0.78187,0.78205,3.94,1.50
2013.07.05 08:52:19.177,0.7819,0.78205,1.32,1.50
2013.07.05 08:52:19.716,0.78192,0.78205,2.29,1.50
2013.07.05 08:52:21.596,0.78193,0.78205,1.69,1.50
2013.07.05 08:52:21.776,0.78194,0.7821,1.69,1.50
2013.07.05 08:52:21.956,0.78194,0.7821,4.32,1.50
2013.07.05 08:52:22.316,0.78197,0.7821,1.50,1.50
2013.07.05 08:52:22.856,0.78195,0.7821,2.07,1.50
2013.07.05 08:52:22.916,0.78195,0.7821,2.07,1.50
2013.07.05 08:52:24.910,0.78194,0.78211,2.07,1.50
2013.07.05 08:52:26.796,0.78191,0.78206,3.19,1.50
2013.07.05 08:52:27.036,0.78194,0.78211,1.50,1.50
2013.07.05 08:52:27.218,0.78194,0.78209,1.50,1.50
2013.07.05 08:52:27.850,0.78194,0.7821,1.50,1.50
2013.07.05 08:52:27.960,0.78187,0.78206,2.07,1.50
2013.07.05 08:52:28.400,0.78188,0.78206,3.19,1.50
2013.07.05 08:52:35.387,0.78193,0.78206,2.25,1.50
2013.07.05 08:52:35.567,0.78197,0.78211,1.50,1.50
2013.07.05 08:52:35.626,0.78197,0.78211,1.50,1.50
2013.07.05 08:52:35.986,0.782,0.78216,1.50,2.07
2013.07.05 08:52:36.046,0.782,0.78216,1.50,2.07
2013.07.05 08:52:36.716,0.78199,0.78216,1.69,1.50
2013.07.05 08:52:37.276,0.78198,0.78216,1.69,1.50
2013.07.05 08:52:41.813,0.78198,0.78216,1.69,1.50
2013.07.05 08:52:43.206,0.78198,0.78216,1.69,1.50
2013.07.05 08:52:48.268,0.78199,0.78216,1.54,1.65
2013.07.05 08:52:48.398,0.78197,0.78215,2.29,2.03
2013.07.05 08:52:48.460,0.78197,0.78211,2.29,1.50
2013.07.05 08:52:48.527,0.78194,0.78211,2.44,1.50
2013.07.05 08:52:49.066,0.78194,0.78211,1.69,1.50
2013.07.05 08:52:51.818,0.78193,0.7821,1.69,1.50
2013.07.05 08:52:51.997,0.7819,0.78206,2.82,1.50
2013.07.05 08:52:52.537,0.78191,0.78205,1.69,1.35
2013.07.05 08:52:52.717,0.78191,0.78205,1.50,1.35
2013.07.05 08:52:58.425,0.7819,0.78206,1.69,1.50
2013.07.05 08:52:59.628,0.7819,0.78206,1.69,1.50
2013.07.05 08:53:00.596,0.7819,0.78206,1.69,1.50
2013.07.05 08:53:01.196,0.78192,0.7821,1.50,2.07
2013.07.05 08:53:01.255,0.78192,0.7821,1.50,1.13
2013.07.05 08:53:10.667,0.78195,0.78211,3.19,1.88
2013.07.05 08:53:12.496,0.78198,0.78211,2.25,1.50
2013.07.05 08:53:13.036,0.78199,0.78211,1.50,1.50
2013.07.05 08:53:13.575,0.78198,0.78211,2.25,1.50
2013.07.05 08:53:13.876,0.782,0.78211,1.50,1.50
2013.07.05 08:53:14.057,0.78201,0.78216,1.50,1.50
2013.07.05 08:53:16.211,0.78201,0.78211,1.50,1.50
2013.07.05 08:53:16.279,0.78197,0.78211,1.69,1.50
2013.07.05 08:53:16.827,0.78194,0.78211,2.44,1.50
2013.07.05 08:53:18.990,0.78194,0.78211,1.69,1.50
2013.07.05 08:53:19.535,0.78194,0.78211,1.69,1.50
2013.07.05 08:53:21.167,0.78195,0.78211,2.44,1.50
2013.07.05 08:53:21.406,0.78196,0.78211,1.50,1.50
2013.07.05 08:53:21.766,0.78201,0.78211,1.50,1.50
2013.07.05 08:53:21.825,0.78197,0.78211,1.50,1.50
2013.07.05 08:53:22.365,0.78198,0.78211,1.50,1.50
2013.07.05 08:53:23.236,0.78196,0.78211,1.69,1.50
2013.07.05 08:53:26.327,0.78194,0.78211,1.69,1.50
2013.07.05 08:53:26.448,0.78193,0.7821,1.69,1.13
2013.07.05 08:53:26.808,0.78189,0.78201,1.50,1.58
2013.07.05 08:53:27.345,0.78184,0.78201,1.50,2.74
2013.07.05 08:53:28.248,0.78184,0.782,1.50,1.50
2013.07.05 08:53:28.426,0.78182,0.782,2.25,3.08
2013.07.05 08:53:28.546,0.78182,0.78198,2.25,1.20
2013.07.05 08:53:28.847,0.78178,0.78195,1.69,3.68
2013.07.05 08:53:28.967,0.78175,0.78191,2.07,1.50
2013.07.05 08:53:29.026,0.78175,0.78186,1.32,1.50
2013.07.05 08:53:29.146,0.78167,0.78185,1.69,3.00
2013.07.05 08:53:29.266,0.78166,0.78179,2.44,1.50
2013.07.05 08:53:29.387,0.78162,0.78176,1.69,1.50
2013.07.05 08:53:29.566,0.7816,0.78171,1.50,1.50
2013.07.05 08:53:29.687,0.78158,0.78171,1.69,1.50
2013.07.05 08:53:30.228,0.78157,0.78171,1.69,1.50
2013.07.05 08:53:30.408,0.78159,0.78171,1.50,1.50
2013.07.05 08:53:30.587,0.78157,0.78176,3.19,1.50
2013.07.05 08:53:30.647,0.78161,0.78176,1.50,1.50
2013.07.05 08:53:31.006,0.78163,0.78176,1.50,1.50
2013.07.05 08:53:31.248,0.78165,0.78186,3.75,2.82
2013.07.05 08:53:31.316,0.78165,0.78186,3.75,1.88
2013.07.05 08:53:31.616,0.78167,0.78186,3.75,1.88
2013.07.05 08:53:31.918,0.78174,0.78186,1.50,1.50
2013.07.05 08:53:32.096,0.78174,0.78191,1.50,1.50
2013.07.05 08:53:33.807,0.78174,0.78191,1.69,1.50
2013.07.05 08:53:39.606,0.78174,0.78191,1.69,1.50
2013.07.05 08:53:41.377,0.78176,0.78191,1.69,1.50
2013.07.05 08:53:41.556,0.78179,0.78194,1.50,1.50
2013.07.05 08:53:41.616,0.78179,0.78196,1.50,2.44
2013.07.05 08:53:42.556,0.78179,0.78195,1.50,2.25
2013.07.05 08:53:50.410,0.7818,0.78195,1.50,1.50
2013.07.05 08:53:51.215,0.7818,0.78195,1.50,1.50
2013.07.05 08:53:51.756,0.7818,0.78196,1.50,1.50
2013.07.05 08:53:52.176,0.78183,0.78197,2.25,1.13
2013.07.05 08:53:52.716,0.78183,0.78199,1.69,1.50
2013.07.05 08:53:52.776,0.78183,0.78199,1.69,1.13
2013.07.05 08:53:53.197,0.78183,0.782,3.19,1.13
2013.07.05 08:53:53.576,0.78185,0.782,2.25,1.13
2013.07.05 08:53:55.516,0.78186,0.78201,1.50,2.70
2013.07.05 08:53:56.756,0.78186,0.78199,1.50,1.50
2013.07.05 08:53:57.256,0.78186,0.782,1.50,2.25
2013.07.05 08:53:59.241,0.78186,0.78201,1.50,3.38
2013.07.05 08:53:59.605,0.78186,0.78201,1.50,2.63
2013.07.05 08:54:01.466,0.78186,0.78201,2.25,1.50
2013.07.05 08:54:02.186,0.7819,0.78201,2.25,1.50
2013.07.05 08:54:02.366,0.78193,0.78206,2.25,1.50
2013.07.05 08:54:02.486,0.78194,0.7821,2.25,1.32
2013.07.05 08:54:02.726,0.78195,0.7821,2.25,1.13
2013.07.05 08:54:03.765,0.78195,0.7821,1.50,1.13
2013.07.05 08:54:04.306,0.78194,0.78211,4.69,1.50
2013.07.05 08:54:07.466,0.78195,0.78211,1.69,1.50
2013.07.05 08:54:08.387,0.78194,0.78211,3.19,1.50
2013.07.05 08:54:08.747,0.78207,0.78212,1.50,1.50
2013.07.05 08:54:09.286,0.78208,0.78218,1.50,1.50
2013.07.05 08:54:09.346,0.78208,0.7822,1.50,1.50
2013.07.05 08:54:09.588,0.78208,0.7822,1.50,1.13
2013.07.05 08:54:09.946,0.78207,0.7822,1.50,1.13
2013.07.05 08:54:10.126,0.78207,0.7822,1.50,1.13
2013.07.05 08:54:15.816,0.78207,0.78221,2.44,1.88
2013.07.05 08:54:16.507,0.78208,0.78221,1.50,1.88
2013.07.05 08:54:16.867,0.78211,0.78221,1.50,1.50
2013.07.05 08:54:16.986,0.78212,0.78226,2.25,1.88
2013.07.05 08:54:17.109,0.78216,0.78226,3.00,1.88
2013.07.05 08:54:17.298,0.78216,0.78226,1.50,1.88
2013.07.05 08:54:17.776,0.78217,0.7823,1.50,1.50
2013.07.05 08:54:19.890,0.78216,0.78231,1.50,1.88
2013.07.05 08:54:20.496,0.78217,0.78231,1.69,1.50
2013.07.05 08:54:22.430,0.78218,0.78231,1.69,1.50
2013.07.05 08:54:22.941,0.78218,0.78231,2.44,1.50
2013.07.05 08:54:24.947,0.78219,0.78231,1.50,1.50
2013.07.05 08:54:25.308,0.78221,0.78231,2.25,1.50
2013.07.05 08:54:25.681,0.78223,0.78231,1.50,1.50
2013.07.05 08:54:25.927,0.78221,0.78231,2.25,1.50
2013.07.05 08:54:26.347,0.78219,0.78231,1.50,1.50
2013.07.05 08:54:27.057,0.7822,0.78231,1.50,1.50
2013.07.05 08:54:27.697,0.78221,0.78231,1.50,1.50
2013.07.05 08:54:28.477,0.78221,0.78235,1.50,1.50
2013.07.05 08:54:28.599,0.78221,0.78236,2.25,2.25
2013.07.05 08:54:28.666,0.78221,0.78236,3.75,2.25
2013.07.05 08:54:29.207,0.78223,0.78236,1.50,1.50
2013.07.05 08:54:29.747,0.78224,0.78236,1.50,1.50
2013.07.05 08:54:30.297,0.78223,0.78236,1.50,1.50
2013.07.05 08:54:30.839,0.78224,0.78236,1.50,1.50
2013.07.05 08:54:31.148,0.78223,0.78235,1.50,1.58
2013.07.05 08:54:31.506,0.78217,0.78231,2.44,1.50
2013.07.05 08:54:31.566,0.78216,0.78231,1.69,1.50
2013.07.05 08:54:32.966,0.78216,0.7823,1.69,1.58
2013.07.05 08:54:33.146,0.78212,0.78226,3.19,1.50
2013.07.05 08:54:33.689,0.78212,0.78226,1.69,2.33
2013.07.05 08:54:34.716,0.78211,0.78226,1.69,2.25
2013.07.05 08:54:45.927,0.78213,0.78226,1.69,1.50
2013.07.05 08:54:49.099,0.78213,0.78226,1.69,1.50
2013.07.05 08:54:49.346,0.78213,0.78226,3.94,1.50
2013.07.05 08:54:49.526,0.78214,0.78231,1.69,1.50
2013.07.05 08:54:49.647,0.78217,0.78231,1.50,1.50
2013.07.05 08:54:50.186,0.7822,0.78231,2.25,1.50
2013.07.05 08:54:51.576,0.78219,0.78231,1.50,1.50
2013.07.05 08:54:53.125,0.7822,0.78231,2.25,1.50
2013.07.05 08:54:53.674,0.78221,0.78231,1.50,1.50
2013.07.05 08:54:54.636,0.7822,0.78231,2.25,1.50
2013.07.05 08:54:55.177,0.78221,0.78231,1.50,1.50
2013.07.05 08:54:55.357,0.78223,0.78236,1.35,2.25
2013.07.05 08:54:55.476,0.78223,0.78241,1.35,1.13
2013.07.05 08:54:55.538,0.78226,0.78241,1.50,1.13
2013.07.05 08:54:55.897,0.78233,0.78246,1.50,1.88
2013.07.05 08:54:59.686,0.78231,0.78246,1.69,1.50
2013.07.05 08:55:00.229,0.7823,0.78246,1.69,1.50
2013.07.05 08:55:01.067,0.7823,0.78246,1.69,1.50
2013.07.05 08:55:03.447,0.78233,0.78246,2.44,1.50
2013.07.05 08:55:03.567,0.78233,0.78251,1.69,2.25
2013.07.05 08:55:03.628,0.78234,0.78251,2.44,1.50
2013.07.05 08:55:08.156,0.78236,0.78251,2.44,1.50
2013.07.05 08:55:10.475,0.78239,0.78251,1.69,1.50
2013.07.05 08:55:20.147,0.78239,0.78255,1.50,1.50
2013.07.05 08:55:20.326,0.78243,0.78256,2.25,1.50
2013.07.05 08:55:20.873,0.78243,0.78256,1.50,1.50
2013.07.05 08:55:21.906,0.78243,0.78256,1.50,1.50
2013.07.05 08:55:22.146,0.78243,0.78256,1.50,1.50
2013.07.05 08:55:22.266,0.78243,0.78261,1.50,2.25
2013.07.05 08:55:22.687,0.78243,0.78261,3.19,1.50
2013.07.05 08:55:23.226,0.78249,0.78261,1.50,1.50
2013.07.05 08:55:28.066,0.78244,0.78261,2.44,1.50
2013.07.05 08:55:32.896,0.78243,0.78261,1.69,1.50
2013.07.05 08:55:36.118,0.78243,0.7826,1.69,2.48
2013.07.05 08:55:36.477,0.78239,0.78255,1.69,1.50
2013.07.05 08:55:36.611,0.78237,0.78255,2.07,1.50
2013.07.05 08:55:36.800,0.78236,0.78253,1.32,1.50
2013.07.05 08:55:37.347,0.78233,0.78251,2.44,2.25
2013.07.05 08:55:38.646,0.7823,0.7825,2.07,1.50
2013.07.05 08:55:38.707,0.7823,0.78249,1.32,1.50
2013.07.05 08:55:38.829,0.78228,0.78247,1.54,3.15
2013.07.05 08:55:39.026,0.78225,0.78243,1.32,1.50
2013.07.05 08:55:39.091,0.78226,0.78241,2.44,1.50
2013.07.05 08:55:39.218,0.78226,0.78245,2.82,1.65
2013.07.05 08:55:39.459,0.78229,0.78245,2.25,1.50
2013.07.05 08:55:40.178,0.78231,0.7825,1.69,1.50
2013.07.05 08:55:40.537,0.78234,0.78251,3.75,1.50
2013.07.05 08:55:50.797,0.78236,0.78251,1.69,1.50
2013.07.05 08:55:57.721,0.78235,0.78251,1.69,1.50
2013.07.05 08:56:12.256,0.78234,0.78251,2.29,1.50
2013.07.05 08:56:14.448,0.78233,0.78251,1.69,2.25
2013.07.05 08:56:17.420,0.7823,0.7825,1.69,3.00
2013.07.05 08:56:17.546,0.78229,0.78246,1.32,2.25
2013.07.05 08:56:18.086,0.78229,0.78246,1.32,2.25
2013.07.05 08:56:18.145,0.78231,0.78246,1.32,1.50
2013.07.05 08:56:18.326,0.78234,0.7825,1.50,1.50
2013.07.05 08:56:18.385,0.78234,0.7825,1.50,1.50
2013.07.05 08:56:18.626,0.78234,0.7825,1.69,1.50
2013.07.05 08:56:18.926,0.78233,0.78249,1.32,1.13
2013.07.05 08:56:19.106,0.78226,0.78244,1.69,1.50
2013.07.05 08:56:19.346,0.78225,0.78241,2.07,1.50
2013.07.05 08:56:19.406,0.78225,0.78241,1.32,1.50
2013.07.05 08:56:32.549,0.78228,0.78241,1.58,1.50
2013.07.05 08:56:33.111,0.78229,0.78241,1.58,1.50
2013.07.05 08:56:40.507,0.7823,0.78241,1.88,1.50
2013.07.05 08:56:56.337,0.78233,0.78241,1.13,1.50
2013.07.05 08:56:56.457,0.78233,0.78246,1.13,1.50
2013.07.05 08:56:56.577,0.78235,0.78246,2.33,1.50
2013.07.05 08:56:56.756,0.78236,0.78251,2.33,1.88
2013.07.05 08:56:57.565,0.78238,0.78251,2.33,1.50
2013.07.05 08:57:04.887,0.78239,0.78251,1.50,1.50
2013.07.05 08:57:06.647,0.7824,0.78251,1.13,1.50
2013.07.05 08:57:08.096,0.78239,0.78251,1.88,1.50
2013.07.05 08:57:09.706,0.7824,0.78251,1.50,1.50
2013.07.05 08:57:10.126,0.78242,0.78252,2.25,1.50
2013.07.05 08:57:10.306,0.78242,0.78261,3.75,1.50
2013.07.05 08:57:10.487,0.78248,0.78261,1.50,1.50
2013.07.05 08:57:10.848,0.7825,0.78261,1.50,1.50
2013.07.05 08:57:11.266,0.78247,0.78261,2.25,1.50
2013.07.05 08:57:16.456,0.78246,0.78261,1.69,1.50
2013.07.05 08:57:16.577,0.78246,0.7826,1.69,1.58
2013.07.05 08:57:16.698,0.78241,0.78256,1.69,1.50
2013.07.05 08:57:16.878,0.7824,0.78256,1.32,2.25
2013.07.05 08:57:17.418,0.7824,0.78255,1.13,1.50
2013.07.05 08:57:17.478,0.78237,0.78254,1.50,1.50
2013.07.05 08:57:17.536,0.78236,0.78251,3.00,1.50
2013.07.05 08:57:18.076,0.78234,0.78251,1.32,1.50
2013.07.05 08:57:21.726,0.78235,0.78251,1.69,1.50
2013.07.05 08:57:22.266,0.78238,0.78251,1.50,1.50
2013.07.05 08:57:22.721,0.78239,0.78251,1.50,1.50
2013.07.05 08:57:47.476,0.78239,0.7825,1.50,1.50
2013.07.05 08:57:47.596,0.78238,0.7825,1.50,1.50
2013.07.05 08:57:47.656,0.78238,0.78247,1.50,1.13
2013.07.05 08:57:47.896,0.78236,0.78246,1.50,1.50
2013.07.05 08:57:48.016,0.78235,0.78251,1.88,1.50
2013.07.05 08:57:48.136,0.78235,0.78251,1.88,1.50
2013.07.05 08:57:48.950,0.78238,0.78251,2.25,1.50
2013.07.05 08:57:49.287,0.7824,0.78251,1.50,1.50
2013.07.05 08:57:49.646,0.78237,0.7825,1.50,1.50
2013.07.05 08:57:49.886,0.78233,0.78246,1.50,2.63
2013.07.05 08:57:50.187,0.78232,0.78246,1.50,1.88
2013.07.05 08:57:50.366,0.78233,0.7825,2.25,1.50
2013.07.05 08:57:50.930,0.78234,0.78251,1.50,1.50
2013.07.05 08:57:51.270,0.78234,0.78249,1.50,1.50
2013.07.05 08:57:51.708,0.78231,0.78247,1.69,1.50
2013.07.05 08:57:51.950,0.78231,0.78249,1.88,2.25
2013.07.05 08:57:52.018,0.78231,0.7825,1.88,2.25
2013.07.05 08:57:52.198,0.78229,0.7825,1.92,2.25
2013.07.05 08:57:52.271,0.78229,0.78246,1.32,1.50
2013.07.05 08:57:52.759,0.78229,0.78241,1.32,1.50
2013.07.05 08:57:53.187,0.78223,0.78241,3.19,2.25
2013.07.05 08:57:53.247,0.78223,0.7824,3.19,2.25
2013.07.05 08:57:53.489,0.78223,0.7824,1.69,2.25
2013.07.05 08:58:01.288,0.78223,0.78238,1.69,2.25
2013.07.05 08:58:01.407,0.78223,0.78238,1.69,2.25
2013.07.05 08:58:01.587,0.78221,0.78236,1.69,1.50
2013.07.05 08:58:01.648,0.78221,0.78236,1.50,1.50
2013.07.05 08:58:02.732,0.78218,0.78235,1.32,1.50
2013.07.05 08:58:02.806,0.78215,0.78231,2.29,1.50
2013.07.05 08:58:03.346,0.78215,0.78231,2.29,1.50
2013.07.05 08:58:04.256,0.78215,0.7823,2.29,1.50
2013.07.05 08:58:04.437,0.78215,0.7823,1.54,1.50
2013.07.05 08:58:04.560,0.78215,0.78231,1.54,1.50
2013.07.05 08:58:07.406,0.78213,0.7823,2.29,1.50
2013.07.05 08:58:07.946,0.78211,0.78228,1.69,1.13
2013.07.05 08:58:08.008,0.7821,0.78228,2.44,1.13
2013.07.05 08:58:08.186,0.78207,0.78225,1.69,1.50
2013.07.05 08:58:08.246,0.78206,0.78224,1.69,1.50
2013.07.05 08:58:09.256,0.78208,0.78221,1.50,1.50
2013.07.05 08:58:10.096,0.78209,0.78221,1.13,1.50
2013.07.05 08:58:10.579,0.7821,0.78221,1.88,1.50
2013.07.05 08:58:10.699,0.78211,0.78225,1.50,1.50
2013.07.05 08:58:10.887,0.78213,0.78226,2.25,1.50
2013.07.05 08:58:11.067,0.78215,0.7823,1.50,1.13
2013.07.05 08:58:11.309,0.78216,0.7823,2.25,1.13
2013.07.05 08:58:11.857,0.78216,0.78231,1.50,1.50
2013.07.05 08:58:13.537,0.78216,0.78231,1.69,1.50
2013.07.05 08:58:14.066,0.78216,0.78231,1.69,1.50
2013.07.05 08:58:14.366,0.78216,0.78231,1.69,1.50
2013.07.05 08:58:14.906,0.78217,0.78231,1.50,1.50
2013.07.05 08:58:17.657,0.78219,0.78231,1.50,1.50
2013.07.05 08:58:17.777,0.78219,0.78236,1.50,2.25
2013.07.05 08:58:18.027,0.78221,0.7824,1.50,1.69
2013.07.05 08:58:18.326,0.78222,0.7824,4.54,1.50
2013.07.05 08:58:18.686,0.78228,0.78241,1.50,1.50
2013.07.05 08:58:37.777,0.78228,0.78241,1.28,1.50
2013.07.05 08:58:41.196,0.78231,0.78245,1.13,1.50
2013.07.05 08:58:41.257,0.78228,0.78246,2.44,2.25
2013.07.05 08:58:41.499,0.78231,0.78251,1.88,2.44
2013.07.05 08:58:41.558,0.78234,0.78251,1.50,2.25
2013.07.05 08:58:42.106,0.78234,0.78251,1.50,1.50
2013.07.05 08:58:48.386,0.78232,0.78249,1.92,1.50
2013.07.05 08:58:48.747,0.78229,0.78246,1.32,2.25
2013.07.05 08:58:49.106,0.78228,0.78245,2.82,1.50
2013.07.05 08:58:49.467,0.78226,0.78241,1.69,1.50
2013.07.05 08:58:49.792,0.78224,0.78241,1.69,1.50
2013.07.05 08:58:49.916,0.78224,0.78231,1.69,1.50
2013.07.05 08:58:50.336,0.78221,0.7824,1.88,2.25
2013.07.05 08:58:50.697,0.78221,0.78236,2.44,1.50
2013.07.05 08:58:50.816,0.78221,0.78241,2.44,1.50
2013.07.05 08:58:51.366,0.78222,0.78241,3.19,1.50
2013.07.05 08:58:51.927,0.78222,0.78241,2.44,1.50
2013.07.05 08:58:53.666,0.78224,0.78241,1.54,1.50
2013.07.05 08:58:55.040,0.78225,0.78241,1.09,1.50
2013.07.05 08:58:59.241,0.78226,0.78241,1.32,1.50
2013.07.05 08:59:00.337,0.78226,0.78241,1.32,1.50
2013.07.05 08:59:01.746,0.78224,0.78241,2.67,1.50
2013.07.05 08:59:04.927,0.78224,0.7824,2.82,1.50
2013.07.05 08:59:04.987,0.78224,0.7824,1.13,1.50
2013.07.05 08:59:05.046,0.78222,0.78236,1.69,1.50
2013.07.05 08:59:05.586,0.78222,0.78236,1.69,2.25
2013.07.05 08:59:06.147,0.78222,0.78236,1.50,2.25
2013.07.05 08:59:06.996,0.78218,0.78235,1.69,2.25
2013.07.05 08:59:07.116,0.78217,0.7823,1.50,1.50
2013.07.05 08:59:12.238,0.78216,0.7823,1.69,1.50
2013.07.05 08:59:13.684,0.78216,0.7823,1.69,1.50
2013.07.05 08:59:13.818,0.78208,0.78226,1.69,2.25
2013.07.05 08:59:13.938,0.78208,0.78224,1.69,1.50
2013.07.05 08:59:13.998,0.78208,0.78221,1.69,1.50
2013.07.05 08:59:14.057,0.78208,0.78221,1.69,1.50
2013.07.05 08:59:18.367,0.78208,0.78221,2.07,1.50
2013.07.05 08:59:18.737,0.78212,0.78226,1.65,1.50
2013.07.05 08:59:19.099,0.78213,0.78226,3.00,1.50
2013.07.05 08:59:19.217,0.78213,0.78226,2.33,1.50
2013.07.05 08:59:20.030,0.78213,0.78226,2.25,1.50
2013.07.05 08:59:20.567,0.78213,0.78226,1.50,1.50
2013.07.05 08:59:22.897,0.78213,0.78225,1.50,1.50
2013.07.05 08:59:23.196,0.78211,0.78226,1.50,2.25
2013.07.05 08:59:23.976,0.78212,0.78226,1.88,1.50
2013.07.05 08:59:26.631,0.78216,0.78226,1.50,1.50
2013.07.05 08:59:26.937,0.78217,0.78226,2.63,1.50
2013.07.05 08:59:26.998,0.78217,0.78234,3.00,1.13
2013.07.05 08:59:27.057,0.78226,0.78234,1.50,1.13
2013.07.05 08:59:27.188,0.78226,0.78236,1.50,2.25
2013.07.05 08:59:27.618,0.78224,0.78236,1.73,1.50
2013.07.05 08:59:28.220,0.78221,0.78236,1.69,2.25
2013.07.05 08:59:31.156,0.78221,0.78235,1.69,1.50
2013.07.05 08:59:31.396,0.78219,0.78231,1.13,1.50
2013.07.05 08:59:31.516,0.78219,0.78231,1.13,1.50
2013.07.05 08:59:31.636,0.78216,0.78231,1.69,1.50
2013.07.05 08:59:32.177,0.78219,0.78231,1.73,1.50
2013.07.05 08:59:32.357,0.78221,0.78236,1.50,1.50
2013.07.05 08:59:32.416,0.78222,0.7824,1.13,2.44
2013.07.05 08:59:32.717,0.78233,0.7824,1.50,1.50
2013.07.05 08:59:33.498,0.78233,0.78247,1.88,1.69
2013.07.05 08:59:34.007,0.78233,0.78249,1.88,2.44
2013.07.05 08:59:34.676,0.78233,0.7825,2.63,3.19
2013.07.05 08:59:37.566,0.78233,0.78249,1.88,1.69
2013.07.05 08:59:37.686,0.78233,0.78249,1.88,1.69
2013.07.05 08:59:39.566,0.78233,0.78247,1.13,1.50
2013.07.05 08:59:39.809,0.78229,0.78241,3.00,1.50
2013.07.05 08:59:39.997,0.78227,0.78245,1.88,1.50
2013.07.05 08:59:40.116,0.78226,0.78244,1.50,2.44
2013.07.05 08:59:40.417,0.78226,0.78241,1.13,1.69
2013.07.05 08:59:41.197,0.78223,0.7824,1.50,1.50
2013.07.05 08:59:41.497,0.78223,0.78236,1.50,1.50
2013.07.05 08:59:41.917,0.78218,0.78234,3.00,1.50
2013.07.05 08:59:41.977,0.78218,0.78234,2.25,1.50
2013.07.05 08:59:42.516,0.78216,0.78231,1.50,1.50
2013.07.05 08:59:42.928,0.78216,0.78229,1.50,1.50
2013.07.05 08:59:43.046,0.78213,0.78226,2.25,1.50
2013.07.05 08:59:44.096,0.78212,0.78226,1.50,1.50
2013.07.05 08:59:44.612,0.78212,0.78225,1.50,1.50
2013.07.05 08:59:44.806,0.7821,0.78226,1.50,2.44
2013.07.05 08:59:45.357,0.78209,0.78226,1.50,2.44
2013.07.05 08:59:46.406,0.78208,0.78222,1.13,1.50
2013.07.05 08:59:46.707,0.78205,0.78219,1.50,2.25
2013.07.05 08:59:47.306,0.78204,0.78216,1.13,1.50
2013.07.05 08:59:47.546,0.78201,0.78216,1.50,1.50
2013.07.05 08:59:52.646,0.78201,0.78216,1.50,1.50
2013.07.05 08:59:52.767,0.78197,0.78211,1.24,1.50
2013.07.05 08:59:54.196,0.78197,0.78211,1.50,1.50
2013.07.05 08:59:54.889,0.78197,0.78203,1.50,1.50
2013.07.05 08:59:55.127,0.78194,0.78201,1.65,1.50
2013.07.05 08:59:55.247,0.78196,0.7821,1.65,1.13
2013.07.05 08:59:55.667,0.78199,0.78211,1.50,1.69
2013.07.05 08:59:56.226,0.78197,0.78211,1.50,1.69
2013.07.05 08:59:56.727,0.78197,0.78211,1.50,1.69
2013.07.05 08:59:59.177,0.78196,0.78208,1.50,1.50
2013.07.05 08:59:59.237,0.78193,0.78206,2.63,1.50
2013.07.05 08:59:59.749,0.78193,0.78206,1.13,1.50
