2012.06.06 14:00:00.092,0.76483,0.76496,1.50,1.50
2012.06.06 14:00:00.769,0.76483,0.76495,2.25,1.50
2012.06.06 14:00:01.393,0.76488,0.76501,1.50,2.25
2012.06.06 14:00:01.557,0.76489,0.765,2.25,1.50
2012.06.06 14:00:01.780,0.76495,0.76501,1.50,1.50
2012.06.06 14:00:02.139,0.76495,0.76501,2.25,1.50
2012.06.06 14:00:02.682,0.76498,0.76503,1.50,1.50
2012.06.06 14:00:03.059,0.76496,0.76501,1.50,1.50
2012.06.06 14:00:03.417,0.76495,0.76506,2.25,1.50
2012.06.06 14:00:04.104,0.76497,0.76505,1.50,1.50
2012.06.06 14:00:04.174,0.76498,0.76506,1.50,1.50
2012.06.06 14:00:04.455,0.76498,0.76506,1.50,1.50
2012.06.06 14:00:04.748,0.765,0.7651,2.25,1.50
2012.06.06 14:00:04.967,0.76502,0.76517,1.50,1.40
2012.06.06 14:00:06.017,0.76501,0.76518,1.13,2.25
2012.06.06 14:00:06.448,0.765,0.76516,2.25,2.25
2012.06.06 14:00:06.597,0.765,0.76516,1.50,2.25
2012.06.06 14:00:06.677,0.765,0.76516,2.25,2.25
2012.06.06 14:00:06.756,0.76502,0.76518,1.50,1.50
2012.06.06 14:00:07.114,0.76502,0.7652,2.25,2.25
2012.06.06 14:00:07.624,0.76508,0.76519,1.50,2.25
2012.06.06 14:00:07.696,0.76508,0.76522,1.50,2.63
2012.06.06 14:00:07.781,0.76506,0.76518,1.50,1.50
2012.06.06 14:00:08.134,0.76507,0.76519,1.88,1.50
2012.06.06 14:00:08.205,0.76507,0.76519,1.88,1.50
2012.06.06 14:00:08.382,0.76507,0.76521,1.88,3.00
2012.06.06 14:00:08.530,0.76507,0.76523,1.88,1.50
2012.06.06 14:00:09.547,0.76509,0.76525,2.25,2.25
2012.06.06 14:00:09.906,0.76509,0.76522,1.50,1.50
2012.06.06 14:00:09.988,0.76507,0.76525,4.73,1.50
2012.06.06 14:00:10.065,0.76507,0.76522,1.88,1.50
2012.06.06 14:00:10.358,0.76507,0.76524,2.25,3.00
2012.06.06 14:00:10.437,0.76508,0.76526,1.50,3.00
2012.06.06 14:00:10.513,0.76508,0.76526,1.50,3.75
2012.06.06 14:00:10.864,0.76508,0.7652,1.50,1.50
2012.06.06 14:00:11.793,0.76507,0.76524,1.50,1.50
2012.06.06 14:00:12.321,0.76507,0.76523,1.50,1.50
2012.06.06 14:00:12.523,0.76506,0.76522,3.75,1.50
2012.06.06 14:00:12.876,0.76512,0.76529,1.50,2.55
2012.06.06 14:00:12.958,0.76512,0.76529,3.00,2.55
2012.06.06 14:00:13.105,0.76514,0.76529,1.50,1.05
2012.06.06 14:00:13.642,0.76514,0.7653,1.50,1.50
2012.06.06 14:00:14.442,0.76512,0.76527,1.50,1.50
2012.06.06 14:00:14.967,0.76511,0.76528,1.50,1.50
2012.06.06 14:00:15.584,0.76511,0.76528,2.25,1.50
2012.06.06 14:00:16.100,0.76512,0.76527,1.50,1.50
2012.06.06 14:00:16.383,0.76514,0.7653,2.25,3.00
2012.06.06 14:00:17.243,0.76514,0.76531,1.50,2.17
2012.06.06 14:00:17.786,0.76515,0.76531,1.50,2.17
2012.06.06 14:00:18.606,0.76514,0.7653,3.00,1.50
2012.06.06 14:00:19.181,0.76514,0.7653,3.75,1.50
2012.06.06 14:00:19.705,0.76518,0.76532,2.85,1.50
2012.06.06 14:00:19.996,0.7652,0.76534,1.50,1.50
2012.06.06 14:00:20.414,0.7652,0.76537,1.50,1.50
2012.06.06 14:00:20.486,0.76518,0.76532,3.38,1.50
2012.06.06 14:00:20.567,0.76518,0.76534,3.38,3.00
2012.06.06 14:00:22.095,0.76519,0.76534,1.50,1.50
2012.06.06 14:00:22.555,0.76521,0.76534,1.88,1.50
2012.06.06 14:00:22.916,0.76526,0.76535,2.25,1.50
2012.06.06 14:00:23.462,0.76527,0.76542,1.69,1.50
2012.06.06 14:00:23.544,0.7653,0.76546,1.13,2.25
2012.06.06 14:00:23.613,0.76531,0.76548,1.13,1.50
2012.06.06 14:00:23.825,0.76531,0.76548,1.13,1.50
2012.06.06 14:00:24.378,0.76534,0.76548,1.50,2.25
2012.06.06 14:00:25.043,0.76535,0.76549,1.13,1.50
2012.06.06 14:00:25.535,0.76532,0.76548,4.88,2.25
2012.06.06 14:00:25.615,0.76532,0.76548,4.88,2.25
2012.06.06 14:00:25.827,0.76532,0.76545,1.88,1.50
2012.06.06 14:00:25.975,0.76532,0.76547,1.50,1.50
2012.06.06 14:00:26.505,0.76531,0.76547,1.50,1.50
2012.06.06 14:00:27.014,0.76532,0.76546,1.50,1.50
2012.06.06 14:00:27.633,0.76532,0.76545,1.50,1.50
2012.06.06 14:00:28.183,0.76532,0.76545,1.88,1.50
2012.06.06 14:00:28.535,0.76536,0.76552,1.50,1.88
2012.06.06 14:00:28.605,0.76536,0.76552,2.25,1.88
2012.06.06 14:00:29.178,0.76544,0.76551,1.50,1.50
2012.06.06 14:00:29.261,0.76542,0.76558,1.88,2.25
2012.06.06 14:00:29.542,0.76542,0.76558,1.13,1.50
2012.06.06 14:00:29.755,0.76542,0.76556,1.13,1.50
2012.06.06 14:00:30.045,0.76539,0.76558,1.88,3.75
2012.06.06 14:00:30.255,0.76539,0.76558,1.50,2.25
2012.06.06 14:00:31.025,0.76541,0.76559,1.50,1.13
2012.06.06 14:00:31.549,0.7654,0.76559,1.50,1.13
2012.06.06 14:00:32.114,0.76539,0.76558,2.44,1.13
2012.06.06 14:00:32.972,0.76539,0.76557,2.44,1.50
2012.06.06 14:00:33.476,0.76539,0.76556,1.69,1.50
2012.06.06 14:00:34.013,0.76539,0.76557,1.69,1.50
2012.06.06 14:00:34.828,0.76538,0.76558,2.44,3.38
2012.06.06 14:00:35.339,0.76538,0.76557,2.25,1.50
2012.06.06 14:00:35.691,0.76538,0.76557,1.50,1.50
2012.06.06 14:00:35.906,0.76536,0.76556,2.48,2.25
2012.06.06 14:00:35.987,0.76536,0.76552,1.73,2.25
2012.06.06 14:00:36.340,0.76534,0.76552,2.85,2.25
2012.06.06 14:00:37.091,0.76531,0.76552,2.63,2.25
2012.06.06 14:00:39.495,0.76533,0.76552,1.50,2.63
2012.06.06 14:00:40.083,0.7653,0.76547,2.25,1.50
2012.06.06 14:00:40.447,0.76525,0.7654,1.50,1.50
2012.06.06 14:00:40.872,0.76524,0.76542,4.13,1.50
2012.06.06 14:00:41.856,0.76525,0.76541,2.25,1.50
2012.06.06 14:00:42.231,0.76525,0.76543,2.25,1.88
2012.06.06 14:00:42.307,0.76525,0.76541,2.25,1.50
2012.06.06 14:00:42.873,0.76526,0.76541,3.94,1.50
2012.06.06 14:00:42.944,0.76527,0.76545,2.63,2.25
2012.06.06 14:00:43.212,0.76527,0.76542,1.13,1.50
2012.06.06 14:00:48.598,0.76526,0.76538,3.57,1.50
2012.06.06 14:00:49.262,0.76527,0.76541,1.13,1.50
2012.06.06 14:00:49.407,0.76527,0.76539,1.13,1.50
2012.06.06 14:00:51.301,0.76527,0.76541,1.13,3.00
2012.06.06 14:00:51.723,0.76527,0.76539,1.13,1.50
2012.06.06 14:00:52.172,0.76527,0.76543,2.63,1.50
2012.06.06 14:00:52.814,0.76527,0.76542,2.63,1.50
2012.06.06 14:00:52.892,0.76527,0.7654,1.13,1.50
2012.06.06 14:00:53.174,0.76527,0.76542,1.13,1.50
2012.06.06 14:00:54.742,0.76527,0.76539,1.32,1.50
2012.06.06 14:00:54.812,0.76527,0.76543,2.82,3.00
2012.06.06 14:00:54.952,0.76527,0.76541,1.32,1.50
2012.06.06 14:00:55.105,0.76527,0.76543,2.82,1.50
2012.06.06 14:00:55.329,0.76527,0.76541,1.32,1.50
2012.06.06 14:00:56.705,0.76527,0.76539,1.32,1.50
2012.06.06 14:00:58.356,0.76526,0.76538,1.13,3.00
2012.06.06 14:00:58.806,0.76524,0.76531,1.13,1.50
2012.06.06 14:00:58.894,0.76522,0.76531,1.13,1.50
2012.06.06 14:00:58.965,0.76516,0.7653,1.50,1.50
2012.06.06 14:00:59.316,0.76516,0.76534,3.00,1.50
2012.06.06 14:01:00.015,0.76515,0.76531,2.25,1.50
2012.06.06 14:01:01.032,0.76515,0.76533,2.25,1.50
2012.06.06 14:01:01.996,0.76517,0.76533,1.50,1.50
2012.06.06 14:01:02.369,0.7652,0.76535,1.50,1.50
2012.06.06 14:01:02.515,0.76518,0.76534,3.00,1.50
2012.06.06 14:01:02.658,0.7652,0.76536,2.25,1.50
2012.06.06 14:01:03.082,0.7652,0.76538,2.25,1.50
2012.06.06 14:01:03.161,0.76526,0.76538,2.25,1.50
2012.06.06 14:01:03.377,0.76528,0.76544,1.50,3.00
2012.06.06 14:01:03.529,0.76526,0.76543,1.50,1.50
2012.06.06 14:01:04.662,0.76527,0.76543,1.50,1.50
2012.06.06 14:01:05.208,0.76526,0.76542,2.63,1.50
2012.06.06 14:01:05.287,0.76526,0.76544,2.63,1.50
2012.06.06 14:01:05.882,0.76526,0.76544,1.88,2.25
2012.06.06 14:01:06.431,0.76526,0.76542,1.50,2.25
2012.06.06 14:01:06.868,0.76529,0.76542,1.50,2.25
2012.06.06 14:01:07.422,0.76527,0.76542,1.50,2.25
2012.06.06 14:01:08.140,0.76527,0.76542,1.50,3.00
2012.06.06 14:01:08.355,0.76521,0.76537,1.50,3.00
2012.06.06 14:01:08.641,0.76521,0.76537,1.50,3.00
2012.06.06 14:01:08.852,0.76525,0.76541,1.50,1.50
2012.06.06 14:01:08.922,0.76528,0.76542,1.50,3.00
2012.06.06 14:01:09.461,0.76527,0.76542,1.50,3.00
2012.06.06 14:01:10.122,0.76524,0.7654,1.50,1.50
2012.06.06 14:01:10.334,0.76524,0.76542,1.50,1.50
2012.06.06 14:01:10.476,0.76526,0.76544,1.50,3.00
2012.06.06 14:01:11.263,0.76528,0.76545,1.50,3.38
2012.06.06 14:01:11.757,0.76527,0.76541,1.50,1.50
2012.06.06 14:01:12.462,0.76528,0.76541,1.50,1.50
2012.06.06 14:01:13.254,0.76527,0.7654,1.50,1.50
2012.06.06 14:01:13.832,0.76529,0.7654,1.50,1.50
2012.06.06 14:01:14.909,0.76527,0.7654,1.50,1.50
2012.06.06 14:01:15.472,0.76528,0.76543,1.50,1.88
2012.06.06 14:01:15.801,0.7653,0.76543,1.50,1.50
2012.06.06 14:01:16.004,0.76531,0.76544,1.50,1.13
2012.06.06 14:01:16.543,0.76532,0.76544,1.50,1.13
2012.06.06 14:01:16.745,0.7653,0.76544,1.50,1.13
2012.06.06 14:01:16.824,0.76526,0.76542,2.07,1.50
2012.06.06 14:01:17.040,0.76525,0.76537,1.13,4.50
2012.06.06 14:01:17.254,0.76526,0.76537,1.13,1.50
2012.06.06 14:01:17.602,0.76524,0.76537,1.50,1.50
2012.06.06 14:01:18.357,0.76524,0.7654,1.69,1.50
2012.06.06 14:01:18.914,0.76526,0.76543,1.50,1.50
2012.06.06 14:01:20.071,0.76527,0.76543,1.50,2.25
2012.06.06 14:01:22.233,0.76525,0.76543,1.50,2.25
2012.06.06 14:01:22.582,0.76527,0.76543,1.50,3.00
2012.06.06 14:01:23.131,0.76526,0.76542,1.50,2.25
2012.06.06 14:01:23.752,0.76527,0.76543,1.50,3.00
2012.06.06 14:01:23.892,0.76525,0.76543,1.50,3.00
2012.06.06 14:01:24.620,0.76527,0.76543,1.50,3.00
2012.06.06 14:01:24.960,0.76526,0.76541,1.50,1.50
2012.06.06 14:01:25.469,0.76525,0.76541,1.50,1.50
2012.06.06 14:01:26.463,0.76526,0.76541,1.50,1.50
2012.06.06 14:01:27.028,0.76527,0.76541,1.50,1.50
2012.06.06 14:01:27.830,0.76526,0.76542,1.50,3.00
2012.06.06 14:01:30.238,0.76527,0.76543,1.50,3.00
2012.06.06 14:01:30.314,0.76524,0.76541,1.50,1.50
2012.06.06 14:01:31.242,0.76524,0.76541,1.50,1.50
2012.06.06 14:01:32.001,0.76524,0.76542,1.50,3.00
2012.06.06 14:01:32.557,0.76525,0.76541,1.50,2.25
2012.06.06 14:01:33.368,0.76525,0.76543,1.50,1.50
2012.06.06 14:01:33.875,0.76529,0.76544,1.50,1.13
2012.06.06 14:01:34.225,0.76535,0.76548,1.50,1.50
2012.06.06 14:01:34.363,0.76536,0.76549,1.50,1.50
2012.06.06 14:01:34.563,0.76537,0.76552,1.50,5.25
2012.06.06 14:01:35.211,0.76535,0.76551,3.00,2.25
2012.06.06 14:01:40.951,0.76536,0.76552,1.50,4.88
2012.06.06 14:01:41.139,0.76534,0.76552,1.50,4.88
2012.06.06 14:01:41.833,0.76534,0.76551,1.50,1.13
2012.06.06 14:01:42.653,0.76534,0.76548,1.50,1.50
2012.06.06 14:01:43.004,0.7653,0.76548,1.50,3.75
2012.06.06 14:01:43.251,0.7653,0.76546,1.50,1.50
2012.06.06 14:01:43.397,0.76531,0.76548,1.50,2.63
2012.06.06 14:01:44.390,0.76531,0.76548,1.50,2.63
2012.06.06 14:01:44.462,0.76529,0.76547,3.00,2.25
2012.06.06 14:01:44.591,0.76531,0.76547,1.50,2.25
2012.06.06 14:01:44.862,0.76529,0.76547,1.50,1.50
2012.06.06 14:01:44.990,0.76531,0.76547,1.50,2.25
2012.06.06 14:01:45.501,0.7653,0.76548,1.50,2.63
2012.06.06 14:01:46.005,0.7653,0.76548,1.50,4.13
2012.06.06 14:01:46.524,0.76531,0.76548,1.50,1.50
2012.06.06 14:01:47.259,0.76531,0.76547,1.50,1.50
2012.06.06 14:01:48.307,0.76532,0.76548,1.88,2.25
2012.06.06 14:01:48.522,0.76535,0.76551,1.50,3.38
2012.06.06 14:01:48.787,0.76533,0.76549,1.88,1.50
2012.06.06 14:01:50.774,0.76533,0.76551,1.88,3.38
2012.06.06 14:01:51.111,0.76533,0.76549,1.88,1.50
2012.06.06 14:01:54.861,0.76535,0.76551,1.50,2.25
2012.06.06 14:01:55.202,0.76532,0.76548,1.88,1.50
2012.06.06 14:01:56.503,0.76534,0.7655,1.50,1.50
2012.06.06 14:01:56.752,0.76532,0.76548,1.88,1.50
2012.06.06 14:01:58.593,0.76533,0.76549,2.63,1.50
2012.06.06 14:01:59.540,0.76535,0.76551,1.50,3.75
2012.06.06 14:02:00.157,0.76535,0.76551,2.25,2.25
2012.06.06 14:02:00.567,0.76533,0.76549,2.63,1.50
2012.06.06 14:02:01.115,0.76532,0.7655,1.50,1.88
2012.06.06 14:02:01.572,0.76528,0.76545,1.69,1.50
2012.06.06 14:02:02.146,0.76553,0.7656,2.25,1.88
2012.06.06 14:02:02.298,0.76552,0.76562,9.00,2.25
2012.06.06 14:02:02.376,0.76549,0.76558,1.50,1.50
2012.06.06 14:02:02.456,0.76549,0.76555,1.50,1.50
2012.06.06 14:02:03.000,0.76546,0.76555,1.50,1.50
2012.06.06 14:02:03.242,0.76546,0.76558,1.50,1.50
2012.06.06 14:02:04.091,0.76548,0.76558,1.50,1.50
2012.06.06 14:02:04.676,0.76546,0.76559,1.50,1.50
2012.06.06 14:02:04.758,0.76546,0.76557,1.50,1.50
2012.06.06 14:02:05.184,0.76544,0.76558,2.85,1.50
2012.06.06 14:02:05.880,0.76546,0.76559,1.50,1.50
2012.06.06 14:02:06.750,0.76546,0.76555,1.50,1.50
2012.06.06 14:02:07.104,0.76539,0.76549,1.50,1.50
2012.06.06 14:02:07.241,0.76536,0.76549,3.00,1.50
2012.06.06 14:02:07.386,0.76536,0.76551,2.63,3.00
2012.06.06 14:02:07.664,0.76542,0.76551,2.25,1.50
2012.06.06 14:02:07.806,0.76547,0.76558,1.69,3.00
2012.06.06 14:02:07.883,0.76553,0.76561,1.35,1.40
2012.06.06 14:02:07.954,0.76554,0.76562,1.88,3.00
2012.06.06 14:02:08.296,0.76557,0.76562,1.13,1.50
2012.06.06 14:02:08.373,0.76553,0.76562,1.50,1.50
2012.06.06 14:02:08.576,0.76552,0.76563,2.25,2.25
2012.06.06 14:02:08.770,0.76552,0.76563,1.88,1.50
2012.06.06 14:02:08.914,0.76553,0.76563,1.50,1.50
2012.06.06 14:02:09.684,0.76553,0.76566,1.88,1.50
2012.06.06 14:02:09.894,0.76554,0.76566,1.73,1.50
2012.06.06 14:02:10.241,0.76562,0.76569,1.13,1.50
2012.06.06 14:02:10.314,0.76562,0.76572,1.13,1.50
2012.06.06 14:02:10.452,0.76562,0.76574,1.13,1.50
2012.06.06 14:02:10.954,0.7656,0.76571,1.13,1.50
2012.06.06 14:02:11.560,0.7656,0.76573,1.13,1.50
2012.06.06 14:02:11.793,0.7656,0.76575,1.88,3.75
2012.06.06 14:02:12.378,0.76561,0.76576,1.13,1.50
2012.06.06 14:02:12.643,0.76561,0.76576,1.88,1.50
2012.06.06 14:02:12.855,0.76565,0.7658,1.13,1.50
2012.06.06 14:02:13.007,0.76567,0.7658,1.13,1.50
2012.06.06 14:02:13.225,0.76567,0.76583,2.63,2.25
2012.06.06 14:02:13.505,0.7657,0.76583,2.25,1.50
2012.06.06 14:02:13.855,0.76575,0.76587,1.50,1.28
2012.06.06 14:02:14.220,0.76584,0.7659,1.13,1.50
2012.06.06 14:02:14.651,0.76586,0.76592,2.48,1.50
2012.06.06 14:02:14.940,0.76591,0.766,1.35,1.40
2012.06.06 14:02:15.081,0.76596,0.76607,1.50,1.26
2012.06.06 14:02:15.296,0.76593,0.76609,2.36,1.50
2012.06.06 14:02:15.375,0.76592,0.76606,2.36,1.50
2012.06.06 14:02:15.723,0.76586,0.76597,2.63,1.50
2012.06.06 14:02:15.868,0.76585,0.76598,1.65,1.50
2012.06.06 14:02:16.158,0.76586,0.76602,2.25,2.25
2012.06.06 14:02:16.238,0.76586,0.76602,2.25,1.50
2012.06.06 14:02:16.319,0.76588,0.76602,1.13,1.50
2012.06.06 14:02:16.393,0.76587,0.76602,1.13,1.50
2012.06.06 14:02:16.727,0.76588,0.76604,1.50,1.50
2012.06.06 14:02:17.343,0.76588,0.76603,1.50,1.50
2012.06.06 14:02:17.419,0.76587,0.76603,2.25,1.50
2012.06.06 14:02:17.492,0.76587,0.76603,1.50,1.50
2012.06.06 14:02:18.062,0.76588,0.76603,1.50,1.50
2012.06.06 14:02:18.484,0.76587,0.76603,1.50,4.50
2012.06.06 14:02:18.837,0.76584,0.76597,1.50,2.25
2012.06.06 14:02:19.526,0.76578,0.7659,1.13,1.50
2012.06.06 14:02:20.083,0.76575,0.76591,3.00,1.50
2012.06.06 14:02:20.462,0.76575,0.76593,3.00,2.25
2012.06.06 14:02:21.166,0.76575,0.76591,2.25,1.50
2012.06.06 14:02:21.668,0.76575,0.76593,1.50,1.50
2012.06.06 14:02:22.235,0.76574,0.76592,2.25,1.50
2012.06.06 14:02:22.793,0.76575,0.76593,1.50,1.50
2012.06.06 14:02:23.650,0.76578,0.76594,1.50,2.44
2012.06.06 14:02:23.731,0.76575,0.76593,3.00,1.50
2012.06.06 14:02:24.017,0.76576,0.76593,1.50,1.50
2012.06.06 14:02:24.374,0.76577,0.76592,1.13,1.50
2012.06.06 14:02:24.504,0.76577,0.76594,1.13,3.75
2012.06.06 14:02:24.643,0.76577,0.76592,1.13,1.50
2012.06.06 14:02:25.662,0.76577,0.76591,1.13,1.50
2012.06.06 14:02:25.967,0.76577,0.76591,1.13,2.25
2012.06.06 14:02:26.678,0.76577,0.76588,1.13,1.50
2012.06.06 14:02:26.824,0.76574,0.76588,1.13,1.13
2012.06.06 14:02:27.038,0.7657,0.76578,2.25,1.50
2012.06.06 14:02:27.595,0.76566,0.7658,1.50,1.50
2012.06.06 14:02:27.807,0.76563,0.76581,3.38,1.50
2012.06.06 14:02:28.469,0.76564,0.76582,1.50,2.25
2012.06.06 14:02:32.104,0.76563,0.76579,3.38,1.50
2012.06.06 14:02:32.612,0.76564,0.7658,1.50,1.50
2012.06.06 14:02:34.535,0.76565,0.76583,1.50,5.63
2012.06.06 14:02:35.113,0.76565,0.76581,1.50,1.50
2012.06.06 14:02:35.874,0.76566,0.76582,1.50,2.63
2012.06.06 14:02:36.391,0.76565,0.76581,1.50,1.50
2012.06.06 14:02:36.799,0.76563,0.76581,4.88,1.50
2012.06.06 14:02:38.084,0.76565,0.76581,1.50,1.50
2012.06.06 14:02:38.590,0.76564,0.76582,1.50,2.63
2012.06.06 14:02:39.102,0.76564,0.76582,1.50,2.63
2012.06.06 14:02:39.455,0.7656,0.76576,3.38,2.25
2012.06.06 14:02:39.800,0.7656,0.76574,2.25,2.25
2012.06.06 14:02:40.155,0.76557,0.76572,2.07,3.75
2012.06.06 14:02:40.516,0.76563,0.76574,1.50,3.00
2012.06.06 14:02:40.873,0.76563,0.76578,1.50,1.13
2012.06.06 14:02:41.434,0.76564,0.7658,3.38,1.50
2012.06.06 14:02:41.622,0.76566,0.7658,1.50,1.50
2012.06.06 14:02:41.697,0.76566,0.7658,1.50,1.50
2012.06.06 14:02:41.774,0.76566,0.76581,1.50,2.63
2012.06.06 14:02:42.831,0.76564,0.7658,1.50,2.25
2012.06.06 14:02:44.182,0.76565,0.76581,1.50,1.50
2012.06.06 14:02:45.167,0.76564,0.76581,3.00,1.50
2012.06.06 14:02:45.686,0.76566,0.76581,1.50,1.50
2012.06.06 14:02:46.043,0.76569,0.76582,1.50,1.88
2012.06.06 14:02:46.302,0.76567,0.76582,3.00,1.88
2012.06.06 14:02:46.442,0.76569,0.76582,1.50,1.13
2012.06.06 14:02:46.632,0.76567,0.76582,1.50,1.13
2012.06.06 14:02:47.573,0.76568,0.76582,1.50,1.13
2012.06.06 14:02:47.780,0.76564,0.76582,2.63,2.63
2012.06.06 14:02:48.996,0.76564,0.76579,1.13,1.50
2012.06.06 14:02:49.473,0.76566,0.76583,3.38,3.00
2012.06.06 14:02:49.618,0.76569,0.76585,1.50,3.00
2012.06.06 14:02:49.905,0.76573,0.76587,1.50,1.73
2012.06.06 14:02:50.126,0.76574,0.7659,1.50,2.63
2012.06.06 14:02:50.419,0.76578,0.76592,1.50,1.88
2012.06.06 14:02:50.902,0.76578,0.76594,1.50,1.88
2012.06.06 14:02:51.407,0.76576,0.76594,1.88,3.38
2012.06.06 14:02:51.963,0.76582,0.76594,1.50,1.88
2012.06.06 14:02:52.107,0.7658,0.76594,1.50,1.88
2012.06.06 14:02:52.570,0.76578,0.76594,2.25,3.00
2012.06.06 14:02:52.775,0.76581,0.76594,1.50,1.50
2012.06.06 14:02:52.856,0.76581,0.76597,1.50,3.00
2012.06.06 14:02:53.517,0.76577,0.76593,4.13,1.50
2012.06.06 14:02:53.825,0.76577,0.7659,1.13,1.50
2012.06.06 14:02:54.711,0.76577,0.76591,1.13,1.50
2012.06.06 14:02:55.316,0.76577,0.76588,1.13,1.50
2012.06.06 14:02:55.808,0.76573,0.76586,1.13,1.50
2012.06.06 14:02:56.212,0.76569,0.76585,1.50,1.50
2012.06.06 14:02:56.290,0.76564,0.76582,2.25,2.25
2012.06.06 14:02:56.362,0.76562,0.76578,2.44,1.50
2012.06.06 14:02:57.082,0.76563,0.7658,1.13,1.50
2012.06.06 14:02:57.214,0.76567,0.76583,1.50,4.50
2012.06.06 14:02:58.012,0.76565,0.76582,1.50,1.50
2012.06.06 14:02:58.216,0.7657,0.76583,1.50,4.88
2012.06.06 14:02:58.563,0.76573,0.76588,2.63,2.25
2012.06.06 14:02:59.281,0.76573,0.76589,2.63,2.25
2012.06.06 14:02:59.795,0.76573,0.76588,2.63,2.25
2012.06.06 14:03:00.143,0.76571,0.76584,2.63,1.50
2012.06.06 14:03:00.462,0.76571,0.76582,2.25,3.75
2012.06.06 14:03:00.805,0.76566,0.76571,2.36,1.50
2012.06.06 14:03:01.140,0.76561,0.76568,2.36,1.50
2012.06.06 14:03:01.285,0.76561,0.76571,2.36,1.50
2012.06.06 14:03:01.377,0.76561,0.76578,2.36,3.00
2012.06.06 14:03:01.452,0.76561,0.76575,2.36,1.50
2012.06.06 14:03:02.364,0.76568,0.76575,1.13,1.50
2012.06.06 14:03:02.718,0.7656,0.76577,1.50,3.75
2012.06.06 14:03:03.076,0.76561,0.76575,1.13,1.50
2012.06.06 14:03:03.153,0.76559,0.76575,1.88,1.50
2012.06.06 14:03:03.719,0.76558,0.76574,2.93,1.50
2012.06.06 14:03:03.793,0.76558,0.76576,4.43,3.75
2012.06.06 14:03:07.000,0.76558,0.76576,3.68,2.25
2012.06.06 14:03:07.286,0.76557,0.76569,1.32,1.50
2012.06.06 14:03:07.575,0.76555,0.76571,1.50,1.50
2012.06.06 14:03:07.711,0.76555,0.76569,2.25,1.50
2012.06.06 14:03:07.782,0.76555,0.76571,2.25,3.00
2012.06.06 14:03:09.273,0.76555,0.7657,2.25,1.50
2012.06.06 14:03:09.831,0.76554,0.76569,1.50,1.50
2012.06.06 14:03:10.341,0.76554,0.76568,1.50,1.50
2012.06.06 14:03:12.195,0.76554,0.76569,1.50,1.50
2012.06.06 14:03:13.033,0.76554,0.76569,1.50,2.25
2012.06.06 14:03:14.541,0.76555,0.76569,1.50,2.25
2012.06.06 14:03:15.105,0.76555,0.76568,1.50,1.50
2012.06.06 14:03:15.644,0.76555,0.76568,1.50,2.25
2012.06.06 14:03:16.544,0.76555,0.76568,1.50,2.25
2012.06.06 14:03:18.534,0.76554,0.76565,1.50,1.40
2012.06.06 14:03:18.660,0.76554,0.76568,1.50,3.75
2012.06.06 14:03:18.734,0.76552,0.76568,2.25,4.50
2012.06.06 14:03:18.873,0.76545,0.76565,1.32,1.88
2012.06.06 14:03:19.426,0.76546,0.76564,1.13,1.13
2012.06.06 14:03:19.963,0.76546,0.76565,2.07,1.13
2012.06.06 14:03:21.034,0.76547,0.76567,1.13,1.50
2012.06.06 14:03:21.615,0.76544,0.76565,1.50,2.25
2012.06.06 14:03:21.822,0.76544,0.76565,1.13,2.25
2012.06.06 14:03:23.508,0.76547,0.76565,1.13,1.50
2012.06.06 14:03:23.938,0.76548,0.76567,1.13,1.13
2012.06.06 14:03:26.572,0.76546,0.76567,1.88,1.50
2012.06.06 14:03:26.844,0.76546,0.76568,1.88,1.50
2012.06.06 14:03:27.436,0.76547,0.76568,1.88,1.78
2012.06.06 14:03:28.074,0.76548,0.76569,1.13,1.50
2012.06.06 14:03:28.502,0.7655,0.76569,1.13,1.50
2012.06.06 14:03:29.235,0.76552,0.7657,1.13,1.50
2012.06.06 14:03:29.461,0.76554,0.76571,2.85,2.25
2012.06.06 14:03:29.607,0.76556,0.76574,1.13,1.13
2012.06.06 14:03:30.224,0.76556,0.76568,1.88,1.50
2012.06.06 14:03:30.567,0.76556,0.76574,1.88,1.03
2012.06.06 14:03:30.705,0.76556,0.76575,1.88,1.88
2012.06.06 14:03:32.545,0.76557,0.76575,2.44,1.13
2012.06.06 14:03:32.684,0.76557,0.76575,1.69,1.13
2012.06.06 14:03:32.757,0.76561,0.76577,1.13,1.13
2012.06.06 14:03:32.834,0.76561,0.76579,1.13,1.50
2012.06.06 14:03:33.612,0.76559,0.7658,1.13,1.50
2012.06.06 14:03:34.158,0.76557,0.76576,1.13,2.25
2012.06.06 14:03:34.728,0.76557,0.76576,1.13,2.25
2012.06.06 14:03:37.931,0.76557,0.76576,1.13,2.25
2012.06.06 14:03:38.471,0.76554,0.76576,1.13,3.19
2012.06.06 14:03:39.012,0.76554,0.76576,1.88,3.19
2012.06.06 14:03:41.757,0.76554,0.76576,1.32,3.00
2012.06.06 14:03:41.975,0.76553,0.76572,1.50,1.50
2012.06.06 14:03:42.256,0.76552,0.76573,3.38,1.69
2012.06.06 14:03:42.334,0.76552,0.76573,3.38,1.32
2012.06.06 14:03:42.473,0.76552,0.76574,2.63,2.07
2012.06.06 14:03:43.254,0.76554,0.76575,1.13,3.38
2012.06.06 14:03:43.960,0.76554,0.76574,1.13,2.25
2012.06.06 14:03:44.312,0.76554,0.76571,1.13,1.50
2012.06.06 14:03:45.573,0.7655,0.76571,1.88,1.50
2012.06.06 14:03:46.257,0.76549,0.76569,2.92,1.50
2012.06.06 14:03:46.404,0.76549,0.76569,1.32,2.25
2012.06.06 14:03:46.545,0.76547,0.76568,1.50,3.00
2012.06.06 14:03:47.013,0.76546,0.76564,1.50,1.50
2012.06.06 14:03:47.155,0.76545,0.76564,1.13,1.50
2012.06.06 14:03:49.604,0.76544,0.76565,2.07,1.50
2012.06.06 14:03:49.675,0.76546,0.76566,1.50,2.25
2012.06.06 14:03:50.399,0.76546,0.76567,2.18,1.88
2012.06.06 14:03:50.753,0.76546,0.76566,1.88,2.25
2012.06.06 14:03:51.234,0.76543,0.76563,1.88,2.25
2012.06.06 14:03:51.991,0.76539,0.7656,2.63,1.50
2012.06.06 14:03:52.131,0.76538,0.76558,3.23,1.13
2012.06.06 14:03:54.471,0.76538,0.76557,1.73,1.50
2012.06.06 14:03:55.070,0.76537,0.76557,1.13,1.50
2012.06.06 14:03:55.330,0.76537,0.76557,1.13,1.50
2012.06.06 14:03:55.460,0.76537,0.76557,1.13,3.00
2012.06.06 14:03:56.069,0.76537,0.76557,1.13,1.50
2012.06.06 14:03:56.423,0.76537,0.76557,1.13,3.00
2012.06.06 14:03:57.533,0.76537,0.76557,1.13,3.00
2012.06.06 14:03:57.609,0.76537,0.76557,1.13,2.25
2012.06.06 14:03:58.042,0.76536,0.76557,3.57,3.00
2012.06.06 14:03:58.547,0.76537,0.76554,1.13,1.50
2012.06.06 14:03:59.728,0.76537,0.76553,1.13,1.50
2012.06.06 14:04:00.750,0.76536,0.76549,1.50,1.50
2012.06.06 14:04:00.894,0.76536,0.76551,1.13,1.50
2012.06.06 14:04:00.964,0.76536,0.76553,1.13,1.50
2012.06.06 14:04:01.521,0.76537,0.76552,1.50,1.50
2012.06.06 14:04:01.594,0.76537,0.76552,2.25,1.50
2012.06.06 14:04:02.181,0.76537,0.76551,2.25,1.50
2012.06.06 14:04:02.591,0.76537,0.76551,1.50,1.50
2012.06.06 14:04:04.022,0.76537,0.76551,2.25,1.50
2012.06.06 14:04:04.610,0.76537,0.76552,2.25,1.50
2012.06.06 14:04:05.161,0.76538,0.76553,2.25,1.50
2012.06.06 14:04:05.493,0.76542,0.76553,1.13,1.50
2012.06.06 14:04:05.638,0.76546,0.7656,1.50,2.25
2012.06.06 14:04:06.192,0.76544,0.76562,3.00,2.25
2012.06.06 14:04:06.722,0.76544,0.7656,1.50,1.50
2012.06.06 14:04:07.632,0.76545,0.76561,1.13,1.50
2012.06.06 14:04:08.263,0.76545,0.76559,3.00,1.50
2012.06.06 14:04:10.052,0.76545,0.76557,1.50,1.50
2012.06.06 14:04:10.122,0.76545,0.7656,1.50,1.50
2012.06.06 14:04:11.678,0.76545,0.76561,3.00,1.50
2012.06.06 14:04:11.757,0.76548,0.76563,1.50,1.50
2012.06.06 14:04:12.597,0.76548,0.76563,1.50,3.00
2012.06.06 14:04:12.954,0.76553,0.76566,1.50,2.15
2012.06.06 14:04:13.165,0.76551,0.76566,1.50,2.15
2012.06.06 14:04:13.316,0.76551,0.76566,1.50,1.40
2012.06.06 14:04:13.843,0.76551,0.76567,2.63,2.25
2012.06.06 14:04:14.364,0.76552,0.76568,1.88,1.50
2012.06.06 14:04:14.504,0.76552,0.7657,1.88,3.00
2012.06.06 14:04:15.044,0.76551,0.76568,1.13,1.50
2012.06.06 14:04:15.611,0.7655,0.76567,1.13,1.50
2012.06.06 14:04:16.326,0.7655,0.76566,1.13,1.50
2012.06.06 14:04:16.793,0.76553,0.76569,1.50,2.25
2012.06.06 14:04:16.933,0.76551,0.76569,1.88,2.25
2012.06.06 14:04:17.832,0.7655,0.76566,1.13,1.50
2012.06.06 14:04:18.334,0.76552,0.76567,1.50,1.50
2012.06.06 14:04:18.977,0.76552,0.76568,1.50,1.50
2012.06.06 14:04:19.280,0.7655,0.76566,2.63,1.50
2012.06.06 14:04:19.824,0.7655,0.76565,1.13,1.50
2012.06.06 14:04:20.037,0.7655,0.76568,2.63,3.00
2012.06.06 14:04:20.114,0.76553,0.76568,1.50,1.50
2012.06.06 14:04:20.484,0.76556,0.76571,1.50,4.13
2012.06.06 14:04:21.437,0.76554,0.76571,2.25,3.28
2012.06.06 14:04:21.943,0.76556,0.76571,1.50,3.28
2012.06.06 14:04:22.056,0.76554,0.7657,3.00,2.25
2012.06.06 14:04:22.396,0.76552,0.7657,1.50,2.25
2012.06.06 14:04:22.475,0.76553,0.76569,2.25,1.50
2012.06.06 14:04:22.557,0.76555,0.76571,1.50,4.88
2012.06.06 14:04:22.780,0.76552,0.7657,2.25,1.50
2012.06.06 14:04:23.307,0.76551,0.76569,2.63,1.50
2012.06.06 14:04:23.446,0.76554,0.7657,1.50,3.00
2012.06.06 14:04:23.651,0.76552,0.76568,1.50,1.50
2012.06.06 14:04:24.053,0.76555,0.76571,1.50,3.38
2012.06.06 14:04:25.475,0.76554,0.7657,1.50,2.25
2012.06.06 14:04:25.553,0.76551,0.76569,4.88,1.50
2012.06.06 14:04:25.692,0.76551,0.76566,3.38,1.50
2012.06.06 14:04:26.163,0.7655,0.76566,3.38,1.50
2012.06.06 14:04:26.553,0.76552,0.7657,1.50,5.25
2012.06.06 14:04:26.680,0.76551,0.76568,1.50,1.50
2012.06.06 14:04:27.014,0.7655,0.76566,3.38,1.80
2012.06.06 14:04:27.639,0.76546,0.76559,1.50,1.50
2012.06.06 14:04:27.997,0.76541,0.76555,1.88,2.25
2012.06.06 14:04:28.892,0.76538,0.76555,2.25,2.25
2012.06.06 14:04:29.607,0.76536,0.76552,3.38,2.25
2012.06.06 14:04:29.684,0.76536,0.76552,2.25,3.00
2012.06.06 14:04:30.243,0.76533,0.7655,5.44,3.00
2012.06.06 14:04:30.317,0.76533,0.7655,5.44,3.00
2012.06.06 14:04:30.882,0.76533,0.76547,4.69,1.50
2012.06.06 14:04:31.661,0.76534,0.76547,2.25,1.50
2012.06.06 14:04:32.225,0.76533,0.76545,2.25,1.50
2012.06.06 14:04:32.366,0.76529,0.76542,1.35,1.50
2012.06.06 14:04:32.512,0.76528,0.7654,1.69,1.50
2012.06.06 14:04:33.041,0.76528,0.76541,1.69,1.50
2012.06.06 14:04:34.093,0.76529,0.76543,1.50,1.50
2012.06.06 14:04:34.582,0.76529,0.76546,1.50,2.25
2012.06.06 14:04:36.360,0.76529,0.76545,1.50,1.50
2012.06.06 14:04:37.272,0.7653,0.76547,1.50,1.50
2012.06.06 14:04:37.984,0.76529,0.76543,1.35,1.50
2012.06.06 14:04:38.532,0.76529,0.76544,1.35,1.50
2012.06.06 14:04:38.665,0.76529,0.76546,1.35,3.00
2012.06.06 14:04:39.195,0.7653,0.76546,2.85,1.50
2012.06.06 14:04:39.546,0.76532,0.76546,3.38,1.50
2012.06.06 14:04:39.622,0.76535,0.76552,2.25,2.25
2012.06.06 14:04:39.763,0.76537,0.76552,1.50,2.25
2012.06.06 14:04:40.045,0.76534,0.76552,2.63,3.00
2012.06.06 14:04:40.618,0.76536,0.76553,1.50,1.50
2012.06.06 14:04:41.311,0.76536,0.76553,1.88,1.50
2012.06.06 14:04:41.882,0.76536,0.76552,1.88,1.50
2012.06.06 14:04:41.961,0.76536,0.76548,1.88,1.50
2012.06.06 14:04:42.247,0.76533,0.76551,3.00,2.25
2012.06.06 14:04:42.744,0.76533,0.76548,2.10,1.50
2012.06.06 14:04:42.819,0.76536,0.76552,1.50,2.25
2012.06.06 14:04:43.433,0.76536,0.76552,1.50,2.25
2012.06.06 14:04:43.574,0.76533,0.76548,1.35,1.50
2012.06.06 14:04:44.025,0.76533,0.76545,1.13,1.50
2012.06.06 14:04:44.099,0.76531,0.76546,1.50,1.50
2012.06.06 14:04:45.673,0.76532,0.76546,3.60,1.50
2012.06.06 14:04:45.815,0.76533,0.7655,2.25,1.13
2012.06.06 14:04:45.957,0.76533,0.76551,2.25,1.50
2012.06.06 14:04:46.092,0.76535,0.76551,1.50,1.50
2012.06.06 14:04:46.604,0.76534,0.76552,2.25,1.50
2012.06.06 14:04:47.659,0.76535,0.76551,2.25,1.50
2012.06.06 14:04:48.411,0.7654,0.76551,1.35,1.50
2012.06.06 14:04:48.763,0.76542,0.76557,9.75,1.50
2012.06.06 14:04:49.362,0.76544,0.76558,2.25,2.25
2012.06.06 14:04:49.970,0.76544,0.76557,2.25,2.90
2012.06.06 14:04:50.126,0.76543,0.76555,6.75,1.73
2012.06.06 14:04:50.277,0.76541,0.76552,2.25,1.35
2012.06.06 14:04:50.633,0.76541,0.7655,1.50,1.50
2012.06.06 14:04:50.914,0.76541,0.7655,1.50,1.88
2012.06.06 14:04:50.983,0.76539,0.76548,1.50,1.50
2012.06.06 14:04:51.244,0.76532,0.76548,1.50,1.50
2012.06.06 14:04:51.525,0.7653,0.76545,1.50,1.50
2012.06.06 14:04:51.747,0.76531,0.76548,1.50,1.50
2012.06.06 14:04:52.404,0.76531,0.76547,3.00,3.00
2012.06.06 14:04:52.964,0.76531,0.76546,1.50,1.50
2012.06.06 14:04:53.039,0.7653,0.76544,1.50,1.50
2012.06.06 14:04:53.938,0.76529,0.76543,1.50,1.50
2012.06.06 14:04:54.013,0.76531,0.76547,1.50,1.50
2012.06.06 14:04:54.157,0.76529,0.76545,1.50,1.50
2012.06.06 14:04:55.126,0.76531,0.76547,1.50,1.50
2012.06.06 14:04:55.207,0.76531,0.76549,1.50,3.00
2012.06.06 14:04:55.894,0.7653,0.76548,4.50,1.50
2012.06.06 14:04:56.108,0.76532,0.76549,1.50,2.25
2012.06.06 14:04:56.718,0.76531,0.76549,2.25,2.25
2012.06.06 14:04:57.759,0.7653,0.76548,2.25,1.50
2012.06.06 14:04:58.942,0.76529,0.76547,3.38,1.50
2012.06.06 14:04:59.011,0.76529,0.76545,3.38,1.50
2012.06.06 14:04:59.366,0.7653,0.76545,1.50,1.50
2012.06.06 14:04:59.842,0.76529,0.76545,3.00,1.50
2012.06.06 14:05:00.630,0.76529,0.76545,2.25,1.50
2012.06.06 14:05:00.833,0.76529,0.76545,1.50,2.25
2012.06.06 14:05:02.904,0.76529,0.76542,1.50,1.88
2012.06.06 14:05:03.253,0.76529,0.76538,1.50,1.50
2012.06.06 14:05:03.606,0.76526,0.76536,1.50,2.63
2012.06.06 14:05:03.963,0.76521,0.76528,1.54,1.50
2012.06.06 14:05:04.551,0.76521,0.7653,1.54,1.50
2012.06.06 14:05:05.231,0.76515,0.76527,2.25,1.50
2012.06.06 14:05:05.375,0.76514,0.76527,3.00,1.50
2012.06.06 14:05:05.456,0.76513,0.76526,2.25,1.50
2012.06.06 14:05:05.535,0.7652,0.76525,1.50,1.50
2012.06.06 14:05:05.818,0.76517,0.76524,1.50,1.50
2012.06.06 14:05:06.093,0.76511,0.76526,1.50,1.50
2012.06.06 14:05:06.376,0.76512,0.76528,2.25,1.50
2012.06.06 14:05:06.514,0.7651,0.76528,1.50,3.00
2012.06.06 14:05:06.584,0.76508,0.76526,2.70,1.50
2012.06.06 14:05:06.926,0.76514,0.76528,1.50,2.25
2012.06.06 14:05:07.372,0.76514,0.7653,1.50,4.40
2012.06.06 14:05:07.445,0.76512,0.76529,3.19,1.50
2012.06.06 14:05:07.583,0.76514,0.7653,1.50,1.40
2012.06.06 14:05:07.927,0.76515,0.7653,1.50,2.15
2012.06.06 14:05:08.003,0.76515,0.7653,1.50,1.40
2012.06.06 14:05:08.357,0.76513,0.76529,1.50,1.50
2012.06.06 14:05:08.440,0.76518,0.76531,1.50,2.53
2012.06.06 14:05:08.942,0.76517,0.76531,1.50,1.13
2012.06.06 14:05:09.444,0.76516,0.76532,3.00,1.50
2012.06.06 14:05:09.518,0.76518,0.76534,1.50,5.90
2012.06.06 14:05:11.016,0.76518,0.76533,1.50,1.50
2012.06.06 14:05:11.679,0.76513,0.76531,1.50,2.25
2012.06.06 14:05:11.760,0.76515,0.76531,1.50,2.25
2012.06.06 14:05:12.942,0.76514,0.7653,1.50,1.50
2012.06.06 14:05:13.080,0.76512,0.7653,2.25,1.50
2012.06.06 14:05:13.292,0.76514,0.76531,1.50,2.25
2012.06.06 14:05:13.435,0.76512,0.7653,1.50,3.75
2012.06.06 14:05:14.057,0.76511,0.76529,1.50,2.25
2012.06.06 14:05:14.143,0.7652,0.76532,1.50,2.25
2012.06.06 14:05:14.284,0.76518,0.76532,1.50,2.25
2012.06.06 14:05:14.924,0.76516,0.76532,1.50,2.25
2012.06.06 14:05:15.461,0.76517,0.76532,1.50,2.25
2012.06.06 14:05:16.608,0.76514,0.76532,3.00,3.75
2012.06.06 14:05:17.027,0.76512,0.76527,1.13,1.50
2012.06.06 14:05:17.235,0.76508,0.76526,1.50,3.00
2012.06.06 14:05:17.304,0.76508,0.76526,1.50,3.75
2012.06.06 14:05:17.436,0.76506,0.76524,4.28,2.25
2012.06.06 14:05:17.794,0.76505,0.76523,1.50,2.25
2012.06.06 14:05:18.122,0.76509,0.76525,1.50,3.75
2012.06.06 14:05:18.693,0.76508,0.76525,1.50,2.25
2012.06.06 14:05:18.908,0.76506,0.76524,1.50,3.00
2012.06.06 14:05:19.445,0.76507,0.76524,1.50,1.50
2012.06.06 14:05:19.516,0.76507,0.76523,1.50,1.50
2012.06.06 14:05:19.877,0.76509,0.76525,1.50,2.25
2012.06.06 14:05:19.958,0.76507,0.76523,2.25,2.25
2012.06.06 14:05:20.035,0.76509,0.76525,1.50,1.50
2012.06.06 14:05:20.243,0.76511,0.76528,1.50,1.50
2012.06.06 14:05:20.581,0.76508,0.76526,3.00,1.50
2012.06.06 14:05:21.086,0.76506,0.76523,2.63,1.50
2012.06.06 14:05:21.642,0.76506,0.76521,2.63,1.50
2012.06.06 14:05:21.775,0.76506,0.76523,2.63,1.50
2012.06.06 14:05:21.914,0.76507,0.76525,3.00,1.50
2012.06.06 14:05:21.985,0.76508,0.76525,1.13,1.50
2012.06.06 14:05:22.345,0.76517,0.76531,1.50,1.59
2012.06.06 14:05:22.625,0.76513,0.76531,1.50,3.00
2012.06.06 14:05:22.763,0.76513,0.76531,1.88,1.50
2012.06.06 14:05:23.273,0.76514,0.7653,2.63,1.50
2012.06.06 14:05:23.705,0.76514,0.76532,2.63,3.60
2012.06.06 14:05:23.774,0.76514,0.76529,1.13,1.50
2012.06.06 14:05:25.293,0.76514,0.76529,1.13,1.50
2012.06.06 14:05:25.501,0.76517,0.76533,1.50,1.50
2012.06.06 14:05:25.922,0.76515,0.76533,1.50,1.50
2012.06.06 14:05:26.533,0.76517,0.76533,1.50,1.50
2012.06.06 14:05:26.675,0.76515,0.76533,1.88,1.50
2012.06.06 14:05:27.449,0.76516,0.76532,1.50,1.50
2012.06.06 14:05:28.066,0.76517,0.76533,1.50,1.50
2012.06.06 14:05:28.742,0.76515,0.76533,1.88,1.50
2012.06.06 14:05:30.707,0.76514,0.76523,1.13,1.50
2012.06.06 14:05:32.042,0.76514,0.76523,1.13,1.50
2012.06.06 14:05:32.589,0.76514,0.76525,1.13,1.50
2012.06.06 14:05:32.666,0.76514,0.7653,1.13,1.50
2012.06.06 14:05:34.698,0.76514,0.76529,1.13,1.50
2012.06.06 14:05:34.831,0.76512,0.76524,3.38,1.50
2012.06.06 14:05:34.962,0.76512,0.76524,1.50,1.50
2012.06.06 14:05:35.037,0.76511,0.76522,1.50,1.50
2012.06.06 14:05:35.507,0.7651,0.76522,1.61,1.50
2012.06.06 14:05:35.655,0.76507,0.76518,3.38,1.50
2012.06.06 14:05:36.145,0.76507,0.76519,1.50,1.50
2012.06.06 14:05:36.613,0.76507,0.76523,1.50,1.50
2012.06.06 14:05:36.964,0.76505,0.76523,1.50,1.50
2012.06.06 14:05:37.039,0.76505,0.76521,1.50,2.25
2012.06.06 14:05:37.369,0.76503,0.76518,1.50,1.50
2012.06.06 14:05:37.957,0.76503,0.76519,3.00,1.50
2012.06.06 14:05:38.313,0.76506,0.76518,1.50,1.50
2012.06.06 14:05:38.384,0.76506,0.76523,1.50,1.50
2012.06.06 14:05:38.453,0.76506,0.76521,1.50,1.50
2012.06.06 14:05:38.726,0.76507,0.76523,2.25,2.25
2012.06.06 14:05:39.254,0.76506,0.76521,1.88,1.50
2012.06.06 14:05:40.336,0.76506,0.7652,1.13,1.50
2012.06.06 14:05:40.852,0.76504,0.7652,2.63,1.50
2012.06.06 14:05:40.921,0.76504,0.7652,1.88,1.50
2012.06.06 14:05:42.335,0.76504,0.76522,1.88,1.50
2012.06.06 14:05:42.415,0.76504,0.7652,1.88,1.50
2012.06.06 14:05:42.585,0.76504,0.76522,1.88,1.50
2012.06.06 14:05:43.353,0.76505,0.76522,2.07,1.50
2012.06.06 14:05:43.707,0.76505,0.7652,2.07,1.50
2012.06.06 14:05:44.794,0.76504,0.76522,2.44,1.50
2012.06.06 14:05:44.864,0.76503,0.76521,2.82,1.50
2012.06.06 14:05:44.935,0.76504,0.76521,1.13,1.50
2012.06.06 14:05:45.570,0.76507,0.7652,1.13,1.50
2012.06.06 14:05:46.200,0.76507,0.76521,1.13,1.50
2012.06.06 14:05:46.274,0.76507,0.76523,2.63,1.50
2012.06.06 14:05:46.945,0.76506,0.7652,1.13,1.50
2012.06.06 14:05:47.689,0.76506,0.76519,1.88,1.50
2012.06.06 14:05:48.513,0.76506,0.76521,1.88,1.50
2012.06.06 14:05:48.772,0.76506,0.76523,2.63,1.50
2012.06.06 14:05:49.815,0.76506,0.76524,4.32,1.50
2012.06.06 14:05:50.203,0.76506,0.76522,2.82,1.50
2012.06.06 14:05:50.530,0.76506,0.76518,1.32,1.50
2012.06.06 14:05:50.602,0.76506,0.76521,1.32,1.50
2012.06.06 14:05:50.674,0.76506,0.76519,1.32,1.50
2012.06.06 14:05:51.342,0.76507,0.7652,1.13,1.50
2012.06.06 14:05:51.423,0.76507,0.76522,1.13,1.50
2012.06.06 14:05:51.880,0.76506,0.76519,1.32,1.50
2012.06.06 14:05:52.614,0.76504,0.76519,1.69,1.50
2012.06.06 14:05:52.952,0.765,0.76516,1.69,1.50
2012.06.06 14:05:53.094,0.76498,0.76516,2.63,1.50
2012.06.06 14:05:53.165,0.76498,0.76514,1.13,1.50
2012.06.06 14:05:53.305,0.76496,0.76514,4.79,1.50
2012.06.06 14:05:53.374,0.76496,0.7651,3.29,1.50
2012.06.06 14:05:53.444,0.76496,0.76512,4.79,1.50
2012.06.06 14:05:53.514,0.76496,0.76512,2.63,3.00
2012.06.06 14:05:53.949,0.76494,0.76509,1.50,1.13
2012.06.06 14:05:54.404,0.76492,0.76509,1.50,1.13
2012.06.06 14:05:54.883,0.76495,0.76509,1.50,1.13
2012.06.06 14:05:55.308,0.76493,0.76509,3.00,1.13
2012.06.06 14:05:55.828,0.76494,0.76509,1.50,1.13
2012.06.06 14:05:56.304,0.76493,0.7651,1.50,1.88
2012.06.06 14:05:56.653,0.76497,0.76513,3.38,1.50
2012.06.06 14:05:56.795,0.76497,0.76515,3.00,2.25
2012.06.06 14:05:57.079,0.765,0.76516,1.50,2.63
2012.06.06 14:05:57.431,0.76505,0.7652,1.50,1.03
2012.06.06 14:05:57.509,0.76505,0.7652,1.88,1.50
2012.06.06 14:05:57.585,0.76505,0.76523,2.63,1.88
2012.06.06 14:05:58.050,0.76508,0.76524,1.50,1.50
2012.06.06 14:05:58.406,0.76504,0.76522,2.25,3.00
2012.06.06 14:05:58.486,0.76504,0.7652,2.25,1.50
2012.06.06 14:05:59.810,0.76504,0.7652,1.50,1.50
2012.06.06 14:06:00.234,0.76503,0.76518,1.50,1.50
2012.06.06 14:06:00.736,0.76503,0.76517,1.50,1.50
2012.06.06 14:06:01.024,0.76503,0.76519,3.00,1.50
2012.06.06 14:06:02.315,0.76501,0.76516,1.88,1.50
2012.06.06 14:06:02.793,0.76498,0.76516,1.50,1.88
2012.06.06 14:06:02.872,0.76498,0.76511,1.50,1.50
2012.06.06 14:06:03.386,0.76497,0.76511,1.32,1.50
2012.06.06 14:06:03.971,0.76497,0.76512,2.07,3.00
2012.06.06 14:06:04.512,0.76497,0.76511,1.13,1.50
2012.06.06 14:06:05.390,0.76494,0.76511,1.50,1.50
2012.06.06 14:06:05.604,0.76496,0.76513,1.88,1.50
2012.06.06 14:06:06.112,0.76496,0.76512,3.38,1.50
2012.06.06 14:06:06.332,0.76496,0.7651,1.88,1.50
2012.06.06 14:06:06.864,0.76496,0.76511,1.88,1.50
2012.06.06 14:06:07.004,0.76497,0.76513,1.50,1.50
2012.06.06 14:06:07.533,0.76497,0.76512,1.69,1.50
2012.06.06 14:06:08.913,0.76496,0.76511,1.88,1.50
2012.06.06 14:06:09.613,0.76496,0.76512,1.88,1.50
2012.06.06 14:06:09.992,0.76495,0.7651,1.88,1.50
2012.06.06 14:06:10.523,0.76496,0.76509,1.32,1.50
2012.06.06 14:06:10.794,0.76496,0.76511,1.32,1.50
2012.06.06 14:06:12.574,0.76496,0.76512,1.13,1.50
2012.06.06 14:06:13.408,0.76496,0.76511,1.13,1.50
2012.06.06 14:06:13.847,0.76496,0.76514,2.63,3.00
2012.06.06 14:06:14.465,0.76497,0.76513,2.63,1.50
2012.06.06 14:06:15.025,0.76497,0.76512,1.88,1.50
2012.06.06 14:06:15.626,0.76494,0.76511,1.54,1.50
2012.06.06 14:06:15.914,0.76497,0.76512,1.13,1.50
2012.06.06 14:06:16.099,0.76499,0.76515,1.50,1.50
2012.06.06 14:06:16.385,0.76497,0.76514,1.88,1.50
2012.06.06 14:06:16.873,0.765,0.76516,2.44,2.25
2012.06.06 14:06:17.227,0.76504,0.76521,3.00,2.25
2012.06.06 14:06:17.303,0.76504,0.76521,3.00,2.25
2012.06.06 14:06:17.447,0.76508,0.76521,1.50,1.50
2012.06.06 14:06:17.877,0.76511,0.76523,1.50,2.15
2012.06.06 14:06:18.331,0.76509,0.76524,2.25,1.40
2012.06.06 14:06:18.749,0.76512,0.76525,1.50,1.50
2012.06.06 14:06:18.898,0.76514,0.76527,2.25,1.13
2012.06.06 14:06:19.186,0.76518,0.76527,1.50,1.13
2012.06.06 14:06:19.541,0.76519,0.76527,1.50,1.13
2012.06.06 14:06:20.123,0.76518,0.76527,1.50,1.13
2012.06.06 14:06:21.292,0.76519,0.76529,1.50,1.13
2012.06.06 14:06:21.577,0.76517,0.76525,1.50,1.50
2012.06.06 14:06:22.178,0.76516,0.76525,1.50,1.50
2012.06.06 14:06:22.255,0.76514,0.76525,1.50,1.50
2012.06.06 14:06:22.327,0.76511,0.76525,1.50,1.50
2012.06.06 14:06:22.745,0.76514,0.76525,1.50,1.50
2012.06.06 14:06:23.133,0.76516,0.76525,1.50,1.50
2012.06.06 14:06:23.846,0.76515,0.76526,1.50,1.50
2012.06.06 14:06:24.182,0.76513,0.76526,2.25,1.50
2012.06.06 14:06:24.314,0.7651,0.76526,2.25,1.50
2012.06.06 14:06:24.831,0.7651,0.76525,2.25,1.50
2012.06.06 14:06:25.044,0.76514,0.76525,1.50,1.50
2012.06.06 14:06:25.392,0.76517,0.76525,1.50,1.50
2012.06.06 14:06:25.593,0.76514,0.76525,2.25,1.50
2012.06.06 14:06:27.323,0.76516,0.76525,1.50,1.50
2012.06.06 14:06:27.858,0.76511,0.76526,2.25,1.50
2012.06.06 14:06:32.752,0.76513,0.76525,2.25,1.50
2012.06.06 14:06:33.275,0.76513,0.76525,2.25,1.50
2012.06.06 14:06:34.627,0.76516,0.76525,1.50,1.50
2012.06.06 14:06:35.114,0.76518,0.76526,1.13,1.50
2012.06.06 14:06:35.255,0.76521,0.76532,1.50,2.25
2012.06.06 14:06:35.594,0.76522,0.76534,3.75,1.50
2012.06.06 14:06:35.666,0.76522,0.76537,3.75,3.00
2012.06.06 14:06:36.026,0.76522,0.76533,3.00,1.50
2012.06.06 14:06:36.248,0.76525,0.76537,1.13,2.25
2012.06.06 14:06:36.325,0.76527,0.76538,1.50,1.50
2012.06.06 14:06:36.393,0.76527,0.76541,1.50,1.50
2012.06.06 14:06:36.673,0.76527,0.76543,1.50,2.25
2012.06.06 14:06:37.058,0.76527,0.76539,1.50,1.50
2012.06.06 14:06:37.279,0.76527,0.76542,2.25,3.75
2012.06.06 14:06:37.356,0.76525,0.76538,1.50,1.50
2012.06.06 14:06:37.506,0.76524,0.76538,1.50,3.00
2012.06.06 14:06:37.652,0.76524,0.76539,1.50,1.50
2012.06.06 14:06:37.723,0.76523,0.7654,2.25,1.50
2012.06.06 14:06:37.795,0.76522,0.7654,3.75,3.00
2012.06.06 14:06:38.434,0.76527,0.7654,1.50,1.50
2012.06.06 14:06:39.298,0.76526,0.7654,1.50,1.50
2012.06.06 14:06:39.852,0.76526,0.76541,1.50,1.50
2012.06.06 14:06:41.451,0.76527,0.76541,2.25,1.50
2012.06.06 14:06:41.806,0.76528,0.76543,1.50,3.00
2012.06.06 14:06:42.344,0.76529,0.76543,1.50,1.50
2012.06.06 14:06:42.485,0.76531,0.76543,1.50,1.50
2012.06.06 14:06:42.633,0.76531,0.76545,1.50,1.50
2012.06.06 14:06:42.778,0.76528,0.76543,2.25,1.50
2012.06.06 14:06:43.523,0.7653,0.76545,1.50,1.50
2012.06.06 14:06:44.073,0.76531,0.76548,2.25,1.88
2012.06.06 14:06:44.626,0.76536,0.7655,1.50,1.69
2012.06.06 14:06:44.774,0.76537,0.76552,1.50,3.75
2012.06.06 14:06:44.987,0.76538,0.76555,1.50,1.88
2012.06.06 14:06:45.255,0.76538,0.7655,1.50,1.50
2012.06.06 14:06:45.463,0.7654,0.76552,1.50,5.25
2012.06.06 14:06:45.536,0.76533,0.76549,2.25,2.25
2012.06.06 14:06:46.091,0.76535,0.76551,2.25,2.25
2012.06.06 14:06:46.502,0.76533,0.76548,2.25,1.50
2012.06.06 14:06:46.854,0.76532,0.76545,2.25,1.50
2012.06.06 14:06:47.408,0.76528,0.76545,2.25,1.50
2012.06.06 14:06:47.624,0.76527,0.76541,2.63,1.50
2012.06.06 14:06:48.176,0.76527,0.7654,1.13,1.50
2012.06.06 14:06:51.160,0.76527,0.76541,1.88,1.50
2012.06.06 14:06:51.973,0.76527,0.7654,1.88,1.50
2012.06.06 14:06:52.530,0.76522,0.76538,3.94,2.25
2012.06.06 14:06:52.606,0.76522,0.76538,5.25,2.25
2012.06.06 14:06:53.175,0.76523,0.7654,1.13,2.25
2012.06.06 14:06:53.388,0.76532,0.7654,1.50,1.50
2012.06.06 14:06:53.744,0.76536,0.76548,1.50,1.40
2012.06.06 14:06:53.957,0.76539,0.76555,1.50,1.50
2012.06.06 14:06:54.105,0.7654,0.76555,2.85,1.50
2012.06.06 14:06:54.245,0.76544,0.76558,2.25,3.38
2012.06.06 14:06:54.585,0.76543,0.76559,2.85,1.50
2012.06.06 14:06:54.656,0.76544,0.76559,2.25,1.50
2012.06.06 14:06:55.035,0.76544,0.76559,2.25,1.50
2012.06.06 14:06:55.109,0.76543,0.76561,3.00,3.00
2012.06.06 14:06:55.562,0.76543,0.76556,1.50,1.50
2012.06.06 14:06:55.846,0.76546,0.76561,1.50,2.15
2012.06.06 14:06:56.068,0.76546,0.76561,6.75,2.15
2012.06.06 14:06:56.426,0.76554,0.76563,1.50,1.50
2012.06.06 14:06:56.643,0.76552,0.76563,2.25,1.50
2012.06.06 14:06:56.785,0.76552,0.76565,2.63,1.50
2012.06.06 14:06:57.353,0.76553,0.76566,2.25,1.50
2012.06.06 14:06:57.496,0.76553,0.7657,3.00,1.40
2012.06.06 14:06:57.713,0.76556,0.76565,1.50,1.50
2012.06.06 14:06:57.785,0.76554,0.76565,2.25,1.50
2012.06.06 14:07:02.001,0.76558,0.76565,1.50,1.50
2012.06.06 14:07:02.503,0.76556,0.76565,3.75,1.50
2012.06.06 14:07:03.111,0.76557,0.76565,1.50,1.50
2012.06.06 14:07:04.151,0.76558,0.76565,1.50,1.50
2012.06.06 14:07:05.711,0.76556,0.76565,2.25,1.50
2012.06.06 14:07:06.080,0.76558,0.76565,1.50,1.50
2012.06.06 14:07:06.589,0.76557,0.76565,1.50,1.50
2012.06.06 14:07:06.982,0.7656,0.76565,1.50,1.50
2012.06.06 14:07:07.373,0.76558,0.76565,1.50,1.50
2012.06.06 14:07:09.707,0.76557,0.76565,1.50,1.50
2012.06.06 14:07:09.852,0.76555,0.76569,3.75,1.50
2012.06.06 14:07:10.302,0.76555,0.76571,2.25,1.50
2012.06.06 14:07:10.574,0.76557,0.76571,2.48,1.50
2012.06.06 14:07:10.925,0.76562,0.76573,1.50,1.50
2012.06.06 14:07:11.525,0.76561,0.76573,1.50,1.50
2012.06.06 14:07:11.816,0.76561,0.76575,3.00,1.50
2012.06.06 14:07:11.964,0.76563,0.76575,1.50,1.50
2012.06.06 14:07:12.444,0.76561,0.76575,1.50,1.50
2012.06.06 14:07:12.515,0.76559,0.76575,2.25,3.00
2012.06.06 14:07:12.797,0.76557,0.7657,2.25,1.50
2012.06.06 14:07:12.878,0.76555,0.7657,1.50,2.25
2012.06.06 14:07:12.954,0.76555,0.76571,1.50,3.75
2012.06.06 14:07:13.169,0.76554,0.76571,1.50,3.75
2012.06.06 14:07:13.703,0.76554,0.76571,3.00,2.25
2012.06.06 14:07:13.776,0.76557,0.76565,1.50,1.50
2012.06.06 14:07:14.339,0.76556,0.76565,1.50,1.50
2012.06.06 14:07:14.686,0.76559,0.76565,1.50,1.50
2012.06.06 14:07:14.769,0.76556,0.76565,1.50,1.50
2012.06.06 14:07:15.436,0.76556,0.76566,1.50,1.50
2012.06.06 14:07:16.093,0.76556,0.76566,1.50,1.50
2012.06.06 14:07:17.051,0.76556,0.76566,1.50,1.50
2012.06.06 14:07:17.263,0.76554,0.76566,3.00,1.50
2012.06.06 14:07:18.211,0.76554,0.76565,2.25,1.50
2012.06.06 14:07:18.724,0.76544,0.76555,2.25,1.50
2012.06.06 14:07:18.865,0.76545,0.76558,1.50,2.25
2012.06.06 14:07:19.055,0.76545,0.76556,1.50,1.50
2012.06.06 14:07:19.616,0.76543,0.76557,1.50,1.50
2012.06.06 14:07:20.101,0.76543,0.76558,1.50,1.50
2012.06.06 14:07:20.182,0.76543,0.76557,1.50,1.50
2012.06.06 14:07:20.745,0.76543,0.7656,3.00,2.25
2012.06.06 14:07:21.625,0.76543,0.76557,1.50,1.50
2012.06.06 14:07:22.184,0.76544,0.7656,2.25,2.25
2012.06.06 14:07:22.806,0.76543,0.7656,2.25,3.00
2012.06.06 14:07:23.472,0.76544,0.76555,1.50,1.50
2012.06.06 14:07:26.373,0.76543,0.76559,3.75,1.50
2012.06.06 14:07:26.574,0.76543,0.76559,3.75,1.88
2012.06.06 14:07:26.927,0.76537,0.76549,4.95,1.50
2012.06.06 14:07:27.078,0.76536,0.76552,1.13,1.50
2012.06.06 14:07:27.157,0.76536,0.76549,1.13,1.50
2012.06.06 14:07:27.237,0.76535,0.76549,1.50,1.50
2012.06.06 14:07:27.316,0.76536,0.76549,4.88,1.50
2012.06.06 14:07:27.465,0.76536,0.76551,4.50,1.50
2012.06.06 14:07:27.603,0.76535,0.76551,3.00,1.50
2012.06.06 14:07:27.814,0.76535,0.76549,1.50,1.50
2012.06.06 14:07:28.345,0.76535,0.7655,1.50,1.50
2012.06.06 14:07:29.488,0.76536,0.7655,4.50,1.50
2012.06.06 14:07:29.779,0.76537,0.76552,1.13,1.50
2012.06.06 14:07:29.859,0.76539,0.76555,2.25,3.00
2012.06.06 14:07:30.005,0.76543,0.76557,1.50,1.40
2012.06.06 14:07:31.149,0.76543,0.76559,1.50,2.25
2012.06.06 14:07:31.660,0.76543,0.76559,1.50,2.25
2012.06.06 14:07:32.682,0.76543,0.76559,2.25,2.25
2012.06.06 14:07:33.247,0.76544,0.76558,1.50,1.50
2012.06.06 14:07:33.583,0.76541,0.76557,1.50,1.50
2012.06.06 14:07:34.025,0.76543,0.76559,1.50,2.25
2012.06.06 14:07:34.373,0.76543,0.76557,1.50,1.50
2012.06.06 14:07:34.725,0.76538,0.76554,3.00,1.50
2012.06.06 14:07:35.375,0.7654,0.76557,2.25,1.50
2012.06.06 14:07:35.445,0.76543,0.76557,1.50,1.50
2012.06.06 14:07:36.586,0.76544,0.76557,1.50,1.50
2012.06.06 14:07:36.675,0.76544,0.76558,1.88,1.50
2012.06.06 14:07:36.816,0.76546,0.76561,1.50,1.50
2012.06.06 14:07:36.897,0.76546,0.76561,1.50,1.50
2012.06.06 14:07:36.972,0.76545,0.76561,1.50,3.00
2012.06.06 14:07:37.381,0.76544,0.7656,3.00,1.50
2012.06.06 14:07:37.700,0.76544,0.76562,3.00,2.25
2012.06.06 14:07:39.026,0.76548,0.76564,1.50,5.25
2012.06.06 14:07:39.174,0.76546,0.76564,1.50,5.25
2012.06.06 14:07:39.535,0.76548,0.76564,1.50,5.25
2012.06.06 14:07:40.070,0.76549,0.76564,1.50,3.75
2012.06.06 14:07:40.144,0.76547,0.76564,1.50,3.75
2012.06.06 14:07:40.611,0.76549,0.76564,1.50,3.75
2012.06.06 14:07:40.683,0.76547,0.76564,1.50,3.75
2012.06.06 14:07:41.050,0.76545,0.76561,2.25,1.50
2012.06.06 14:07:41.483,0.76547,0.76563,1.50,3.94
2012.06.06 14:07:41.823,0.76544,0.7656,1.50,2.25
2012.06.06 14:07:42.153,0.76549,0.76562,1.50,3.75
2012.06.06 14:07:42.223,0.76549,0.76562,1.50,3.00
2012.06.06 14:07:42.434,0.76545,0.76561,2.25,1.50
2012.06.06 14:07:42.934,0.76545,0.76559,1.50,1.88
2012.06.06 14:07:43.214,0.76538,0.76554,2.25,1.50
2012.06.06 14:07:43.345,0.76538,0.76554,1.50,2.25
2012.06.06 14:07:43.483,0.76535,0.76553,2.25,2.25
2012.06.06 14:07:43.554,0.76536,0.76551,5.25,1.50
2012.06.06 14:07:43.692,0.76536,0.76554,6.75,3.00
2012.06.06 14:07:44.707,0.76537,0.76554,1.88,2.25
2012.06.06 14:07:45.344,0.76537,0.76554,1.50,2.25
2012.06.06 14:07:45.742,0.76536,0.76553,3.00,1.50
2012.06.06 14:07:46.023,0.76539,0.76555,3.00,3.00
2012.06.06 14:07:46.460,0.76541,0.76556,1.35,1.50
2012.06.06 14:07:46.672,0.76544,0.76559,2.25,1.88
2012.06.06 14:07:48.567,0.76544,0.76558,1.50,1.50
2012.06.06 14:07:49.123,0.76544,0.76559,2.25,1.50
2012.06.06 14:07:49.644,0.76542,0.76558,6.00,1.50
2012.06.06 14:07:49.730,0.76547,0.76562,1.50,2.15
2012.06.06 14:07:49.807,0.76544,0.7656,3.00,1.50
2012.06.06 14:07:50.016,0.76545,0.76562,1.50,1.50
2012.06.06 14:07:50.472,0.76544,0.7656,3.00,1.50
2012.06.06 14:07:51.502,0.76546,0.76562,1.50,3.00
2012.06.06 14:07:52.052,0.76547,0.76562,1.50,1.50
2012.06.06 14:07:52.794,0.76545,0.76563,4.50,3.75
2012.06.06 14:07:53.330,0.76545,0.76561,3.00,1.50
2012.06.06 14:07:53.862,0.76545,0.76563,3.00,3.75
2012.06.06 14:07:54.820,0.76545,0.76561,1.50,1.50
2012.06.06 14:07:55.595,0.76544,0.76561,1.50,1.50
2012.06.06 14:07:56.954,0.76546,0.76562,1.50,2.25
2012.06.06 14:07:57.273,0.76544,0.7656,1.50,1.50
2012.06.06 14:07:57.801,0.76544,0.76559,1.50,1.50
2012.06.06 14:07:57.931,0.76544,0.76561,1.50,1.50
2012.06.06 14:08:01.004,0.76545,0.76561,1.50,1.50
2012.06.06 14:08:01.599,0.76544,0.76561,1.50,1.50
2012.06.06 14:08:03.332,0.76544,0.76558,1.50,1.50
2012.06.06 14:08:03.471,0.76544,0.7656,3.00,1.50
2012.06.06 14:08:03.540,0.76544,0.76558,1.50,1.50
2012.06.06 14:08:04.451,0.76545,0.76558,1.50,1.50
2012.06.06 14:08:04.522,0.76545,0.76561,1.50,3.00
2012.06.06 14:08:05.048,0.76545,0.76561,1.50,1.50
2012.06.06 14:08:08.563,0.76548,0.76563,1.50,3.00
2012.06.06 14:08:09.081,0.76549,0.76565,1.50,2.25
2012.06.06 14:08:09.213,0.76546,0.76563,1.13,2.25
2012.06.06 14:08:10.012,0.76545,0.76561,1.50,1.50
2012.06.06 14:08:10.354,0.76545,0.76559,1.50,1.50
2012.06.06 14:08:10.421,0.76545,0.76562,3.00,1.50
2012.06.06 14:08:10.495,0.76546,0.76564,1.50,4.50
2012.06.06 14:08:10.708,0.76548,0.76564,1.50,1.50
2012.06.06 14:08:11.289,0.76549,0.76565,1.50,3.75
2012.06.06 14:08:11.566,0.76547,0.76565,2.25,3.75
2012.06.06 14:08:12.267,0.76545,0.76561,2.25,1.50
2012.06.06 14:08:12.787,0.76544,0.76562,3.00,1.50
2012.06.06 14:08:13.514,0.76545,0.76563,1.50,3.00
2012.06.06 14:08:16.045,0.76546,0.76562,1.50,2.25
2012.06.06 14:08:16.542,0.76544,0.76562,3.00,1.50
2012.06.06 14:08:18.660,0.76545,0.76563,2.25,1.50
2012.06.06 14:08:18.842,0.76545,0.76561,2.25,1.50
2012.06.06 14:08:18.984,0.76545,0.76563,2.25,1.50
2012.06.06 14:08:19.532,0.76545,0.76563,4.50,2.25
2012.06.06 14:08:20.310,0.76547,0.76563,1.50,1.50
2012.06.06 14:08:21.696,0.76548,0.76564,1.50,4.50
2012.06.06 14:08:22.196,0.76546,0.76562,2.25,1.50
2012.06.06 14:08:22.851,0.76546,0.76564,1.50,3.75
2012.06.06 14:08:23.433,0.76545,0.76562,1.50,1.50
2012.06.06 14:08:23.751,0.76544,0.76562,2.25,2.25
2012.06.06 14:08:24.353,0.76544,0.7656,4.50,2.25
2012.06.06 14:08:24.544,0.76547,0.76563,1.50,4.88
2012.06.06 14:08:25.030,0.76549,0.76563,1.50,1.50
2012.06.06 14:08:25.305,0.76546,0.76562,2.25,1.50
2012.06.06 14:08:25.514,0.76549,0.76563,1.50,1.50
2012.06.06 14:08:25.643,0.76546,0.76562,2.25,1.50
2012.06.06 14:08:26.208,0.76545,0.76563,4.88,3.00
2012.06.06 14:08:27.317,0.76546,0.76562,2.63,1.50
2012.06.06 14:08:27.787,0.76546,0.76562,1.88,2.25
2012.06.06 14:08:28.135,0.76545,0.76559,2.25,1.13
2012.06.06 14:08:28.483,0.76543,0.76556,1.50,1.50
2012.06.06 14:08:28.692,0.76537,0.76552,2.25,1.50
2012.06.06 14:08:28.904,0.76536,0.76554,1.50,2.25
2012.06.06 14:08:29.308,0.76535,0.7655,1.50,1.50
2012.06.06 14:08:29.661,0.76535,0.76547,1.50,1.50
2012.06.06 14:08:30.167,0.76535,0.76548,1.50,1.50
2012.06.06 14:08:30.503,0.76535,0.7655,1.50,1.50
2012.06.06 14:08:31.031,0.76535,0.7655,2.25,1.50
2012.06.06 14:08:32.782,0.76535,0.76553,3.75,1.50
2012.06.06 14:08:32.852,0.76536,0.76551,1.50,1.50
2012.06.06 14:08:33.196,0.76541,0.76556,1.50,1.50
2012.06.06 14:08:33.275,0.76539,0.76556,1.50,2.25
2012.06.06 14:08:33.346,0.76537,0.76551,2.63,1.50
2012.06.06 14:08:33.556,0.76538,0.76554,2.25,3.00
2012.06.06 14:08:33.777,0.76536,0.76552,1.50,1.50
2012.06.06 14:08:33.995,0.76537,0.76551,4.88,1.50
2012.06.06 14:08:34.529,0.76537,0.76548,4.88,1.50
2012.06.06 14:08:34.614,0.76535,0.76551,3.00,3.00
2012.06.06 14:08:35.482,0.76535,0.7655,1.50,1.50
2012.06.06 14:08:36.603,0.76535,0.7655,1.50,3.00
2012.06.06 14:08:38.726,0.76535,0.76542,1.50,1.50
2012.06.06 14:08:38.874,0.76533,0.76541,1.50,1.50
2012.06.06 14:08:39.074,0.76533,0.76543,1.50,1.50
2012.06.06 14:08:39.551,0.76532,0.76546,1.50,2.33
2012.06.06 14:08:39.703,0.7653,0.76546,3.00,3.75
2012.06.06 14:08:40.207,0.76531,0.76546,1.50,2.25
2012.06.06 14:08:40.435,0.76533,0.76546,1.50,2.25
2012.06.06 14:08:40.924,0.76531,0.76546,1.50,1.50
2012.06.06 14:08:42.433,0.76532,0.76546,1.50,1.50
2012.06.06 14:08:42.982,0.7653,0.76546,1.50,1.50
2012.06.06 14:08:44.425,0.76532,0.76545,1.50,1.50
2012.06.06 14:08:44.567,0.76536,0.76547,1.88,1.50
2012.06.06 14:08:44.716,0.76537,0.76548,4.50,1.50
2012.06.06 14:08:44.795,0.76537,0.76551,4.50,1.50
2012.06.06 14:08:45.331,0.76537,0.76552,5.25,1.50
2012.06.06 14:08:45.593,0.7654,0.76556,2.25,3.00
2012.06.06 14:08:45.792,0.76537,0.76552,5.25,1.50
2012.06.06 14:08:45.863,0.76537,0.76554,5.25,2.25
2012.06.06 14:08:46.003,0.76537,0.76552,5.25,1.50
2012.06.06 14:08:46.354,0.76537,0.7655,5.25,1.50
2012.06.06 14:08:47.863,0.76534,0.76549,1.69,2.25
2012.06.06 14:08:47.943,0.76532,0.76546,1.50,1.50
2012.06.06 14:08:49.085,0.76534,0.76546,1.50,1.50
2012.06.06 14:08:49.434,0.76537,0.76548,1.50,1.50
2012.06.06 14:08:49.572,0.76536,0.76548,2.25,1.50
2012.06.06 14:08:49.704,0.76536,0.76551,2.25,1.50
2012.06.06 14:08:51.983,0.76536,0.76551,1.13,3.00
2012.06.06 14:08:52.576,0.76534,0.7655,1.50,3.00
2012.06.06 14:08:54.032,0.76534,0.7655,1.50,1.50
2012.06.06 14:08:54.411,0.76537,0.7655,1.50,1.50
2012.06.06 14:08:54.575,0.76535,0.7655,2.25,1.50
2012.06.06 14:08:54.704,0.76537,0.76553,1.13,2.25
2012.06.06 14:08:55.278,0.76538,0.76554,2.25,3.00
2012.06.06 14:08:55.425,0.76537,0.76552,5.25,1.50
2012.06.06 14:08:55.491,0.76537,0.76554,5.25,2.25
2012.06.06 14:08:55.560,0.76537,0.76552,5.25,1.50
2012.06.06 14:08:56.177,0.76537,0.76554,5.25,3.75
2012.06.06 14:08:56.257,0.76537,0.76551,4.50,1.50
2012.06.06 14:08:56.817,0.76537,0.7655,4.50,1.50
2012.06.06 14:08:57.168,0.76533,0.76546,2.25,3.00
2012.06.06 14:08:57.364,0.76534,0.7655,1.50,3.00
2012.06.06 14:08:57.881,0.76534,0.7655,2.25,3.00
2012.06.06 14:08:58.583,0.76536,0.7655,1.50,1.50
2012.06.06 14:08:58.791,0.76537,0.76554,1.50,2.25
2012.06.06 14:08:59.350,0.76537,0.76553,1.88,2.25
2012.06.06 14:09:00.905,0.76537,0.76549,1.88,1.50
2012.06.06 14:09:01.745,0.76536,0.7655,1.13,2.25
2012.06.06 14:09:01.885,0.76534,0.76547,1.13,2.25
2012.06.06 14:09:02.657,0.7653,0.7654,1.50,1.50
2012.06.06 14:09:03.017,0.7653,0.76542,1.50,1.50
2012.06.06 14:09:03.099,0.76527,0.76542,3.23,1.50
2012.06.06 14:09:03.176,0.76527,0.76541,2.48,1.50
2012.06.06 14:09:03.246,0.76527,0.76541,1.88,1.50
2012.06.06 14:09:03.676,0.76527,0.76538,1.13,1.50
2012.06.06 14:09:04.041,0.76526,0.76536,1.13,2.25
2012.06.06 14:09:04.183,0.76524,0.76536,1.50,2.25
2012.06.06 14:09:04.797,0.76524,0.76539,2.25,3.00
2012.06.06 14:09:05.013,0.76524,0.76537,2.25,1.50
2012.06.06 14:09:05.574,0.76522,0.76536,5.07,1.50
2012.06.06 14:09:06.253,0.76522,0.7654,6.38,3.00
2012.06.06 14:09:06.325,0.76522,0.76538,1.88,1.50
2012.06.06 14:09:06.864,0.76519,0.76534,2.44,2.25
2012.06.06 14:09:07.818,0.76519,0.76534,2.44,2.25
2012.06.06 14:09:08.827,0.76519,0.76532,1.69,1.50
2012.06.06 14:09:09.046,0.76519,0.7653,1.50,1.50
2012.06.06 14:09:09.410,0.76517,0.76527,1.13,2.25
2012.06.06 14:09:09.485,0.76515,0.76527,2.63,2.25
2012.06.06 14:09:09.624,0.76515,0.7653,2.63,2.25
2012.06.06 14:09:10.144,0.76516,0.76533,1.88,1.50
2012.06.06 14:09:10.282,0.76516,0.76529,1.88,1.50
2012.06.06 14:09:10.497,0.76516,0.7653,1.13,2.25
2012.06.06 14:09:11.864,0.76515,0.76528,1.69,1.50
2012.06.06 14:09:12.427,0.76517,0.76531,1.13,3.00
2012.06.06 14:09:14.429,0.76517,0.76531,1.88,3.00
2012.06.06 14:09:14.792,0.76523,0.76534,1.50,1.50
2012.06.06 14:09:15.145,0.76525,0.76538,1.88,1.50
2012.06.06 14:09:15.592,0.76525,0.7654,1.88,3.00
2012.06.06 14:09:16.143,0.76525,0.76538,1.50,2.25
2012.06.06 14:09:16.663,0.76524,0.76539,2.63,2.25
2012.06.06 14:09:16.986,0.76524,0.76535,2.25,1.50
2012.06.06 14:09:17.282,0.76524,0.76537,1.50,1.50
2012.06.06 14:09:18.063,0.76524,0.76539,1.50,2.25
2012.06.06 14:09:22.514,0.76527,0.76539,4.50,2.25
2012.06.06 14:09:22.655,0.76527,0.76541,4.50,1.50
2012.06.06 14:09:22.863,0.76527,0.76539,4.50,1.50
2012.06.06 14:09:23.417,0.76528,0.76544,2.25,2.25
2012.06.06 14:09:23.779,0.76531,0.76545,2.63,1.50
2012.06.06 14:09:24.125,0.76534,0.76545,1.13,1.50
2012.06.06 14:09:24.253,0.76534,0.76548,1.88,2.25
2012.06.06 14:09:24.663,0.76534,0.76547,1.88,1.50
2012.06.06 14:09:26.027,0.76534,0.76547,1.50,1.50
2012.06.06 14:09:28.530,0.76534,0.76548,1.50,1.50
2012.06.06 14:09:28.610,0.76534,0.76546,1.50,1.50
2012.06.06 14:09:28.961,0.7653,0.76543,2.25,2.25
2012.06.06 14:09:29.295,0.76529,0.76539,1.50,1.50
2012.06.06 14:09:29.425,0.76529,0.76539,1.50,1.50
2012.06.06 14:09:29.566,0.76529,0.76536,1.50,1.50
2012.06.06 14:09:29.636,0.76525,0.76536,1.13,1.50
2012.06.06 14:09:29.772,0.76525,0.76538,1.13,2.25
2012.06.06 14:09:30.332,0.76525,0.76537,1.50,1.50
2012.06.06 14:09:30.953,0.76525,0.76539,1.50,2.25
2012.06.06 14:09:32.408,0.76523,0.76535,1.13,1.50
2012.06.06 14:09:32.626,0.76521,0.76536,1.69,1.50
2012.06.06 14:09:32.695,0.7652,0.76531,1.13,1.50
2012.06.06 14:09:33.034,0.76517,0.76531,1.69,1.50
2012.06.06 14:09:33.176,0.76517,0.76527,1.69,1.50
2012.06.06 14:09:33.723,0.76515,0.76528,2.25,1.50
2012.06.06 14:09:33.793,0.76515,0.76528,1.50,1.50
2012.06.06 14:09:34.372,0.76515,0.76529,1.50,2.25
2012.06.06 14:09:36.043,0.76514,0.76527,2.82,1.50
2012.06.06 14:09:36.547,0.76514,0.76528,2.82,1.50
2012.06.06 14:09:37.861,0.76515,0.76529,1.50,2.25
2012.06.06 14:09:38.887,0.76515,0.76531,2.85,3.00
2012.06.06 14:09:39.247,0.76526,0.76532,1.50,1.50
2012.06.06 14:09:39.331,0.76524,0.76538,2.25,1.50
2012.06.06 14:09:39.547,0.76529,0.7654,1.50,1.50
2012.06.06 14:09:39.624,0.76528,0.76541,1.50,1.50
2012.06.06 14:09:39.765,0.76525,0.76541,2.25,1.50
2012.06.06 14:09:41.265,0.76525,0.76541,3.00,1.50
2012.06.06 14:09:42.092,0.76523,0.76541,3.57,2.25
2012.06.06 14:09:42.165,0.76523,0.76539,3.57,1.50
2012.06.06 14:09:42.672,0.76524,0.7654,2.44,1.50
2012.06.06 14:09:43.003,0.76525,0.76539,1.50,2.25
2012.06.06 14:09:45.387,0.76523,0.76535,1.88,1.50
2012.06.06 14:09:45.665,0.76518,0.76531,1.50,1.50
2012.06.06 14:09:45.807,0.76516,0.76529,1.69,2.25
2012.06.06 14:09:45.885,0.76515,0.76529,1.32,2.25
2012.06.06 14:09:46.402,0.76514,0.7653,5.07,2.25
2012.06.06 14:09:47.540,0.76515,0.76531,1.50,1.50
2012.06.06 14:09:47.617,0.76516,0.76531,1.69,1.50
2012.06.06 14:09:48.214,0.76518,0.76531,1.50,1.50
2012.06.06 14:09:48.774,0.76519,0.76531,1.50,1.50
2012.06.06 14:09:50.391,0.76518,0.76531,2.25,1.50
2012.06.06 14:09:50.959,0.76516,0.76531,2.82,1.50
2012.06.06 14:09:53.852,0.76514,0.76531,5.29,1.50
2012.06.06 14:09:54.889,0.76516,0.76531,1.50,1.50
2012.06.06 14:09:55.143,0.76522,0.76531,1.50,1.50
2012.06.06 14:09:55.353,0.76522,0.76534,1.50,1.50
2012.06.06 14:09:55.623,0.76522,0.76536,2.25,1.50
2012.06.06 14:09:55.694,0.76524,0.76539,1.50,1.50
2012.06.06 14:09:55.839,0.76527,0.76541,1.50,1.88
2012.06.06 14:09:56.347,0.76525,0.76541,3.38,1.88
2012.06.06 14:09:58.475,0.76526,0.7654,3.00,1.50
2012.06.06 14:09:58.545,0.76527,0.76543,2.63,1.50
2012.06.06 14:09:58.615,0.76527,0.76545,2.63,2.63
2012.06.06 14:09:58.686,0.76527,0.76545,2.63,2.63
2012.06.06 14:09:59.400,0.76527,0.7654,1.88,1.50
2012.06.06 14:09:59.834,0.76527,0.76543,3.94,2.25
2012.06.06 14:10:00.362,0.76531,0.76545,1.50,1.50
2012.06.06 14:10:00.573,0.76528,0.76544,2.25,2.25
2012.06.06 14:10:00.706,0.76527,0.76536,1.32,1.50
2012.06.06 14:10:00.911,0.76525,0.76535,1.50,1.50
2012.06.06 14:10:01.342,0.76527,0.76535,1.50,1.50
2012.06.06 14:10:01.412,0.76525,0.76535,1.50,1.50
2012.06.06 14:10:01.782,0.76527,0.76535,1.50,1.50
2012.06.06 14:10:02.326,0.76536,0.76546,1.50,1.50
2012.06.06 14:10:02.757,0.76532,0.76546,2.25,1.50
2012.06.06 14:10:03.042,0.7653,0.76546,3.00,3.00
2012.06.06 14:10:03.536,0.76529,0.76546,1.50,2.25
2012.06.06 14:10:03.826,0.76532,0.76546,1.50,1.50
2012.06.06 14:10:04.358,0.76536,0.76546,1.50,1.50
2012.06.06 14:10:04.873,0.76535,0.76546,1.50,1.50
2012.06.06 14:10:05.484,0.76535,0.76551,3.75,3.00
2012.06.06 14:10:05.553,0.7654,0.76551,1.50,1.50
2012.06.06 14:10:05.622,0.76541,0.76555,1.50,1.50
2012.06.06 14:10:05.766,0.76543,0.76556,1.50,3.00
2012.06.06 14:10:05.846,0.76544,0.76559,2.25,3.65
2012.06.06 14:10:05.926,0.76544,0.76559,3.00,2.15
2012.06.06 14:10:06.065,0.76547,0.76559,1.50,2.15
2012.06.06 14:10:06.403,0.76549,0.7656,2.25,1.50
2012.06.06 14:10:06.863,0.76548,0.76561,1.50,1.50
2012.06.06 14:10:07.589,0.76545,0.76557,1.88,1.50
2012.06.06 14:10:07.665,0.76545,0.76557,3.23,1.50
2012.06.06 14:10:07.935,0.76545,0.7656,2.48,2.25
2012.06.06 14:10:08.452,0.76545,0.76558,2.10,1.50
2012.06.06 14:10:08.993,0.76545,0.76561,2.10,1.50
2012.06.06 14:10:11.141,0.76545,0.76561,1.88,1.50
2012.06.06 14:10:14.554,0.76545,0.7656,1.88,3.75
2012.06.06 14:10:14.623,0.76545,0.7656,1.50,3.75
2012.06.06 14:10:14.955,0.76545,0.76557,1.50,3.00
2012.06.06 14:10:15.028,0.76541,0.76555,1.50,1.50
2012.06.06 14:10:15.106,0.76539,0.76555,2.44,2.25
2012.06.06 14:10:16.854,0.76539,0.76556,3.75,1.50
2012.06.06 14:10:17.405,0.76538,0.76552,2.25,1.50
2012.06.06 14:10:18.219,0.76538,0.76555,2.25,2.25
2012.06.06 14:10:23.436,0.76537,0.76553,2.63,3.00
2012.06.06 14:10:23.515,0.76537,0.76553,2.63,3.23
2012.06.06 14:10:23.861,0.76534,0.76544,1.13,1.50
2012.06.06 14:10:24.273,0.76529,0.76538,1.98,4.50
2012.06.06 14:10:24.417,0.76529,0.76535,1.61,2.25
2012.06.06 14:10:25.046,0.76518,0.76535,1.69,2.25
2012.06.06 14:10:25.603,0.76519,0.76537,2.25,1.50
2012.06.06 14:10:25.674,0.76519,0.76535,2.25,3.00
2012.06.06 14:10:26.663,0.76519,0.76535,2.25,1.50
2012.06.06 14:10:29.490,0.76515,0.7653,3.64,1.50
2012.06.06 14:10:29.998,0.76517,0.7653,1.50,1.50
2012.06.06 14:10:30.803,0.76515,0.7653,4.09,1.50
2012.06.06 14:10:31.342,0.76515,0.7653,4.09,1.50
2012.06.06 14:10:31.683,0.76517,0.7653,1.50,1.50
2012.06.06 14:10:32.778,0.76517,0.76533,3.57,2.25
2012.06.06 14:10:33.204,0.76519,0.76535,2.25,2.25
2012.06.06 14:10:34.502,0.76518,0.76535,1.13,2.25
2012.06.06 14:10:34.986,0.76521,0.76535,1.50,1.50
2012.06.06 14:10:35.613,0.76525,0.76538,1.88,1.50
2012.06.06 14:10:35.692,0.76528,0.76541,1.50,1.50
2012.06.06 14:10:35.826,0.76531,0.76541,1.50,1.50
2012.06.06 14:10:35.895,0.76529,0.7654,1.50,1.50
2012.06.06 14:10:36.242,0.76527,0.7654,1.50,1.50
2012.06.06 14:10:37.455,0.76529,0.7654,1.50,1.50
2012.06.06 14:10:38.004,0.7653,0.7654,1.50,1.50
2012.06.06 14:10:38.532,0.7653,0.7654,1.50,1.50
2012.06.06 14:10:38.950,0.76534,0.76543,1.50,1.50
2012.06.06 14:10:39.316,0.76534,0.76546,1.50,1.50
2012.06.06 14:10:39.826,0.76533,0.76546,1.50,1.50
2012.06.06 14:10:40.024,0.76537,0.76546,1.50,1.50
2012.06.06 14:10:40.293,0.76533,0.76547,2.25,1.50
2012.06.06 14:10:40.434,0.76533,0.76549,2.25,1.50
2012.06.06 14:10:40.504,0.76538,0.76549,1.50,1.50
2012.06.06 14:10:40.576,0.76534,0.7655,2.25,2.25
2012.06.06 14:10:40.724,0.76536,0.76551,1.50,1.50
2012.06.06 14:10:40.863,0.76533,0.7655,1.13,2.25
2012.06.06 14:10:42.868,0.76534,0.7655,1.50,2.25
2012.06.06 14:10:43.396,0.76533,0.76549,2.63,2.25
2012.06.06 14:10:43.903,0.76534,0.7655,1.50,2.25
2012.06.06 14:10:44.455,0.76537,0.76552,1.50,1.50
2012.06.06 14:10:44.525,0.76535,0.76552,1.50,1.50
2012.06.06 14:10:44.652,0.76537,0.76552,1.50,1.50
2012.06.06 14:10:44.997,0.76543,0.76552,1.50,1.50
2012.06.06 14:10:45.285,0.76543,0.76554,1.50,1.50
2012.06.06 14:10:45.433,0.76539,0.76555,1.50,1.50
2012.06.06 14:10:45.803,0.7654,0.76556,1.50,1.50
2012.06.06 14:10:47.032,0.76541,0.76556,1.50,1.50
2012.06.06 14:10:47.863,0.76538,0.76556,1.88,3.00
2012.06.06 14:10:48.124,0.76537,0.76552,1.88,1.50
2012.06.06 14:10:48.696,0.76533,0.7655,1.50,2.25
2012.06.06 14:10:49.336,0.76534,0.7655,1.50,2.25
2012.06.06 14:10:49.925,0.76533,0.76549,1.13,2.25
2012.06.06 14:10:51.855,0.76533,0.7655,1.88,2.25
2012.06.06 14:10:52.391,0.76532,0.76549,1.73,2.25
2012.06.06 14:10:52.462,0.76532,0.76549,1.13,2.25
2012.06.06 14:10:53.006,0.76533,0.76549,1.88,2.25
2012.06.06 14:10:53.538,0.76531,0.76546,3.38,1.50
2012.06.06 14:10:54.504,0.76531,0.76546,2.25,1.50
2012.06.06 14:10:55.359,0.7653,0.76546,2.25,3.00
2012.06.06 14:10:55.645,0.76524,0.76537,1.50,1.50
2012.06.06 14:10:56.195,0.76524,0.76537,2.25,1.50
2012.06.06 14:10:56.474,0.76523,0.76539,2.25,1.50
2012.06.06 14:10:56.601,0.76522,0.76537,1.50,3.75
2012.06.06 14:10:56.745,0.76523,0.76537,1.13,2.25
2012.06.06 14:10:57.274,0.76523,0.76538,2.63,1.50
2012.06.06 14:10:57.348,0.76524,0.76536,2.25,1.50
2012.06.06 14:10:58.124,0.76523,0.76536,1.50,1.50
2012.06.06 14:10:58.673,0.76524,0.76536,1.50,1.50
2012.06.06 14:10:58.949,0.7652,0.76536,4.20,1.50
2012.06.06 14:10:59.236,0.76518,0.76534,3.19,3.00
2012.06.06 14:10:59.389,0.76517,0.76532,1.58,3.00
2012.06.06 14:10:59.944,0.76517,0.76531,1.50,1.50
2012.06.06 14:11:00.133,0.76515,0.76528,1.50,1.50
2012.06.06 14:11:00.777,0.76515,0.76531,3.00,3.00
2012.06.06 14:11:10.028,0.76515,0.76526,1.50,1.50
2012.06.06 14:11:10.162,0.76515,0.76528,1.50,1.50
2012.06.06 14:11:10.711,0.76515,0.7653,1.50,2.25
2012.06.06 14:11:11.914,0.76515,0.76527,1.50,1.50
2012.06.06 14:11:12.604,0.76515,0.76529,1.50,2.25
2012.06.06 14:11:18.952,0.76512,0.76528,2.67,1.50
2012.06.06 14:11:19.454,0.76512,0.76529,1.17,1.50
2012.06.06 14:11:19.527,0.76512,0.76527,1.17,1.50
2012.06.06 14:11:19.603,0.76512,0.76527,1.17,1.50
2012.06.06 14:11:20.120,0.76512,0.76528,1.17,1.50
2012.06.06 14:11:21.122,0.76512,0.76527,1.17,1.50
2012.06.06 14:11:21.690,0.76512,0.76528,1.92,1.50
2012.06.06 14:11:23.104,0.76511,0.76529,1.92,3.00
2012.06.06 14:11:24.396,0.7651,0.76528,3.04,1.50
2012.06.06 14:11:24.744,0.7651,0.76524,1.54,2.25
2012.06.06 14:11:25.085,0.76507,0.76519,1.54,1.50
2012.06.06 14:11:25.214,0.76506,0.76518,1.64,1.50
2012.06.06 14:11:25.495,0.76505,0.76518,1.50,1.50
2012.06.06 14:11:25.631,0.76503,0.7652,2.07,2.63
2012.06.06 14:11:26.729,0.76505,0.76518,2.25,1.13
2012.06.06 14:11:27.026,0.76502,0.76516,1.50,1.50
2012.06.06 14:11:27.344,0.76498,0.76515,1.88,2.25
2012.06.06 14:11:27.914,0.76497,0.76514,1.32,1.50
2012.06.06 14:11:28.480,0.76497,0.76514,1.32,2.25
2012.06.06 14:11:28.630,0.76496,0.76511,3.57,1.50
2012.06.06 14:11:29.161,0.76496,0.76512,2.82,1.50
2012.06.06 14:11:31.309,0.76496,0.76512,3.38,1.50
2012.06.06 14:11:31.614,0.76501,0.76513,1.50,1.50
2012.06.06 14:11:31.744,0.76501,0.76516,1.50,1.50
2012.06.06 14:11:32.544,0.765,0.76516,1.50,1.50
2012.06.06 14:11:33.333,0.76502,0.76516,1.50,1.50
2012.06.06 14:11:33.674,0.76507,0.76517,1.50,1.50
2012.06.06 14:11:34.083,0.76504,0.76517,1.50,1.50
2012.06.06 14:11:35.223,0.76505,0.76519,1.50,1.50
2012.06.06 14:11:36.284,0.76505,0.76521,1.50,1.50
2012.06.06 14:11:36.496,0.76504,0.76516,1.50,1.50
2012.06.06 14:11:36.843,0.76498,0.76508,3.00,1.50
2012.06.06 14:11:36.970,0.76498,0.76508,2.25,1.50
2012.06.06 14:11:37.393,0.76497,0.76512,2.63,1.50
2012.06.06 14:11:39.516,0.76497,0.76514,2.63,2.25
2012.06.06 14:11:39.854,0.76497,0.76511,2.63,1.50
2012.06.06 14:11:40.122,0.76495,0.76511,3.00,3.75
2012.06.06 14:11:40.334,0.76493,0.76509,3.00,1.50
2012.06.06 14:11:40.852,0.76494,0.76511,1.50,2.25
2012.06.06 14:11:42.124,0.76493,0.76505,1.13,1.50
2012.06.06 14:11:42.476,0.76488,0.76501,2.63,1.50
2012.06.06 14:11:42.826,0.76486,0.76502,1.50,3.75
2012.06.06 14:11:43.657,0.76484,0.765,1.69,2.25
2012.06.06 14:11:45.084,0.76485,0.76502,2.25,1.50
2012.06.06 14:11:45.157,0.76487,0.76504,1.50,1.50
2012.06.06 14:11:45.238,0.76489,0.76505,1.50,1.88
2012.06.06 14:11:45.387,0.76493,0.76506,1.50,2.10
2012.06.06 14:11:45.465,0.76488,0.76504,1.13,2.48
2012.06.06 14:11:45.534,0.76488,0.765,1.13,1.50
2012.06.06 14:11:46.155,0.76483,0.76499,3.75,3.00
2012.06.06 14:11:46.239,0.7648,0.76498,1.35,1.13
2012.06.06 14:11:46.554,0.7648,0.76497,1.35,2.25
2012.06.06 14:11:49.433,0.76478,0.76496,1.32,2.25
2012.06.06 14:11:49.644,0.76477,0.76494,2.25,2.25
2012.06.06 14:11:49.853,0.76477,0.76494,1.50,2.63
2012.06.06 14:11:50.392,0.76478,0.76493,1.13,1.88
2012.06.06 14:11:50.743,0.76477,0.76495,2.63,1.50
2012.06.06 14:11:51.145,0.76478,0.76497,1.50,2.25
2012.06.06 14:11:51.656,0.76479,0.76498,2.10,2.63
2012.06.06 14:11:51.782,0.7648,0.76498,1.50,2.63
2012.06.06 14:11:52.470,0.76481,0.76498,1.50,1.13
2012.06.06 14:11:52.937,0.76483,0.76499,1.50,1.40
2012.06.06 14:11:53.293,0.76485,0.76503,1.50,1.88
2012.06.06 14:11:55.033,0.76487,0.76503,1.50,1.88
2012.06.06 14:11:56.315,0.76492,0.76503,1.50,1.88
2012.06.06 14:11:56.613,0.7649,0.76503,1.50,1.13
2012.06.06 14:11:56.685,0.76489,0.76503,1.50,1.13
2012.06.06 14:11:57.564,0.76489,0.76505,1.50,2.63
2012.06.06 14:11:58.270,0.76488,0.76504,3.75,2.25
2012.06.06 14:11:58.773,0.76488,0.76503,1.50,1.50
2012.06.06 14:12:01.154,0.76487,0.76503,3.38,2.25
2012.06.06 14:12:01.493,0.76484,0.76502,3.19,3.00
2012.06.06 14:12:01.843,0.76484,0.765,3.00,1.50
2012.06.06 14:12:02.248,0.76486,0.76499,1.50,1.50
2012.06.06 14:12:02.395,0.76483,0.76499,2.25,1.50
2012.06.06 14:12:02.614,0.76482,0.76495,3.75,1.50
2012.06.06 14:12:02.825,0.76482,0.76497,1.50,1.50
2012.06.06 14:12:03.376,0.76482,0.76498,1.50,1.50
2012.06.06 14:12:04.436,0.76481,0.76497,1.50,1.50
2012.06.06 14:12:04.503,0.76479,0.76497,3.79,3.75
2012.06.06 14:12:06.252,0.7648,0.76496,2.25,1.50
2012.06.06 14:12:06.523,0.7648,0.76496,2.25,2.25
2012.06.06 14:12:06.664,0.76478,0.7649,1.88,1.50
2012.06.06 14:12:06.998,0.76478,0.76492,2.63,1.50
2012.06.06 14:12:07.080,0.76478,0.76494,1.50,2.25
2012.06.06 14:12:07.481,0.76478,0.76494,1.50,3.00
2012.06.06 14:12:07.624,0.76479,0.76496,1.50,1.50
2012.06.06 14:12:07.854,0.76479,0.76496,2.25,1.50
2012.06.06 14:12:10.747,0.76481,0.76497,1.50,3.38
2012.06.06 14:12:11.303,0.76483,0.76498,1.50,1.50
2012.06.06 14:12:11.494,0.76481,0.76498,3.75,1.50
2012.06.06 14:12:11.696,0.76483,0.76498,2.25,1.50
2012.06.06 14:12:12.930,0.76485,0.76497,1.50,1.50
2012.06.06 14:12:13.009,0.76483,0.76497,1.50,1.50
2012.06.06 14:12:13.089,0.76483,0.76499,1.88,1.50
2012.06.06 14:12:13.235,0.76485,0.76501,1.50,2.25
2012.06.06 14:12:13.724,0.76484,0.765,1.50,2.25
2012.06.06 14:12:14.134,0.76485,0.76503,1.50,3.75
2012.06.06 14:12:14.532,0.76485,0.76503,2.25,3.75
2012.06.06 14:12:14.732,0.76485,0.76503,1.50,3.75
2012.06.06 14:12:15.286,0.76484,0.765,2.25,1.50
2012.06.06 14:12:15.357,0.76487,0.76502,1.50,1.50
2012.06.06 14:12:15.914,0.76488,0.76503,1.50,1.50
2012.06.06 14:12:16.326,0.76494,0.76506,1.50,1.13
2012.06.06 14:12:16.805,0.76497,0.76506,1.50,1.13
2012.06.06 14:12:16.933,0.76495,0.76509,1.50,2.25
2012.06.06 14:12:17.440,0.76493,0.76508,3.00,1.13
2012.06.06 14:12:17.518,0.76493,0.76509,3.00,1.50
2012.06.06 14:12:17.592,0.76495,0.76509,1.50,1.50
2012.06.06 14:12:17.878,0.76494,0.76512,1.50,2.25
2012.06.06 14:12:18.025,0.76496,0.76512,1.50,2.25
2012.06.06 14:12:18.335,0.76494,0.7651,1.88,1.50
2012.06.06 14:12:18.659,0.76494,0.76512,1.88,1.50
2012.06.06 14:12:19.498,0.76493,0.76511,3.38,1.50
2012.06.06 14:12:19.784,0.76493,0.76508,1.88,1.50
2012.06.06 14:12:20.044,0.76493,0.7651,1.13,3.75
2012.06.06 14:12:20.113,0.76493,0.76508,1.13,1.50
2012.06.06 14:12:20.879,0.76492,0.76508,1.13,2.25
2012.06.06 14:12:21.159,0.76487,0.76504,1.88,4.13
2012.06.06 14:12:21.236,0.76487,0.76502,1.88,2.25
2012.06.06 14:12:21.529,0.76485,0.765,1.88,3.00
2012.06.06 14:12:22.596,0.76485,0.765,2.25,1.88
2012.06.06 14:12:23.257,0.76485,0.76499,2.25,1.13
2012.06.06 14:12:24.024,0.76486,0.76499,1.50,1.13
2012.06.06 14:12:24.551,0.76485,0.76499,4.50,1.13
2012.06.06 14:12:24.636,0.76486,0.76502,3.75,2.25
2012.06.06 14:12:24.703,0.76489,0.76504,1.50,2.63
2012.06.06 14:12:25.782,0.76487,0.76503,2.25,2.63
2012.06.06 14:12:26.733,0.76485,0.76501,2.25,1.50
2012.06.06 14:12:26.933,0.76486,0.76502,2.25,2.25
2012.06.06 14:12:27.318,0.76486,0.76502,3.75,2.25
2012.06.06 14:12:27.396,0.76488,0.76504,1.50,3.75
2012.06.06 14:12:27.924,0.76487,0.76503,2.25,2.25
2012.06.06 14:12:28.637,0.76487,0.76503,2.25,2.25
2012.06.06 14:12:29.502,0.76487,0.76503,1.50,2.25
2012.06.06 14:12:29.634,0.76484,0.76502,2.44,1.50
2012.06.06 14:12:29.771,0.76487,0.76503,1.50,2.25
2012.06.06 14:12:30.093,0.76487,0.76503,1.50,2.25
2012.06.06 14:12:30.771,0.76487,0.76503,1.50,2.63
2012.06.06 14:12:30.906,0.76487,0.76503,1.50,2.63
2012.06.06 14:12:31.742,0.76487,0.76501,1.50,1.13
2012.06.06 14:12:31.815,0.76485,0.76501,2.25,1.13
2012.06.06 14:12:32.018,0.76486,0.76502,1.50,2.63
2012.06.06 14:12:32.095,0.76486,0.765,1.50,1.50
2012.06.06 14:12:32.442,0.76483,0.76497,1.13,1.50
2012.06.06 14:12:32.643,0.76483,0.76499,2.25,2.25
2012.06.06 14:12:33.286,0.76487,0.765,1.50,1.88
2012.06.06 14:12:34.863,0.76488,0.76499,1.50,1.13
2012.06.06 14:12:35.265,0.76486,0.76501,3.00,1.50
2012.06.06 14:12:35.404,0.76486,0.76502,2.25,2.25
2012.06.06 14:12:35.474,0.7649,0.76504,1.50,3.38
2012.06.06 14:12:35.793,0.76492,0.76504,1.50,1.50
2012.06.06 14:12:35.865,0.7649,0.76505,3.00,1.50
2012.06.06 14:12:36.545,0.76491,0.76502,1.50,1.50
2012.06.06 14:12:36.745,0.76488,0.76502,1.50,1.50
2012.06.06 14:12:36.873,0.76486,0.76502,1.69,1.50
2012.06.06 14:12:36.942,0.76488,0.76502,1.50,1.50
2012.06.06 14:12:38.572,0.76487,0.76502,1.50,1.50
2012.06.06 14:12:39.476,0.76487,0.76501,1.50,1.13
2012.06.06 14:12:39.743,0.76483,0.76497,2.25,1.50
2012.06.06 14:12:40.322,0.76486,0.76497,1.50,1.50
2012.06.06 14:12:40.887,0.76484,0.76497,2.25,1.50
2012.06.06 14:12:41.404,0.76486,0.76497,1.50,1.50
2012.06.06 14:12:43.131,0.76483,0.76497,2.25,1.50
2012.06.06 14:12:43.276,0.76485,0.765,2.25,1.88
2012.06.06 14:12:43.484,0.76485,0.76501,2.25,1.50
2012.06.06 14:12:44.298,0.76485,0.76501,2.25,1.50
2012.06.06 14:12:44.644,0.76488,0.76502,1.50,2.25
2012.06.06 14:12:45.428,0.76487,0.76502,1.50,2.25
2012.06.06 14:12:45.757,0.76489,0.76502,1.50,1.50
2012.06.06 14:12:46.365,0.76487,0.76502,1.50,1.50
2012.06.06 14:12:48.025,0.7649,0.76502,1.50,1.50
2012.06.06 14:12:48.162,0.76488,0.76502,1.50,1.50
2012.06.06 14:12:48.777,0.76489,0.76502,1.50,1.50
2012.06.06 14:12:49.332,0.76488,0.76502,1.50,1.50
2012.06.06 14:12:50.684,0.76486,0.76502,1.50,1.50
2012.06.06 14:12:51.195,0.76484,0.765,2.25,1.50
2012.06.06 14:12:52.476,0.76485,0.76502,2.44,2.63
2012.06.06 14:12:52.984,0.76487,0.76502,1.50,2.63
2012.06.06 14:12:55.899,0.76486,0.76499,1.50,1.50
2012.06.06 14:12:56.884,0.76487,0.76501,1.50,1.50
2012.06.06 14:12:57.447,0.76486,0.76501,1.50,1.50
2012.06.06 14:12:57.978,0.76486,0.76501,3.75,1.50
2012.06.06 14:12:58.264,0.76489,0.76501,1.50,1.50
2012.06.06 14:12:59.075,0.76484,0.76501,2.63,1.50
2012.06.06 14:12:59.627,0.76483,0.76499,4.35,1.50
2012.06.06 14:13:00.314,0.76486,0.765,1.50,1.50
2012.06.06 14:13:00.958,0.76486,0.765,1.50,1.50
2012.06.06 14:13:02.197,0.76486,0.765,2.25,1.50
2012.06.06 14:13:02.955,0.76488,0.765,1.50,1.50
2012.06.06 14:13:03.461,0.76488,0.765,1.50,1.50
2012.06.06 14:13:03.818,0.76484,0.765,2.44,1.50
2012.06.06 14:13:04.394,0.76486,0.765,1.50,1.50
2012.06.06 14:13:05.075,0.76486,0.765,2.25,1.50
2012.06.06 14:13:06.298,0.7649,0.76497,1.50,1.50
2012.06.06 14:13:06.505,0.76486,0.76497,1.50,1.50
2012.06.06 14:13:07.318,0.76487,0.76497,1.50,1.50
2012.06.06 14:13:07.533,0.76489,0.76497,1.50,1.50
2012.06.06 14:13:07.744,0.76491,0.76501,1.50,1.50
2012.06.06 14:13:08.272,0.76491,0.76502,1.50,1.50
2012.06.06 14:13:08.349,0.76489,0.76502,1.50,2.25
2012.06.06 14:13:08.420,0.76486,0.76501,1.50,1.50
2012.06.06 14:13:08.554,0.76489,0.765,1.50,1.50
2012.06.06 14:13:08.871,0.76487,0.76496,1.50,1.50
2012.06.06 14:13:09.691,0.76489,0.76497,1.50,1.50
2012.06.06 14:13:09.919,0.76489,0.76497,1.50,1.50
2012.06.06 14:13:10.618,0.76488,0.76497,1.50,1.50
2012.06.06 14:13:10.697,0.76486,0.76497,1.50,1.50
2012.06.06 14:13:12.825,0.76487,0.76497,1.50,1.50
2012.06.06 14:13:13.363,0.76486,0.76497,1.50,1.50
2012.06.06 14:13:13.682,0.76488,0.76497,1.50,1.50
2012.06.06 14:13:13.992,0.76486,0.76497,3.00,1.50
2012.06.06 14:13:14.180,0.76488,0.76497,1.50,1.50
2012.06.06 14:13:14.681,0.76488,0.76496,1.50,1.50
2012.06.06 14:13:15.234,0.76487,0.76497,1.50,1.50
2012.06.06 14:13:16.413,0.76485,0.76497,3.75,1.50
2012.06.06 14:13:17.147,0.76481,0.76496,1.50,1.50
2012.06.06 14:13:17.353,0.76485,0.76496,1.50,2.25
2012.06.06 14:13:17.683,0.76484,0.76496,1.50,1.50
2012.06.06 14:13:18.037,0.76486,0.76496,3.00,1.50
2012.06.06 14:13:18.572,0.76487,0.76496,1.50,1.50
2012.06.06 14:13:20.663,0.76486,0.76496,1.50,1.50
2012.06.06 14:13:22.501,0.76484,0.76496,1.50,1.50
2012.06.06 14:13:23.493,0.76483,0.76496,3.75,1.50
2012.06.06 14:13:24.042,0.76484,0.76496,1.50,1.50
2012.06.06 14:13:24.933,0.76483,0.76496,2.25,1.50
2012.06.06 14:13:25.133,0.76481,0.76491,2.25,1.50
2012.06.06 14:13:25.203,0.76481,0.76494,2.25,1.50
2012.06.06 14:13:25.276,0.76481,0.76496,2.25,1.50
2012.06.06 14:13:25.343,0.76483,0.76496,1.50,1.50
2012.06.06 14:13:25.875,0.76484,0.76496,1.50,1.50
2012.06.06 14:13:26.489,0.76485,0.76496,1.50,1.50
2012.06.06 14:13:27.539,0.76483,0.76496,1.50,1.50
2012.06.06 14:13:27.731,0.76485,0.76496,1.50,1.50
2012.06.06 14:13:30.745,0.76487,0.76496,1.50,1.50
2012.06.06 14:13:31.478,0.76486,0.76497,1.50,1.50
2012.06.06 14:13:36.990,0.76484,0.76497,3.00,1.50
2012.06.06 14:13:37.322,0.76487,0.76496,1.50,1.50
2012.06.06 14:13:38.141,0.76485,0.76496,1.50,1.50
2012.06.06 14:13:39.434,0.76485,0.76496,1.88,1.50
2012.06.06 14:13:39.788,0.76491,0.765,1.50,1.50
2012.06.06 14:13:40.485,0.76496,0.76506,1.50,1.50
2012.06.06 14:13:40.572,0.76493,0.76505,1.50,1.50
2012.06.06 14:13:41.065,0.76498,0.76503,1.50,1.50
2012.06.06 14:13:41.205,0.76495,0.76506,3.00,1.50
2012.06.06 14:13:41.533,0.76497,0.76506,1.50,1.50
2012.06.06 14:13:42.063,0.76496,0.76506,1.50,1.50
2012.06.06 14:13:45.066,0.76496,0.76506,1.50,1.50
2012.06.06 14:13:45.985,0.76497,0.76507,1.50,1.50
2012.06.06 14:13:46.503,0.76498,0.76507,1.50,1.50
2012.06.06 14:13:47.284,0.76499,0.76507,1.50,1.50
2012.06.06 14:13:48.301,0.765,0.76507,1.50,1.50
2012.06.06 14:13:48.956,0.76499,0.76507,1.50,1.50
2012.06.06 14:13:49.084,0.76496,0.76507,2.25,1.50
2012.06.06 14:13:49.630,0.76497,0.76507,1.50,1.50
2012.06.06 14:13:50.034,0.765,0.76507,1.50,1.50
2012.06.06 14:13:50.762,0.76499,0.76506,1.50,1.50
2012.06.06 14:13:52.548,0.76499,0.76511,1.58,1.50
2012.06.06 14:13:52.626,0.76499,0.76514,2.33,4.88
2012.06.06 14:13:52.771,0.76507,0.76514,1.50,3.00
2012.06.06 14:13:53.179,0.76508,0.76516,1.50,1.50
2012.06.06 14:13:53.263,0.76508,0.76521,1.50,1.13
2012.06.06 14:13:53.334,0.76511,0.76521,1.50,1.13
2012.06.06 14:13:53.676,0.76514,0.76522,1.50,1.13
2012.06.06 14:13:54.024,0.76517,0.76525,2.25,1.03
2012.06.06 14:13:54.167,0.76521,0.76526,1.50,1.40
2012.06.06 14:13:54.314,0.7652,0.76536,1.50,4.40
2012.06.06 14:13:55.173,0.76519,0.76535,2.63,1.40
2012.06.06 14:13:55.251,0.76519,0.76535,2.63,2.25
2012.06.06 14:13:56.534,0.7652,0.76536,1.50,3.00
2012.06.06 14:13:57.004,0.7652,0.76534,1.50,1.88
2012.06.06 14:13:57.078,0.76517,0.76534,1.50,3.38
2012.06.06 14:13:57.597,0.76514,0.7653,2.63,1.50
2012.06.06 14:13:57.742,0.76514,0.76532,4.13,2.25
2012.06.06 14:13:58.165,0.76514,0.76531,1.13,1.50
2012.06.06 14:13:58.721,0.76515,0.76533,1.50,3.38
2012.06.06 14:13:59.337,0.76514,0.76532,1.50,2.25
2012.06.06 14:14:00.081,0.76517,0.76532,1.50,1.13
2012.06.06 14:14:00.492,0.76515,0.76532,1.50,1.13
2012.06.06 14:14:01.197,0.76514,0.7653,3.00,2.25
2012.06.06 14:14:01.544,0.76511,0.76527,3.75,1.50
2012.06.06 14:14:02.295,0.76514,0.76529,1.50,1.13
2012.06.06 14:14:02.567,0.76515,0.76532,1.50,2.25
2012.06.06 14:14:02.646,0.76518,0.76533,1.50,1.50
2012.06.06 14:14:03.077,0.76517,0.76534,1.50,2.44
2012.06.06 14:14:03.226,0.76521,0.76535,1.50,1.50
2012.06.06 14:14:03.838,0.7652,0.76535,1.50,2.44
2012.06.06 14:14:04.182,0.76525,0.76538,1.50,1.50
2012.06.06 14:14:04.398,0.76522,0.76536,2.25,1.50
2012.06.06 14:14:04.884,0.76519,0.76536,1.50,2.25
2012.06.06 14:14:05.023,0.76521,0.76537,1.50,2.25
2012.06.06 14:14:05.974,0.7652,0.76536,1.50,1.13
2012.06.06 14:14:06.403,0.76518,0.76535,1.50,2.25
2012.06.06 14:14:06.864,0.7652,0.76535,1.50,1.50
2012.06.06 14:14:07.193,0.76519,0.76535,1.50,3.00
2012.06.06 14:14:07.915,0.76518,0.76535,1.50,2.18
2012.06.06 14:14:08.442,0.76517,0.76533,1.50,1.50
2012.06.06 14:14:08.992,0.76516,0.76532,1.69,2.25
2012.06.06 14:14:09.514,0.76517,0.76533,1.50,3.00
2012.06.06 14:14:10.046,0.7652,0.76535,1.50,2.18
2012.06.06 14:14:10.185,0.7652,0.76536,1.50,2.18
2012.06.06 14:14:10.258,0.76523,0.76537,1.50,2.85
2012.06.06 14:14:10.833,0.76523,0.76539,1.50,2.90
2012.06.06 14:14:10.913,0.76528,0.76545,1.50,1.50
2012.06.06 14:14:11.243,0.76531,0.76545,1.50,1.50
2012.06.06 14:14:11.316,0.76528,0.76546,2.63,3.00
2012.06.06 14:14:11.442,0.76528,0.76546,1.88,2.25
2012.06.06 14:14:11.655,0.76527,0.76545,1.50,2.25
2012.06.06 14:14:12.192,0.76528,0.76542,1.50,3.00
2012.06.06 14:14:12.945,0.76528,0.76544,2.25,1.50
2012.06.06 14:14:13.085,0.76529,0.76545,2.25,3.00
2012.06.06 14:14:13.894,0.76529,0.76545,2.25,2.25
2012.06.06 14:14:14.095,0.76534,0.76547,1.50,1.50
2012.06.06 14:14:14.601,0.76533,0.76549,1.50,3.00
2012.06.06 14:14:15.132,0.76534,0.76549,1.50,1.50
2012.06.06 14:14:15.475,0.76532,0.76548,2.25,3.00
2012.06.06 14:14:15.543,0.76532,0.76548,2.25,3.00
2012.06.06 14:14:15.687,0.76529,0.76544,1.50,3.00
2012.06.06 14:14:16.254,0.76526,0.76543,1.50,1.43
2012.06.06 14:14:17.794,0.76525,0.76543,2.25,3.68
2012.06.06 14:14:17.934,0.76527,0.76543,1.50,2.93
2012.06.06 14:14:18.468,0.76527,0.76543,1.50,3.68
2012.06.06 14:14:18.554,0.76524,0.76542,2.25,2.25
2012.06.06 14:14:19.120,0.76523,0.76539,2.63,1.50
2012.06.06 14:14:19.270,0.76528,0.76543,1.50,1.43
2012.06.06 14:14:19.704,0.76524,0.7654,3.75,2.25
2012.06.06 14:14:20.461,0.76525,0.76541,1.50,2.25
2012.06.06 14:14:20.964,0.76523,0.76541,2.63,2.25
2012.06.06 14:14:21.715,0.76525,0.76541,1.50,2.25
2012.06.06 14:14:22.068,0.76528,0.76544,1.50,2.25
2012.06.06 14:14:22.215,0.76526,0.76542,1.50,2.25
2012.06.06 14:14:22.751,0.76524,0.7654,2.25,1.50
2012.06.06 14:14:23.293,0.76526,0.76544,1.50,2.25
2012.06.06 14:14:23.804,0.76525,0.76543,1.50,2.25
2012.06.06 14:14:24.329,0.76526,0.76542,1.50,2.25
2012.06.06 14:14:24.987,0.76525,0.76543,1.50,2.25
2012.06.06 14:14:26.368,0.76524,0.7654,2.25,2.25
2012.06.06 14:14:26.727,0.76523,0.76538,1.13,2.25
2012.06.06 14:14:27.198,0.76519,0.76533,1.50,1.13
2012.06.06 14:14:27.277,0.76515,0.76531,1.88,1.50
2012.06.06 14:14:27.757,0.76517,0.76532,1.50,1.13
2012.06.06 14:14:27.906,0.76514,0.7653,2.25,1.50
2012.06.06 14:14:28.122,0.76516,0.76532,1.50,2.63
2012.06.06 14:14:28.656,0.76516,0.76532,1.50,4.13
2012.06.06 14:14:28.866,0.76513,0.76529,2.63,2.25
2012.06.06 14:14:29.206,0.76511,0.76527,1.50,1.50
2012.06.06 14:14:30.087,0.76514,0.76532,1.50,4.50
2012.06.06 14:14:30.295,0.76511,0.76528,2.25,2.25
2012.06.06 14:14:30.853,0.76512,0.76528,1.50,2.25
2012.06.06 14:14:31.473,0.76512,0.76528,1.50,1.50
2012.06.06 14:14:31.883,0.76514,0.7653,1.50,2.25
2012.06.06 14:14:32.731,0.76515,0.76531,1.50,1.50
2012.06.06 14:14:32.815,0.76513,0.76529,1.50,1.50
2012.06.06 14:14:33.213,0.76513,0.76531,3.19,3.00
2012.06.06 14:14:33.403,0.76515,0.76531,1.50,1.50
2012.06.06 14:14:33.815,0.76513,0.76529,3.19,1.50
2012.06.06 14:14:34.374,0.76514,0.7653,1.50,1.50
2012.06.06 14:14:34.902,0.76513,0.76529,2.82,1.50
2012.06.06 14:14:35.462,0.76514,0.7653,1.50,1.50
2012.06.06 14:14:35.842,0.76514,0.76532,1.50,2.25
2012.06.06 14:14:36.480,0.76516,0.76532,1.50,2.25
2012.06.06 14:14:37.012,0.76516,0.76531,1.50,1.50
2012.06.06 14:14:38.871,0.76519,0.76531,1.50,1.50
2012.06.06 14:14:39.003,0.76517,0.76531,1.50,1.50
2012.06.06 14:14:39.075,0.76522,0.76531,1.50,1.50
2012.06.06 14:14:39.353,0.76523,0.76537,1.50,1.50
2012.06.06 14:14:39.425,0.76527,0.76539,1.50,1.50
2012.06.06 14:14:39.555,0.76524,0.76539,1.50,1.50
2012.06.06 14:14:39.624,0.76524,0.7654,1.50,3.00
2012.06.06 14:14:39.904,0.76526,0.7654,1.50,1.50
2012.06.06 14:14:40.706,0.76525,0.7654,1.50,1.50
2012.06.06 14:14:41.277,0.76523,0.7654,2.63,1.50
2012.06.06 14:14:41.777,0.76525,0.76539,1.50,1.50
2012.06.06 14:14:41.924,0.76522,0.76539,5.82,1.50
2012.06.06 14:14:42.384,0.76525,0.76539,1.50,1.50
2012.06.06 14:14:42.851,0.76523,0.76539,2.25,1.50
2012.06.06 14:14:43.155,0.76525,0.76539,1.50,1.50
2012.06.06 14:14:43.221,0.76522,0.76539,4.13,1.50
2012.06.06 14:14:43.555,0.76525,0.76539,1.50,1.50
2012.06.06 14:14:44.223,0.76522,0.76538,4.13,1.50
2012.06.06 14:14:44.751,0.76522,0.76537,2.63,1.50
2012.06.06 14:14:44.826,0.76523,0.76539,2.25,1.50
2012.06.06 14:14:44.967,0.76526,0.76539,1.50,1.88
2012.06.06 14:14:45.314,0.76521,0.76537,2.25,2.25
2012.06.06 14:14:45.634,0.76526,0.7654,1.50,1.50
2012.06.06 14:14:46.156,0.76525,0.7654,1.50,1.50
2012.06.06 14:14:47.905,0.76523,0.7654,3.00,1.50
2012.06.06 14:14:48.257,0.76523,0.76539,1.50,3.00
2012.06.06 14:14:48.596,0.76525,0.76536,1.50,1.50
2012.06.06 14:14:48.877,0.76519,0.76534,1.50,3.00
2012.06.06 14:14:49.096,0.76518,0.76531,1.13,1.50
2012.06.06 14:14:49.343,0.76518,0.76533,1.13,3.00
2012.06.06 14:14:49.825,0.76521,0.76537,1.50,1.50
2012.06.06 14:14:50.352,0.76522,0.76536,1.50,1.50
2012.06.06 14:14:50.872,0.76523,0.76537,1.50,1.50
2012.06.06 14:14:51.280,0.7652,0.76536,1.50,2.25
2012.06.06 14:14:51.618,0.76518,0.76532,2.14,1.50
2012.06.06 14:14:51.822,0.76519,0.76535,1.69,2.25
2012.06.06 14:14:52.344,0.7652,0.76536,1.50,2.25
2012.06.06 14:14:52.745,0.76522,0.76537,1.50,1.50
2012.06.06 14:14:53.772,0.7652,0.76538,2.25,2.63
2012.06.06 14:14:54.752,0.76521,0.76539,2.63,2.25
2012.06.06 14:14:55.103,0.76526,0.76541,1.50,1.50
2012.06.06 14:14:55.235,0.76526,0.76542,1.50,1.50
2012.06.06 14:14:56.099,0.76525,0.76543,1.50,2.25
2012.06.06 14:14:56.260,0.7653,0.76542,1.50,1.50
2012.06.06 14:14:56.408,0.7653,0.76546,1.50,6.00
2012.06.06 14:15:01.777,0.7653,0.76546,2.25,3.75
2012.06.06 14:15:02.786,0.76532,0.76542,1.50,1.50
2012.06.06 14:15:02.854,0.7653,0.76542,2.25,1.50
2012.06.06 14:15:05.952,0.76531,0.76542,1.50,1.50
2012.06.06 14:15:06.097,0.76534,0.76544,1.50,1.50
2012.06.06 14:15:06.445,0.76536,0.76546,1.50,1.50
2012.06.06 14:15:07.078,0.76534,0.76546,1.50,1.50
2012.06.06 14:15:07.292,0.76532,0.76546,3.00,1.50
2012.06.06 14:15:08.668,0.76533,0.76547,1.50,1.50
2012.06.06 14:15:09.924,0.76537,0.76547,1.50,1.50
2012.06.06 14:15:10.266,0.76539,0.76547,1.50,1.50
2012.06.06 14:15:10.336,0.76537,0.76547,1.50,1.50
2012.06.06 14:15:10.404,0.76535,0.76546,1.50,1.50
2012.06.06 14:15:10.613,0.76533,0.76546,1.50,1.50
2012.06.06 14:15:10.875,0.76535,0.76546,1.50,1.50
2012.06.06 14:15:11.393,0.76535,0.76546,1.50,1.50
2012.06.06 14:15:12.042,0.76535,0.76546,1.50,1.50
2012.06.06 14:15:13.546,0.76531,0.76547,1.88,1.50
2012.06.06 14:15:14.107,0.7653,0.76544,1.13,1.50
2012.06.06 14:15:14.254,0.7653,0.76541,1.13,1.50
2012.06.06 14:15:14.466,0.76525,0.76537,2.25,1.50
2012.06.06 14:15:15.014,0.76524,0.76536,1.88,1.50
2012.06.06 14:15:15.143,0.76524,0.76539,1.88,2.25
2012.06.06 14:15:15.284,0.76523,0.76539,2.25,3.00
2012.06.06 14:15:15.823,0.76522,0.76538,1.13,2.25
2012.06.06 14:15:16.225,0.76524,0.7654,1.50,3.00
2012.06.06 14:15:16.554,0.76522,0.7654,2.82,3.00
2012.06.06 14:15:17.165,0.76523,0.76539,1.50,2.25
2012.06.06 14:15:17.702,0.76522,0.7654,2.82,3.00
2012.06.06 14:15:19.143,0.76523,0.7654,1.50,1.50
2012.06.06 14:15:20.136,0.76523,0.7654,1.50,1.50
2012.06.06 14:15:21.581,0.76523,0.76539,1.50,1.50
2012.06.06 14:15:22.304,0.76524,0.7654,1.50,3.00
2012.06.06 14:15:22.882,0.76524,0.7654,1.50,3.00
2012.06.06 14:15:23.651,0.76524,0.7654,1.50,3.00
2012.06.06 14:15:23.974,0.76523,0.76539,1.50,2.25
2012.06.06 14:15:24.305,0.76525,0.76537,1.50,2.25
2012.06.06 14:15:24.514,0.76522,0.76537,2.25,2.25
2012.06.06 14:15:24.587,0.76524,0.76537,1.50,2.25
2012.06.06 14:15:25.135,0.76523,0.76537,1.50,1.50
2012.06.06 14:15:25.205,0.76523,0.76539,1.50,3.75
2012.06.06 14:15:25.824,0.76523,0.76539,1.50,3.00
2012.06.06 14:15:26.385,0.76522,0.76537,1.50,1.50
2012.06.06 14:15:26.983,0.76523,0.76539,1.50,3.75
2012.06.06 14:15:27.254,0.7652,0.76536,2.44,1.50
2012.06.06 14:15:27.680,0.76526,0.76537,1.35,1.50
2012.06.06 14:15:27.829,0.7653,0.7654,1.50,2.25
2012.06.06 14:15:28.190,0.76533,0.76541,1.50,1.50
2012.06.06 14:15:28.671,0.76534,0.76545,1.50,1.50
2012.06.06 14:15:28.807,0.76532,0.76545,1.50,1.50
2012.06.06 14:15:29.026,0.76532,0.76545,1.50,1.50
2012.06.06 14:15:29.176,0.76534,0.76547,1.50,1.50
2012.06.06 14:15:29.905,0.76532,0.76547,1.50,1.50
2012.06.06 14:15:30.034,0.76534,0.76547,1.50,1.50
2012.06.06 14:15:30.174,0.76535,0.7655,1.50,1.50
2012.06.06 14:15:30.315,0.76538,0.76549,1.50,1.50
2012.06.06 14:15:30.957,0.76537,0.76552,1.50,2.25
2012.06.06 14:15:31.039,0.76535,0.76551,1.50,2.25
2012.06.06 14:15:31.711,0.76538,0.76552,1.50,2.25
2012.06.06 14:15:32.127,0.76536,0.76551,1.50,1.50
2012.06.06 14:15:32.663,0.76535,0.76551,1.50,3.00
2012.06.06 14:15:33.421,0.76535,0.76551,1.73,2.25
2012.06.06 14:15:34.004,0.76536,0.76551,2.48,1.50
2012.06.06 14:15:34.144,0.76538,0.76552,1.50,2.25
2012.06.06 14:15:34.495,0.76535,0.76551,1.50,3.00
2012.06.06 14:15:34.658,0.76532,0.7655,2.44,2.25
2012.06.06 14:15:35.496,0.76531,0.76549,5.63,1.50
2012.06.06 14:15:35.764,0.76531,0.76547,1.50,1.50
2012.06.06 14:15:36.357,0.7653,0.76546,1.50,1.50
2012.06.06 14:15:36.866,0.76532,0.76547,1.50,1.50
2012.06.06 14:15:37.004,0.76532,0.76548,1.50,2.25
2012.06.06 14:15:37.133,0.76536,0.76549,1.50,1.88
2012.06.06 14:15:37.775,0.76535,0.76549,1.50,1.50
2012.06.06 14:15:37.844,0.76533,0.76549,1.50,2.25
2012.06.06 14:15:38.307,0.76533,0.76549,1.50,4.50
2012.06.06 14:15:38.385,0.76531,0.76547,2.63,3.75
2012.06.06 14:15:38.589,0.7653,0.7654,1.50,1.50
2012.06.06 14:15:39.041,0.76527,0.76537,4.50,1.50
2012.06.06 14:15:39.124,0.76521,0.76537,2.25,1.50
2012.06.06 14:15:39.394,0.76526,0.76537,1.50,1.50
2012.06.06 14:15:40.525,0.76524,0.76537,3.00,1.50
2012.06.06 14:15:40.735,0.76522,0.76536,1.50,2.25
2012.06.06 14:15:41.137,0.76519,0.76534,1.50,1.50
2012.06.06 14:15:41.755,0.76519,0.76536,1.50,2.25
2012.06.06 14:15:42.543,0.76519,0.76536,1.50,1.50
2012.06.06 14:15:43.443,0.76519,0.76537,3.00,2.25
2012.06.06 14:15:44.705,0.76519,0.76536,1.50,1.50
2012.06.06 14:15:45.205,0.76519,0.76534,1.50,1.50
2012.06.06 14:15:45.485,0.76517,0.76533,3.57,1.50
2012.06.06 14:15:45.938,0.76519,0.76535,1.50,1.88
2012.06.06 14:15:46.477,0.76522,0.76539,1.50,1.50
2012.06.06 14:15:46.623,0.76524,0.76539,1.50,1.50
2012.06.06 14:15:47.150,0.76522,0.76539,1.50,1.50
2012.06.06 14:15:47.712,0.76523,0.76539,1.50,2.25
2012.06.06 14:15:47.843,0.76521,0.76537,2.25,1.50
2012.06.06 14:15:48.385,0.7652,0.76536,2.25,1.50
2012.06.06 14:15:48.814,0.76519,0.76533,1.50,1.50
2012.06.06 14:15:49.153,0.76519,0.76531,1.50,1.50
2012.06.06 14:15:49.284,0.76516,0.76531,1.13,1.50
2012.06.06 14:15:49.604,0.76515,0.76529,1.69,1.50
2012.06.06 14:15:50.202,0.76515,0.76528,1.50,1.50
2012.06.06 14:15:50.560,0.76513,0.76531,3.75,2.25
2012.06.06 14:15:51.104,0.76513,0.76529,3.75,1.50
2012.06.06 14:15:51.620,0.76515,0.76531,3.00,2.25
2012.06.06 14:15:53.382,0.76515,0.76531,2.25,2.25
2012.06.06 14:15:53.865,0.76513,0.76527,2.25,1.50
2012.06.06 14:15:55.935,0.76513,0.76526,1.50,1.50
2012.06.06 14:15:56.004,0.76511,0.76525,1.92,1.50
2012.06.06 14:15:56.218,0.76509,0.76522,1.13,1.50
2012.06.06 14:15:56.367,0.76505,0.7652,3.42,1.50
2012.06.06 14:15:56.935,0.76505,0.76519,1.73,2.25
2012.06.06 14:15:57.410,0.76505,0.76517,1.13,1.50
2012.06.06 14:15:57.499,0.76498,0.76512,1.50,1.50
2012.06.06 14:15:57.577,0.76495,0.7651,3.00,1.50
2012.06.06 14:15:58.124,0.76495,0.76511,3.38,1.50
2012.06.06 14:15:58.193,0.76495,0.76511,2.63,1.50
2012.06.06 14:15:58.335,0.76495,0.76511,1.50,1.50
2012.06.06 14:15:58.973,0.76495,0.76511,1.13,1.50
2012.06.06 14:15:59.878,0.76495,0.76513,2.25,2.63
2012.06.06 14:16:00.082,0.76497,0.76513,1.50,2.25
2012.06.06 14:16:00.672,0.76496,0.76512,2.25,2.25
2012.06.06 14:16:01.196,0.76496,0.76512,1.69,3.75
2012.06.06 14:16:01.746,0.76495,0.76511,2.63,1.50
2012.06.06 14:16:02.283,0.76494,0.76506,1.50,1.50
2012.06.06 14:16:02.858,0.76494,0.76507,1.50,1.50
2012.06.06 14:16:03.491,0.76494,0.76509,1.50,3.75
2012.06.06 14:16:05.246,0.76495,0.76511,2.44,3.00
2012.06.06 14:16:08.305,0.76494,0.76512,3.19,2.25
2012.06.06 14:16:08.642,0.76494,0.7651,3.19,1.50
2012.06.06 14:16:08.711,0.76494,0.76512,3.19,3.75
2012.06.06 14:16:08.784,0.76494,0.7651,3.19,1.50
2012.06.06 14:16:09.134,0.76497,0.76511,3.60,1.50
2012.06.06 14:16:09.274,0.76499,0.76517,2.44,5.25
2012.06.06 14:16:09.346,0.76501,0.76517,1.50,3.00
2012.06.06 14:16:10.705,0.765,0.76516,1.50,1.50
2012.06.06 14:16:11.325,0.76503,0.76519,1.50,4.13
2012.06.06 14:16:11.676,0.76503,0.76519,2.25,1.88
2012.06.06 14:16:12.250,0.76507,0.76523,6.75,1.03
2012.06.06 14:16:12.752,0.76507,0.76524,5.63,2.25
2012.06.06 14:16:13.315,0.76507,0.76523,5.63,1.50
2012.06.06 14:16:13.665,0.76507,0.76521,5.63,1.50
2012.06.06 14:16:15.304,0.76507,0.7652,5.82,1.50
2012.06.06 14:16:15.578,0.76505,0.76518,1.88,1.50
2012.06.06 14:16:16.067,0.76505,0.76521,3.00,2.25
2012.06.06 14:16:16.610,0.76504,0.7652,2.25,1.50
2012.06.06 14:16:17.173,0.76506,0.76522,1.50,2.25
2012.06.06 14:16:17.678,0.76504,0.76522,2.25,2.25
2012.06.06 14:16:18.194,0.76503,0.7652,1.50,1.50
2012.06.06 14:16:18.949,0.76503,0.76517,1.50,1.50
2012.06.06 14:16:19.304,0.76502,0.76508,1.88,1.50
2012.06.06 14:16:19.648,0.76498,0.76505,1.23,1.50
2012.06.06 14:16:19.939,0.76497,0.76508,1.50,1.50
2012.06.06 14:16:20.485,0.76495,0.76511,1.50,3.75
2012.06.06 14:16:21.246,0.76493,0.76508,1.50,1.50
2012.06.06 14:16:21.514,0.76493,0.76511,3.00,1.50
2012.06.06 14:16:21.584,0.76493,0.76511,3.23,1.50
2012.06.06 14:16:21.872,0.765,0.76516,1.50,2.25
2012.06.06 14:16:23.206,0.76502,0.76518,1.50,3.00
2012.06.06 14:16:23.347,0.765,0.76518,1.50,3.00
2012.06.06 14:16:23.418,0.76502,0.76518,1.50,3.00
2012.06.06 14:16:23.693,0.765,0.76518,1.50,1.50
2012.06.06 14:16:24.094,0.76502,0.76518,1.50,1.50
2012.06.06 14:16:24.421,0.765,0.76518,3.00,1.50
2012.06.06 14:16:25.183,0.76499,0.76517,3.19,1.50
2012.06.06 14:16:25.743,0.765,0.76516,1.69,1.50
2012.06.06 14:16:26.165,0.76502,0.76517,1.50,1.50
2012.06.06 14:16:26.435,0.76501,0.76519,2.25,3.75
2012.06.06 14:16:27.175,0.76498,0.7651,1.50,1.50
2012.06.06 14:16:27.252,0.76497,0.76511,1.13,2.25
2012.06.06 14:16:27.525,0.76495,0.76511,1.13,2.25
2012.06.06 14:16:27.735,0.76495,0.76508,1.13,1.50
2012.06.06 14:16:28.505,0.76492,0.7651,2.25,1.88
2012.06.06 14:16:28.633,0.76492,0.76508,2.25,1.50
2012.06.06 14:16:30.304,0.76492,0.76508,2.25,2.25
2012.06.06 14:16:30.446,0.76489,0.76503,2.25,1.50
2012.06.06 14:16:30.515,0.76489,0.76505,2.25,1.50
2012.06.06 14:16:30.725,0.76493,0.76509,1.50,2.63
2012.06.06 14:16:31.503,0.76489,0.76507,3.75,1.50
2012.06.06 14:16:32.365,0.76491,0.76509,2.25,2.63
2012.06.06 14:16:32.936,0.76491,0.76507,2.25,1.50
2012.06.06 14:16:36.561,0.76491,0.76506,2.25,1.50
2012.06.06 14:16:37.805,0.76491,0.76507,2.25,3.00
2012.06.06 14:16:39.172,0.76493,0.76507,1.50,1.50
2012.06.06 14:16:39.691,0.76491,0.76507,2.25,1.50
2012.06.06 14:16:40.242,0.76493,0.76507,1.50,1.50
2012.06.06 14:16:40.791,0.76492,0.76507,2.25,1.50
2012.06.06 14:16:44.206,0.76491,0.76507,2.25,3.00
2012.06.06 14:16:46.502,0.76489,0.76505,1.69,2.25
2012.06.06 14:16:46.832,0.76489,0.76503,1.69,1.50
2012.06.06 14:16:47.392,0.76489,0.76504,1.69,1.50
2012.06.06 14:16:48.336,0.76489,0.76503,1.69,1.50
2012.06.06 14:16:48.475,0.76489,0.76502,1.69,2.25
2012.06.06 14:16:48.684,0.76485,0.765,2.25,1.50
2012.06.06 14:16:48.811,0.76483,0.765,3.00,1.50
2012.06.06 14:16:49.016,0.76483,0.76496,1.50,1.50
2012.06.06 14:16:49.562,0.76483,0.76497,1.50,1.50
2012.06.06 14:16:50.206,0.76483,0.76498,1.50,3.00
2012.06.06 14:16:50.547,0.76481,0.76491,1.69,1.50
2012.06.06 14:16:50.838,0.76479,0.76489,2.25,1.50
2012.06.06 14:16:51.271,0.76476,0.76489,1.50,2.25
2012.06.06 14:16:51.483,0.76476,0.76487,1.50,1.50
2012.06.06 14:16:52.044,0.76477,0.76489,1.50,1.50
2012.06.06 14:16:52.246,0.76478,0.76492,1.35,2.25
2012.06.06 14:16:52.787,0.76477,0.76493,1.50,2.25
2012.06.06 14:16:52.865,0.76477,0.76487,1.50,1.50
2012.06.06 14:16:53.425,0.76479,0.76488,1.50,1.50
2012.06.06 14:16:53.777,0.76479,0.7649,1.50,1.50
2012.06.06 14:16:53.854,0.7648,0.76497,2.25,1.88
2012.06.06 14:16:53.999,0.76481,0.76494,1.13,1.50
2012.06.06 14:16:54.534,0.76481,0.76496,1.50,2.25
2012.06.06 14:16:54.880,0.76482,0.76496,5.82,1.50
2012.06.06 14:16:55.224,0.76476,0.76488,1.50,1.50
2012.06.06 14:16:55.565,0.76477,0.76487,1.50,1.50
2012.06.06 14:16:55.775,0.76477,0.76489,1.50,1.50
2012.06.06 14:16:56.303,0.76476,0.76489,1.50,1.50
2012.06.06 14:16:56.519,0.76477,0.76489,2.25,1.50
2012.06.06 14:16:56.739,0.76479,0.76491,1.50,2.25
2012.06.06 14:16:56.885,0.76479,0.76493,1.50,1.50
2012.06.06 14:16:57.070,0.76479,0.76491,1.50,1.50
2012.06.06 14:16:57.359,0.76479,0.76493,1.50,1.50
2012.06.06 14:16:57.728,0.76479,0.76491,1.50,1.50
2012.06.06 14:16:58.183,0.76479,0.76491,2.25,1.50
2012.06.06 14:16:58.327,0.76479,0.76495,3.00,2.25
2012.06.06 14:16:58.753,0.76479,0.76493,1.50,1.50
2012.06.06 14:16:58.830,0.76479,0.76489,1.50,1.50
2012.06.06 14:16:59.118,0.76477,0.76489,1.88,1.50
2012.06.06 14:16:59.335,0.76477,0.76489,1.88,1.50
2012.06.06 14:16:59.808,0.76476,0.76489,2.25,2.25
2012.06.06 14:16:59.959,0.76475,0.76489,1.50,2.25
2012.06.06 14:17:00.041,0.76474,0.76483,1.50,1.50
2012.06.06 14:17:00.398,0.76469,0.7648,2.25,1.50
2012.06.06 14:17:00.900,0.76469,0.76481,2.25,1.50
2012.06.06 14:17:01.618,0.76469,0.76481,1.50,3.00
2012.06.06 14:17:01.702,0.76469,0.76484,1.50,2.25
2012.06.06 14:17:03.026,0.76471,0.76486,1.50,3.75
2012.06.06 14:17:03.633,0.76469,0.76486,1.69,3.00
2012.06.06 14:17:04.677,0.7647,0.76485,1.50,1.50
2012.06.06 14:17:04.959,0.76472,0.76486,2.07,1.50
2012.06.06 14:17:05.638,0.76477,0.76486,6.75,1.50
2012.06.06 14:17:06.124,0.76478,0.76493,1.13,3.00
2012.06.06 14:17:06.643,0.76478,0.76493,1.13,3.00
2012.06.06 14:17:06.832,0.76478,0.76493,1.13,2.25
2012.06.06 14:17:07.544,0.7648,0.76495,2.25,2.25
2012.06.06 14:17:07.930,0.7649,0.76496,1.50,2.25
2012.06.06 14:17:09.482,0.7649,0.76495,1.50,1.50
2012.06.06 14:17:09.552,0.76478,0.76494,1.32,2.25
2012.06.06 14:17:10.783,0.76478,0.76493,1.13,1.50
2012.06.06 14:17:11.189,0.7648,0.76496,1.50,3.00
2012.06.06 14:17:11.866,0.76489,0.76499,1.50,2.25
2012.06.06 14:17:11.937,0.76486,0.765,1.50,1.88
2012.06.06 14:17:13.680,0.76487,0.765,1.50,1.88
2012.06.06 14:17:14.226,0.76484,0.765,1.50,1.88
2012.06.06 14:17:14.793,0.76485,0.765,2.25,1.50
2012.06.06 14:17:15.350,0.76486,0.765,1.50,1.50
2012.06.06 14:17:15.874,0.76484,0.765,2.25,1.50
2012.06.06 14:17:16.394,0.76486,0.765,1.50,1.50
2012.06.06 14:17:16.697,0.76486,0.765,1.50,1.50
2012.06.06 14:17:17.526,0.76483,0.76497,1.50,1.50
2012.06.06 14:17:18.632,0.76484,0.76497,1.50,1.50
2012.06.06 14:17:19.184,0.76483,0.76497,1.50,1.50
2012.06.06 14:17:19.252,0.76483,0.765,1.50,2.63
2012.06.06 14:17:19.722,0.76485,0.765,1.50,2.63
2012.06.06 14:17:20.295,0.76483,0.765,1.50,1.50
2012.06.06 14:17:22.761,0.76482,0.76496,1.50,1.50
2012.06.06 14:17:23.114,0.7648,0.76487,1.50,1.50
2012.06.06 14:17:23.255,0.76478,0.76491,2.25,1.50
2012.06.06 14:17:23.327,0.7648,0.76492,1.50,2.25
2012.06.06 14:17:23.407,0.7648,0.76495,2.25,1.50
2012.06.06 14:17:26.261,0.76477,0.76491,4.88,1.50
2012.06.06 14:17:26.613,0.76476,0.76488,2.10,1.50
2012.06.06 14:17:26.815,0.76473,0.76486,2.70,1.50
2012.06.06 14:17:27.354,0.76471,0.76486,3.75,1.50
2012.06.06 14:17:27.836,0.76476,0.76487,1.50,1.50
2012.06.06 14:17:28.213,0.76479,0.76487,1.50,1.50
2012.06.06 14:17:28.426,0.76479,0.76489,1.50,1.13
2012.06.06 14:17:28.846,0.76479,0.76492,1.50,1.88
2012.06.06 14:17:29.508,0.76477,0.76492,1.50,1.88
2012.06.06 14:17:30.324,0.76475,0.76491,1.50,2.25
2012.06.06 14:17:30.913,0.76473,0.76491,1.50,2.25
2012.06.06 14:17:31.533,0.76474,0.76492,1.50,4.50
2012.06.06 14:17:31.673,0.76476,0.76492,1.50,3.00
2012.06.06 14:17:32.117,0.76478,0.76492,1.50,1.50
2012.06.06 14:17:33.233,0.76478,0.76494,1.50,2.25
2012.06.06 14:17:33.305,0.76478,0.76494,1.50,2.25
2012.06.06 14:17:33.713,0.76475,0.76493,1.88,2.25
2012.06.06 14:17:34.164,0.76478,0.76494,1.50,2.25
2012.06.06 14:17:34.505,0.76476,0.76492,1.50,3.75
2012.06.06 14:17:34.573,0.76478,0.76492,1.50,3.75
2012.06.06 14:17:34.835,0.76476,0.76492,1.50,4.13
2012.06.06 14:17:35.042,0.76478,0.76492,1.50,4.13
2012.06.06 14:17:35.557,0.76479,0.76492,1.50,4.13
2012.06.06 14:17:35.953,0.76479,0.76487,1.50,1.50
2012.06.06 14:17:36.027,0.76471,0.76487,3.00,1.50
2012.06.06 14:17:36.233,0.76473,0.76487,1.32,3.00
2012.06.06 14:17:36.679,0.76474,0.76487,3.00,2.25
2012.06.06 14:17:37.024,0.76482,0.76493,1.50,1.50
2012.06.06 14:17:37.154,0.76482,0.76494,1.50,1.50
2012.06.06 14:17:37.626,0.76484,0.76499,1.50,2.15
2012.06.06 14:17:37.835,0.76482,0.76496,1.50,1.50
2012.06.06 14:17:38.315,0.76485,0.76496,1.50,1.50
2012.06.06 14:17:38.855,0.76482,0.76497,1.50,2.25
2012.06.06 14:17:38.928,0.7648,0.76496,1.50,3.00
2012.06.06 14:17:39.073,0.76483,0.76496,1.50,2.25
2012.06.06 14:17:39.591,0.76483,0.76497,1.50,3.75
2012.06.06 14:17:40.034,0.76481,0.76499,1.50,2.25
2012.06.06 14:17:40.103,0.76484,0.765,1.50,4.69
2012.06.06 14:17:40.587,0.76484,0.76501,2.25,1.88
2012.06.06 14:17:41.312,0.76486,0.76501,1.50,1.88
2012.06.06 14:17:41.509,0.76482,0.765,2.44,1.50
2012.06.06 14:17:41.588,0.76482,0.76498,2.44,1.50
2012.06.06 14:17:42.123,0.76479,0.76495,2.44,1.50
2012.06.06 14:17:42.407,0.76479,0.76497,3.19,3.00
2012.06.06 14:17:42.594,0.76481,0.76497,1.50,1.50
2012.06.06 14:17:43.162,0.76481,0.76497,1.50,2.25
2012.06.06 14:17:43.804,0.76481,0.76497,1.50,2.25
2012.06.06 14:17:44.157,0.76483,0.76497,1.50,1.13
2012.06.06 14:17:44.305,0.76482,0.76498,2.63,4.13
2012.06.06 14:17:44.656,0.76483,0.76492,1.50,1.50
2012.06.06 14:17:45.213,0.76476,0.76492,1.50,2.25
2012.06.06 14:17:46.116,0.76477,0.76493,1.50,4.13
2012.06.06 14:17:46.675,0.76475,0.76491,2.25,1.50
2012.06.06 14:17:47.229,0.76473,0.76491,2.63,3.00
2012.06.06 14:17:47.587,0.76472,0.7649,2.25,2.63
2012.06.06 14:17:47.655,0.7647,0.76486,3.94,1.50
2012.06.06 14:17:48.007,0.76472,0.76487,5.25,1.50
2012.06.06 14:17:48.155,0.76472,0.76489,6.00,2.25
2012.06.06 14:17:48.775,0.76473,0.76489,2.25,2.63
2012.06.06 14:17:48.845,0.76473,0.76489,2.25,2.63
2012.06.06 14:17:49.114,0.76471,0.76487,1.50,2.25
2012.06.06 14:17:49.373,0.76473,0.76489,1.50,1.50
2012.06.06 14:17:49.727,0.76473,0.76487,1.50,1.50
2012.06.06 14:17:50.016,0.76476,0.76493,1.73,1.88
2012.06.06 14:17:50.227,0.76479,0.76495,2.25,1.50
2012.06.06 14:17:50.446,0.76481,0.76496,1.50,2.25
2012.06.06 14:17:51.027,0.76482,0.76496,1.50,1.50
2012.06.06 14:17:51.115,0.76485,0.76501,1.50,3.00
2012.06.06 14:17:51.655,0.76484,0.76498,1.50,1.50
2012.06.06 14:17:52.011,0.76484,0.765,1.50,2.25
2012.06.06 14:17:52.345,0.76484,0.76498,1.50,1.50
2012.06.06 14:17:52.854,0.76484,0.76499,1.50,1.50
2012.06.06 14:17:55.044,0.76486,0.76501,1.50,1.50
2012.06.06 14:17:55.397,0.7649,0.76502,1.50,2.25
2012.06.06 14:17:55.754,0.76494,0.76506,1.50,1.50
2012.06.06 14:17:56.263,0.76494,0.7651,2.25,1.50
2012.06.06 14:17:56.357,0.76501,0.76512,1.50,1.50
2012.06.06 14:17:56.715,0.76503,0.76512,1.50,1.50
2012.06.06 14:17:57.149,0.76505,0.76512,1.50,1.50
2012.06.06 14:17:57.507,0.7651,0.76515,1.50,1.50
2012.06.06 14:17:57.655,0.76507,0.76522,6.00,1.50
2012.06.06 14:17:58.127,0.76507,0.7652,1.88,2.25
2012.06.06 14:17:58.626,0.76508,0.76518,1.50,1.50
2012.06.06 14:17:58.998,0.76505,0.76517,1.50,1.50
2012.06.06 14:17:59.285,0.76501,0.76516,1.50,1.50
2012.06.06 14:17:59.353,0.76501,0.76516,1.50,1.50
2012.06.06 14:17:59.706,0.76499,0.76515,2.25,1.13
2012.06.06 14:18:00.746,0.765,0.76511,1.50,1.50
2012.06.06 14:18:01.296,0.765,0.76511,1.50,1.50
2012.06.06 14:18:01.949,0.76499,0.76511,1.50,1.50
2012.06.06 14:18:02.495,0.765,0.76511,1.50,1.50
2012.06.06 14:18:02.566,0.76494,0.76512,3.19,3.00
2012.06.06 14:18:02.967,0.76496,0.76512,4.88,3.00
2012.06.06 14:18:03.483,0.76496,0.76512,5.63,3.00
2012.06.06 14:18:03.827,0.76501,0.76512,1.50,1.50
2012.06.06 14:18:04.332,0.76501,0.76515,1.50,1.50
2012.06.06 14:18:04.726,0.76503,0.76516,1.50,1.50
2012.06.06 14:18:05.068,0.76509,0.76517,1.50,1.50
2012.06.06 14:18:05.962,0.76507,0.76516,1.50,1.50
2012.06.06 14:18:06.334,0.76509,0.76517,1.50,1.50
2012.06.06 14:18:06.405,0.76507,0.76516,1.88,1.50
2012.06.06 14:18:06.545,0.76504,0.76516,3.00,1.50
2012.06.06 14:18:06.616,0.76506,0.76522,1.50,3.00
2012.06.06 14:18:07.032,0.76505,0.7652,1.50,1.50
2012.06.06 14:18:07.223,0.76505,0.76518,1.50,1.50
2012.06.06 14:18:07.495,0.76505,0.76519,1.50,1.50
2012.06.06 14:18:07.567,0.76502,0.76519,1.50,1.50
2012.06.06 14:18:07.712,0.76504,0.76519,1.50,1.50
2012.06.06 14:18:08.033,0.76507,0.76519,1.50,1.50
2012.06.06 14:18:08.575,0.7651,0.76522,1.50,5.25
2012.06.06 14:18:08.645,0.76508,0.76522,1.50,4.88
2012.06.06 14:18:09.202,0.7651,0.76521,1.50,1.50
2012.06.06 14:18:09.413,0.7651,0.76524,1.50,1.69
2012.06.06 14:18:09.486,0.76511,0.76523,1.50,2.25
2012.06.06 14:18:09.814,0.76509,0.76523,1.50,2.25
2012.06.06 14:18:09.955,0.76506,0.76522,2.63,2.25
2012.06.06 14:18:10.508,0.76504,0.7652,1.50,2.85
2012.06.06 14:18:10.872,0.765,0.76513,1.50,3.75
2012.06.06 14:18:10.950,0.76495,0.76507,3.11,1.50
2012.06.06 14:18:11.027,0.76497,0.7651,1.50,1.50
2012.06.06 14:18:11.106,0.76497,0.76512,1.50,1.50
2012.06.06 14:18:11.785,0.76498,0.76513,1.50,2.25
2012.06.06 14:18:11.996,0.76501,0.7651,1.50,1.13
2012.06.06 14:18:12.281,0.76495,0.7651,3.00,1.88
2012.06.06 14:18:12.497,0.76497,0.7651,1.50,1.13
2012.06.06 14:18:12.987,0.765,0.76507,1.50,1.50
2012.06.06 14:18:13.137,0.76498,0.76507,1.50,1.50
2012.06.06 14:18:13.404,0.76498,0.76511,1.50,1.50
2012.06.06 14:18:14.954,0.76503,0.76512,1.50,1.88
2012.06.06 14:18:15.029,0.76504,0.76514,1.50,3.00
2012.06.06 14:18:15.246,0.76502,0.76513,3.75,1.13
2012.06.06 14:18:15.315,0.76502,0.76511,2.25,1.50
2012.06.06 14:18:15.530,0.765,0.76511,2.25,3.00
2012.06.06 14:18:15.889,0.76489,0.76504,1.50,1.50
2012.06.06 14:18:16.225,0.76488,0.76504,2.63,2.25
2012.06.06 14:18:19.691,0.76489,0.76506,2.25,1.50
2012.06.06 14:18:21.474,0.76489,0.76505,3.00,1.50
2012.06.06 14:18:22.094,0.76497,0.76507,1.50,1.50
2012.06.06 14:18:22.573,0.765,0.76507,1.50,1.50
2012.06.06 14:18:22.703,0.76497,0.76507,3.00,1.50
2012.06.06 14:18:22.774,0.765,0.76507,1.50,1.50
2012.06.06 14:18:23.334,0.76498,0.76507,1.50,1.50
2012.06.06 14:18:23.872,0.76499,0.76507,1.50,1.50
2012.06.06 14:18:24.455,0.765,0.76507,1.50,1.50
2012.06.06 14:18:24.587,0.76502,0.76508,1.50,1.50
2012.06.06 14:18:25.089,0.76502,0.76507,1.50,1.50
2012.06.06 14:18:25.680,0.765,0.76508,1.50,1.50
2012.06.06 14:18:27.216,0.76502,0.76509,2.44,1.50
2012.06.06 14:18:27.566,0.76511,0.76516,1.50,3.00
2012.06.06 14:18:27.635,0.76511,0.76517,1.50,1.03
2012.06.06 14:18:28.493,0.76511,0.76517,1.50,1.03
2012.06.06 14:18:28.990,0.76505,0.76516,2.25,1.13
2012.06.06 14:18:29.066,0.7651,0.76517,1.50,1.03
2012.06.06 14:18:29.336,0.76503,0.76515,2.25,1.50
2012.06.06 14:18:29.406,0.76508,0.76515,1.50,1.50
2012.06.06 14:18:29.616,0.7651,0.76523,1.50,1.50
2012.06.06 14:18:30.247,0.7651,0.7652,1.50,1.50
2012.06.06 14:18:30.392,0.7651,0.7652,1.50,1.50
2012.06.06 14:18:30.471,0.76506,0.7652,1.13,3.00
2012.06.06 14:18:30.748,0.76503,0.76514,1.50,1.50
2012.06.06 14:18:31.378,0.76503,0.76512,1.50,2.25
2012.06.06 14:18:32.981,0.76503,0.76512,1.50,3.38
2012.06.06 14:18:33.198,0.76499,0.76512,1.50,4.13
2012.06.06 14:18:33.809,0.76498,0.76511,1.50,1.50
2012.06.06 14:18:34.315,0.76495,0.76508,1.50,1.50
2012.06.06 14:18:34.385,0.76493,0.76508,1.50,1.50
2012.06.06 14:18:34.455,0.76495,0.76508,1.50,1.50
2012.06.06 14:18:34.784,0.76497,0.76508,1.50,1.50
2012.06.06 14:18:35.343,0.76498,0.76508,1.50,1.50
2012.06.06 14:18:35.413,0.76496,0.76508,1.50,1.50
2012.06.06 14:18:36.038,0.76497,0.76508,1.50,1.50
2012.06.06 14:18:38.732,0.76499,0.76508,2.25,1.50
2012.06.06 14:18:38.873,0.76499,0.76516,2.25,1.88
2012.06.06 14:18:39.297,0.765,0.76513,1.50,1.50
2012.06.06 14:18:39.798,0.76497,0.76513,2.63,1.50
2012.06.06 14:18:40.277,0.76504,0.76513,1.50,1.50
2012.06.06 14:18:40.901,0.76508,0.76516,1.50,1.88
2012.06.06 14:18:41.255,0.7651,0.76522,1.50,1.50
2012.06.06 14:18:41.324,0.7651,0.76521,1.50,1.50
2012.06.06 14:18:41.602,0.7651,0.76522,1.50,2.25
2012.06.06 14:18:42.118,0.76509,0.76522,1.50,2.25
2012.06.06 14:18:42.266,0.76511,0.76522,1.50,2.25
2012.06.06 14:18:43.199,0.76511,0.76525,1.50,1.88
2012.06.06 14:18:43.498,0.76517,0.76526,1.50,1.50
2012.06.06 14:18:43.856,0.76515,0.76526,2.25,1.50
2012.06.06 14:18:44.506,0.76515,0.7653,1.50,1.50
2012.06.06 14:18:45.311,0.76513,0.76522,1.13,1.50
2012.06.06 14:18:45.996,0.76505,0.76521,1.50,3.38
2012.06.06 14:18:46.193,0.76504,0.76518,1.13,1.13
2012.06.06 14:18:46.728,0.76504,0.76518,1.50,3.38
2012.06.06 14:18:47.236,0.76502,0.76518,2.25,2.63
2012.06.06 14:18:47.379,0.76501,0.76517,3.75,3.75
2012.06.06 14:18:47.527,0.76501,0.76517,4.13,3.75
2012.06.06 14:18:47.601,0.76502,0.76517,2.10,1.50
2012.06.06 14:18:47.955,0.76506,0.76517,5.25,1.50
2012.06.06 14:18:48.165,0.76509,0.76517,1.13,1.50
2012.06.06 14:18:48.795,0.76509,0.76524,1.13,3.00
2012.06.06 14:18:49.274,0.76509,0.76522,2.25,1.50
2012.06.06 14:18:49.419,0.76504,0.76522,3.00,2.25
2012.06.06 14:18:49.565,0.76504,0.76519,1.50,1.50
2012.06.06 14:18:49.850,0.76505,0.76521,1.50,3.00
2012.06.06 14:18:50.314,0.76505,0.76521,2.25,2.25
2012.06.06 14:18:50.456,0.76505,0.76521,3.00,1.50
2012.06.06 14:18:50.529,0.76506,0.76521,4.50,1.50
2012.06.06 14:18:50.609,0.76509,0.76523,2.25,1.50
2012.06.06 14:18:50.758,0.76514,0.76525,1.50,2.25
2012.06.06 14:18:51.117,0.76519,0.76527,1.50,2.15
2012.06.06 14:18:51.468,0.76519,0.7653,1.50,2.25
2012.06.06 14:18:51.616,0.76517,0.7653,1.50,2.25
2012.06.06 14:18:51.685,0.7652,0.7653,1.50,1.50
2012.06.06 14:18:52.203,0.76516,0.76527,1.50,1.50
2012.06.06 14:18:52.765,0.76517,0.76527,1.50,1.50
2012.06.06 14:18:53.283,0.76516,0.76527,1.50,1.50
2012.06.06 14:18:53.424,0.76512,0.76527,1.50,1.50
2012.06.06 14:18:53.495,0.76518,0.76527,1.50,1.50
2012.06.06 14:18:54.195,0.76517,0.76528,1.50,1.50
2012.06.06 14:18:54.494,0.76519,0.76528,1.50,1.50
2012.06.06 14:18:55.025,0.76518,0.76528,1.50,1.50
2012.06.06 14:18:55.092,0.76518,0.76531,1.50,2.18
2012.06.06 14:18:55.169,0.76514,0.76531,1.50,2.18
2012.06.06 14:18:55.664,0.76513,0.7653,1.50,1.88
2012.06.06 14:18:55.875,0.7651,0.76528,1.95,3.00
2012.06.06 14:18:57.362,0.76514,0.76527,1.50,1.13
2012.06.06 14:18:57.761,0.76512,0.76527,1.50,1.13
2012.06.06 14:18:57.952,0.76514,0.76527,1.50,1.13
2012.06.06 14:18:58.305,0.76515,0.7653,1.50,1.50
2012.06.06 14:18:58.793,0.76513,0.76529,1.50,1.50
2012.06.06 14:18:58.989,0.76513,0.76531,1.50,5.25
2012.06.06 14:18:59.415,0.76513,0.76531,1.50,3.75
2012.06.06 14:18:59.553,0.76511,0.76527,2.25,2.25
2012.06.06 14:18:59.623,0.7651,0.7652,1.73,1.50
2012.06.06 14:18:59.975,0.76509,0.76518,1.13,1.50
2012.06.06 14:19:00.114,0.76509,0.76522,1.13,1.50
2012.06.06 14:19:00.546,0.76509,0.7652,1.13,1.50
2012.06.06 14:19:00.618,0.76509,0.76522,1.13,1.50
2012.06.06 14:19:01.143,0.76509,0.76521,1.13,1.50
2012.06.06 14:19:01.742,0.76509,0.7652,1.13,1.50
2012.06.06 14:19:02.275,0.76509,0.76522,1.13,3.00
2012.06.06 14:19:03.843,0.76509,0.76521,1.13,1.50
2012.06.06 14:19:03.971,0.76509,0.76518,1.13,1.50
2012.06.06 14:19:04.594,0.76506,0.76516,1.50,1.50
2012.06.06 14:19:04.944,0.76503,0.76512,1.50,2.25
2012.06.06 14:19:05.163,0.76496,0.76512,2.25,2.25
2012.06.06 14:19:05.233,0.76496,0.76512,1.50,2.25
2012.06.06 14:19:05.771,0.76497,0.76513,1.50,2.25
2012.06.06 14:19:06.503,0.76495,0.76513,2.25,2.25
2012.06.06 14:19:06.833,0.76495,0.76513,2.25,2.25
2012.06.06 14:19:07.645,0.76494,0.76509,1.88,1.50
2012.06.06 14:19:08.153,0.76494,0.7651,1.50,3.75
2012.06.06 14:19:08.914,0.76494,0.76509,1.50,1.50
2012.06.06 14:19:09.734,0.76495,0.76511,2.25,4.50
2012.06.06 14:19:09.875,0.76493,0.76511,3.75,3.00
2012.06.06 14:19:10.016,0.7649,0.76508,2.25,1.50
2012.06.06 14:19:10.542,0.76491,0.76507,2.25,1.50
2012.06.06 14:19:11.051,0.76491,0.76509,2.25,2.63
2012.06.06 14:19:11.373,0.76489,0.76507,3.00,1.50
2012.06.06 14:19:11.930,0.76489,0.76505,1.50,3.00
2012.06.06 14:19:12.217,0.76487,0.76502,1.50,3.00
2012.06.06 14:19:12.569,0.76483,0.76499,4.35,1.50
2012.06.06 14:19:13.123,0.76485,0.76501,1.50,2.25
2012.06.06 14:19:13.673,0.76485,0.76501,6.00,3.00
2012.06.06 14:19:14.017,0.76483,0.76501,2.25,2.25
2012.06.06 14:19:14.105,0.76482,0.76498,5.25,1.50
2012.06.06 14:19:14.174,0.76482,0.76498,4.50,1.50
2012.06.06 14:19:14.727,0.76485,0.76501,1.50,1.43
2012.06.06 14:19:15.075,0.76484,0.76498,1.50,1.50
2012.06.06 14:19:15.145,0.76485,0.765,2.25,1.50
2012.06.06 14:19:15.355,0.76487,0.76501,1.50,1.50
2012.06.06 14:19:16.023,0.76487,0.76503,1.50,2.93
2012.06.06 14:19:16.294,0.76491,0.76506,1.50,1.87
2012.06.06 14:19:16.648,0.76495,0.76508,1.50,1.43
2012.06.06 14:19:16.999,0.76497,0.7651,1.50,1.43
2012.06.06 14:19:17.214,0.76496,0.76512,1.50,6.30
2012.06.06 14:19:17.497,0.76491,0.76509,1.50,3.38
2012.06.06 14:19:17.775,0.76493,0.76509,1.50,4.13
2012.06.06 14:19:18.246,0.76495,0.76512,2.25,6.37
2012.06.06 14:19:18.755,0.76494,0.76509,1.50,1.50
2012.06.06 14:19:19.110,0.76496,0.76511,1.50,1.43
2012.06.06 14:19:20.505,0.76497,0.76511,1.50,1.43
2012.06.06 14:19:21.055,0.76496,0.76511,1.50,1.43
2012.06.06 14:19:21.583,0.76494,0.76509,1.50,1.50
2012.06.06 14:19:21.714,0.76494,0.76509,1.50,2.25
2012.06.06 14:19:21.998,0.7649,0.76506,1.50,2.25
2012.06.06 14:19:22.434,0.76492,0.76508,1.50,2.25
2012.06.06 14:19:22.835,0.76494,0.7651,1.50,1.50
2012.06.06 14:19:23.085,0.76493,0.76511,1.50,3.75
2012.06.06 14:19:23.153,0.76497,0.76511,1.50,1.50
2012.06.06 14:19:23.688,0.76496,0.76511,1.50,1.50
2012.06.06 14:19:24.208,0.76495,0.76511,1.50,3.00
2012.06.06 14:19:25.137,0.76495,0.7651,1.50,1.50
2012.06.06 14:19:25.214,0.76492,0.76508,1.50,2.25
2012.06.06 14:19:25.555,0.7649,0.76501,1.13,1.50
2012.06.06 14:19:25.685,0.76488,0.76501,3.19,1.50
2012.06.06 14:19:25.759,0.76492,0.76506,1.50,2.25
2012.06.06 14:19:25.837,0.7649,0.76504,1.50,1.50
2012.06.06 14:19:26.244,0.76492,0.76506,1.50,2.18
2012.06.06 14:19:26.761,0.76491,0.76504,1.50,1.35
2012.06.06 14:19:27.408,0.76489,0.76504,1.50,2.18
2012.06.06 14:19:27.485,0.76486,0.76502,2.25,1.50
2012.06.06 14:19:27.614,0.76485,0.76501,2.40,1.50
2012.06.06 14:19:28.208,0.76486,0.76502,1.50,1.50
2012.06.06 14:19:29.250,0.76488,0.76504,1.50,2.18
2012.06.06 14:19:30.465,0.76489,0.76505,1.50,2.85
2012.06.06 14:19:32.608,0.76487,0.76503,1.50,2.93
2012.06.06 14:19:32.687,0.76487,0.76502,1.50,1.43
2012.06.06 14:19:32.965,0.76482,0.76498,2.25,3.00
2012.06.06 14:19:33.034,0.7648,0.76496,3.15,1.50
2012.06.06 14:19:33.102,0.7648,0.76498,3.00,1.50
2012.06.06 14:19:33.494,0.76485,0.76501,1.50,3.00
2012.06.06 14:19:33.775,0.76485,0.76501,2.25,1.50
2012.06.06 14:19:34.199,0.76482,0.76499,2.25,1.50
2012.06.06 14:19:34.276,0.76483,0.76499,2.85,1.50
2012.06.06 14:19:34.344,0.76484,0.76501,2.25,2.25
2012.06.06 14:19:34.625,0.76482,0.765,3.75,2.25
2012.06.06 14:19:34.695,0.76482,0.76498,3.94,1.50
2012.06.06 14:19:35.374,0.76482,0.76498,4.32,1.50
2012.06.06 14:19:35.526,0.76484,0.76502,2.25,6.00
2012.06.06 14:19:36.083,0.76486,0.76502,1.50,2.25
2012.06.06 14:19:36.621,0.76484,0.765,2.25,1.50
2012.06.06 14:19:37.168,0.76486,0.76502,1.50,1.43
2012.06.06 14:19:37.704,0.76487,0.76502,1.50,1.43
2012.06.06 14:19:38.166,0.76485,0.76502,2.25,2.93
2012.06.06 14:19:38.234,0.76485,0.76499,2.25,1.50
2012.06.06 14:19:38.586,0.76486,0.76502,1.50,2.93
2012.06.06 14:19:39.442,0.76485,0.76502,1.50,2.93
2012.06.06 14:19:40.552,0.76485,0.76499,1.50,1.50
2012.06.06 14:19:41.430,0.76485,0.76501,3.00,2.25
2012.06.06 14:19:41.957,0.76486,0.76502,1.50,1.43
2012.06.06 14:19:42.509,0.76483,0.76501,4.50,2.25
2012.06.06 14:19:42.584,0.76483,0.76501,4.50,2.25
2012.06.06 14:19:42.656,0.76483,0.76499,5.10,1.50
2012.06.06 14:19:42.865,0.76485,0.76501,2.25,2.25
2012.06.06 14:19:43.328,0.76487,0.76497,1.50,1.50
2012.06.06 14:19:43.406,0.76484,0.76497,1.50,1.50
2012.06.06 14:19:43.936,0.76485,0.76499,1.50,1.50
2012.06.06 14:19:44.125,0.76485,0.76502,2.25,2.18
2012.06.06 14:19:47.376,0.76487,0.765,1.50,1.50
2012.06.06 14:19:47.823,0.76483,0.76499,2.25,2.25
2012.06.06 14:19:47.899,0.76485,0.76501,1.50,4.50
2012.06.06 14:19:47.982,0.76482,0.765,3.75,2.25
2012.06.06 14:19:48.297,0.76485,0.76501,1.50,3.00
2012.06.06 14:19:48.958,0.76486,0.76501,1.50,1.50
2012.06.06 14:19:49.485,0.76487,0.76501,1.50,1.50
2012.06.06 14:19:49.755,0.76485,0.76501,1.50,3.75
2012.06.06 14:19:50.363,0.76484,0.765,1.50,2.25
2012.06.06 14:19:50.917,0.76485,0.76501,1.50,1.50
2012.06.06 14:19:51.058,0.76485,0.76502,2.25,1.43
2012.06.06 14:19:51.275,0.76488,0.76501,1.50,1.50
2012.06.06 14:19:51.418,0.76486,0.76501,1.50,1.50
2012.06.06 14:19:51.565,0.76489,0.76501,1.50,1.50
2012.06.06 14:19:51.633,0.76486,0.76501,3.00,1.50
2012.06.06 14:19:51.895,0.76489,0.76502,1.50,2.18
2012.06.06 14:19:52.439,0.76487,0.76502,3.00,2.18
2012.06.06 14:19:53.001,0.76487,0.76503,3.00,2.25
2012.06.06 14:19:53.412,0.76487,0.76504,3.00,1.50
2012.06.06 14:19:53.492,0.7649,0.76504,1.50,1.50
2012.06.06 14:19:53.635,0.76488,0.76504,2.25,1.50
2012.06.06 14:19:54.197,0.76487,0.76503,3.00,2.25
2012.06.06 14:19:54.263,0.76487,0.76502,2.25,1.50
2012.06.06 14:19:54.617,0.76484,0.76501,1.69,3.00
2012.06.06 14:19:54.904,0.76488,0.76502,1.50,1.43
2012.06.06 14:19:56.535,0.76487,0.76502,1.50,1.43
2012.06.06 14:19:57.235,0.76486,0.76502,3.00,1.43
2012.06.06 14:19:57.632,0.76488,0.76502,1.50,1.43
2012.06.06 14:19:58.994,0.76486,0.76502,3.00,1.43
2012.06.06 14:19:59.330,0.7649,0.76503,1.50,2.18
2012.06.06 14:19:59.405,0.7649,0.76506,1.50,3.00
2012.06.06 14:19:59.862,0.76486,0.76502,3.38,1.50
2012.06.06 14:20:00.427,0.76489,0.76504,1.50,1.50
2012.06.06 14:20:00.965,0.76486,0.76504,3.38,2.25
2012.06.06 14:20:01.633,0.76486,0.76501,2.07,1.50
2012.06.06 14:20:01.706,0.76486,0.76501,1.13,1.50
2012.06.06 14:20:02.552,0.76487,0.76501,1.50,1.13
2012.06.06 14:20:02.769,0.76485,0.765,1.50,1.50
2012.06.06 14:20:02.913,0.76484,0.76502,2.25,3.75
2012.06.06 14:20:03.046,0.76483,0.76499,5.25,1.50
2012.06.06 14:20:03.185,0.76486,0.76502,1.50,2.25
2012.06.06 14:20:03.769,0.76485,0.76501,1.50,1.50
2012.06.06 14:20:04.335,0.76485,0.76503,1.50,2.93
2012.06.06 14:20:05.056,0.76483,0.76499,3.75,1.50
2012.06.06 14:20:05.811,0.76484,0.76501,2.25,1.50
2012.06.06 14:20:07.597,0.76485,0.76501,1.50,1.50
2012.06.06 14:20:07.667,0.76483,0.76499,4.50,1.50
2012.06.06 14:20:08.015,0.76483,0.76495,1.50,2.18
2012.06.06 14:20:08.364,0.76482,0.76492,1.50,2.93
2012.06.06 14:20:08.908,0.76482,0.76492,1.50,3.68
2012.06.06 14:20:09.474,0.76478,0.76492,2.25,3.75
2012.06.06 14:20:10.650,0.76478,0.76494,2.25,2.93
2012.06.06 14:20:10.726,0.76478,0.76494,1.50,3.60
2012.06.06 14:20:11.241,0.76475,0.76493,3.38,2.18
2012.06.06 14:20:11.965,0.76476,0.76492,2.25,1.50
2012.06.06 14:20:13.079,0.76479,0.76494,1.50,2.93
2012.06.06 14:20:13.157,0.76476,0.76494,3.00,3.60
2012.06.06 14:20:13.294,0.76479,0.76493,1.50,1.43
2012.06.06 14:20:13.715,0.76477,0.76492,1.50,2.93
2012.06.06 14:20:15.183,0.76476,0.76491,1.50,1.50
2012.06.06 14:20:15.746,0.76477,0.76495,1.50,3.98
2012.06.06 14:20:16.255,0.76476,0.76493,1.50,2.18
2012.06.06 14:20:17.410,0.76476,0.76492,1.50,1.43
2012.06.06 14:20:17.850,0.76478,0.76492,1.50,1.43
2012.06.06 14:20:18.139,0.76476,0.76492,3.75,1.43
2012.06.06 14:20:19.005,0.7648,0.76492,1.50,1.43
2012.06.06 14:20:19.276,0.76478,0.76492,1.50,1.50
2012.06.06 14:20:19.824,0.76478,0.76492,1.50,1.50
2012.06.06 14:20:20.284,0.76478,0.76492,1.50,1.50
2012.06.06 14:20:20.354,0.76478,0.76492,1.50,1.50
2012.06.06 14:20:20.424,0.76475,0.76491,3.75,2.25
2012.06.06 14:20:20.567,0.76473,0.76489,1.50,1.50
2012.06.06 14:20:21.302,0.76474,0.7649,1.50,2.25
2012.06.06 14:20:21.975,0.76473,0.7649,2.25,1.50
2012.06.06 14:20:22.116,0.76473,0.7649,2.25,2.25
2012.06.06 14:20:22.673,0.76474,0.7649,1.50,3.75
2012.06.06 14:20:23.115,0.76475,0.76491,1.50,3.38
2012.06.06 14:20:23.393,0.76471,0.76489,1.50,2.25
2012.06.06 14:20:23.830,0.76469,0.76486,1.50,1.50
2012.06.06 14:20:24.394,0.76468,0.76486,3.75,3.00
2012.06.06 14:20:24.733,0.76467,0.76485,3.38,2.35
2012.06.06 14:20:25.411,0.76467,0.76483,1.50,3.03
2012.06.06 14:20:25.624,0.76467,0.76485,3.75,2.25
2012.06.06 14:20:25.833,0.7647,0.76488,1.50,2.82
2012.06.06 14:20:25.962,0.7647,0.76488,1.50,2.82
2012.06.06 14:20:28.744,0.76472,0.76488,1.50,4.13
2012.06.06 14:20:29.255,0.76473,0.76489,3.75,3.57
2012.06.06 14:20:29.582,0.76475,0.76491,2.25,2.25
2012.06.06 14:20:29.712,0.76475,0.76491,3.75,1.50
2012.06.06 14:20:29.854,0.76478,0.76493,1.50,2.55
2012.06.06 14:20:29.921,0.76476,0.76493,1.50,2.55
2012.06.06 14:20:31.425,0.76474,0.76491,3.00,1.50
2012.06.06 14:20:31.976,0.76476,0.76493,1.50,1.80
2012.06.06 14:20:32.046,0.76478,0.76492,1.50,1.50
2012.06.06 14:20:32.243,0.76476,0.76492,2.25,1.50
2012.06.06 14:20:32.316,0.76478,0.76492,1.50,1.50
2012.06.06 14:20:32.845,0.76478,0.76493,1.50,1.35
2012.06.06 14:20:33.440,0.76477,0.76493,1.50,2.18
2012.06.06 14:20:36.595,0.76478,0.76494,1.50,2.93
2012.06.06 14:20:36.905,0.76476,0.76494,2.25,2.93
2012.06.06 14:20:37.415,0.76481,0.76494,1.50,2.93
2012.06.06 14:20:37.613,0.76479,0.76494,1.50,1.43
2012.06.06 14:20:37.802,0.76481,0.76494,1.50,1.43
2012.06.06 14:20:38.170,0.76483,0.76494,1.50,1.43
2012.06.06 14:20:39.697,0.7648,0.76494,1.50,1.43
2012.06.06 14:20:41.713,0.76479,0.76494,1.50,1.43
2012.06.06 14:20:42.268,0.7648,0.76494,1.50,1.43
2012.06.06 14:20:45.353,0.7648,0.76494,1.50,2.10
2012.06.06 14:20:45.950,0.76479,0.76494,1.50,1.43
2012.06.06 14:20:46.473,0.76478,0.76494,1.50,1.43
2012.06.06 14:20:47.093,0.76479,0.76494,1.50,1.43
2012.06.06 14:20:49.954,0.76478,0.76494,1.50,1.43
2012.06.06 14:20:50.635,0.76477,0.76494,3.00,1.43
2012.06.06 14:20:50.966,0.7648,0.76494,1.50,1.43
2012.06.06 14:20:52.253,0.76478,0.76494,1.50,2.93
2012.06.06 14:20:52.762,0.76479,0.76494,1.50,1.43
2012.06.06 14:20:54.267,0.7648,0.76494,1.50,1.43
2012.06.06 14:20:54.969,0.76481,0.76494,1.50,1.43
2012.06.06 14:20:55.513,0.7648,0.76494,1.50,1.43
2012.06.06 14:20:59.422,0.76481,0.76494,1.50,1.43
2012.06.06 14:20:59.925,0.76482,0.76494,1.50,1.43
2012.06.06 14:21:00.464,0.7648,0.76494,1.50,1.43
2012.06.06 14:21:00.727,0.76475,0.76493,3.38,2.93
2012.06.06 14:21:00.796,0.76475,0.76493,3.38,5.93
2012.06.06 14:21:00.937,0.76477,0.76492,2.25,1.43
2012.06.06 14:21:01.443,0.76476,0.76491,1.50,1.50
2012.06.06 14:21:01.901,0.76477,0.76493,2.25,2.93
2012.06.06 14:21:02.584,0.76478,0.76493,1.50,1.43
2012.06.06 14:21:03.353,0.76479,0.76493,1.50,1.43
2012.06.06 14:21:04.611,0.76478,0.76493,1.50,1.43
2012.06.06 14:21:06.271,0.76476,0.76493,2.25,1.43
2012.06.06 14:21:07.173,0.76476,0.76489,2.25,1.50
2012.06.06 14:21:07.457,0.76474,0.76487,1.50,4.50
2012.06.06 14:21:08.004,0.76474,0.76488,1.50,2.25
2012.06.06 14:21:08.570,0.76471,0.76488,1.50,2.25
2012.06.06 14:21:08.849,0.76471,0.76488,1.50,2.48
2012.06.06 14:21:08.927,0.76468,0.76483,1.32,2.48
2012.06.06 14:21:09.139,0.76465,0.76483,2.25,3.68
2012.06.06 14:21:09.286,0.76466,0.76483,2.25,3.68
2012.06.06 14:21:09.623,0.76471,0.76484,1.50,1.40
2012.06.06 14:21:09.975,0.76471,0.76483,1.50,1.01
2012.06.06 14:21:10.518,0.76471,0.76484,1.50,1.13
2012.06.06 14:21:10.739,0.76472,0.7649,3.19,2.63
2012.06.06 14:21:10.885,0.76473,0.7649,1.50,2.25
2012.06.06 14:21:11.295,0.76477,0.76493,1.50,3.68
2012.06.06 14:21:11.775,0.76477,0.76493,1.50,2.93
2012.06.06 14:21:13.722,0.76475,0.76491,3.75,1.50
2012.06.06 14:21:14.326,0.76476,0.76492,1.50,1.50
2012.06.06 14:21:15.832,0.76474,0.76492,5.25,2.25
2012.06.06 14:21:16.975,0.76475,0.7649,2.25,1.50
2012.06.06 14:21:17.246,0.76478,0.76493,1.50,4.43
2012.06.06 14:21:17.314,0.76476,0.76493,3.75,2.18
2012.06.06 14:21:17.693,0.76479,0.76493,1.50,2.18
2012.06.06 14:21:18.001,0.76477,0.76493,1.50,2.18
2012.06.06 14:21:18.533,0.76478,0.76493,1.50,2.18
2012.06.06 14:21:19.253,0.76479,0.76493,1.50,2.18
2012.06.06 14:21:19.732,0.76481,0.76494,1.50,2.10
2012.06.06 14:21:20.695,0.76481,0.76494,1.50,2.18
2012.06.06 14:21:21.045,0.76488,0.76499,1.50,1.43
2012.06.06 14:21:21.293,0.76488,0.76498,1.50,1.50
2012.06.06 14:21:21.628,0.76486,0.76499,1.50,1.50
2012.06.06 14:21:22.244,0.76487,0.76499,1.50,1.50
2012.06.06 14:21:22.575,0.76485,0.76499,1.50,1.50
2012.06.06 14:21:24.794,0.76484,0.76499,3.00,1.50
2012.06.06 14:21:25.710,0.76483,0.76499,1.50,1.50
2012.06.06 14:21:26.264,0.76484,0.76499,1.50,1.50
2012.06.06 14:21:27.724,0.76485,0.76499,1.50,1.50
2012.06.06 14:21:28.273,0.76481,0.76499,2.63,3.00
2012.06.06 14:21:28.707,0.7648,0.76496,4.50,2.25
2012.06.06 14:21:29.057,0.76477,0.76491,3.38,1.50
2012.06.06 14:21:29.395,0.76476,0.76491,2.36,1.50
2012.06.06 14:21:29.536,0.76476,0.76491,1.04,2.25
2012.06.06 14:21:29.676,0.76474,0.76491,1.13,2.63
2012.06.06 14:21:30.210,0.76475,0.76492,1.50,1.13
2012.06.06 14:21:30.610,0.76477,0.76492,1.50,1.13
2012.06.06 14:21:30.911,0.76486,0.76496,1.50,1.13
2012.06.06 14:21:30.987,0.76484,0.76496,1.50,1.13
2012.06.06 14:21:31.126,0.76487,0.76497,1.50,1.50
2012.06.06 14:21:31.335,0.76484,0.76497,1.50,1.50
2012.06.06 14:21:31.874,0.76483,0.76497,1.50,1.50
2012.06.06 14:21:32.444,0.76483,0.76498,1.50,1.50
2012.06.06 14:21:32.521,0.76486,0.76498,1.50,1.50
2012.06.06 14:21:33.342,0.76484,0.76498,1.50,1.50
2012.06.06 14:21:34.007,0.76486,0.765,1.50,2.25
2012.06.06 14:21:34.355,0.76491,0.76503,1.50,4.88
2012.06.06 14:21:34.425,0.76491,0.76503,1.50,4.13
2012.06.06 14:21:34.565,0.76492,0.76503,1.50,3.75
2012.06.06 14:21:35.076,0.7649,0.76504,1.50,1.50
2012.06.06 14:21:37.729,0.76488,0.76504,3.00,3.00
2012.06.06 14:21:38.005,0.76491,0.76504,1.50,1.50
2012.06.06 14:21:38.335,0.76493,0.76506,1.50,1.69
2012.06.06 14:21:39.296,0.76492,0.76506,1.50,1.50
2012.06.06 14:21:39.754,0.7649,0.76506,1.50,1.50
2012.06.06 14:21:39.897,0.7649,0.76507,1.50,3.83
2012.06.06 14:21:40.435,0.76491,0.76507,1.50,3.83
2012.06.06 14:21:40.974,0.7649,0.76507,1.50,3.83
2012.06.06 14:21:41.574,0.76492,0.76506,1.50,1.02
2012.06.06 14:21:42.233,0.76491,0.76506,1.50,1.02
2012.06.06 14:21:48.606,0.7649,0.76507,1.50,3.83
2012.06.06 14:21:51.515,0.76488,0.76506,1.50,2.33
2012.06.06 14:21:51.653,0.76488,0.76506,1.50,2.55
2012.06.06 14:21:52.080,0.76485,0.76501,1.13,1.50
2012.06.06 14:21:52.434,0.76481,0.76499,2.44,2.25
2012.06.06 14:21:52.505,0.76481,0.76499,1.69,3.00
2012.06.06 14:21:52.714,0.76479,0.76493,1.50,1.50
2012.06.06 14:21:53.144,0.76478,0.76495,1.50,3.75
2012.06.06 14:21:53.626,0.76482,0.76497,1.50,3.75
2012.06.06 14:21:53.697,0.7648,0.76497,1.50,3.00
2012.06.06 14:21:54.208,0.76481,0.76497,1.50,4.50
2012.06.06 14:21:55.025,0.7648,0.76496,1.50,2.25
2012.06.06 14:21:55.574,0.76481,0.76497,1.50,4.50
2012.06.06 14:21:57.125,0.76481,0.76497,2.25,4.50
2012.06.06 14:21:57.466,0.76483,0.76499,3.75,1.50
2012.06.06 14:21:57.536,0.76483,0.76497,2.25,1.50
2012.06.06 14:21:57.733,0.7648,0.76496,1.50,2.25
2012.06.06 14:21:58.288,0.76481,0.76497,1.50,4.50
2012.06.06 14:21:58.506,0.76481,0.76497,1.50,4.50
2012.06.06 14:21:58.573,0.76478,0.76496,1.50,2.25
2012.06.06 14:21:59.381,0.76479,0.76497,1.50,4.50
2012.06.06 14:21:59.466,0.76483,0.76497,1.69,3.00
2012.06.06 14:21:59.606,0.76483,0.76501,3.94,4.13
2012.06.06 14:21:59.673,0.76483,0.76501,3.94,4.13
2012.06.06 14:21:59.886,0.76482,0.76498,1.50,3.75
2012.06.06 14:22:00.025,0.76479,0.76495,1.50,2.25
2012.06.06 14:22:00.554,0.76478,0.76494,3.00,1.50
2012.06.06 14:22:00.624,0.76481,0.76496,1.50,2.25
2012.06.06 14:22:00.837,0.76481,0.76499,1.50,3.75
2012.06.06 14:22:00.907,0.76481,0.76497,1.50,2.25
2012.06.06 14:22:01.184,0.76482,0.76497,1.50,1.50
2012.06.06 14:22:01.324,0.76479,0.76495,1.50,1.50
2012.06.06 14:22:01.533,0.76481,0.76499,1.50,2.82
2012.06.06 14:22:02.079,0.76478,0.76496,3.75,1.50
2012.06.06 14:22:02.440,0.76481,0.76497,1.50,2.25
2012.06.06 14:22:02.583,0.76478,0.76494,3.00,1.50
2012.06.06 14:22:02.714,0.76481,0.76497,1.50,2.25
2012.06.06 14:22:02.855,0.76478,0.76496,2.25,1.50
2012.06.06 14:22:02.987,0.76481,0.76496,2.63,1.50
2012.06.06 14:22:03.129,0.76483,0.765,3.00,1.88
2012.06.06 14:22:03.274,0.76484,0.765,2.25,2.25
2012.06.06 14:22:03.696,0.76485,0.76502,2.63,1.50
2012.06.06 14:22:03.905,0.76487,0.76503,1.88,1.50
2012.06.06 14:22:04.446,0.76489,0.76507,1.88,3.27
2012.06.06 14:22:04.575,0.76489,0.76505,1.88,1.50
2012.06.06 14:22:05.125,0.7649,0.76506,1.88,2.25
2012.06.06 14:22:05.877,0.76489,0.76505,1.88,1.50
2012.06.06 14:22:06.573,0.7649,0.76507,1.50,1.58
2012.06.06 14:22:07.334,0.76492,0.76508,1.50,3.83
2012.06.06 14:22:08.496,0.76489,0.76507,1.88,2.33
2012.06.06 14:22:09.432,0.76492,0.76507,1.50,2.33
2012.06.06 14:22:09.954,0.76488,0.76503,2.63,1.50
2012.06.06 14:22:10.093,0.76488,0.76505,2.25,2.25
2012.06.06 14:22:11.030,0.7649,0.76506,1.50,2.33
2012.06.06 14:22:11.270,0.7649,0.76506,2.44,1.50
2012.06.06 14:22:11.629,0.76489,0.76505,2.63,1.50
2012.06.06 14:22:12.205,0.76488,0.76505,2.48,1.50
2012.06.06 14:22:13.427,0.76489,0.76505,1.13,2.25
2012.06.06 14:22:13.634,0.76493,0.76507,3.00,1.58
2012.06.06 14:22:14.213,0.76491,0.76507,3.75,2.33
2012.06.06 14:22:14.747,0.76491,0.76507,2.25,2.33
2012.06.06 14:22:14.944,0.76494,0.7651,1.50,1.02
2012.06.06 14:22:15.589,0.76491,0.76508,1.50,2.33
2012.06.06 14:22:16.149,0.76489,0.76505,2.44,2.25
2012.06.06 14:22:16.370,0.76488,0.76503,3.19,1.50
2012.06.06 14:22:16.896,0.76488,0.76505,1.69,1.50
2012.06.06 14:22:17.093,0.76488,0.76503,1.69,1.50
2012.06.06 14:22:17.671,0.76488,0.76503,1.50,1.50
2012.06.06 14:22:18.234,0.76488,0.76502,1.50,1.50
2012.06.06 14:22:18.378,0.76488,0.76504,3.00,1.50
2012.06.06 14:22:19.812,0.76488,0.76505,1.50,3.00
2012.06.06 14:22:20.393,0.76488,0.76504,1.50,1.50
2012.06.06 14:22:20.902,0.76488,0.76505,1.50,1.50
2012.06.06 14:22:21.612,0.76488,0.76504,1.50,1.50
2012.06.06 14:22:23.883,0.7649,0.76504,1.13,1.50
2012.06.06 14:22:24.019,0.76493,0.76506,2.25,1.50
2012.06.06 14:22:24.586,0.76492,0.76508,1.69,2.33
2012.06.06 14:22:25.093,0.7649,0.76508,2.63,1.58
2012.06.06 14:22:25.177,0.76488,0.76504,3.94,1.50
2012.06.06 14:22:25.623,0.76488,0.76505,2.25,2.25
2012.06.06 14:22:26.554,0.76489,0.76505,1.50,2.25
2012.06.06 14:22:27.595,0.76489,0.76507,2.25,2.25
2012.06.06 14:22:27.664,0.76492,0.76508,1.50,2.25
2012.06.06 14:22:27.995,0.7649,0.76508,2.25,2.25
2012.06.06 14:22:28.066,0.76497,0.76509,1.50,2.25
2012.06.06 14:22:28.133,0.76497,0.76509,1.50,2.25
2012.06.06 14:22:28.653,0.76496,0.76511,1.50,1.69
2012.06.06 14:22:29.634,0.76497,0.76511,1.50,1.50
2012.06.06 14:22:30.036,0.76495,0.76511,1.50,3.00
2012.06.06 14:22:30.104,0.76495,0.76511,1.50,3.00
2012.06.06 14:22:30.176,0.765,0.76511,1.50,1.50
2012.06.06 14:22:30.445,0.76498,0.76512,1.50,1.50
2012.06.06 14:22:30.586,0.76501,0.76512,1.50,3.00
2012.06.06 14:22:31.189,0.76501,0.76512,1.50,3.75
2012.06.06 14:22:31.273,0.765,0.76515,1.50,1.50
2012.06.06 14:22:31.347,0.76503,0.76517,1.50,3.75
2012.06.06 14:22:31.413,0.76503,0.76517,1.50,3.75
2012.06.06 14:22:33.134,0.76502,0.76517,3.00,3.75
2012.06.06 14:22:33.344,0.76507,0.76517,1.50,3.00
2012.06.06 14:22:33.675,0.76504,0.76519,3.00,1.50
2012.06.06 14:22:33.813,0.76504,0.76516,1.50,1.50
2012.06.06 14:22:33.945,0.765,0.76516,1.50,2.25
2012.06.06 14:22:34.414,0.76503,0.76518,1.50,1.50
2012.06.06 14:22:34.544,0.76501,0.76517,1.50,2.25
2012.06.06 14:22:35.187,0.765,0.76516,1.50,2.25
2012.06.06 14:22:35.536,0.76504,0.76518,1.50,2.25
2012.06.06 14:22:35.923,0.76499,0.76513,2.63,1.13
2012.06.06 14:22:36.003,0.76497,0.76511,1.50,2.25
2012.06.06 14:22:36.078,0.76493,0.76509,2.25,2.25
2012.06.06 14:22:36.584,0.76494,0.76512,1.50,3.38
2012.06.06 14:22:37.265,0.76495,0.76511,1.50,2.25
2012.06.06 14:22:37.395,0.76493,0.76511,3.75,2.25
2012.06.06 14:22:37.592,0.76496,0.76512,1.50,4.88
2012.06.06 14:22:38.045,0.76496,0.76512,1.50,2.25
2012.06.06 14:22:38.713,0.76497,0.76513,1.50,1.13
2012.06.06 14:22:38.785,0.76494,0.76512,1.50,3.38
2012.06.06 14:22:41.092,0.76495,0.76512,1.50,4.88
2012.06.06 14:22:41.962,0.76498,0.76512,1.50,4.88
2012.06.06 14:22:42.471,0.76497,0.76512,1.50,4.88
2012.06.06 14:22:42.993,0.76496,0.76512,1.50,4.88
2012.06.06 14:22:43.513,0.76497,0.76512,1.50,4.13
2012.06.06 14:22:44.032,0.76496,0.76512,1.50,6.38
2012.06.06 14:22:45.842,0.76494,0.7651,1.50,2.25
2012.06.06 14:22:46.432,0.76496,0.76512,1.50,6.38
2012.06.06 14:22:46.822,0.76494,0.7651,1.50,2.25
2012.06.06 14:22:47.378,0.76493,0.76511,2.25,2.25
2012.06.06 14:22:47.451,0.76495,0.76511,1.50,2.25
2012.06.06 14:22:53.075,0.76496,0.76512,1.50,4.88
2012.06.06 14:22:53.592,0.76497,0.76512,1.50,4.88
2012.06.06 14:22:53.853,0.76495,0.76512,1.50,4.13
2012.06.06 14:22:54.398,0.76494,0.7651,1.50,2.25
2012.06.06 14:22:54.817,0.765,0.76512,1.50,2.63
2012.06.06 14:22:55.163,0.76502,0.76513,1.50,3.00
2012.06.06 14:22:55.362,0.765,0.76513,1.50,3.00
2012.06.06 14:22:55.562,0.76502,0.76513,1.50,3.00
2012.06.06 14:22:55.631,0.765,0.76513,1.50,3.00
2012.06.06 14:22:56.614,0.76499,0.76513,1.50,3.00
2012.06.06 14:22:57.708,0.76498,0.76513,1.50,3.00
2012.06.06 14:22:58.793,0.76499,0.76513,1.50,3.00
2012.06.06 14:22:59.364,0.76498,0.76513,1.50,3.75
2012.06.06 14:22:59.633,0.76496,0.76512,2.25,2.25
2012.06.06 14:23:00.161,0.76495,0.76511,2.25,1.50
2012.06.06 14:23:00.303,0.76493,0.76508,2.44,1.50
2012.06.06 14:23:00.644,0.76489,0.76505,2.44,1.50
2012.06.06 14:23:00.720,0.76493,0.76508,1.50,1.13
2012.06.06 14:23:00.799,0.76493,0.76508,1.50,1.13
2012.06.06 14:23:01.075,0.76498,0.76511,1.50,2.25
2012.06.06 14:23:01.605,0.76496,0.76512,1.50,5.82
2012.06.06 14:23:05.556,0.76496,0.76511,1.50,1.50
2012.06.06 14:23:05.925,0.7649,0.76508,2.63,2.25
2012.06.06 14:23:05.994,0.7649,0.76508,1.88,3.75
2012.06.06 14:23:06.344,0.76488,0.76502,1.50,3.00
2012.06.06 14:23:06.557,0.76485,0.76503,2.25,3.00
2012.06.06 14:23:06.825,0.76487,0.76502,1.50,1.50
2012.06.06 14:23:06.892,0.76488,0.76505,1.50,1.13
2012.06.06 14:23:07.995,0.76489,0.76505,1.50,1.13
2012.06.06 14:23:08.064,0.76491,0.76505,1.50,1.13
2012.06.06 14:23:08.586,0.76486,0.76504,1.50,2.63
2012.06.06 14:23:09.104,0.76485,0.76503,3.19,2.63
2012.06.06 14:23:09.752,0.76486,0.76503,1.50,2.63
2012.06.06 14:23:09.823,0.76488,0.76503,1.50,1.13
2012.06.06 14:23:10.016,0.76488,0.76504,1.50,2.25
2012.06.06 14:23:10.621,0.76489,0.76505,1.50,2.63
2012.06.06 14:23:10.765,0.76486,0.76503,2.25,1.13
2012.06.06 14:23:11.326,0.76484,0.765,1.69,1.50
2012.06.06 14:23:11.699,0.76484,0.76496,1.50,1.50
2012.06.06 14:23:12.056,0.76481,0.76494,1.50,1.50
2012.06.06 14:23:12.131,0.76479,0.76492,3.00,1.13
2012.06.06 14:23:12.206,0.76479,0.76492,2.25,1.13
2012.06.06 14:23:12.695,0.76482,0.76492,1.50,2.25
2012.06.06 14:23:12.967,0.76482,0.76494,1.50,1.50
2012.06.06 14:23:13.117,0.76479,0.76494,1.50,3.00
2012.06.06 14:23:13.557,0.76481,0.76495,3.00,1.13
2012.06.06 14:23:13.894,0.76483,0.76495,1.50,1.13
2012.06.06 14:23:14.234,0.76485,0.76496,1.50,1.13
2012.06.06 14:23:14.709,0.76487,0.76498,1.50,1.50
2012.06.06 14:23:15.078,0.76493,0.76503,1.50,1.50
2012.06.06 14:23:15.162,0.76491,0.76502,1.50,1.50
2012.06.06 14:23:15.485,0.76491,0.76503,1.50,1.50
2012.06.06 14:23:16.089,0.76489,0.76504,1.50,1.50
2012.06.06 14:23:16.619,0.76489,0.76505,1.50,1.13
2012.06.06 14:23:19.288,0.76488,0.76504,3.00,2.48
2012.06.06 14:23:19.632,0.76484,0.76501,2.63,2.25
2012.06.06 14:23:20.575,0.76485,0.76503,1.50,6.60
2012.06.06 14:23:21.535,0.76483,0.76501,3.75,2.25
2012.06.06 14:23:21.673,0.76483,0.76501,2.25,2.25
2012.06.06 14:23:22.002,0.76484,0.765,2.25,2.25
2012.06.06 14:23:22.145,0.76482,0.76498,1.50,2.25
2012.06.06 14:23:22.652,0.76481,0.76498,2.25,2.25
2012.06.06 14:23:22.973,0.76483,0.76499,1.50,4.13
2012.06.06 14:23:23.103,0.76481,0.76499,2.25,2.63
2012.06.06 14:23:24.305,0.76482,0.76498,1.50,2.25
2012.06.06 14:23:24.932,0.76483,0.76499,1.50,2.63
2012.06.06 14:23:25.345,0.76481,0.76499,2.25,2.63
2012.06.06 14:23:25.474,0.76483,0.76499,1.50,1.13
2012.06.06 14:23:25.943,0.76481,0.76499,2.25,2.63
2012.06.06 14:23:26.488,0.76482,0.76498,1.50,2.25
2012.06.06 14:23:27.010,0.76484,0.76499,1.50,1.13
2012.06.06 14:23:27.213,0.76482,0.76498,1.50,2.25
2012.06.06 14:23:27.954,0.76484,0.76499,1.50,1.13
2012.06.06 14:23:28.475,0.76485,0.76499,1.50,1.13
2012.06.06 14:23:29.034,0.76484,0.76499,1.50,1.88
2012.06.06 14:23:29.557,0.76485,0.76499,1.50,1.13
2012.06.06 14:23:29.753,0.76483,0.76499,3.00,1.13
2012.06.06 14:23:30.262,0.76482,0.76499,3.00,1.13
2012.06.06 14:23:30.723,0.76484,0.76498,1.50,1.13
2012.06.06 14:23:30.914,0.76482,0.76498,1.50,1.13
2012.06.06 14:23:31.162,0.76484,0.76498,1.50,1.13
2012.06.06 14:23:31.893,0.76485,0.76498,1.50,1.13
2012.06.06 14:23:32.274,0.76482,0.76498,3.00,1.13
2012.06.06 14:23:32.342,0.76484,0.76498,1.50,1.13
2012.06.06 14:23:32.893,0.76483,0.76498,1.50,1.13
2012.06.06 14:23:33.337,0.76485,0.76498,1.50,1.13
2012.06.06 14:23:33.605,0.76483,0.76498,1.50,1.13
2012.06.06 14:23:33.733,0.76481,0.76498,2.25,1.13
2012.06.06 14:23:33.877,0.76483,0.76498,1.50,1.13
2012.06.06 14:23:33.943,0.76481,0.76498,2.25,1.13
2012.06.06 14:23:35.062,0.76479,0.76498,3.75,2.63
2012.06.06 14:23:35.194,0.76485,0.76499,1.50,1.13
2012.06.06 14:23:35.381,0.76483,0.76499,1.50,1.13
2012.06.06 14:23:35.687,0.76479,0.76498,3.00,1.13
2012.06.06 14:23:36.237,0.76479,0.76496,3.00,1.50
2012.06.06 14:23:36.587,0.76476,0.76492,2.25,3.00
2012.06.06 14:23:37.418,0.76479,0.76497,1.50,2.25
2012.06.06 14:23:37.500,0.7648,0.76497,1.50,1.13
2012.06.06 14:23:37.577,0.76482,0.76498,1.50,1.88
2012.06.06 14:23:38.124,0.7648,0.76499,1.50,1.13
2012.06.06 14:23:38.666,0.76482,0.76499,1.50,1.13
2012.06.06 14:23:38.732,0.7648,0.76499,1.50,1.13
2012.06.06 14:23:39.513,0.76481,0.76499,1.50,1.13
2012.06.06 14:23:40.092,0.76479,0.76499,1.50,1.13
2012.06.06 14:23:40.162,0.76481,0.76499,1.50,1.13
2012.06.06 14:23:40.917,0.76484,0.76499,1.50,1.13
2012.06.06 14:23:41.233,0.76482,0.76499,1.50,1.13
2012.06.06 14:23:41.752,0.76483,0.76501,1.50,1.69
2012.06.06 14:23:41.885,0.76486,0.76502,1.50,4.17
2012.06.06 14:23:42.072,0.76484,0.76502,1.50,4.17
2012.06.06 14:23:42.644,0.76483,0.76502,1.50,4.54
2012.06.06 14:23:43.174,0.76485,0.76502,1.50,4.54
2012.06.06 14:23:43.361,0.76483,0.76502,1.50,4.54
2012.06.06 14:23:43.555,0.76485,0.76502,1.50,4.17
2012.06.06 14:23:43.683,0.76483,0.76502,1.50,4.17
2012.06.06 14:23:43.915,0.76485,0.76502,1.50,4.54
2012.06.06 14:23:44.047,0.76483,0.76502,1.50,4.17
2012.06.06 14:23:44.612,0.76485,0.76502,1.50,4.54
2012.06.06 14:23:45.115,0.76484,0.76502,1.50,4.54
2012.06.06 14:23:45.544,0.76486,0.76502,1.50,4.17
2012.06.06 14:23:45.971,0.76484,0.76502,1.50,4.54
2012.06.06 14:23:46.103,0.76487,0.76502,1.50,4.17
2012.06.06 14:23:46.726,0.76486,0.76502,1.50,4.54
2012.06.06 14:23:47.263,0.76486,0.76502,1.50,3.94
2012.06.06 14:23:47.642,0.76489,0.76502,1.50,3.94
2012.06.06 14:23:47.713,0.76484,0.76502,1.50,3.94
2012.06.06 14:23:47.842,0.76486,0.76502,1.50,3.94
2012.06.06 14:23:48.404,0.76485,0.76502,1.50,4.32
2012.06.06 14:23:48.472,0.76483,0.76502,1.50,4.32
2012.06.06 14:23:48.601,0.76485,0.76502,1.50,3.94
2012.06.06 14:23:49.836,0.76483,0.76502,1.50,5.44
2012.06.06 14:23:50.034,0.76481,0.765,3.38,2.25
2012.06.06 14:23:50.411,0.76483,0.765,1.50,1.13
2012.06.06 14:23:52.063,0.76484,0.765,1.50,1.13
2012.06.06 14:23:52.262,0.76482,0.765,1.50,1.13
2012.06.06 14:23:52.333,0.76484,0.765,1.50,1.13
2012.06.06 14:23:52.775,0.76482,0.765,1.50,1.50
2012.06.06 14:23:53.145,0.76483,0.76501,1.50,1.59
2012.06.06 14:23:53.643,0.76485,0.76501,1.50,2.34
2012.06.06 14:23:53.776,0.76483,0.76501,1.50,2.34
2012.06.06 14:23:54.214,0.76485,0.76501,1.50,1.69
2012.06.06 14:23:54.889,0.76486,0.76501,1.50,1.59
2012.06.06 14:23:55.092,0.76484,0.76501,1.50,1.59
2012.06.06 14:23:55.163,0.76486,0.76501,1.50,1.59
2012.06.06 14:23:55.482,0.7649,0.76502,1.50,5.53
2012.06.06 14:23:55.673,0.7649,0.76502,1.50,3.23
2012.06.06 14:23:55.883,0.76492,0.76502,1.50,3.00
2012.06.06 14:23:56.166,0.76492,0.76508,1.50,6.00
2012.06.06 14:23:57.063,0.76493,0.76508,1.50,3.57
2012.06.06 14:23:58.002,0.76493,0.76508,1.50,3.57
2012.06.06 14:23:58.075,0.76497,0.76508,1.50,3.57
2012.06.06 14:23:59.264,0.76495,0.76508,3.00,3.38
2012.06.06 14:23:59.334,0.76497,0.76508,1.50,3.38
2012.06.06 14:23:59.564,0.76495,0.76508,1.50,3.38
2012.06.06 14:24:00.195,0.76494,0.76508,1.50,3.38
2012.06.06 14:24:00.325,0.76491,0.76507,3.00,1.50
2012.06.06 14:24:00.987,0.76491,0.76508,2.25,3.38
2012.06.06 14:24:01.066,0.76495,0.76508,1.50,3.38
2012.06.06 14:24:01.136,0.76493,0.76508,1.50,3.38
2012.06.06 14:24:03.045,0.76492,0.76508,1.50,4.88
2012.06.06 14:24:03.608,0.76492,0.76508,1.50,4.88
2012.06.06 14:24:04.592,0.76491,0.76507,2.25,2.25
2012.06.06 14:24:05.591,0.76491,0.76508,1.50,3.38
2012.06.06 14:24:07.924,0.76493,0.76508,1.50,3.38
2012.06.06 14:24:10.647,0.76492,0.76508,1.50,3.38
2012.06.06 14:24:11.449,0.76491,0.76506,1.50,1.50
2012.06.06 14:24:11.809,0.76489,0.76503,3.00,1.35
2012.06.06 14:24:12.166,0.76484,0.76501,3.00,1.35
2012.06.06 14:24:12.505,0.76481,0.76496,1.50,1.50
2012.06.06 14:24:12.714,0.7648,0.76498,3.00,1.50
2012.06.06 14:24:13.475,0.7648,0.76498,1.50,1.50
2012.06.06 14:24:13.958,0.76483,0.76499,1.50,2.63
2012.06.06 14:24:14.435,0.76486,0.765,1.50,1.13
2012.06.06 14:24:14.565,0.76482,0.76498,1.50,1.50
2012.06.06 14:24:14.773,0.76485,0.765,1.50,1.13
2012.06.06 14:24:15.253,0.76483,0.765,1.50,1.13
2012.06.06 14:24:15.525,0.76482,0.76498,3.00,1.50
2012.06.06 14:24:16.045,0.76479,0.76497,3.94,1.50
2012.06.06 14:24:16.572,0.7648,0.76498,2.44,1.88
2012.06.06 14:24:18.549,0.76482,0.765,1.50,2.63
2012.06.06 14:24:18.908,0.76491,0.76502,1.50,4.13
2012.06.06 14:24:19.055,0.76493,0.76504,1.50,1.13
2012.06.06 14:24:19.954,0.76493,0.76506,1.50,1.13
2012.06.06 14:24:20.029,0.76495,0.76507,1.50,3.00
2012.06.06 14:24:20.593,0.76494,0.76507,1.50,3.00
2012.06.06 14:24:22.414,0.76493,0.76507,1.50,3.38
2012.06.06 14:24:23.454,0.76495,0.76507,1.50,3.38
2012.06.06 14:24:24.014,0.76497,0.76507,1.50,3.38
2012.06.06 14:24:24.202,0.76497,0.76512,1.50,3.79
2012.06.06 14:24:24.276,0.76499,0.76512,1.50,3.79
2012.06.06 14:24:24.740,0.76499,0.76513,1.50,1.50
2012.06.06 14:24:24.954,0.765,0.76515,1.88,2.44
2012.06.06 14:24:25.312,0.76504,0.76517,2.25,1.50
2012.06.06 14:24:25.459,0.76505,0.7652,1.50,1.59
2012.06.06 14:24:25.539,0.76508,0.7652,1.50,1.40
2012.06.06 14:24:25.688,0.76509,0.76523,2.25,4.13
2012.06.06 14:24:26.209,0.76509,0.76525,2.25,1.88
2012.06.06 14:24:26.842,0.76512,0.76527,1.50,2.63
2012.06.06 14:24:27.057,0.76511,0.76527,2.25,2.63
2012.06.06 14:24:27.580,0.76511,0.76527,2.25,2.63
2012.06.06 14:24:29.748,0.76512,0.76527,1.50,2.63
2012.06.06 14:24:30.014,0.76515,0.76527,1.50,2.63
2012.06.06 14:24:30.577,0.76514,0.76527,1.50,2.63
2012.06.06 14:24:31.032,0.76514,0.76527,1.50,2.63
2012.06.06 14:24:31.822,0.76514,0.76527,1.50,2.25
2012.06.06 14:24:32.493,0.76513,0.76527,1.50,2.25
2012.06.06 14:24:33.021,0.76514,0.76527,1.50,2.25
2012.06.06 14:24:34.149,0.76512,0.76527,1.50,2.25
2012.06.06 14:24:34.532,0.76514,0.76527,1.50,2.25
2012.06.06 14:24:35.055,0.76513,0.76527,1.50,2.25
2012.06.06 14:24:35.733,0.76512,0.76527,1.50,2.25
2012.06.06 14:24:36.273,0.76514,0.76527,1.50,2.25
2012.06.06 14:24:36.813,0.76513,0.76527,1.50,2.25
2012.06.06 14:24:37.372,0.76514,0.76527,1.50,2.25
2012.06.06 14:24:37.846,0.76516,0.76527,1.50,2.25
2012.06.06 14:24:38.376,0.76515,0.7653,3.00,1.13
2012.06.06 14:24:38.446,0.76515,0.76531,3.00,1.73
2012.06.06 14:24:38.579,0.76515,0.76529,3.00,1.50
2012.06.06 14:24:38.797,0.76513,0.76528,1.50,3.00
2012.06.06 14:24:39.054,0.76515,0.76528,1.50,3.00
2012.06.06 14:24:39.594,0.76514,0.76528,1.50,3.00
2012.06.06 14:24:40.096,0.76515,0.76528,1.50,3.00
2012.06.06 14:24:40.304,0.76513,0.76528,1.50,3.00
2012.06.06 14:24:41.198,0.76514,0.76528,1.50,3.00
2012.06.06 14:24:41.546,0.76514,0.76528,1.50,3.75
2012.06.06 14:24:42.062,0.76513,0.76528,2.25,3.75
2012.06.06 14:24:42.514,0.76513,0.76528,1.50,3.00
2012.06.06 14:24:42.786,0.76513,0.76528,1.50,3.75
2012.06.06 14:24:43.326,0.76512,0.76528,1.50,3.75
2012.06.06 14:24:45.195,0.76512,0.76528,3.00,3.75
2012.06.06 14:24:45.408,0.76514,0.76528,1.50,3.75
2012.06.06 14:24:46.062,0.76513,0.76528,1.50,3.75
2012.06.06 14:24:46.484,0.76513,0.76528,1.50,3.75
2012.06.06 14:24:46.754,0.76513,0.76528,1.50,3.75
2012.06.06 14:24:46.828,0.76513,0.76528,2.25,3.00
2012.06.06 14:24:47.582,0.76514,0.76528,1.50,3.00
2012.06.06 14:24:47.797,0.76516,0.76528,1.50,3.00
2012.06.06 14:24:48.593,0.76515,0.76528,1.50,3.00
2012.06.06 14:24:48.984,0.76517,0.76528,1.50,3.00
2012.06.06 14:24:49.318,0.76522,0.76528,1.50,2.25
2012.06.06 14:24:49.470,0.7652,0.76533,1.50,5.25
2012.06.06 14:24:50.162,0.76522,0.76532,1.50,1.50
2012.06.06 14:24:50.309,0.76519,0.76533,1.50,3.00
2012.06.06 14:24:50.387,0.76516,0.76534,3.00,1.88
2012.06.06 14:24:50.455,0.76518,0.76533,1.50,1.50
2012.06.06 14:24:50.808,0.76519,0.76534,1.50,1.13
2012.06.06 14:24:50.887,0.76525,0.76535,1.50,1.35
2012.06.06 14:24:50.960,0.76522,0.76533,1.50,1.73
2012.06.06 14:24:51.305,0.76524,0.76535,1.50,1.15
2012.06.06 14:24:51.646,0.76527,0.76541,1.50,1.13
2012.06.06 14:24:51.785,0.76529,0.76543,1.50,2.25
2012.06.06 14:24:51.858,0.76531,0.76543,1.50,2.25
2012.06.06 14:24:52.424,0.7653,0.76546,1.50,2.07
2012.06.06 14:24:52.494,0.7653,0.76546,1.50,2.34
2012.06.06 14:24:52.796,0.76528,0.76544,1.50,1.13
2012.06.06 14:24:53.006,0.76526,0.76545,2.25,3.19
2012.06.06 14:24:53.554,0.76525,0.76542,1.50,1.13
2012.06.06 14:24:53.837,0.76524,0.76542,2.25,1.88
2012.06.06 14:24:54.363,0.76523,0.76541,1.50,2.63
2012.06.06 14:24:56.317,0.76524,0.76542,3.00,2.72
2012.06.06 14:24:59.596,0.76524,0.76542,2.25,2.25
2012.06.06 14:25:00.113,0.76523,0.7654,1.50,1.13
2012.06.06 14:25:00.634,0.76524,0.7654,1.50,1.13
2012.06.06 14:25:01.172,0.76523,0.7654,1.50,1.13
2012.06.06 14:25:02.053,0.76525,0.7654,1.50,1.13
2012.06.06 14:25:02.409,0.7653,0.76544,1.50,1.15
2012.06.06 14:25:02.697,0.76529,0.76546,4.50,1.34
2012.06.06 14:25:02.765,0.76529,0.76546,2.25,1.34
2012.06.06 14:25:02.965,0.76529,0.76546,1.50,1.69
2012.06.06 14:25:03.503,0.76529,0.76547,2.25,4.37
2012.06.06 14:25:04.069,0.76534,0.76548,1.50,1.33
2012.06.06 14:25:04.604,0.76532,0.7655,3.75,1.79
2012.06.06 14:25:05.265,0.76533,0.76551,2.25,1.20
2012.06.06 14:25:05.774,0.76534,0.76552,1.50,5.89
2012.06.06 14:25:06.258,0.76535,0.76552,1.50,2.82
2012.06.06 14:25:06.336,0.76537,0.76552,1.50,2.82
2012.06.06 14:25:06.688,0.76541,0.76552,1.50,2.85
2012.06.06 14:25:07.038,0.76544,0.76558,1.50,4.80
2012.06.06 14:25:07.526,0.76546,0.76558,1.50,4.80
2012.06.06 14:25:07.594,0.76544,0.76558,1.50,4.80
2012.06.06 14:25:08.035,0.76542,0.76558,1.50,4.20
2012.06.06 14:25:08.104,0.76547,0.76558,1.50,4.20
2012.06.06 14:25:08.231,0.76547,0.76558,1.50,3.38
2012.06.06 14:25:09.080,0.76551,0.76558,1.50,2.63
2012.06.06 14:25:09.162,0.76551,0.76561,1.50,3.19
2012.06.06 14:25:09.705,0.76552,0.76561,1.50,3.00
2012.06.06 14:25:09.975,0.76548,0.76561,1.50,3.38
2012.06.06 14:25:10.044,0.76546,0.76561,1.50,3.38
2012.06.06 14:25:10.114,0.76544,0.76561,1.50,3.38
2012.06.06 14:25:10.666,0.76545,0.76561,1.50,3.38
2012.06.06 14:25:11.986,0.76544,0.7656,1.50,1.50
2012.06.06 14:25:12.322,0.76541,0.76558,3.00,3.00
2012.06.06 14:25:12.846,0.76541,0.76558,1.50,3.75
2012.06.06 14:25:13.055,0.76541,0.76557,1.50,1.50
2012.06.06 14:25:13.557,0.76543,0.76556,1.50,1.13
2012.06.06 14:25:14.798,0.76542,0.76556,1.50,1.50
2012.06.06 14:25:14.879,0.76542,0.76557,2.25,2.61
2012.06.06 14:25:15.438,0.76543,0.76557,1.50,2.20
2012.06.06 14:25:16.375,0.7654,0.76557,2.25,2.38
2012.06.06 14:25:17.024,0.76543,0.76557,1.50,2.38
2012.06.06 14:25:18.323,0.76541,0.76557,2.25,2.38
2012.06.06 14:25:19.133,0.7654,0.76557,1.50,2.22
2012.06.06 14:25:19.641,0.76541,0.76557,1.50,2.42
2012.06.06 14:25:20.074,0.76539,0.76557,1.50,3.38
2012.06.06 14:25:20.554,0.76538,0.76557,3.11,5.25
2012.06.06 14:25:21.175,0.76537,0.76555,1.13,1.50
2012.06.06 14:25:21.315,0.76536,0.76553,1.98,1.50
2012.06.06 14:25:21.586,0.76536,0.76552,2.63,3.00
2012.06.06 14:25:23.145,0.76538,0.76552,1.50,3.00
2012.06.06 14:25:23.723,0.76537,0.76552,2.25,3.00
2012.06.06 14:25:23.864,0.76539,0.76552,1.50,3.00
2012.06.06 14:25:25.114,0.76538,0.76552,1.50,3.00
2012.06.06 14:25:25.882,0.76538,0.76551,1.50,1.50
2012.06.06 14:25:25.957,0.76536,0.76551,1.13,1.50
2012.06.06 14:25:26.100,0.76534,0.76547,3.00,4.50
2012.06.06 14:25:26.317,0.76534,0.76551,3.00,1.13
2012.06.06 14:25:26.385,0.76534,0.76552,3.00,2.25
2012.06.06 14:25:26.715,0.76541,0.76552,1.50,2.25
2012.06.06 14:25:27.224,0.76542,0.76552,1.50,2.25
2012.06.06 14:25:27.582,0.76539,0.76552,1.50,2.25
2012.06.06 14:25:27.786,0.76537,0.76552,1.50,3.00
2012.06.06 14:25:28.326,0.76534,0.76551,1.50,3.00
2012.06.06 14:25:33.839,0.76537,0.76552,1.50,3.00
2012.06.06 14:25:34.254,0.76539,0.76552,1.50,2.25
2012.06.06 14:25:34.600,0.76542,0.76552,1.50,2.25
2012.06.06 14:25:34.794,0.7654,0.76552,1.50,2.25
2012.06.06 14:25:36.750,0.76542,0.76552,1.50,2.25
2012.06.06 14:25:37.318,0.76541,0.76552,1.50,2.44
2012.06.06 14:25:37.585,0.76539,0.76552,3.00,3.84
2012.06.06 14:25:37.656,0.76535,0.76552,1.50,4.59
2012.06.06 14:25:37.866,0.76537,0.76552,1.50,4.97
2012.06.06 14:25:38.207,0.76535,0.76551,1.50,1.32
2012.06.06 14:25:38.565,0.76534,0.76551,1.50,1.92
2012.06.06 14:25:39.947,0.76534,0.76543,1.50,2.25
2012.06.06 14:25:40.017,0.76532,0.76543,1.50,2.25
2012.06.06 14:25:40.554,0.76533,0.76547,1.50,3.38
2012.06.06 14:25:41.497,0.76532,0.76547,2.25,2.63
2012.06.06 14:25:42.081,0.76533,0.76547,1.50,2.63
2012.06.06 14:25:42.863,0.76534,0.76547,1.50,2.63
2012.06.06 14:25:43.065,0.76534,0.76547,1.50,2.63
2012.06.06 14:25:45.528,0.76531,0.76547,1.50,2.63
2012.06.06 14:25:46.155,0.76532,0.76547,1.50,2.63
2012.06.06 14:25:47.670,0.76531,0.76547,1.50,2.63
2012.06.06 14:25:47.946,0.76533,0.76547,1.50,2.63
2012.06.06 14:25:48.416,0.76535,0.76547,1.50,2.25
2012.06.06 14:25:48.547,0.76535,0.76553,2.25,3.08
2012.06.06 14:25:48.617,0.76541,0.76553,1.50,2.70
2012.06.06 14:25:48.969,0.76544,0.76553,1.50,2.25
2012.06.06 14:25:49.046,0.76542,0.76556,1.50,2.04
2012.06.06 14:25:49.925,0.76541,0.76556,1.50,1.10
2012.06.06 14:25:50.390,0.76539,0.76556,1.50,2.04
2012.06.06 14:25:50.465,0.76539,0.76556,1.50,3.24
2012.06.06 14:25:50.606,0.76536,0.76552,2.25,3.45
2012.06.06 14:25:50.749,0.76535,0.76547,2.25,2.25
2012.06.06 14:25:50.955,0.76538,0.76552,1.50,1.20
2012.06.06 14:25:51.227,0.76538,0.76547,1.50,2.25
2012.06.06 14:25:51.577,0.7654,0.76547,1.50,2.25
2012.06.06 14:25:52.278,0.76539,0.76547,1.50,2.25
2012.06.06 14:25:52.920,0.76537,0.76547,3.00,2.25
2012.06.06 14:25:53.466,0.76536,0.76547,1.50,2.25
2012.06.06 14:25:53.539,0.76538,0.76547,1.50,2.25
2012.06.06 14:25:54.313,0.76537,0.76547,1.50,2.25
2012.06.06 14:25:54.654,0.76542,0.76547,1.50,2.25
2012.06.06 14:25:55.047,0.76536,0.76547,2.63,2.25
2012.06.06 14:25:55.115,0.76536,0.76547,3.38,2.25
2012.06.06 14:25:55.183,0.76536,0.76553,3.38,2.70
2012.06.06 14:25:55.326,0.76538,0.76547,1.50,2.25
2012.06.06 14:25:55.654,0.76535,0.76547,2.25,2.25
2012.06.06 14:25:56.414,0.76538,0.76547,1.50,2.25
2012.06.06 14:25:56.491,0.76535,0.76547,1.50,2.25
2012.06.06 14:25:56.566,0.76531,0.76547,3.00,2.25
2012.06.06 14:25:57.182,0.76533,0.76547,1.50,2.25
2012.06.06 14:25:57.697,0.76532,0.76547,1.50,2.25
2012.06.06 14:25:58.423,0.76534,0.76547,1.50,2.25
2012.06.06 14:25:58.624,0.76531,0.76547,2.25,2.25
2012.06.06 14:25:59.183,0.76532,0.76547,1.50,2.25
2012.06.06 14:25:59.782,0.76534,0.76547,1.50,2.25
2012.06.06 14:25:59.943,0.76531,0.76547,2.25,2.25
2012.06.06 14:26:00.431,0.76532,0.76547,1.50,3.00
2012.06.06 14:26:00.784,0.76532,0.76543,1.50,2.25
2012.06.06 14:26:00.854,0.76529,0.76543,3.00,2.25
2012.06.06 14:26:01.381,0.76528,0.76543,2.25,2.25
2012.06.06 14:26:01.926,0.76528,0.76543,2.25,3.00
2012.06.06 14:26:02.524,0.76528,0.76544,1.50,1.50
2012.06.06 14:26:02.665,0.76529,0.76545,3.75,1.13
2012.06.06 14:26:03.012,0.7653,0.76542,1.50,2.25
2012.06.06 14:26:03.553,0.7653,0.76547,1.50,2.25
2012.06.06 14:26:04.119,0.76531,0.76547,2.25,2.25
2012.06.06 14:26:04.268,0.7653,0.76547,1.50,3.96
2012.06.06 14:26:04.488,0.76531,0.76547,1.50,1.50
2012.06.06 14:26:04.567,0.76529,0.76548,1.50,5.63
2012.06.06 14:26:04.853,0.76532,0.76548,1.50,4.13
2012.06.06 14:26:05.141,0.7653,0.76548,1.50,4.13
2012.06.06 14:26:05.695,0.76531,0.76548,1.50,4.13
2012.06.06 14:26:06.651,0.7653,0.76548,1.50,4.13
2012.06.06 14:26:07.422,0.76531,0.76548,1.50,4.13
2012.06.06 14:26:08.010,0.7653,0.76548,1.50,4.13
2012.06.06 14:26:08.752,0.76531,0.76548,1.50,4.13
2012.06.06 14:26:09.312,0.7653,0.76548,1.50,4.13
2012.06.06 14:26:09.563,0.76532,0.76548,1.50,4.13
2012.06.06 14:26:10.162,0.76533,0.76548,1.50,4.13
2012.06.06 14:26:10.862,0.76532,0.76548,1.50,4.13
2012.06.06 14:26:11.383,0.7654,0.7655,1.50,1.50
2012.06.06 14:26:11.726,0.76541,0.76547,1.50,2.25
2012.06.06 14:26:11.794,0.76541,0.76552,1.50,3.00
2012.06.06 14:26:11.865,0.76541,0.76552,1.50,2.25
2012.06.06 14:26:11.935,0.76539,0.76552,1.50,2.25
2012.06.06 14:26:12.005,0.76541,0.76552,1.50,2.25
2012.06.06 14:26:12.395,0.76539,0.76552,1.50,3.83
2012.06.06 14:26:12.465,0.76535,0.76548,1.50,2.25
2012.06.06 14:26:12.774,0.76537,0.76548,1.50,2.25
2012.06.06 14:26:13.103,0.76539,0.76548,1.50,2.25
2012.06.06 14:26:13.563,0.76539,0.76552,1.50,2.25
2012.06.06 14:26:13.834,0.76541,0.76552,1.50,2.25
2012.06.06 14:26:14.382,0.7654,0.76552,1.50,2.25
2012.06.06 14:26:15.152,0.76541,0.76552,1.50,2.25
2012.06.06 14:26:15.862,0.7654,0.76552,1.50,2.25
2012.06.06 14:26:17.012,0.76542,0.76552,1.50,2.25
2012.06.06 14:26:17.525,0.76541,0.76552,1.50,2.25
2012.06.06 14:26:17.972,0.76544,0.76552,1.50,2.25
2012.06.06 14:26:18.493,0.76544,0.76556,1.50,1.50
2012.06.06 14:26:18.634,0.7655,0.76556,1.50,1.50
2012.06.06 14:26:19.131,0.7655,0.76557,1.50,2.25
2012.06.06 14:26:19.633,0.76551,0.76557,1.50,2.25
2012.06.06 14:26:19.774,0.76549,0.76557,1.50,2.25
2012.06.06 14:26:20.175,0.76547,0.76557,3.00,2.25
2012.06.06 14:26:21.362,0.76549,0.76557,1.50,2.25
2012.06.06 14:26:21.880,0.7655,0.76557,1.50,2.25
2012.06.06 14:26:23.831,0.76549,0.76557,1.50,2.25
2012.06.06 14:26:24.480,0.76548,0.76557,1.50,2.25
2012.06.06 14:26:25.011,0.76549,0.76557,1.50,2.25
2012.06.06 14:26:26.406,0.7655,0.76562,1.50,2.89
2012.06.06 14:26:26.782,0.76549,0.76557,1.50,2.25
2012.06.06 14:26:27.163,0.76546,0.76557,1.50,2.25
2012.06.06 14:26:27.773,0.76547,0.76557,1.50,2.25
2012.06.06 14:26:28.245,0.76549,0.76557,1.50,2.25
2012.06.06 14:26:28.642,0.7655,0.76564,1.50,2.07
2012.06.06 14:26:28.782,0.7655,0.76557,1.50,2.25
2012.06.06 14:26:29.566,0.76551,0.76557,1.50,2.25
2012.06.06 14:26:29.645,0.76552,0.76566,1.50,3.79
2012.06.06 14:26:30.037,0.7655,0.76566,1.50,5.10
2012.06.06 14:26:30.604,0.76551,0.76566,1.50,3.00
2012.06.06 14:26:30.749,0.76554,0.76566,2.25,3.00
2012.06.06 14:26:31.082,0.76553,0.76569,6.00,1.13
2012.06.06 14:26:31.628,0.76553,0.76567,1.50,1.50
2012.06.06 14:26:31.703,0.76551,0.76567,2.25,1.50
2012.06.06 14:26:31.833,0.7655,0.76565,2.25,2.25
2012.06.06 14:26:32.751,0.76548,0.76564,2.63,1.50
2012.06.06 14:26:33.103,0.76548,0.76564,2.63,1.50
2012.06.06 14:26:33.657,0.76546,0.76563,2.25,1.50
2012.06.06 14:26:34.210,0.76546,0.76562,2.25,2.25
2012.06.06 14:26:34.484,0.76546,0.76557,1.88,2.25
2012.06.06 14:26:35.855,0.76544,0.76557,1.50,3.75
2012.06.06 14:26:36.263,0.76541,0.76556,1.13,1.50
2012.06.06 14:26:36.915,0.76541,0.76557,3.38,3.75
2012.06.06 14:26:37.743,0.76543,0.76557,1.50,2.25
2012.06.06 14:26:38.764,0.76544,0.76557,1.50,2.25
2012.06.06 14:26:40.490,0.76541,0.76557,3.38,3.75
2012.06.06 14:26:41.118,0.76541,0.76556,1.88,1.50
2012.06.06 14:26:41.661,0.76539,0.76557,2.25,3.75
2012.06.06 14:26:42.063,0.76544,0.76557,1.50,2.25
2012.06.06 14:26:42.611,0.76544,0.76557,2.25,2.25
2012.06.06 14:26:43.006,0.76547,0.76557,1.50,2.25
2012.06.06 14:26:43.354,0.76551,0.76557,1.50,2.25
2012.06.06 14:26:43.567,0.76549,0.76557,1.50,2.25
2012.06.06 14:26:43.923,0.76549,0.76565,1.50,4.13
2012.06.06 14:26:44.004,0.76551,0.76565,1.50,2.63
2012.06.06 14:26:44.074,0.76549,0.76565,1.50,4.13
2012.06.06 14:26:44.612,0.76548,0.76564,2.25,1.88
2012.06.06 14:26:45.158,0.76547,0.76563,2.63,2.10
2012.06.06 14:26:45.305,0.76547,0.76562,2.63,1.35
2012.06.06 14:26:45.588,0.76541,0.76555,2.25,1.50
2012.06.06 14:26:45.664,0.76541,0.76553,2.25,1.50
2012.06.06 14:26:46.012,0.76537,0.7655,4.32,1.50
2012.06.06 14:26:46.492,0.76539,0.76553,2.63,1.50
2012.06.06 14:26:47.714,0.76539,0.76554,2.63,1.50
2012.06.06 14:26:48.433,0.7654,0.76556,1.88,3.00
2012.06.06 14:26:50.175,0.7654,0.76557,1.88,1.88
2012.06.06 14:26:50.505,0.76545,0.76557,1.50,1.88
2012.06.06 14:26:51.346,0.76545,0.7656,1.50,4.50
2012.06.06 14:26:51.427,0.76542,0.7656,1.50,6.00
2012.06.06 14:26:51.751,0.76544,0.7656,1.50,6.00
2012.06.06 14:26:52.325,0.76543,0.76559,1.50,2.25
2012.06.06 14:26:54.732,0.76542,0.76558,1.50,2.25
2012.06.06 14:26:55.112,0.76539,0.76556,2.63,1.50
2012.06.06 14:26:55.573,0.76541,0.76557,1.50,1.50
2012.06.06 14:26:56.110,0.76541,0.76558,1.50,1.13
2012.06.06 14:26:56.403,0.76539,0.76557,4.88,1.50
2012.06.06 14:26:56.652,0.76539,0.76555,2.63,1.50
2012.06.06 14:26:56.998,0.76539,0.76555,4.13,2.89
2012.06.06 14:26:57.354,0.76539,0.7655,1.50,2.25
2012.06.06 14:26:57.427,0.76534,0.7655,2.25,3.75
2012.06.06 14:26:57.628,0.76539,0.7655,1.50,2.25
2012.06.06 14:26:59.071,0.76537,0.7655,1.50,2.25
2012.06.06 14:26:59.836,0.76534,0.7655,2.25,2.25
2012.06.06 14:27:00.371,0.76533,0.7655,1.50,2.25
2012.06.06 14:27:00.900,0.76533,0.76549,1.50,1.88
2012.06.06 14:27:01.543,0.76532,0.76547,1.13,1.50
2012.06.06 14:27:02.212,0.76531,0.76544,1.13,1.50
2012.06.06 14:27:02.287,0.76529,0.76546,3.38,1.50
2012.06.06 14:27:03.744,0.76531,0.76547,1.88,1.50
2012.06.06 14:27:03.959,0.76529,0.76544,3.38,1.50
2012.06.06 14:27:04.104,0.76529,0.76542,3.00,2.25
2012.06.06 14:27:04.638,0.76529,0.76541,2.25,1.50
2012.06.06 14:27:04.860,0.76529,0.76539,2.25,2.25
2012.06.06 14:27:05.217,0.76527,0.76533,1.88,3.00
2012.06.06 14:27:05.525,0.76525,0.7653,1.50,1.50
2012.06.06 14:27:06.062,0.76524,0.7653,1.13,2.25
2012.06.06 14:27:06.541,0.76525,0.76532,1.13,1.50
2012.06.06 14:27:06.618,0.76525,0.76535,1.13,1.50
2012.06.06 14:27:07.113,0.7652,0.76535,3.00,1.50
2012.06.06 14:27:07.186,0.7652,0.76535,3.00,1.88
2012.06.06 14:27:07.337,0.7652,0.76535,2.25,1.50
2012.06.06 14:27:07.910,0.7652,0.76532,2.25,1.50
2012.06.06 14:27:09.774,0.7652,0.76536,3.75,1.50
2012.06.06 14:27:09.848,0.7652,0.76536,4.88,1.50
2012.06.06 14:27:10.529,0.76531,0.76539,1.50,2.44
2012.06.06 14:27:10.887,0.76527,0.76534,4.69,2.25
2012.06.06 14:27:11.096,0.76529,0.76543,3.00,1.50
2012.06.06 14:27:11.315,0.76532,0.76549,1.50,3.75
2012.06.06 14:27:11.444,0.7653,0.76544,2.25,1.50
2012.06.06 14:27:11.516,0.76526,0.76544,3.38,1.50
2012.06.06 14:27:11.586,0.76529,0.76545,1.50,1.50
2012.06.06 14:27:12.332,0.76527,0.76545,2.25,1.50
2012.06.06 14:27:12.744,0.76526,0.76544,1.88,1.50
2012.06.06 14:27:12.817,0.76526,0.76542,1.50,1.50
2012.06.06 14:27:13.176,0.76523,0.7654,4.50,1.50
2012.06.06 14:27:13.742,0.76525,0.76541,2.25,1.50
2012.06.06 14:27:14.262,0.76524,0.7654,2.25,1.50
2012.06.06 14:27:15.282,0.76523,0.76541,6.00,1.50
2012.06.06 14:27:16.793,0.76524,0.76542,2.25,1.50
2012.06.06 14:27:18.023,0.76523,0.76541,6.00,1.50
2012.06.06 14:27:18.669,0.76523,0.7654,4.50,1.50
2012.06.06 14:27:19.858,0.76524,0.76542,2.25,1.50
2012.06.06 14:27:21.044,0.76526,0.76544,1.50,1.88
2012.06.06 14:27:22.150,0.76527,0.76544,2.25,1.88
2012.06.06 14:27:22.231,0.76531,0.76547,1.50,3.75
2012.06.06 14:27:22.506,0.76531,0.76547,1.50,1.88
2012.06.06 14:27:24.382,0.7653,0.76548,1.50,3.38
2012.06.06 14:27:24.527,0.76528,0.76542,1.88,1.50
2012.06.06 14:27:25.113,0.76523,0.76539,1.50,1.88
2012.06.06 14:27:25.188,0.7652,0.76536,3.75,1.50
2012.06.06 14:27:25.534,0.76519,0.76534,2.25,1.50
2012.06.06 14:27:25.883,0.76519,0.76537,2.25,1.50
2012.06.06 14:27:26.155,0.76521,0.76537,1.50,1.50
2012.06.06 14:27:26.367,0.76521,0.76539,1.50,1.88
2012.06.06 14:27:26.446,0.76523,0.76541,2.25,1.88
2012.06.06 14:27:26.779,0.76529,0.76543,1.50,1.28
2012.06.06 14:27:26.995,0.76529,0.76544,1.50,1.20
2012.06.06 14:27:27.460,0.76527,0.76544,1.50,1.20
2012.06.06 14:27:28.026,0.76527,0.76545,3.00,2.25
2012.06.06 14:27:28.238,0.76528,0.76545,1.50,2.25
2012.06.06 14:27:28.318,0.76531,0.76547,1.50,2.63
2012.06.06 14:27:29.027,0.76529,0.76545,3.00,1.50
2012.06.06 14:27:29.670,0.76528,0.76544,1.50,1.50
2012.06.06 14:27:30.552,0.76526,0.76542,2.44,1.50
2012.06.06 14:27:30.885,0.76525,0.76538,1.50,1.50
2012.06.06 14:27:31.208,0.76524,0.76534,1.32,1.50
2012.06.06 14:27:31.424,0.76517,0.76529,1.69,1.50
2012.06.06 14:27:31.925,0.76517,0.76532,1.69,1.50
2012.06.06 14:27:32.954,0.76517,0.76532,1.50,1.50
2012.06.06 14:27:34.297,0.76517,0.76533,2.44,1.50
2012.06.06 14:27:34.868,0.76517,0.76534,2.44,1.50
2012.06.06 14:27:35.707,0.76518,0.76534,1.50,1.50
2012.06.06 14:27:36.061,0.76517,0.76532,1.69,1.50
2012.06.06 14:27:37.377,0.76517,0.76532,2.25,1.50
2012.06.06 14:27:37.605,0.76521,0.76536,1.50,1.50
2012.06.06 14:27:38.015,0.76523,0.76539,2.25,1.88
2012.06.06 14:27:38.357,0.76526,0.76541,1.50,2.82
2012.06.06 14:27:38.634,0.76526,0.76542,1.50,1.63
2012.06.06 14:27:38.942,0.76529,0.76543,1.50,1.50
2012.06.06 14:27:39.141,0.76527,0.76541,1.50,1.20
2012.06.06 14:27:39.214,0.76525,0.76541,1.50,1.20
2012.06.06 14:27:39.758,0.76524,0.7654,1.50,1.50
2012.06.06 14:27:39.834,0.76529,0.76543,1.50,1.50
2012.06.06 14:27:40.347,0.7653,0.76544,1.50,1.39
2012.06.06 14:27:40.860,0.7653,0.76546,1.50,2.25
2012.06.06 14:27:41.145,0.76527,0.76545,2.25,2.25
2012.06.06 14:27:41.819,0.76527,0.76543,2.25,1.50
2012.06.06 14:27:42.366,0.76526,0.76542,1.88,1.50
2012.06.06 14:27:42.515,0.76526,0.76544,1.88,2.25
2012.06.06 14:27:42.814,0.76526,0.76542,1.88,1.50
2012.06.06 14:27:43.368,0.76527,0.76543,1.50,1.50
2012.06.06 14:27:44.314,0.76525,0.76541,4.13,1.50
2012.06.06 14:27:44.716,0.76522,0.76538,2.63,1.50
2012.06.06 14:27:44.866,0.76521,0.76537,1.88,1.50
2012.06.06 14:27:45.074,0.76518,0.76534,6.72,1.50
2012.06.06 14:27:45.635,0.76517,0.76535,2.25,2.63
2012.06.06 14:27:46.368,0.76519,0.76535,1.50,2.63
2012.06.06 14:27:46.924,0.7652,0.76535,1.50,1.13
2012.06.06 14:27:47.599,0.76518,0.76535,3.75,1.13
2012.06.06 14:27:47.744,0.76521,0.76535,1.50,1.13
2012.06.06 14:27:48.096,0.76525,0.76539,1.50,1.50
2012.06.06 14:27:48.163,0.76525,0.7654,1.50,3.00
2012.06.06 14:27:48.574,0.76527,0.76541,1.50,1.50
2012.06.06 14:27:49.176,0.76528,0.76542,2.25,1.20
2012.06.06 14:27:49.253,0.76528,0.76546,3.19,2.70
2012.06.06 14:27:49.323,0.76533,0.76546,1.50,1.20
2012.06.06 14:27:49.719,0.76536,0.76546,1.50,1.20
2012.06.06 14:27:50.112,0.76534,0.76546,3.00,1.20
2012.06.06 14:27:50.183,0.76536,0.76546,1.50,1.20
2012.06.06 14:27:50.604,0.76538,0.76546,1.50,1.20
2012.06.06 14:27:51.101,0.76538,0.76554,1.50,2.63
2012.06.06 14:27:51.507,0.76536,0.76552,1.50,2.14
2012.06.06 14:27:51.735,0.76538,0.76554,1.50,5.22
2012.06.06 14:27:51.803,0.76535,0.76551,2.25,1.50
2012.06.06 14:27:52.388,0.76536,0.76554,1.50,2.44
2012.06.06 14:27:53.221,0.76537,0.76555,1.50,4.32
2012.06.06 14:27:54.202,0.76537,0.76554,1.50,2.14
2012.06.06 14:27:55.078,0.76537,0.76553,1.50,2.14
2012.06.06 14:27:56.309,0.76539,0.76554,1.50,5.33
2012.06.06 14:27:56.458,0.76536,0.76554,1.50,5.63
2012.06.06 14:27:56.885,0.76534,0.76552,2.25,3.04
2012.06.06 14:27:57.203,0.76532,0.76545,2.25,1.50
2012.06.06 14:27:57.513,0.76529,0.76545,2.63,2.25
2012.06.06 14:27:57.583,0.76529,0.76543,1.13,1.50
2012.06.06 14:27:57.925,0.76527,0.7654,1.65,1.35
2012.06.06 14:27:58.651,0.76527,0.76539,1.28,3.04
2012.06.06 14:27:58.734,0.76522,0.76534,2.25,1.32
2012.06.06 14:27:59.357,0.76519,0.76537,1.50,3.75
2012.06.06 14:27:59.505,0.76522,0.76537,1.50,2.25
2012.06.06 14:27:59.873,0.76521,0.76537,1.50,3.34
2012.06.06 14:28:02.634,0.76521,0.76537,2.25,1.61
2012.06.06 14:28:02.986,0.76527,0.76539,1.50,2.33
2012.06.06 14:28:03.138,0.76531,0.76544,1.50,2.53
2012.06.06 14:28:03.217,0.76532,0.76542,1.50,2.10
2012.06.06 14:28:03.297,0.76524,0.76539,1.50,2.25
2012.06.06 14:28:03.377,0.76525,0.76538,1.50,1.50
2012.06.06 14:28:03.530,0.76526,0.76539,1.13,1.40
2012.06.06 14:28:03.667,0.76531,0.76545,1.50,1.13
2012.06.06 14:28:04.220,0.76532,0.76547,1.50,1.50
2012.06.06 14:28:04.301,0.76528,0.76544,1.50,1.13
2012.06.06 14:28:04.434,0.76528,0.76545,1.50,2.25
2012.06.06 14:28:04.576,0.7653,0.76544,1.50,1.50
2012.06.06 14:28:04.792,0.7653,0.76545,1.50,3.00
2012.06.06 14:28:05.334,0.76531,0.76544,1.50,4.88
2012.06.06 14:28:05.402,0.76529,0.76544,1.50,4.13
2012.06.06 14:28:05.533,0.76527,0.76544,2.25,4.13
2012.06.06 14:28:05.913,0.76531,0.76544,1.50,4.13
2012.06.06 14:28:06.689,0.7653,0.76544,1.50,4.13
2012.06.06 14:28:07.052,0.76533,0.76547,1.50,1.62
2012.06.06 14:28:07.397,0.76539,0.76548,1.50,1.40
2012.06.06 14:28:07.687,0.76539,0.76552,1.50,1.50
2012.06.06 14:28:07.824,0.76535,0.76551,2.25,1.50
2012.06.06 14:28:08.101,0.76538,0.76552,1.50,1.50
2012.06.06 14:28:08.352,0.76539,0.76554,1.50,1.13
2012.06.06 14:28:08.878,0.76537,0.76555,1.50,3.19
2012.06.06 14:28:09.382,0.76541,0.76555,1.50,1.50
2012.06.06 14:28:09.652,0.76538,0.76555,1.50,2.25
2012.06.06 14:28:10.188,0.76537,0.76555,1.50,2.25
2012.06.06 14:28:10.522,0.7654,0.76556,1.50,3.38
2012.06.06 14:28:10.875,0.76538,0.76552,1.50,1.50
2012.06.06 14:28:10.948,0.76534,0.76552,1.50,2.48
2012.06.06 14:28:11.096,0.76535,0.76551,1.50,3.00
2012.06.06 14:28:11.657,0.76534,0.76545,1.50,1.13
2012.06.06 14:28:11.737,0.76527,0.76545,2.36,1.88
2012.06.06 14:28:11.812,0.76527,0.76545,1.50,1.88
2012.06.06 14:28:12.002,0.76529,0.76546,1.50,1.88
2012.06.06 14:28:12.344,0.7653,0.76544,1.50,2.63
2012.06.06 14:28:12.472,0.7653,0.76544,1.50,2.63
2012.06.06 14:28:13.015,0.76531,0.76544,1.50,3.38
2012.06.06 14:28:13.531,0.7653,0.76544,1.50,2.63
2012.06.06 14:28:14.006,0.7653,0.76544,1.50,2.63
2012.06.06 14:28:15.302,0.76531,0.76544,1.50,2.63
2012.06.06 14:28:15.504,0.76529,0.76544,1.50,2.63
2012.06.06 14:28:17.003,0.76528,0.76544,1.50,4.32
2012.06.06 14:28:17.417,0.76526,0.76542,1.50,1.88
2012.06.06 14:28:18.063,0.76525,0.76543,1.50,1.88
2012.06.06 14:28:18.446,0.76527,0.76543,1.50,1.88
2012.06.06 14:28:18.666,0.76525,0.76543,1.50,1.88
2012.06.06 14:28:19.214,0.76526,0.76544,1.50,5.07
2012.06.06 14:28:20.059,0.76525,0.76543,1.50,1.88
2012.06.06 14:28:20.205,0.76527,0.76541,1.50,1.32
2012.06.06 14:28:20.413,0.76523,0.76538,1.50,1.40
2012.06.06 14:28:20.780,0.76523,0.76539,2.25,3.28
2012.06.06 14:28:20.855,0.76529,0.76546,1.50,2.25
2012.06.06 14:28:21.373,0.76527,0.76543,1.50,1.13
2012.06.06 14:28:21.645,0.76527,0.76543,1.50,3.00
2012.06.06 14:28:22.102,0.76527,0.76543,1.50,3.75
2012.06.06 14:28:22.383,0.76521,0.76537,3.00,2.25
2012.06.06 14:28:22.515,0.76523,0.76538,1.50,2.90
2012.06.06 14:28:22.921,0.76525,0.7654,2.25,1.13
2012.06.06 14:28:23.065,0.76523,0.76541,2.25,2.63
2012.06.06 14:28:24.139,0.76521,0.76538,1.50,1.50
2012.06.06 14:28:24.215,0.76524,0.7654,2.25,1.50
2012.06.06 14:28:24.764,0.76523,0.76539,2.25,1.50
2012.06.06 14:28:26.505,0.76521,0.76537,1.50,1.50
2012.06.06 14:28:26.836,0.76518,0.76528,1.61,1.50
2012.06.06 14:28:27.301,0.76515,0.76525,1.50,1.50
2012.06.06 14:28:27.566,0.76514,0.76525,2.25,1.50
2012.06.06 14:28:27.822,0.76512,0.76529,1.50,1.50
2012.06.06 14:28:28.163,0.76514,0.76532,2.25,2.25
2012.06.06 14:28:28.683,0.76514,0.76532,2.85,1.50
2012.06.06 14:28:28.812,0.76514,0.7653,2.85,1.50
2012.06.06 14:28:29.424,0.76516,0.7653,1.50,1.50
2012.06.06 14:28:29.492,0.76516,0.76532,3.00,1.50
2012.06.06 14:28:30.054,0.76516,0.76534,3.00,2.63
2012.06.06 14:28:30.195,0.76524,0.76534,1.50,1.13
2012.06.06 14:28:30.403,0.76524,0.76539,1.50,2.90
2012.06.06 14:28:30.545,0.76524,0.76539,1.50,1.40
2012.06.06 14:28:30.833,0.76524,0.76542,3.00,2.25
2012.06.06 14:28:31.924,0.76527,0.76544,2.25,1.50
2012.06.06 14:28:32.634,0.76527,0.76544,2.25,1.50
2012.06.06 14:28:32.775,0.76525,0.76539,1.69,1.50
2012.06.06 14:28:33.125,0.76523,0.76538,1.50,3.75
2012.06.06 14:28:33.256,0.76522,0.76538,1.50,3.75
2012.06.06 14:28:33.464,0.76522,0.76538,3.00,1.50
2012.06.06 14:28:33.535,0.76524,0.76541,2.25,1.50
2012.06.06 14:28:34.042,0.76522,0.7654,3.00,1.50
2012.06.06 14:28:34.623,0.76523,0.76539,2.25,1.50
2012.06.06 14:28:35.219,0.76523,0.76538,2.25,1.50
2012.06.06 14:28:35.644,0.76522,0.76538,2.25,1.50
2012.06.06 14:28:35.852,0.76526,0.76542,2.25,2.25
2012.06.06 14:28:36.364,0.76524,0.7654,2.25,1.50
2012.06.06 14:28:37.334,0.76524,0.7654,2.25,2.25
2012.06.06 14:28:37.522,0.76521,0.76536,2.25,1.50
2012.06.06 14:28:37.735,0.7652,0.76536,2.63,1.50
2012.06.06 14:28:37.806,0.7652,0.76534,1.13,1.50
2012.06.06 14:28:38.480,0.76519,0.76535,3.00,1.50
2012.06.06 14:28:39.797,0.76519,0.76534,1.50,1.50
2012.06.06 14:28:40.135,0.76519,0.76532,1.50,1.50
2012.06.06 14:28:40.205,0.76518,0.76535,1.50,3.38
2012.06.06 14:28:40.414,0.76516,0.76532,2.44,1.50
2012.06.06 14:28:41.093,0.76516,0.76532,1.50,1.50
2012.06.06 14:28:41.814,0.76516,0.76532,2.25,1.50
2012.06.06 14:28:41.954,0.76516,0.76534,2.25,1.88
2012.06.06 14:28:42.027,0.76516,0.76532,1.50,1.13
2012.06.06 14:28:42.386,0.76514,0.76523,1.50,1.50
2012.06.06 14:28:42.728,0.76513,0.7652,1.50,3.00
2012.06.06 14:28:43.085,0.76509,0.76518,1.50,1.50
2012.06.06 14:28:43.347,0.76505,0.76513,1.50,1.50
2012.06.06 14:28:43.777,0.76502,0.7651,1.50,1.50
2012.06.06 14:28:44.373,0.76503,0.76514,1.50,1.50
2012.06.06 14:28:44.907,0.76503,0.7651,1.50,1.50
2012.06.06 14:28:44.986,0.76503,0.76512,1.50,1.50
2012.06.06 14:28:45.564,0.76503,0.76512,1.50,1.50
2012.06.06 14:28:45.694,0.76503,0.76514,1.50,3.00
2012.06.06 14:28:46.359,0.76502,0.76513,1.50,1.50
2012.06.06 14:28:46.563,0.76499,0.76512,1.50,1.50
2012.06.06 14:28:46.704,0.76498,0.76512,1.50,1.50
2012.06.06 14:28:47.274,0.76498,0.76512,2.25,1.50
2012.06.06 14:28:47.613,0.76503,0.76514,1.50,1.50
2012.06.06 14:28:48.315,0.76503,0.76512,1.50,1.50
2012.06.06 14:28:49.396,0.76502,0.76513,1.50,1.50
2012.06.06 14:28:49.536,0.76498,0.76512,1.50,1.50
2012.06.06 14:28:49.617,0.76498,0.7651,1.50,1.50
2012.06.06 14:28:49.973,0.76503,0.76514,1.50,3.00
2012.06.06 14:28:50.316,0.76503,0.76512,1.50,1.50
2012.06.06 14:28:51.441,0.76503,0.76512,1.50,1.50
2012.06.06 14:28:51.971,0.76503,0.76513,1.50,1.50
2012.06.06 14:28:52.571,0.76503,0.76514,1.50,1.50
2012.06.06 14:28:54.898,0.76503,0.7651,1.50,1.50
2012.06.06 14:28:55.168,0.76503,0.76509,1.50,1.50
2012.06.06 14:28:56.634,0.76503,0.76514,1.50,1.50
2012.06.06 14:28:57.851,0.76503,0.76515,1.50,1.50
2012.06.06 14:28:58.640,0.76503,0.76514,1.50,1.50
2012.06.06 14:28:58.895,0.76503,0.76518,2.25,2.25
2012.06.06 14:28:59.263,0.76504,0.7652,2.25,1.50
2012.06.06 14:28:59.716,0.76507,0.76522,1.50,1.13
2012.06.06 14:29:00.424,0.76507,0.76523,1.50,2.44
2012.06.06 14:29:00.753,0.76503,0.76516,1.50,1.50
2012.06.06 14:29:00.823,0.76503,0.76519,1.50,3.38
2012.06.06 14:29:02.140,0.76503,0.76519,1.50,1.13
2012.06.06 14:29:02.471,0.76495,0.76508,2.40,1.50
2012.06.06 14:29:02.689,0.76494,0.76511,2.25,1.50
2012.06.06 14:29:02.766,0.76494,0.76511,1.50,1.50
2012.06.06 14:29:03.402,0.7649,0.76506,2.63,1.50
2012.06.06 14:29:03.755,0.76489,0.76504,2.25,1.13
2012.06.06 14:29:04.257,0.76491,0.76506,1.50,2.25
2012.06.06 14:29:04.674,0.76489,0.76502,2.25,1.50
2012.06.06 14:29:04.944,0.76487,0.76503,1.50,3.75
2012.06.06 14:29:05.155,0.76487,0.76501,1.50,1.35
2012.06.06 14:29:05.885,0.76483,0.76499,1.50,1.88
2012.06.06 14:29:07.594,0.76483,0.76499,1.50,1.13
2012.06.06 14:29:07.962,0.76483,0.76495,1.50,4.50
2012.06.06 14:29:08.038,0.76481,0.76494,3.00,2.25
2012.06.06 14:29:08.494,0.76477,0.76493,1.50,1.88
2012.06.06 14:29:10.993,0.76479,0.76494,1.50,1.88
2012.06.06 14:29:11.204,0.76482,0.76496,1.50,1.50
2012.06.06 14:29:11.744,0.76483,0.76497,1.50,3.00
2012.06.06 14:29:12.934,0.76483,0.76496,1.50,1.50
2012.06.06 14:29:13.288,0.76483,0.76494,1.50,1.50
2012.06.06 14:29:14.054,0.7648,0.76494,1.50,2.25
2012.06.06 14:29:14.464,0.76483,0.7649,1.50,1.50
2012.06.06 14:29:14.734,0.76482,0.76495,1.50,1.50
2012.06.06 14:29:14.945,0.76482,0.76497,1.50,2.63
2012.06.06 14:29:15.211,0.76483,0.76495,1.50,1.50
2012.06.06 14:29:15.876,0.76482,0.76494,1.50,1.50
2012.06.06 14:29:16.931,0.76482,0.76495,1.50,1.50
2012.06.06 14:29:18.343,0.76482,0.76495,1.50,2.25
2012.06.06 14:29:18.473,0.76477,0.76488,3.53,1.50
2012.06.06 14:29:18.546,0.76477,0.76487,3.53,1.50
2012.06.06 14:29:18.616,0.76477,0.76487,2.25,2.25
2012.06.06 14:29:18.696,0.76475,0.76489,1.50,1.13
2012.06.06 14:29:18.766,0.76474,0.7649,2.25,5.53
2012.06.06 14:29:19.294,0.76474,0.76492,2.25,2.82
2012.06.06 14:29:20.574,0.76474,0.76492,2.25,5.67
2012.06.06 14:29:20.845,0.7647,0.76487,3.75,3.75
2012.06.06 14:29:21.054,0.7647,0.76487,3.00,3.00
2012.06.06 14:29:21.395,0.76473,0.76488,3.75,1.50
2012.06.06 14:29:21.474,0.76476,0.76492,1.50,3.38
2012.06.06 14:29:22.002,0.76475,0.76491,1.50,1.50
2012.06.06 14:29:23.069,0.76474,0.7649,2.25,1.50
2012.06.06 14:29:23.206,0.76473,0.76488,1.50,2.25
2012.06.06 14:29:23.540,0.76473,0.76486,1.50,1.50
2012.06.06 14:29:23.887,0.76473,0.7649,1.50,1.50
2012.06.06 14:29:24.283,0.76477,0.76493,1.50,5.44
2012.06.06 14:29:24.803,0.76478,0.76493,1.50,2.25
2012.06.06 14:29:25.326,0.76477,0.76493,1.95,3.00
2012.06.06 14:29:28.287,0.76479,0.76495,1.50,1.50
2012.06.06 14:29:28.612,0.76479,0.76493,1.50,1.50
2012.06.06 14:29:29.062,0.76479,0.76495,3.00,1.50
2012.06.06 14:29:29.623,0.76479,0.76493,1.50,1.50
2012.06.06 14:29:30.501,0.76479,0.76494,1.50,1.50
2012.06.06 14:29:30.999,0.76479,0.76496,3.00,2.25
2012.06.06 14:29:31.728,0.76479,0.76495,3.00,1.50
2012.06.06 14:29:32.962,0.76479,0.76494,1.50,1.50
2012.06.06 14:29:33.471,0.76479,0.76494,1.50,1.50
2012.06.06 14:29:37.252,0.76479,0.76493,1.50,1.50
2012.06.06 14:29:38.470,0.76479,0.76494,1.50,1.50
2012.06.06 14:29:39.784,0.76479,0.76495,1.50,1.50
2012.06.06 14:29:40.348,0.76479,0.76496,1.50,2.25
2012.06.06 14:29:41.043,0.7648,0.76497,1.50,1.50
2012.06.06 14:29:41.735,0.76479,0.76494,1.50,1.50
2012.06.06 14:29:42.275,0.76479,0.76496,3.00,1.50
2012.06.06 14:29:42.532,0.76479,0.76494,1.50,1.50
2012.06.06 14:29:42.878,0.76476,0.76488,1.50,3.75
2012.06.06 14:29:43.237,0.7648,0.76498,3.00,4.44
2012.06.06 14:29:43.642,0.7648,0.76496,1.50,1.50
2012.06.06 14:29:44.056,0.7648,0.76498,2.25,3.00
2012.06.06 14:29:44.742,0.76479,0.76497,3.00,1.50
2012.06.06 14:29:45.233,0.76481,0.76498,1.50,2.25
2012.06.06 14:29:45.753,0.7648,0.76497,2.25,1.50
2012.06.06 14:29:46.595,0.76482,0.76497,1.50,2.10
2012.06.06 14:29:47.120,0.76476,0.76492,2.25,1.20
2012.06.06 14:29:47.204,0.76475,0.76488,1.50,1.50
2012.06.06 14:29:47.415,0.76473,0.76489,3.00,1.50
2012.06.06 14:29:47.936,0.76476,0.76491,1.50,1.20
2012.06.06 14:29:48.452,0.76474,0.76491,2.25,1.20
2012.06.06 14:29:48.962,0.76476,0.76491,1.50,1.20
2012.06.06 14:29:49.194,0.76476,0.76488,1.50,1.50
2012.06.06 14:29:49.677,0.7647,0.76487,3.00,1.50
2012.06.06 14:29:49.754,0.76472,0.76488,2.25,3.00
2012.06.06 14:29:50.103,0.76477,0.76492,2.25,1.50
2012.06.06 14:29:50.307,0.76477,0.76493,2.25,1.20
2012.06.06 14:29:50.847,0.76475,0.7649,1.50,1.50
2012.06.06 14:29:51.636,0.76475,0.76492,1.50,1.95
2012.06.06 14:29:52.203,0.76477,0.76491,1.13,1.50
2012.06.06 14:29:52.347,0.76475,0.76491,1.61,1.50
2012.06.06 14:29:52.567,0.76477,0.76492,1.50,1.50
2012.06.06 14:29:52.929,0.76476,0.76491,1.50,1.50
2012.06.06 14:29:53.214,0.76478,0.76492,1.50,1.50
2012.06.06 14:29:53.568,0.7648,0.76494,2.25,1.95
2012.06.06 14:29:54.153,0.76479,0.76492,1.50,1.50
2012.06.06 14:29:55.338,0.76479,0.76493,1.50,1.50
2012.06.06 14:29:55.422,0.76479,0.76495,1.50,1.50
2012.06.06 14:29:55.497,0.76479,0.76493,1.50,1.50
2012.06.06 14:29:55.887,0.76482,0.76493,1.50,1.50
2012.06.06 14:29:55.964,0.76482,0.76496,1.50,1.50
2012.06.06 14:29:56.034,0.76482,0.76494,1.50,1.50
2012.06.06 14:29:56.717,0.76482,0.76493,1.50,1.50
2012.06.06 14:29:56.866,0.76479,0.76494,1.50,1.50
2012.06.06 14:29:56.995,0.76479,0.76492,1.50,1.50
2012.06.06 14:29:57.384,0.76479,0.76494,1.50,1.50
2012.06.06 14:29:57.978,0.76479,0.76493,1.50,1.50
2012.06.06 14:29:58.884,0.76479,0.76492,1.50,1.50
2012.06.06 14:30:00.247,0.76479,0.76494,1.50,1.50
2012.06.06 14:30:00.621,0.76477,0.76491,2.63,1.50
2012.06.06 14:30:00.980,0.76477,0.76485,1.88,1.50
2012.06.06 14:30:01.340,0.76476,0.76482,1.50,1.50
2012.06.06 14:30:01.633,0.76475,0.76487,1.50,1.88
2012.06.06 14:30:01.778,0.76475,0.76485,1.50,1.50
2012.06.06 14:30:02.323,0.76475,0.76485,1.50,1.50
2012.06.06 14:30:02.405,0.76475,0.7649,1.50,1.50
2012.06.06 14:30:02.690,0.76475,0.76492,2.25,1.95
2012.06.06 14:30:02.765,0.76474,0.76489,2.25,1.50
2012.06.06 14:30:03.280,0.76475,0.7649,1.50,1.50
2012.06.06 14:30:03.866,0.76475,0.76492,1.50,1.50
2012.06.06 14:30:04.702,0.76475,0.76491,1.50,1.50
2012.06.06 14:30:04.783,0.76475,0.76486,1.50,3.45
2012.06.06 14:30:04.859,0.76474,0.76487,2.25,3.00
2012.06.06 14:30:05.005,0.76474,0.7649,3.00,1.50
2012.06.06 14:30:05.079,0.76474,0.76492,3.00,1.50
2012.06.06 14:30:05.422,0.76474,0.7649,3.00,1.50
2012.06.06 14:30:09.048,0.76474,0.76492,4.50,1.50
2012.06.06 14:30:09.570,0.76474,0.76491,1.50,1.50
2012.06.06 14:30:10.141,0.76474,0.76488,3.00,1.50
2012.06.06 14:30:10.775,0.76474,0.7649,1.50,3.00
2012.06.06 14:30:10.847,0.76474,0.76488,1.50,1.50
2012.06.06 14:30:11.175,0.76473,0.76481,1.50,1.50
2012.06.06 14:30:11.498,0.76472,0.76478,1.50,1.50
2012.06.06 14:30:11.586,0.7647,0.76479,1.50,1.50
2012.06.06 14:30:12.144,0.76466,0.76478,1.50,1.50
2012.06.06 14:30:12.214,0.76465,0.76478,1.50,2.63
2012.06.06 14:30:12.286,0.76465,0.76476,1.50,3.00
2012.06.06 14:30:12.849,0.76465,0.76479,1.50,1.50
2012.06.06 14:30:12.925,0.76464,0.76479,1.50,1.50
2012.06.06 14:30:13.466,0.76464,0.7648,1.50,1.50
2012.06.06 14:30:13.825,0.76464,0.76478,1.50,1.50
2012.06.06 14:30:14.496,0.76464,0.76479,1.50,1.50
2012.06.06 14:30:15.009,0.76464,0.7648,3.00,1.50
2012.06.06 14:30:15.375,0.76464,0.76476,1.50,1.50
2012.06.06 14:30:17.264,0.76464,0.76478,1.50,1.50
2012.06.06 14:30:17.783,0.76465,0.7648,1.50,1.50
2012.06.06 14:30:18.409,0.76465,0.76483,3.00,4.20
2012.06.06 14:30:18.763,0.76469,0.76483,1.50,1.95
2012.06.06 14:30:19.116,0.76473,0.76486,1.50,2.25
2012.06.06 14:30:19.947,0.76473,0.76486,1.50,1.50
2012.06.06 14:30:20.038,0.76474,0.7649,3.00,2.75
2012.06.06 14:30:20.184,0.76477,0.76492,1.50,1.10
2012.06.06 14:30:20.535,0.76479,0.76491,1.50,1.50
2012.06.06 14:30:20.747,0.76479,0.76493,1.50,2.70
2012.06.06 14:30:21.254,0.76479,0.76494,1.50,1.50
2012.06.06 14:30:21.771,0.76479,0.76493,1.50,1.50
2012.06.06 14:30:22.895,0.76479,0.76495,1.50,1.50
2012.06.06 14:30:23.496,0.7648,0.76495,1.50,1.88
2012.06.06 14:30:24.004,0.76478,0.76493,2.25,1.50
2012.06.06 14:30:24.142,0.76478,0.76491,2.25,1.50
2012.06.06 14:30:24.405,0.76478,0.76493,2.25,1.50
2012.06.06 14:30:25.987,0.76478,0.76493,1.50,1.50
2012.06.06 14:30:26.064,0.76476,0.76493,1.13,1.50
2012.06.06 14:30:26.420,0.7649,0.765,1.50,2.53
2012.06.06 14:30:26.499,0.7649,0.765,1.50,1.40
2012.06.06 14:30:26.645,0.76492,0.765,1.50,1.40
2012.06.06 14:30:26.937,0.76492,0.76504,3.00,1.40
2012.06.06 14:30:27.016,0.76494,0.76505,1.50,1.50
2012.06.06 14:30:27.283,0.76497,0.7651,1.50,1.13
2012.06.06 14:30:27.783,0.76495,0.7651,1.50,1.13
2012.06.06 14:30:29.442,0.76495,0.76506,1.50,1.50
2012.06.06 14:30:29.586,0.76491,0.76506,1.88,2.15
2012.06.06 14:30:29.655,0.76489,0.76505,1.88,2.90
2012.06.06 14:30:30.772,0.76489,0.76504,1.50,1.40
2012.06.06 14:30:31.063,0.76491,0.76504,1.50,1.40
2012.06.06 14:30:31.736,0.7649,0.76505,1.50,1.40
2012.06.06 14:30:35.572,0.76489,0.76505,1.50,1.40
2012.06.06 14:30:36.120,0.76488,0.76505,2.63,1.40
2012.06.06 14:30:37.151,0.76488,0.76504,1.88,2.90
2012.06.06 14:30:37.684,0.7649,0.76504,1.50,1.40
2012.06.06 14:30:38.344,0.76488,0.76504,4.13,1.40
2012.06.06 14:30:41.559,0.76484,0.76502,3.75,2.25
2012.06.06 14:30:41.630,0.76484,0.76502,3.00,2.25
2012.06.06 14:30:42.004,0.76487,0.76503,1.50,4.73
2012.06.06 14:30:43.365,0.76488,0.76503,1.50,3.13
2012.06.06 14:30:43.694,0.7649,0.76503,1.50,3.13
2012.06.06 14:30:44.368,0.76491,0.76503,1.50,2.48
2012.06.06 14:30:44.702,0.76491,0.76503,1.50,1.73
2012.06.06 14:30:44.903,0.76491,0.76507,1.50,3.28
2012.06.06 14:30:44.973,0.76491,0.76507,2.25,2.53
2012.06.06 14:30:45.258,0.76492,0.76507,1.50,3.75
2012.06.06 14:30:45.613,0.76501,0.76516,1.50,1.88
2012.06.06 14:30:45.935,0.76502,0.76517,1.50,3.57
2012.06.06 14:30:46.076,0.76502,0.76517,1.50,1.69
2012.06.06 14:30:46.146,0.76505,0.76519,2.25,1.50
2012.06.06 14:30:48.409,0.7651,0.76521,1.50,1.50
2012.06.06 14:30:48.837,0.76512,0.76523,1.50,2.25
2012.06.06 14:30:48.988,0.7651,0.76523,1.50,1.88
2012.06.06 14:30:49.504,0.76512,0.76523,1.50,1.88
2012.06.06 14:30:50.105,0.76512,0.76525,2.25,2.63
2012.06.06 14:30:50.180,0.76522,0.7653,1.50,1.22
2012.06.06 14:30:50.467,0.76525,0.76534,1.50,1.40
2012.06.06 14:30:50.893,0.76525,0.76538,2.25,2.25
2012.06.06 14:30:51.345,0.76525,0.76538,2.25,1.50
2012.06.06 14:30:52.261,0.76524,0.76538,2.25,1.50
2012.06.06 14:30:54.572,0.76525,0.76539,1.50,1.13
2012.06.06 14:30:54.946,0.76523,0.76541,3.75,2.63
2012.06.06 14:30:55.492,0.76525,0.76542,1.50,1.13
2012.06.06 14:30:57.503,0.76524,0.7654,2.25,1.88
2012.06.06 14:30:58.252,0.76525,0.76541,1.50,1.88
2012.06.06 14:30:59.224,0.76524,0.7654,2.25,1.88
2012.06.06 14:31:00.275,0.76525,0.76541,1.50,1.88
2012.06.06 14:31:00.792,0.76523,0.7654,2.25,1.88
2012.06.06 14:31:01.353,0.76526,0.76541,1.50,1.13
2012.06.06 14:31:01.686,0.76524,0.7654,2.25,2.25
2012.06.06 14:31:02.202,0.76523,0.76539,3.75,1.88
2012.06.06 14:31:07.304,0.76527,0.76541,1.50,1.50
2012.06.06 14:31:07.891,0.76526,0.76541,1.50,1.50
2012.06.06 14:31:08.651,0.76524,0.76541,3.00,1.50
2012.06.06 14:31:10.443,0.76525,0.7654,3.75,1.88
2012.06.06 14:31:10.712,0.76529,0.76541,1.50,1.50
2012.06.06 14:31:11.096,0.76529,0.76543,1.50,1.50
2012.06.06 14:31:11.168,0.76525,0.76543,3.75,1.13
2012.06.06 14:31:11.245,0.76525,0.76544,2.25,2.07
2012.06.06 14:31:11.386,0.76527,0.76545,2.25,2.07
2012.06.06 14:31:11.738,0.76524,0.76543,1.50,4.88
2012.06.06 14:31:16.244,0.76524,0.7654,1.50,1.13
2012.06.06 14:31:16.794,0.76523,0.7654,1.50,1.88
2012.06.06 14:31:17.343,0.76525,0.7654,1.50,1.13
2012.06.06 14:31:18.045,0.76523,0.7654,1.50,1.13
2012.06.06 14:31:18.600,0.76524,0.76541,1.50,1.13
2012.06.06 14:31:19.142,0.76525,0.76541,2.25,1.13
2012.06.06 14:31:22.343,0.76524,0.76544,1.50,3.00
2012.06.06 14:31:23.133,0.76523,0.76543,1.50,1.35
2012.06.06 14:31:23.488,0.76522,0.76541,1.50,1.88
2012.06.06 14:31:24.006,0.76517,0.76533,1.50,1.13
2012.06.06 14:31:24.301,0.76517,0.76533,1.50,1.13
2012.06.06 14:31:24.508,0.76516,0.7653,1.50,1.50
2012.06.06 14:31:26.346,0.76514,0.76531,2.63,1.50
2012.06.06 14:31:27.315,0.76514,0.76528,1.50,1.50
2012.06.06 14:31:27.529,0.76514,0.76529,1.50,1.50
2012.06.06 14:31:27.744,0.76511,0.76525,2.25,1.50
2012.06.06 14:31:27.885,0.7651,0.76525,3.00,1.50
2012.06.06 14:31:28.322,0.7651,0.7652,1.50,1.50
2012.06.06 14:31:28.398,0.76507,0.76521,1.50,1.50
2012.06.06 14:31:28.617,0.76512,0.76521,1.50,1.50
2012.06.06 14:31:28.823,0.76511,0.76524,1.50,1.50
2012.06.06 14:31:28.894,0.76511,0.76526,1.50,2.63
2012.06.06 14:31:28.964,0.76511,0.76526,3.75,2.63
2012.06.06 14:31:29.315,0.76515,0.76526,2.25,1.50
2012.06.06 14:31:30.233,0.76521,0.7653,1.50,1.50
2012.06.06 14:31:30.305,0.76519,0.7653,1.50,1.50
2012.06.06 14:31:30.764,0.76519,0.7653,1.50,1.50
2012.06.06 14:31:31.363,0.76519,0.7653,1.50,1.50
2012.06.06 14:31:31.883,0.76519,0.7653,2.25,1.50
2012.06.06 14:31:32.098,0.76522,0.76535,1.50,1.50
2012.06.06 14:31:32.175,0.76522,0.76535,1.50,1.50
2012.06.06 14:31:32.246,0.76525,0.76535,1.50,1.50
2012.06.06 14:31:32.636,0.76528,0.76535,1.50,1.50
2012.06.06 14:31:34.855,0.76525,0.76539,1.50,1.50
2012.06.06 14:31:35.194,0.76523,0.76535,1.50,1.50
2012.06.06 14:31:35.746,0.76522,0.76535,1.50,1.50
2012.06.06 14:31:35.960,0.76522,0.76535,1.50,1.50
2012.06.06 14:31:36.365,0.76518,0.76535,3.00,1.50
2012.06.06 14:31:36.564,0.7652,0.76532,1.50,1.50
2012.06.06 14:31:36.903,0.76522,0.76532,1.50,1.50
2012.06.06 14:31:38.636,0.76521,0.76532,1.50,1.50
2012.06.06 14:31:38.989,0.76525,0.76532,1.58,1.50
2012.06.06 14:31:39.063,0.76525,0.76535,1.58,1.50
2012.06.06 14:31:39.134,0.76529,0.76536,1.50,1.50
2012.06.06 14:31:39.560,0.76535,0.7654,1.50,1.13
2012.06.06 14:31:39.636,0.76533,0.7654,1.50,1.88
2012.06.06 14:31:39.708,0.76537,0.76542,1.50,1.88
2012.06.06 14:31:40.055,0.7654,0.76546,1.50,1.50
2012.06.06 14:31:40.496,0.76538,0.76549,1.50,1.13
2012.06.06 14:31:40.563,0.76537,0.7655,1.50,1.13
2012.06.06 14:31:40.835,0.7654,0.7655,1.50,1.13
2012.06.06 14:31:40.904,0.76537,0.7655,1.50,1.13
2012.06.06 14:31:41.044,0.76536,0.76549,1.50,1.13
2012.06.06 14:31:42.165,0.76539,0.76546,3.00,1.50
2012.06.06 14:31:42.697,0.7654,0.76547,1.50,1.50
2012.06.06 14:31:43.004,0.76537,0.76547,1.50,1.50
2012.06.06 14:31:44.366,0.76536,0.76547,1.50,1.50
2012.06.06 14:31:44.797,0.76534,0.76543,1.50,1.50
2012.06.06 14:31:44.881,0.76527,0.76543,2.63,2.25
2012.06.06 14:31:44.955,0.76527,0.76542,1.50,1.50
2012.06.06 14:31:45.261,0.76529,0.76542,1.50,1.50
2012.06.06 14:31:45.582,0.76524,0.76539,1.50,1.50
2012.06.06 14:31:46.137,0.76526,0.76542,1.50,3.00
2012.06.06 14:31:47.503,0.76526,0.76542,1.50,3.00
2012.06.06 14:31:48.442,0.76526,0.76542,1.50,3.00
2012.06.06 14:31:49.621,0.76526,0.76541,1.50,2.25
2012.06.06 14:31:50.242,0.76526,0.76541,1.50,1.50
2012.06.06 14:31:50.751,0.76526,0.76541,1.50,1.50
2012.06.06 14:31:51.601,0.76526,0.76541,1.50,1.50
2012.06.06 14:31:52.482,0.76528,0.76541,1.50,1.50
2012.06.06 14:31:53.123,0.7653,0.76541,1.50,1.50
2012.06.06 14:31:53.643,0.76531,0.76541,1.50,1.50
2012.06.06 14:31:54.114,0.76533,0.76542,1.50,1.50
2012.06.06 14:31:54.653,0.76532,0.76542,1.50,1.50
2012.06.06 14:31:55.163,0.76535,0.76541,1.50,1.50
2012.06.06 14:31:55.488,0.76539,0.76548,1.50,1.13
2012.06.06 14:31:56.048,0.76537,0.76548,1.50,1.50
2012.06.06 14:31:56.128,0.76537,0.76547,1.50,1.50
2012.06.06 14:31:56.203,0.76539,0.76547,1.50,1.50
2012.06.06 14:31:56.790,0.76538,0.76547,1.50,1.50
2012.06.06 14:31:57.552,0.76536,0.76547,1.50,1.50
2012.06.06 14:31:58.072,0.76535,0.76546,1.50,1.50
2012.06.06 14:31:59.500,0.76535,0.76546,1.50,1.50
2012.06.06 14:31:59.859,0.76533,0.76546,1.50,1.50
2012.06.06 14:32:00.175,0.7653,0.76546,1.50,2.25
2012.06.06 14:32:00.705,0.76531,0.76547,1.50,3.00
2012.06.06 14:32:01.361,0.76535,0.76547,1.50,1.50
2012.06.06 14:32:01.941,0.76534,0.76547,1.50,1.50
2012.06.06 14:32:02.435,0.76532,0.76547,1.50,1.50
2012.06.06 14:32:02.507,0.76537,0.76547,1.50,1.50
2012.06.06 14:32:03.034,0.76538,0.76547,1.50,1.50
2012.06.06 14:32:03.956,0.76538,0.7655,1.50,1.88
2012.06.06 14:32:04.023,0.76535,0.7655,2.25,1.50
2012.06.06 14:32:04.402,0.76537,0.7655,1.50,1.50
2012.06.06 14:32:04.742,0.76537,0.76551,1.50,1.50
2012.06.06 14:32:06.575,0.76537,0.76546,1.50,1.50
2012.06.06 14:32:06.707,0.76537,0.7655,1.50,1.50
2012.06.06 14:32:07.357,0.76537,0.76552,1.50,1.50
2012.06.06 14:32:08.305,0.76537,0.76551,1.50,1.50
2012.06.06 14:32:08.514,0.76535,0.76551,3.75,1.50
2012.06.06 14:32:08.795,0.76538,0.76551,1.50,1.50
2012.06.06 14:32:09.185,0.76536,0.76551,1.50,1.50
2012.06.06 14:32:09.744,0.76533,0.7655,1.88,2.25
2012.06.06 14:32:10.862,0.76533,0.76549,3.38,1.50
2012.06.06 14:32:11.396,0.76532,0.7655,2.25,2.25
2012.06.06 14:32:11.978,0.76533,0.76547,1.50,1.50
2012.06.06 14:32:13.142,0.7653,0.76546,2.63,3.00
2012.06.06 14:32:13.654,0.76535,0.76546,1.50,1.50
2012.06.06 14:32:13.781,0.76532,0.76546,1.50,1.50
2012.06.06 14:32:13.851,0.76536,0.76546,1.50,1.50
2012.06.06 14:32:14.400,0.76536,0.76549,1.50,1.50
2012.06.06 14:32:14.482,0.76536,0.76552,1.50,2.25
2012.06.06 14:32:15.921,0.76535,0.76552,1.50,2.25
2012.06.06 14:32:16.473,0.76534,0.76552,1.50,3.75
2012.06.06 14:32:16.979,0.76536,0.76549,1.50,1.50
2012.06.06 14:32:17.324,0.76537,0.76547,1.50,1.50
2012.06.06 14:32:17.391,0.76535,0.76547,1.50,1.50
2012.06.06 14:32:18.013,0.76536,0.76546,1.50,1.50
2012.06.06 14:32:18.211,0.76536,0.76549,1.50,1.50
2012.06.06 14:32:18.585,0.76536,0.76552,1.50,2.25
2012.06.06 14:32:20.666,0.7654,0.76551,1.50,1.50
2012.06.06 14:32:21.012,0.76542,0.76555,1.50,1.50
2012.06.06 14:32:21.143,0.76544,0.76555,1.50,1.50
2012.06.06 14:32:21.284,0.7654,0.76555,1.50,1.50
2012.06.06 14:32:21.591,0.7654,0.76555,1.50,1.50
2012.06.06 14:32:22.402,0.7654,0.76552,1.50,1.50
2012.06.06 14:32:23.358,0.7654,0.76552,1.50,1.50
2012.06.06 14:32:23.844,0.76537,0.76552,3.00,1.50
2012.06.06 14:32:24.385,0.76533,0.76546,1.50,1.50
2012.06.06 14:32:24.882,0.76531,0.76546,2.25,3.00
2012.06.06 14:32:25.423,0.76531,0.76547,1.50,3.00
2012.06.06 14:32:25.974,0.76532,0.76547,2.25,1.50
2012.06.06 14:32:26.494,0.76531,0.76546,1.50,1.50
2012.06.06 14:32:28.825,0.76533,0.76546,2.25,1.50
2012.06.06 14:32:29.352,0.76533,0.76546,2.25,1.50
2012.06.06 14:32:31.084,0.76531,0.76546,1.50,1.50
2012.06.06 14:32:31.873,0.76531,0.76547,3.00,1.50
2012.06.06 14:32:32.374,0.76531,0.76547,2.25,3.00
2012.06.06 14:32:32.518,0.76529,0.76544,1.50,2.25
2012.06.06 14:32:32.880,0.76525,0.76537,1.50,1.50
2012.06.06 14:32:33.025,0.76524,0.76537,3.00,1.50
2012.06.06 14:32:34.239,0.76524,0.76541,3.00,1.50
2012.06.06 14:32:34.315,0.76525,0.76541,3.00,2.25
2012.06.06 14:32:34.567,0.76526,0.76541,1.50,2.25
2012.06.06 14:32:34.923,0.76528,0.7654,1.50,1.50
2012.06.06 14:32:35.063,0.76527,0.76543,1.50,1.50
2012.06.06 14:32:39.884,0.76527,0.76544,1.50,1.50
2012.06.06 14:32:40.202,0.76527,0.76543,1.50,1.50
2012.06.06 14:32:40.273,0.76527,0.7654,1.50,1.50
2012.06.06 14:32:40.535,0.76526,0.76542,3.00,1.50
2012.06.06 14:32:40.605,0.76526,0.76539,1.50,1.50
2012.06.06 14:32:40.934,0.76526,0.76536,1.50,1.50
2012.06.06 14:32:41.330,0.76522,0.76536,2.25,1.50
2012.06.06 14:32:41.892,0.76522,0.76535,1.50,1.50
2012.06.06 14:32:41.964,0.76522,0.76537,1.50,1.50
2012.06.06 14:32:42.513,0.76522,0.76538,3.00,1.50
2012.06.06 14:32:44.934,0.76527,0.76538,1.13,1.50
2012.06.06 14:32:45.285,0.76531,0.76544,2.25,1.50
2012.06.06 14:32:45.555,0.76532,0.76542,1.50,1.50
2012.06.06 14:32:46.215,0.76528,0.76542,1.50,1.50
2012.06.06 14:32:46.893,0.76528,0.76544,1.50,1.50
2012.06.06 14:32:48.526,0.76526,0.76544,6.38,1.50
2012.06.06 14:32:49.173,0.76528,0.76544,1.69,1.50
2012.06.06 14:32:51.033,0.76534,0.76547,1.50,1.50
2012.06.06 14:32:53.173,0.76534,0.76548,1.50,1.50
2012.06.06 14:32:53.813,0.76534,0.76546,1.50,1.50
2012.06.06 14:32:54.469,0.76534,0.76547,1.50,1.50
2012.06.06 14:32:56.112,0.76534,0.76548,1.50,1.50
2012.06.06 14:32:58.398,0.76534,0.76548,2.25,1.50
2012.06.06 14:32:58.618,0.76537,0.76552,1.50,2.25
2012.06.06 14:32:58.764,0.76537,0.7655,2.25,1.50
2012.06.06 14:32:59.115,0.76535,0.76549,1.13,1.50
2012.06.06 14:33:00.764,0.76534,0.76547,1.50,1.50
2012.06.06 14:33:01.112,0.76534,0.76549,1.50,1.50
2012.06.06 14:33:01.654,0.76534,0.76547,1.50,1.50
2012.06.06 14:33:02.214,0.76534,0.76548,1.50,1.50
2012.06.06 14:33:06.322,0.76536,0.76548,1.50,1.50
2012.06.06 14:33:06.674,0.76543,0.76553,1.50,2.25
2012.06.06 14:33:06.823,0.76542,0.76553,1.50,3.00
2012.06.06 14:33:06.968,0.76537,0.76549,1.61,1.50
2012.06.06 14:33:07.116,0.76534,0.76549,1.88,1.50
2012.06.06 14:33:07.645,0.76534,0.7655,3.00,3.00
2012.06.06 14:33:07.785,0.76536,0.76552,2.25,3.00
2012.06.06 14:33:08.422,0.76535,0.76551,2.25,1.50
2012.06.06 14:33:09.227,0.76535,0.76553,2.25,3.08
2012.06.06 14:33:10.633,0.76535,0.76551,2.25,1.50
2012.06.06 14:33:11.244,0.76535,0.76551,2.25,3.00
2012.06.06 14:33:11.314,0.76538,0.76553,1.50,2.25
2012.06.06 14:33:14.685,0.76538,0.76553,1.50,1.50
2012.06.06 14:33:15.281,0.76539,0.76553,2.25,1.50
2012.06.06 14:33:15.483,0.76538,0.76555,1.50,3.00
2012.06.06 14:33:15.697,0.76539,0.76554,2.85,1.50
2012.06.06 14:33:15.976,0.76542,0.76557,3.00,1.50
2012.06.06 14:33:16.044,0.76542,0.76558,1.50,3.75
2012.06.06 14:33:16.113,0.7654,0.76557,2.25,1.50
2012.06.06 14:33:17.943,0.7654,0.76556,2.25,2.25
2012.06.06 14:33:18.257,0.76543,0.76557,1.50,3.75
2012.06.06 14:33:18.613,0.76542,0.76555,1.50,1.50
2012.06.06 14:33:19.163,0.76539,0.76556,1.88,2.25
2012.06.06 14:33:22.883,0.76542,0.76556,1.50,2.25
2012.06.06 14:33:23.028,0.76543,0.76558,2.25,2.25
2012.06.06 14:33:23.561,0.76543,0.76559,1.50,2.25
2012.06.06 14:33:23.644,0.76542,0.76555,1.50,1.50
2012.06.06 14:33:23.983,0.76538,0.76554,2.44,1.50
2012.06.06 14:33:24.537,0.76539,0.76556,2.44,1.50
2012.06.06 14:33:24.783,0.76537,0.76551,4.61,1.50
2012.06.06 14:33:25.114,0.76537,0.76553,3.75,1.50
2012.06.06 14:33:25.816,0.76538,0.76554,1.54,1.50
2012.06.06 14:33:26.027,0.76543,0.76557,1.69,2.25
2012.06.06 14:33:26.163,0.76543,0.76557,1.69,2.25
2012.06.06 14:33:26.241,0.76543,0.76557,1.50,1.50
2012.06.06 14:33:26.527,0.76535,0.76548,1.69,1.50
2012.06.06 14:33:27.247,0.76535,0.76548,3.04,1.50
2012.06.06 14:33:27.327,0.76537,0.76552,2.25,1.50
2012.06.06 14:33:27.393,0.76537,0.76555,2.25,3.00
2012.06.06 14:33:28.070,0.76539,0.76555,1.50,3.00
2012.06.06 14:33:29.045,0.76538,0.76555,2.25,1.50
2012.06.06 14:33:29.243,0.76537,0.76555,4.50,3.00
2012.06.06 14:33:29.586,0.76542,0.76558,3.75,2.25
2012.06.06 14:33:29.725,0.76544,0.7656,2.25,2.25
2012.06.06 14:33:30.263,0.76544,0.76559,1.50,1.50
2012.06.06 14:33:30.632,0.76544,0.76557,1.50,1.50
2012.06.06 14:33:30.919,0.76542,0.76557,3.00,1.50
2012.06.06 14:33:31.205,0.76542,0.76554,1.50,1.50
2012.06.06 14:33:31.841,0.7654,0.76555,1.13,1.50
2012.06.06 14:33:33.177,0.7654,0.76554,1.13,1.50
2012.06.06 14:33:34.332,0.76539,0.76554,1.50,1.50
2012.06.06 14:33:35.261,0.76538,0.76556,2.25,2.25
2012.06.06 14:33:35.883,0.76538,0.76554,2.25,1.50
2012.06.06 14:33:36.406,0.76538,0.76556,2.25,2.25
2012.06.06 14:33:36.978,0.76539,0.76555,3.00,2.25
2012.06.06 14:33:37.569,0.76538,0.76556,2.25,2.25
2012.06.06 14:33:38.475,0.76539,0.76555,2.25,1.50
2012.06.06 14:33:39.013,0.76539,0.76557,2.25,3.00
2012.06.06 14:33:41.954,0.76542,0.76557,2.25,2.25
2012.06.06 14:33:42.164,0.76543,0.76561,3.00,3.75
2012.06.06 14:33:43.794,0.76544,0.76558,1.50,1.50
2012.06.06 14:33:45.914,0.76544,0.7656,3.00,2.25
2012.06.06 14:33:46.571,0.76544,0.76559,2.25,1.50
2012.06.06 14:33:46.715,0.76545,0.7656,1.88,1.50
2012.06.06 14:33:46.784,0.76547,0.76562,2.25,3.75
2012.06.06 14:33:47.351,0.76547,0.76561,2.25,1.50
2012.06.06 14:33:48.785,0.76547,0.76563,2.25,1.50
2012.06.06 14:33:49.288,0.76547,0.76562,2.25,1.50
2012.06.06 14:33:50.633,0.76547,0.76564,2.25,1.50
2012.06.06 14:33:51.746,0.76547,0.76563,2.25,1.50
2012.06.06 14:33:52.301,0.76547,0.76564,2.25,1.50
2012.06.06 14:33:54.025,0.76547,0.76562,2.25,1.50
2012.06.06 14:33:54.576,0.76547,0.76563,3.75,1.50
2012.06.06 14:33:55.347,0.76547,0.76564,2.25,1.50
2012.06.06 14:33:57.387,0.76547,0.76563,2.25,1.50
2012.06.06 14:33:57.688,0.76547,0.76565,3.75,4.50
2012.06.06 14:33:58.217,0.7655,0.76565,1.50,3.00
2012.06.06 14:33:58.565,0.76553,0.76567,1.50,1.50
2012.06.06 14:33:58.906,0.76557,0.76567,1.50,1.50
2012.06.06 14:33:58.976,0.76557,0.7657,1.50,1.88
2012.06.06 14:33:59.048,0.76555,0.7657,1.50,1.88
2012.06.06 14:33:59.334,0.76557,0.7657,1.50,1.50
2012.06.06 14:33:59.405,0.76555,0.7657,3.38,1.50
2012.06.06 14:34:00.043,0.76553,0.7657,1.88,2.25
2012.06.06 14:34:00.260,0.76552,0.7657,3.00,3.00
2012.06.06 14:34:00.409,0.76554,0.76568,1.50,1.50
2012.06.06 14:34:00.556,0.76552,0.76568,1.50,3.00
2012.06.06 14:34:01.096,0.76551,0.76566,1.50,1.50
2012.06.06 14:34:01.240,0.76553,0.76569,3.00,1.50
2012.06.06 14:34:01.595,0.76559,0.76573,1.50,1.50
2012.06.06 14:34:02.154,0.76558,0.76573,1.50,1.50
2012.06.06 14:34:02.582,0.76561,0.76573,1.50,1.50
2012.06.06 14:34:06.479,0.7656,0.76573,1.50,1.50
2012.06.06 14:34:06.992,0.76559,0.76573,3.00,1.50
2012.06.06 14:34:07.741,0.7656,0.76573,1.50,1.50
2012.06.06 14:34:08.003,0.7656,0.76576,1.50,1.50
2012.06.06 14:34:08.077,0.76566,0.76576,1.50,1.50
2012.06.06 14:34:08.464,0.76566,0.7658,1.50,1.88
2012.06.06 14:34:09.028,0.76566,0.76579,1.50,1.50
2012.06.06 14:34:09.244,0.76564,0.76577,1.50,1.50
2012.06.06 14:34:11.287,0.76562,0.76578,2.25,1.50
2012.06.06 14:34:12.265,0.7656,0.76576,1.50,2.25
2012.06.06 14:34:12.804,0.76561,0.76577,1.50,2.25
2012.06.06 14:34:13.565,0.76562,0.76578,1.50,2.25
2012.06.06 14:34:14.153,0.76564,0.76578,1.50,2.25
2012.06.06 14:34:14.223,0.76562,0.76578,1.50,2.25
2012.06.06 14:34:15.321,0.76564,0.76578,1.50,1.50
2012.06.06 14:34:15.635,0.76564,0.76579,1.50,2.25
2012.06.06 14:34:15.764,0.76564,0.76579,2.25,1.50
2012.06.06 14:34:16.714,0.76565,0.76581,3.00,3.75
2012.06.06 14:34:17.883,0.76565,0.76577,1.50,1.50
2012.06.06 14:34:18.509,0.76565,0.76579,1.50,2.25
2012.06.06 14:34:18.731,0.76565,0.76575,1.50,1.50
2012.06.06 14:34:18.810,0.76563,0.76575,3.00,1.13
2012.06.06 14:34:18.887,0.76563,0.76575,3.00,1.13
2012.06.06 14:34:19.248,0.76557,0.76572,1.50,2.25
2012.06.06 14:34:19.331,0.76558,0.76576,2.25,3.38
2012.06.06 14:34:19.405,0.76558,0.76574,2.25,2.25
2012.06.06 14:34:19.548,0.76557,0.76574,2.25,1.50
2012.06.06 14:34:20.855,0.76556,0.76574,6.38,1.50
2012.06.06 14:34:21.377,0.76556,0.76574,5.63,1.50
2012.06.06 14:34:22.058,0.76558,0.76574,1.50,1.50
2012.06.06 14:34:22.760,0.76558,0.76573,1.50,1.50
2012.06.06 14:34:23.186,0.76556,0.76569,1.50,1.50
2012.06.06 14:34:23.467,0.76554,0.76566,3.00,1.50
2012.06.06 14:34:23.794,0.76554,0.76564,2.25,2.25
2012.06.06 14:34:23.865,0.76551,0.76564,1.50,2.25
2012.06.06 14:34:24.412,0.76549,0.76563,1.50,2.25
2012.06.06 14:34:24.488,0.76546,0.7656,1.69,1.50
2012.06.06 14:34:24.704,0.76547,0.76562,1.88,1.50
2012.06.06 14:34:25.263,0.76547,0.76563,3.38,1.50
2012.06.06 14:34:25.606,0.76547,0.76562,1.13,1.50
2012.06.06 14:34:25.957,0.76547,0.7656,1.13,1.50
2012.06.06 14:34:26.315,0.76551,0.76562,4.69,1.50
2012.06.06 14:34:26.383,0.76553,0.76567,3.00,1.50
2012.06.06 14:34:26.932,0.76549,0.76565,1.88,1.50
2012.06.06 14:34:27.349,0.76549,0.76565,2.63,1.50
2012.06.06 14:34:27.855,0.76549,0.76566,1.13,2.25
2012.06.06 14:34:28.536,0.76554,0.76569,1.50,1.50
2012.06.06 14:34:28.817,0.76552,0.76568,1.50,2.25
2012.06.06 14:34:29.456,0.7655,0.76566,3.19,2.25
2012.06.06 14:34:29.913,0.76553,0.76566,3.00,1.50
2012.06.06 14:34:30.054,0.76553,0.76568,3.00,1.50
2012.06.06 14:34:30.123,0.76553,0.76571,5.25,3.00
2012.06.06 14:34:30.626,0.76553,0.76571,5.25,4.50
2012.06.06 14:34:31.975,0.76553,0.76569,4.69,2.25
2012.06.06 14:34:32.325,0.76547,0.76562,2.89,1.50
2012.06.06 14:34:32.457,0.76546,0.76562,2.44,3.00
2012.06.06 14:34:32.886,0.76545,0.76562,2.25,1.50
2012.06.06 14:34:33.456,0.76544,0.7656,2.44,1.50
2012.06.06 14:34:33.991,0.76544,0.7656,2.44,1.50
2012.06.06 14:34:34.373,0.76544,0.7656,3.19,1.50
2012.06.06 14:34:34.654,0.76548,0.76564,1.50,1.50
2012.06.06 14:34:35.167,0.76547,0.76563,2.25,1.50
2012.06.06 14:34:35.740,0.76547,0.76561,2.25,1.50
2012.06.06 14:34:36.777,0.76545,0.76556,3.94,1.50
2012.06.06 14:34:36.927,0.76543,0.76558,1.13,1.50
2012.06.06 14:34:37.006,0.76541,0.76557,5.25,1.50
2012.06.06 14:34:37.459,0.7654,0.76556,2.25,2.25
2012.06.06 14:34:37.539,0.76538,0.76552,1.32,1.50
2012.06.06 14:34:37.684,0.76538,0.76553,1.13,2.25
2012.06.06 14:34:37.759,0.76535,0.76553,5.44,3.75
2012.06.06 14:34:37.905,0.76536,0.76552,1.69,2.25
2012.06.06 14:34:38.414,0.76536,0.76552,1.50,1.50
2012.06.06 14:34:39.322,0.76536,0.76552,1.50,1.50
2012.06.06 14:34:39.964,0.76536,0.76552,1.69,1.50
2012.06.06 14:34:40.513,0.76536,0.76552,1.50,2.25
2012.06.06 14:34:46.118,0.76537,0.76554,1.77,1.50
2012.06.06 14:34:46.265,0.76541,0.76556,1.50,1.50
2012.06.06 14:34:46.405,0.76539,0.76557,1.50,1.88
2012.06.06 14:34:46.615,0.76538,0.76554,3.94,1.50
2012.06.06 14:34:47.144,0.76539,0.76555,2.25,1.50
2012.06.06 14:34:47.460,0.76547,0.76559,1.50,1.13
2012.06.06 14:34:47.745,0.76547,0.76563,1.88,3.00
2012.06.06 14:34:48.084,0.76546,0.76564,7.13,2.25
2012.06.06 14:34:49.683,0.76547,0.76563,1.88,1.50
2012.06.06 14:34:49.757,0.76546,0.76561,5.07,1.50
2012.06.06 14:34:51.272,0.76548,0.76562,1.05,1.50
2012.06.06 14:34:51.825,0.76548,0.76563,1.05,1.50
2012.06.06 14:34:52.487,0.76548,0.76563,1.05,1.50
2012.06.06 14:34:53.209,0.76548,0.76562,1.05,1.50
2012.06.06 14:34:54.253,0.76548,0.76564,1.05,1.50
2012.06.06 14:34:55.350,0.76548,0.76563,1.05,1.50
2012.06.06 14:34:55.885,0.76548,0.76564,1.05,1.50
2012.06.06 14:34:56.626,0.76548,0.76562,1.05,1.50
2012.06.06 14:34:56.763,0.76548,0.76564,1.05,1.50
2012.06.06 14:34:57.369,0.76548,0.76565,1.05,2.25
2012.06.06 14:34:58.843,0.76549,0.76565,1.43,1.50
2012.06.06 14:34:59.384,0.76553,0.76568,1.50,1.84
2012.06.06 14:34:59.909,0.76552,0.7657,1.50,3.00
2012.06.06 14:35:00.434,0.76553,0.7657,1.50,1.50
2012.06.06 14:35:00.949,0.76552,0.7657,3.00,3.36
2012.06.06 14:35:01.027,0.76552,0.76568,1.50,1.50
2012.06.06 14:35:01.314,0.7655,0.76567,2.63,1.50
2012.06.06 14:35:01.386,0.7655,0.76565,1.13,1.50
2012.06.06 14:35:01.651,0.76547,0.76565,2.63,2.25
2012.06.06 14:35:01.722,0.76547,0.76561,1.13,1.50
2012.06.06 14:35:02.366,0.76546,0.76561,4.13,1.50
2012.06.06 14:35:03.208,0.76547,0.76562,2.25,1.50
2012.06.06 14:35:03.705,0.76547,0.76563,2.25,1.50
2012.06.06 14:35:04.226,0.76547,0.76562,2.25,1.50
2012.06.06 14:35:04.741,0.76547,0.76563,3.75,1.50
2012.06.06 14:35:05.293,0.76547,0.76562,2.25,1.50
2012.06.06 14:35:05.482,0.76547,0.76564,2.25,1.50
2012.06.06 14:35:05.552,0.76547,0.76562,2.25,1.50
2012.06.06 14:35:06.606,0.76546,0.76562,1.50,4.50
2012.06.06 14:35:06.675,0.76544,0.76562,1.50,4.50
2012.06.06 14:35:07.238,0.76545,0.76563,1.50,1.67
2012.06.06 14:35:07.384,0.76545,0.76561,1.50,1.50
2012.06.06 14:35:08.128,0.76543,0.76559,6.00,1.50
2012.06.06 14:35:08.485,0.76543,0.76556,3.00,1.50
2012.06.06 14:35:08.826,0.76538,0.76552,4.13,1.50
2012.06.06 14:35:08.896,0.76538,0.76552,2.63,1.50
2012.06.06 14:35:09.041,0.76536,0.76551,1.50,1.50
2012.06.06 14:35:09.576,0.76537,0.76552,1.50,1.50
2012.06.06 14:35:09.644,0.76537,0.76554,3.75,3.75
2012.06.06 14:35:10.143,0.76537,0.76552,3.75,1.50
2012.06.06 14:35:12.068,0.76537,0.7655,3.75,1.50
2012.06.06 14:35:12.557,0.76537,0.76553,3.75,3.00
2012.06.06 14:35:14.585,0.76537,0.76551,3.75,1.50
2012.06.06 14:35:14.923,0.76533,0.76548,3.94,1.50
2012.06.06 14:35:15.063,0.76532,0.76548,1.61,1.50
2012.06.06 14:35:15.135,0.7653,0.76545,1.92,1.50
2012.06.06 14:35:15.262,0.7653,0.76545,1.17,1.50
2012.06.06 14:35:15.762,0.7653,0.76548,2.67,1.50
2012.06.06 14:35:15.892,0.7653,0.76546,2.67,1.50
2012.06.06 14:35:16.195,0.76531,0.76546,1.69,1.50
2012.06.06 14:35:16.512,0.76534,0.76549,1.50,2.25
2012.06.06 14:35:17.037,0.76534,0.76548,1.50,1.50
2012.06.06 14:35:21.065,0.76534,0.76549,1.50,1.50
2012.06.06 14:35:21.605,0.76535,0.7655,1.50,1.50
2012.06.06 14:35:24.423,0.76536,0.7655,1.50,1.50
2012.06.06 14:35:24.551,0.76536,0.76552,3.00,2.42
2012.06.06 14:35:24.682,0.76536,0.76554,3.00,2.25
2012.06.06 14:35:24.895,0.76538,0.76551,2.25,1.50
2012.06.06 14:35:25.353,0.76538,0.76554,3.75,2.25
2012.06.06 14:35:28.665,0.76538,0.76552,2.25,1.50
2012.06.06 14:35:29.183,0.76538,0.7655,2.25,1.50
2012.06.06 14:35:31.954,0.76542,0.7655,1.50,1.50
2012.06.06 14:35:32.305,0.76543,0.76552,2.25,1.50
2012.06.06 14:35:32.380,0.76541,0.7655,1.50,1.50
2012.06.06 14:35:32.523,0.76537,0.76549,2.25,1.50
2012.06.06 14:35:32.595,0.76536,0.76552,1.50,1.50
2012.06.06 14:35:32.737,0.76534,0.76551,1.50,1.50
2012.06.06 14:35:32.806,0.76532,0.76548,5.82,1.50
2012.06.06 14:35:33.015,0.76535,0.76551,1.50,2.25
2012.06.06 14:35:33.297,0.76536,0.76553,1.13,3.00
2012.06.06 14:35:33.374,0.76538,0.76554,1.50,1.50
2012.06.06 14:35:33.866,0.7654,0.76557,1.50,2.25
2012.06.06 14:35:34.451,0.76538,0.76554,5.82,1.50
2012.06.06 14:35:34.594,0.76538,0.76556,4.32,2.25
2012.06.06 14:35:35.214,0.76538,0.76555,2.82,1.50
2012.06.06 14:35:35.804,0.76541,0.76555,1.50,2.25
2012.06.06 14:35:35.876,0.76536,0.76554,3.00,3.00
2012.06.06 14:35:36.417,0.76534,0.76551,5.44,1.50
2012.06.06 14:35:36.944,0.76537,0.76551,1.50,1.50
2012.06.06 14:35:39.746,0.76534,0.76548,2.25,8.25
2012.06.06 14:35:39.886,0.76534,0.76548,1.50,8.25
2012.06.06 14:35:40.025,0.7653,0.76542,2.44,1.50
2012.06.06 14:35:40.094,0.7653,0.76542,2.25,1.50
2012.06.06 14:35:40.167,0.76533,0.76542,1.50,1.50
2012.06.06 14:35:40.238,0.76534,0.76547,1.50,1.50
2012.06.06 14:35:40.315,0.76538,0.76546,1.50,1.50
2012.06.06 14:35:40.862,0.76538,0.76546,1.50,1.50
2012.06.06 14:35:41.895,0.76538,0.76546,1.50,1.50
2012.06.06 14:35:42.585,0.76536,0.76546,1.50,1.50
2012.06.06 14:35:43.174,0.76537,0.76546,1.50,1.50
2012.06.06 14:35:44.093,0.76536,0.76546,1.50,1.50
2012.06.06 14:35:44.662,0.76537,0.76546,1.50,1.50
2012.06.06 14:35:44.733,0.76535,0.76546,3.00,1.50
2012.06.06 14:35:45.335,0.76537,0.76546,1.50,1.50
2012.06.06 14:35:46.057,0.76536,0.76546,1.50,1.50
2012.06.06 14:35:48.972,0.76535,0.76546,1.50,1.50
2012.06.06 14:35:49.754,0.76536,0.76546,1.50,1.50
2012.06.06 14:35:50.089,0.7654,0.76548,2.25,1.50
2012.06.06 14:35:50.238,0.7654,0.76554,3.75,1.50
2012.06.06 14:35:50.320,0.76542,0.76557,2.25,1.50
2012.06.06 14:35:50.797,0.76545,0.7656,2.25,2.15
2012.06.06 14:35:50.882,0.76544,0.7656,2.25,2.63
2012.06.06 14:35:51.025,0.76549,0.7656,1.50,1.13
2012.06.06 14:35:51.094,0.76549,0.76561,1.50,1.13
2012.06.06 14:35:51.165,0.76547,0.76561,1.88,1.13
2012.06.06 14:35:52.213,0.76547,0.76563,1.88,3.00
2012.06.06 14:35:52.776,0.76548,0.76563,1.50,1.50
2012.06.06 14:35:53.305,0.76547,0.76563,1.50,1.50
2012.06.06 14:35:59.441,0.76546,0.76563,2.63,1.50
2012.06.06 14:35:59.703,0.76549,0.76563,1.50,1.50
2012.06.06 14:35:59.844,0.76547,0.76563,1.50,3.00
2012.06.06 14:36:00.731,0.76545,0.76563,1.88,3.00
2012.06.06 14:36:01.274,0.76547,0.76563,1.50,3.00
2012.06.06 14:36:02.133,0.76546,0.76562,1.88,2.25
2012.06.06 14:36:02.858,0.76547,0.76562,1.50,1.50
2012.06.06 14:36:05.861,0.76546,0.76562,1.88,3.00
2012.06.06 14:36:08.280,0.76546,0.76562,1.88,3.00
2012.06.06 14:36:08.613,0.76548,0.76555,1.50,1.50
2012.06.06 14:36:08.753,0.76546,0.76555,1.50,1.50
2012.06.06 14:36:09.311,0.76547,0.76555,1.50,1.50
2012.06.06 14:36:10.555,0.76542,0.76553,1.88,1.50
2012.06.06 14:36:10.623,0.76542,0.76551,1.13,1.50
2012.06.06 14:36:10.768,0.76546,0.76558,2.25,2.90
2012.06.06 14:36:11.324,0.76546,0.76556,2.25,1.50
2012.06.06 14:36:11.725,0.76543,0.76555,1.50,3.00
2012.06.06 14:36:11.868,0.7654,0.7655,3.00,1.50
2012.06.06 14:36:11.946,0.7654,0.76555,3.00,3.75
2012.06.06 14:36:12.086,0.76541,0.76556,2.25,3.00
2012.06.06 14:36:12.591,0.76539,0.76547,1.50,1.50
2012.06.06 14:36:13.595,0.76539,0.76552,1.50,1.50
2012.06.06 14:36:13.868,0.76539,0.76555,1.50,1.13
2012.06.06 14:36:14.017,0.76541,0.76556,1.50,4.50
2012.06.06 14:36:14.355,0.76541,0.76556,1.50,4.50
2012.06.06 14:36:14.706,0.7655,0.76561,1.50,3.57
2012.06.06 14:36:14.775,0.7655,0.76561,1.50,3.38
2012.06.06 14:36:14.848,0.76548,0.76561,1.50,1.13
2012.06.06 14:36:14.924,0.7655,0.76561,1.50,1.13
2012.06.06 14:36:15.434,0.76549,0.76562,1.50,1.50
2012.06.06 14:36:16.029,0.7655,0.76562,1.50,1.50
2012.06.06 14:36:20.603,0.76548,0.76562,1.50,1.50
2012.06.06 14:36:21.143,0.76545,0.76562,3.38,1.50
2012.06.06 14:36:26.253,0.76548,0.76562,1.50,1.50
2012.06.06 14:36:27.135,0.76549,0.76562,1.50,1.50
2012.06.06 14:36:27.695,0.76548,0.76562,1.50,1.50
2012.06.06 14:36:29.908,0.76549,0.76562,1.50,1.50
2012.06.06 14:36:30.495,0.76548,0.76562,1.50,1.50
2012.06.06 14:36:31.573,0.76547,0.76562,1.88,1.50
2012.06.06 14:36:32.348,0.76549,0.76562,1.50,1.50
2012.06.06 14:36:33.534,0.76548,0.76562,2.25,1.50
2012.06.06 14:36:34.072,0.76549,0.76562,1.50,1.50
2012.06.06 14:36:34.543,0.76547,0.76562,1.88,1.50
2012.06.06 14:36:35.054,0.76547,0.76562,2.07,1.50
2012.06.06 14:36:35.729,0.76549,0.76562,1.50,1.50
2012.06.06 14:36:38.176,0.7655,0.76562,1.50,1.50
2012.06.06 14:36:38.458,0.76552,0.76563,1.50,1.50
2012.06.06 14:36:38.606,0.76549,0.76563,1.50,1.50
2012.06.06 14:36:38.875,0.76551,0.76563,1.50,1.50
2012.06.06 14:36:39.436,0.76552,0.76565,2.63,1.50
2012.06.06 14:36:39.714,0.76555,0.76566,1.50,1.50
2012.06.06 14:36:39.853,0.76553,0.76566,1.50,1.50
2012.06.06 14:36:40.594,0.76551,0.76565,3.38,1.50
2012.06.06 14:36:40.673,0.76553,0.76568,1.50,1.50
2012.06.06 14:36:40.746,0.76554,0.76568,2.25,1.50
2012.06.06 14:36:40.816,0.76555,0.76573,2.25,3.19
2012.06.06 14:36:40.886,0.76556,0.76573,1.58,1.50
2012.06.06 14:36:41.236,0.76559,0.76573,1.50,1.50
2012.06.06 14:36:41.784,0.76557,0.76572,2.25,1.50
2012.06.06 14:36:42.350,0.76558,0.76572,1.50,1.50
2012.06.06 14:36:42.636,0.7656,0.76572,1.50,1.50
2012.06.06 14:36:43.095,0.76563,0.76572,1.50,1.50
2012.06.06 14:36:43.167,0.76561,0.76572,1.50,1.50
2012.06.06 14:36:43.355,0.76558,0.76572,1.88,1.50
2012.06.06 14:36:44.307,0.76557,0.7657,1.88,2.25
2012.06.06 14:36:44.531,0.76554,0.76569,1.13,1.50
2012.06.06 14:36:44.609,0.76554,0.76567,1.13,2.25
2012.06.06 14:36:44.897,0.76554,0.7657,2.25,2.25
2012.06.06 14:36:45.173,0.76553,0.7657,1.88,4.50
2012.06.06 14:36:45.904,0.76552,0.76568,3.38,1.50
2012.06.06 14:36:46.454,0.76554,0.76568,1.50,1.50
2012.06.06 14:36:46.525,0.76552,0.76568,4.88,1.50
2012.06.06 14:36:48.491,0.76552,0.76568,2.63,3.00
2012.06.06 14:36:51.055,0.76554,0.76568,1.50,1.50
2012.06.06 14:36:51.657,0.76552,0.76568,2.63,1.50
2012.06.06 14:36:51.731,0.76562,0.7657,1.50,3.75
2012.06.06 14:36:51.877,0.76565,0.76576,3.00,3.00
2012.06.06 14:36:52.094,0.76565,0.76577,3.75,1.50
2012.06.06 14:36:52.166,0.76565,0.7658,3.75,1.50
2012.06.06 14:36:52.304,0.76565,0.76577,3.38,1.50
2012.06.06 14:36:52.503,0.76567,0.76581,1.50,3.00
2012.06.06 14:36:52.575,0.76571,0.76579,2.25,2.25
2012.06.06 14:36:52.785,0.76567,0.7658,1.88,2.25
2012.06.06 14:36:53.347,0.76567,0.76577,3.38,1.50
2012.06.06 14:36:53.835,0.76566,0.76578,3.00,1.50
2012.06.06 14:36:54.557,0.76566,0.76576,3.00,3.00
2012.06.06 14:36:54.631,0.76564,0.76576,1.50,3.00
2012.06.06 14:36:54.867,0.76564,0.76576,1.50,2.25
2012.06.06 14:36:55.418,0.76565,0.76578,3.00,3.00
2012.06.06 14:36:56.045,0.76565,0.76578,3.75,2.25
2012.06.06 14:36:56.114,0.76566,0.76577,1.50,1.50
2012.06.06 14:37:00.142,0.76566,0.76577,2.25,1.50
2012.06.06 14:37:00.335,0.76572,0.76584,1.50,2.25
2012.06.06 14:37:00.408,0.76576,0.76584,2.25,2.25
2012.06.06 14:37:00.487,0.76573,0.76582,1.50,1.50
2012.06.06 14:37:00.557,0.7657,0.76582,3.19,1.50
2012.06.06 14:37:00.910,0.7657,0.7658,2.25,1.50
2012.06.06 14:37:01.057,0.7657,0.76583,2.25,1.50
2012.06.06 14:37:01.204,0.7657,0.76582,2.25,2.25
2012.06.06 14:37:01.765,0.7657,0.76582,2.25,3.00
2012.06.06 14:37:02.120,0.7657,0.76582,3.00,3.00
2012.06.06 14:37:02.532,0.76574,0.76582,4.13,1.50
2012.06.06 14:37:02.613,0.76576,0.76591,1.50,1.50
2012.06.06 14:37:02.690,0.76584,0.76592,2.25,3.00
2012.06.06 14:37:03.186,0.76582,0.76597,3.75,2.25
2012.06.06 14:37:03.396,0.7658,0.76594,2.25,2.25
2012.06.06 14:37:03.466,0.7658,0.76594,2.25,3.00
2012.06.06 14:37:03.607,0.76577,0.76593,2.44,3.00
2012.06.06 14:37:03.828,0.76574,0.7659,2.25,3.00
2012.06.06 14:37:04.393,0.76575,0.76593,4.13,3.75
2012.06.06 14:37:04.841,0.76575,0.76593,4.88,5.25
2012.06.06 14:37:06.092,0.76575,0.76588,3.38,1.50
2012.06.06 14:37:08.290,0.76573,0.76586,1.50,4.50
2012.06.06 14:37:08.435,0.7657,0.76584,3.19,1.50
2012.06.06 14:37:08.844,0.76572,0.76588,3.00,1.50
2012.06.06 14:37:09.339,0.76574,0.76589,1.50,2.25
2012.06.06 14:37:09.853,0.76575,0.76588,1.13,1.50
2012.06.06 14:37:09.994,0.76574,0.76588,3.00,1.50
2012.06.06 14:37:10.063,0.76573,0.7659,3.00,2.25
2012.06.06 14:37:10.787,0.76573,0.76589,5.44,2.25
2012.06.06 14:37:11.846,0.76573,0.76588,4.69,1.50
2012.06.06 14:37:12.329,0.76573,0.7659,4.69,2.25
2012.06.06 14:37:12.546,0.76573,0.76588,1.50,2.25
2012.06.06 14:37:12.958,0.76577,0.76588,1.50,2.25
2012.06.06 14:37:13.177,0.76575,0.76588,1.13,2.25
2012.06.06 14:37:13.248,0.76574,0.76588,2.63,3.00
2012.06.06 14:37:13.604,0.76578,0.76587,1.50,3.00
2012.06.06 14:37:13.747,0.76574,0.76592,3.00,5.25
2012.06.06 14:37:13.886,0.76577,0.76592,1.50,3.75
2012.06.06 14:37:14.018,0.76578,0.76592,1.50,3.00
2012.06.06 14:37:14.095,0.76578,0.7659,1.50,1.50
2012.06.06 14:37:14.163,0.76578,0.76592,1.50,3.75
2012.06.06 14:37:14.669,0.76578,0.76592,1.50,3.75
2012.06.06 14:37:15.215,0.76576,0.76592,1.88,3.75
2012.06.06 14:37:15.427,0.76579,0.76592,1.50,2.25
2012.06.06 14:37:15.569,0.7658,0.76595,1.88,2.25
2012.06.06 14:37:16.115,0.76582,0.76596,1.50,1.50
2012.06.06 14:37:16.188,0.7658,0.76596,1.13,3.00
2012.06.06 14:37:16.872,0.7658,0.76595,1.13,1.50
2012.06.06 14:37:17.404,0.7658,0.76596,3.38,1.50
2012.06.06 14:37:17.993,0.7658,0.76596,3.38,1.50
2012.06.06 14:37:18.564,0.76583,0.76597,1.13,3.00
2012.06.06 14:37:18.906,0.76592,0.76601,4.50,1.13
2012.06.06 14:37:19.259,0.76592,0.76607,3.00,3.12
2012.06.06 14:37:19.340,0.76592,0.76605,3.38,2.14
2012.06.06 14:37:19.907,0.76596,0.76608,2.25,2.33
2012.06.06 14:37:20.048,0.766,0.76612,1.50,1.88
2012.06.06 14:37:20.337,0.76603,0.76614,2.63,1.11
2012.06.06 14:37:20.743,0.76602,0.7661,1.13,1.50
2012.06.06 14:37:20.814,0.76602,0.76612,1.50,1.50
2012.06.06 14:37:21.373,0.76602,0.76613,1.50,1.50
2012.06.06 14:37:21.916,0.76598,0.76613,4.13,1.50
2012.06.06 14:37:22.846,0.76598,0.76611,2.63,1.50
2012.06.06 14:37:23.779,0.76598,0.76609,2.63,1.50
2012.06.06 14:37:24.315,0.76596,0.76609,1.69,1.50
2012.06.06 14:37:24.823,0.76594,0.76608,1.88,1.50
2012.06.06 14:37:26.812,0.76594,0.76609,1.50,1.50
2012.06.06 14:37:27.944,0.76596,0.7661,1.50,2.25
2012.06.06 14:37:28.154,0.76596,0.76612,1.50,2.25
2012.06.06 14:37:28.759,0.76599,0.76611,1.13,1.50
2012.06.06 14:37:29.260,0.76599,0.76612,1.13,1.50
2012.06.06 14:37:29.827,0.76599,0.76611,1.13,1.50
2012.06.06 14:37:30.189,0.76592,0.76602,1.98,2.85
2012.06.06 14:37:30.726,0.76586,0.76592,1.50,3.75
2012.06.06 14:37:30.809,0.76585,0.76597,1.50,3.75
2012.06.06 14:37:31.484,0.76586,0.76597,1.50,3.75
2012.06.06 14:37:31.703,0.76584,0.76597,1.50,3.75
2012.06.06 14:37:32.573,0.76585,0.76597,1.50,3.00
2012.06.06 14:37:32.931,0.76585,0.76602,3.38,4.13
2012.06.06 14:37:33.146,0.76586,0.76602,1.13,3.75
2012.06.06 14:37:33.219,0.76586,0.76602,2.25,4.50
2012.06.06 14:37:33.509,0.76588,0.766,1.50,1.50
2012.06.06 14:37:33.586,0.76588,0.76602,1.50,4.50
2012.06.06 14:37:34.496,0.76593,0.76602,1.50,4.50
2012.06.06 14:37:35.006,0.76594,0.76604,1.50,3.00
2012.06.06 14:37:36.336,0.76589,0.76604,1.50,3.00
2012.06.06 14:37:37.479,0.7659,0.76604,1.13,3.00
2012.06.06 14:37:38.005,0.76592,0.76604,1.50,2.25
2012.06.06 14:37:39.125,0.76592,0.76601,1.50,1.50
2012.06.06 14:37:39.253,0.76592,0.76603,1.50,1.50
2012.06.06 14:37:40.062,0.76592,0.76602,1.50,1.50
2012.06.06 14:37:41.747,0.76592,0.76605,1.50,3.00
2012.06.06 14:37:42.204,0.76589,0.76605,2.63,1.50
2012.06.06 14:37:42.333,0.76591,0.76605,1.13,3.00
2012.06.06 14:37:43.664,0.76592,0.76605,1.44,3.00
2012.06.06 14:37:43.796,0.76592,0.76604,1.50,2.25
2012.06.06 14:37:44.313,0.76592,0.76603,1.50,1.50
2012.06.06 14:37:45.861,0.76588,0.76602,1.50,2.25
2012.06.06 14:37:47.206,0.76592,0.76601,1.50,2.25
2012.06.06 14:37:48.627,0.76593,0.76601,1.50,2.25
2012.06.06 14:37:48.838,0.7659,0.76602,1.50,3.00
2012.06.06 14:37:49.057,0.7659,0.76599,1.50,1.50
2012.06.06 14:37:49.574,0.7659,0.76598,1.50,1.50
2012.06.06 14:37:50.137,0.76592,0.76598,1.50,1.50
2012.06.06 14:37:50.206,0.76592,0.766,1.50,1.50
2012.06.06 14:37:50.980,0.76587,0.76599,3.00,2.25
2012.06.06 14:37:51.335,0.76579,0.76593,2.29,1.50
2012.06.06 14:37:51.404,0.76579,0.76591,1.54,1.50
2012.06.06 14:37:51.607,0.76577,0.7659,4.13,1.50
2012.06.06 14:37:51.819,0.76577,0.76592,3.00,1.50
2012.06.06 14:37:52.040,0.76575,0.76589,2.44,1.50
2012.06.06 14:37:52.262,0.76577,0.76592,2.25,1.50
2012.06.06 14:37:52.393,0.76575,0.76591,3.19,1.50
2012.06.06 14:37:52.926,0.76575,0.76591,1.69,3.75
2012.06.06 14:37:53.683,0.76574,0.76592,3.00,4.50
2012.06.06 14:37:53.828,0.76576,0.76592,1.50,4.50
2012.06.06 14:37:54.387,0.76575,0.76592,1.50,3.00
2012.06.06 14:37:54.896,0.76574,0.76588,1.50,1.50
2012.06.06 14:37:57.042,0.76573,0.76588,3.00,3.00
2012.06.06 14:37:57.716,0.76571,0.76578,1.50,1.50
2012.06.06 14:37:57.792,0.76568,0.7658,2.63,1.50
2012.06.06 14:38:01.315,0.76568,0.76582,2.63,2.25
2012.06.06 14:38:01.896,0.76568,0.76581,2.63,1.50
2012.06.06 14:38:03.252,0.76568,0.76582,2.63,2.25
2012.06.06 14:38:03.823,0.7657,0.76584,1.50,2.25
2012.06.06 14:38:04.274,0.76569,0.76587,2.85,6.00
2012.06.06 14:38:04.734,0.76573,0.76587,1.50,3.00
2012.06.06 14:38:04.812,0.76574,0.76587,2.25,3.00
2012.06.06 14:38:05.100,0.76576,0.76592,1.50,5.10
2012.06.06 14:38:05.179,0.76576,0.76592,1.50,2.85
2012.06.06 14:38:05.257,0.76579,0.76592,1.50,2.25
2012.06.06 14:38:05.336,0.76577,0.76592,3.00,1.88
2012.06.06 14:38:05.476,0.76576,0.76589,1.50,1.50
2012.06.06 14:38:05.756,0.76577,0.76593,3.75,1.50
2012.06.06 14:38:06.034,0.76578,0.76594,1.50,2.25
2012.06.06 14:38:06.634,0.76577,0.76595,4.50,2.25
2012.06.06 14:38:07.317,0.76577,0.76594,3.75,2.25
2012.06.06 14:38:08.389,0.76577,0.76591,3.75,1.69
2012.06.06 14:38:08.745,0.76574,0.76582,1.88,2.25
2012.06.06 14:38:08.816,0.76574,0.7659,3.00,1.40
2012.06.06 14:38:08.948,0.76575,0.76588,1.50,2.25
2012.06.06 14:38:09.166,0.76573,0.76588,1.50,2.25
2012.06.06 14:38:09.447,0.76575,0.76588,1.13,2.25
2012.06.06 14:38:09.586,0.76575,0.76591,2.63,1.50
2012.06.06 14:38:09.727,0.76575,0.76593,2.63,1.50
2012.06.06 14:38:10.275,0.76575,0.76591,2.63,1.50
2012.06.06 14:38:11.436,0.76575,0.76591,2.63,1.50
2012.06.06 14:38:12.253,0.76575,0.76593,2.63,2.25
2012.06.06 14:38:12.759,0.76575,0.76591,2.63,1.50
2012.06.06 14:38:13.373,0.76574,0.7659,1.88,1.50
2012.06.06 14:38:13.588,0.76575,0.76588,1.50,3.00
2012.06.06 14:38:14.115,0.76574,0.76587,1.50,2.25
2012.06.06 14:38:14.657,0.76572,0.76586,1.88,1.50
2012.06.06 14:38:14.863,0.76571,0.76584,1.13,1.50
2012.06.06 14:38:15.215,0.76568,0.76582,3.38,1.50
2012.06.06 14:38:15.424,0.76568,0.76583,3.00,1.50
2012.06.06 14:38:15.556,0.76568,0.76581,3.00,1.50
2012.06.06 14:38:15.885,0.76566,0.76582,2.44,3.00
2012.06.06 14:38:21.615,0.76568,0.76582,1.50,2.25
2012.06.06 14:38:22.336,0.76568,0.76583,2.25,1.50
2012.06.06 14:38:22.856,0.76568,0.76583,2.25,2.25
2012.06.06 14:38:26.157,0.76565,0.76579,1.50,2.25
2012.06.06 14:38:26.519,0.76563,0.76575,3.75,1.50
2012.06.06 14:38:26.881,0.76555,0.76571,1.88,1.50
2012.06.06 14:38:26.958,0.76555,0.76571,1.50,1.50
2012.06.06 14:38:27.038,0.76555,0.76568,2.25,3.00
2012.06.06 14:38:27.255,0.76558,0.76568,1.50,2.25
2012.06.06 14:38:27.323,0.76558,0.76572,1.50,3.00
2012.06.06 14:38:27.606,0.76559,0.76572,1.88,3.00
2012.06.06 14:38:28.153,0.76565,0.76575,1.50,2.25
2012.06.06 14:38:28.232,0.76564,0.76579,3.75,1.50
2012.06.06 14:38:28.303,0.76564,0.76581,3.00,1.50
2012.06.06 14:38:29.126,0.76566,0.76582,1.50,3.00
2012.06.06 14:38:29.393,0.76566,0.76582,1.50,3.00
2012.06.06 14:38:30.897,0.76565,0.76581,2.25,1.50
2012.06.06 14:38:31.757,0.76565,0.76582,2.25,1.50
2012.06.06 14:38:32.865,0.76566,0.76582,1.50,3.00
2012.06.06 14:38:33.267,0.76569,0.76583,1.50,4.50
2012.06.06 14:38:34.049,0.76569,0.76585,1.50,3.00
2012.06.06 14:38:34.129,0.7657,0.76585,1.50,1.50
2012.06.06 14:38:34.975,0.7657,0.76585,1.50,1.50
2012.06.06 14:38:35.513,0.76571,0.76585,1.50,1.50
2012.06.06 14:38:37.695,0.7657,0.76585,1.50,1.50
2012.06.06 14:38:38.645,0.76571,0.76585,1.50,1.50
2012.06.06 14:38:39.183,0.76572,0.76587,1.50,3.75
2012.06.06 14:38:39.315,0.76574,0.76587,1.50,2.25
2012.06.06 14:38:39.956,0.76577,0.76587,1.50,2.25
2012.06.06 14:38:41.092,0.76575,0.76587,1.50,2.25
2012.06.06 14:38:41.296,0.76573,0.76587,1.50,2.25
2012.06.06 14:38:41.654,0.76575,0.76587,1.50,2.25
2012.06.06 14:38:43.967,0.76575,0.76588,2.25,2.25
2012.06.06 14:38:44.319,0.76577,0.76591,3.00,1.50
2012.06.06 14:38:44.396,0.76577,0.76593,4.50,2.25
2012.06.06 14:38:44.607,0.76577,0.76593,3.75,2.25
2012.06.06 14:38:44.896,0.76574,0.7659,2.25,1.50
2012.06.06 14:38:45.432,0.76576,0.76592,1.50,3.00
2012.06.06 14:38:47.109,0.76576,0.76588,1.50,3.00
2012.06.06 14:38:47.254,0.76574,0.76588,1.50,3.00
2012.06.06 14:38:47.816,0.76579,0.76588,1.50,3.00
2012.06.06 14:38:48.212,0.76577,0.76588,1.50,3.00
2012.06.06 14:38:48.464,0.76573,0.76588,1.50,3.00
2012.06.06 14:38:48.534,0.76576,0.76588,1.50,2.25
2012.06.06 14:38:49.136,0.76574,0.76588,1.50,2.25
2012.06.06 14:38:49.204,0.76576,0.76588,1.50,2.25
2012.06.06 14:38:49.729,0.76577,0.76588,1.50,2.25
2012.06.06 14:38:50.293,0.76576,0.76588,1.50,2.25
2012.06.06 14:38:50.834,0.76577,0.76588,1.50,2.25
2012.06.06 14:38:51.568,0.76575,0.76588,3.00,2.25
2012.06.06 14:38:51.644,0.76572,0.76588,1.50,3.75
2012.06.06 14:38:52.211,0.76573,0.76588,1.50,2.25
2012.06.06 14:38:57.303,0.76574,0.76588,1.50,2.25
2012.06.06 14:38:57.634,0.76574,0.76587,1.50,1.50
2012.06.06 14:38:57.707,0.76568,0.76585,1.58,1.50
2012.06.06 14:38:57.785,0.76567,0.76585,6.11,2.25
2012.06.06 14:38:57.984,0.76567,0.7658,3.00,1.50
2012.06.06 14:38:58.405,0.76565,0.7658,2.07,2.25
2012.06.06 14:38:58.955,0.76563,0.76579,4.88,2.25
2012.06.06 14:38:59.340,0.76563,0.76576,3.75,1.50
2012.06.06 14:38:59.421,0.76563,0.76576,3.00,1.50
2012.06.06 14:38:59.967,0.76563,0.76579,3.75,2.63
2012.06.06 14:39:00.035,0.76561,0.76575,1.50,3.00
2012.06.06 14:39:00.959,0.76559,0.76575,2.25,2.25
2012.06.06 14:39:01.111,0.76559,0.76572,2.25,2.25
2012.06.06 14:39:01.327,0.76557,0.76572,1.50,2.25
2012.06.06 14:39:02.139,0.76556,0.76573,2.44,1.13
2012.06.06 14:39:02.784,0.76558,0.76573,1.50,1.13
2012.06.06 14:39:03.355,0.76559,0.76575,1.50,1.13
2012.06.06 14:39:04.007,0.76558,0.76574,3.00,2.25
2012.06.06 14:39:04.542,0.76555,0.76573,2.25,3.75
2012.06.06 14:39:04.896,0.76557,0.76567,1.50,2.25
2012.06.06 14:39:05.025,0.76554,0.76572,1.50,2.63
2012.06.06 14:39:05.303,0.76556,0.76572,1.50,2.63
2012.06.06 14:39:06.344,0.76556,0.76572,1.50,2.63
2012.06.06 14:39:06.614,0.76554,0.76572,1.50,2.25
2012.06.06 14:39:07.172,0.76555,0.76573,1.50,2.63
2012.06.06 14:39:07.682,0.76554,0.7657,1.50,2.25
2012.06.06 14:39:08.194,0.76553,0.76569,1.50,1.50
2012.06.06 14:39:08.328,0.76553,0.76567,1.50,2.25
2012.06.06 14:39:08.617,0.7655,0.76567,1.50,3.75
2012.06.06 14:39:08.964,0.76548,0.76564,6.94,1.50
2012.06.06 14:39:09.106,0.76548,0.76565,5.44,1.50
2012.06.06 14:39:09.245,0.7655,0.76567,1.50,2.63
2012.06.06 14:39:10.215,0.76551,0.76567,1.50,2.63
2012.06.06 14:39:12.038,0.76549,0.76567,1.50,4.13
2012.06.06 14:39:12.115,0.76548,0.76565,4.39,2.25
2012.06.06 14:39:14.353,0.76548,0.76564,4.50,1.50
2012.06.06 14:39:14.875,0.76549,0.76565,1.50,2.25
2012.06.06 14:39:15.494,0.76548,0.76564,4.50,1.50
2012.06.06 14:39:16.345,0.76549,0.76565,1.50,2.25
2012.06.06 14:39:16.967,0.76548,0.76565,3.00,2.25
2012.06.06 14:39:20.159,0.76548,0.76565,2.25,2.25
2012.06.06 14:39:20.669,0.76548,0.76562,2.25,1.50
2012.06.06 14:39:21.235,0.76548,0.76564,2.25,2.25
2012.06.06 14:39:21.954,0.76548,0.76562,2.25,1.50
2012.06.06 14:39:23.062,0.76548,0.76563,2.25,2.25
2012.06.06 14:39:25.795,0.76548,0.76562,2.25,1.50
2012.06.06 14:39:26.320,0.76548,0.76563,2.25,2.25
2012.06.06 14:39:28.611,0.76549,0.76565,1.50,2.25
2012.06.06 14:39:29.677,0.76548,0.76566,3.75,2.25
2012.06.06 14:39:29.926,0.7655,0.76566,1.69,2.25
2012.06.06 14:39:30.155,0.76552,0.76567,1.50,4.88
2012.06.06 14:39:30.223,0.7655,0.76566,1.50,1.50
2012.06.06 14:39:30.783,0.7655,0.76566,1.50,2.25
2012.06.06 14:39:32.186,0.76548,0.76564,3.75,1.50
2012.06.06 14:39:32.712,0.76549,0.76565,1.50,2.25
2012.06.06 14:39:33.236,0.76548,0.76564,3.75,1.50
2012.06.06 14:39:33.772,0.76548,0.76563,2.25,2.25
2012.06.06 14:39:37.343,0.76548,0.76564,2.25,1.50
2012.06.06 14:39:38.066,0.76548,0.76566,3.75,2.25
2012.06.06 14:39:43.085,0.76549,0.76565,1.50,2.25
2012.06.06 14:39:43.793,0.76548,0.76564,3.75,1.50
2012.06.06 14:39:44.338,0.76549,0.76565,1.50,2.25
2012.06.06 14:39:44.894,0.76548,0.76566,3.75,2.25
2012.06.06 14:39:45.402,0.76548,0.76564,3.75,1.50
2012.06.06 14:39:46.597,0.76549,0.76565,1.50,2.25
2012.06.06 14:39:47.131,0.76548,0.76564,3.75,1.50
2012.06.06 14:39:48.495,0.76549,0.76565,1.50,2.25
2012.06.06 14:39:49.123,0.76549,0.76566,2.25,1.50
2012.06.06 14:39:49.323,0.76553,0.76567,1.50,3.00
2012.06.06 14:39:49.834,0.76552,0.76567,1.50,2.25
2012.06.06 14:39:50.470,0.76553,0.76567,1.50,2.25
2012.06.06 14:39:50.547,0.76551,0.76567,1.50,2.25
2012.06.06 14:39:50.625,0.7655,0.76564,1.35,1.50
2012.06.06 14:39:50.962,0.76549,0.76562,1.50,1.50
2012.06.06 14:39:51.304,0.76548,0.76564,3.00,2.25
2012.06.06 14:39:51.636,0.76548,0.76562,3.00,1.50
2012.06.06 14:39:52.169,0.76548,0.76563,3.00,1.50
2012.06.06 14:39:54.262,0.76548,0.76566,4.58,3.75
2012.06.06 14:39:54.597,0.76548,0.76565,3.00,2.48
2012.06.06 14:39:54.944,0.76548,0.76562,2.25,1.35
2012.06.06 14:39:55.013,0.76545,0.76562,3.00,1.35
2012.06.06 14:39:55.146,0.76547,0.76562,1.50,1.35
2012.06.06 14:39:55.804,0.76545,0.7656,3.00,2.25
2012.06.06 14:39:58.748,0.76549,0.76563,1.50,4.13
2012.06.06 14:39:58.890,0.7655,0.76565,2.25,1.13
2012.06.06 14:39:59.104,0.76547,0.76562,3.75,1.50
2012.06.06 14:39:59.535,0.76547,0.76564,3.75,2.25
2012.06.06 14:40:00.094,0.76548,0.76564,1.69,2.25
2012.06.06 14:40:00.296,0.7655,0.76566,1.50,2.25
2012.06.06 14:40:00.647,0.76548,0.76564,1.69,1.50
2012.06.06 14:40:00.994,0.76547,0.76562,3.94,1.50
2012.06.06 14:40:01.532,0.76547,0.76563,5.44,3.00
2012.06.06 14:40:03.725,0.76548,0.76566,1.69,2.25
2012.06.06 14:40:04.493,0.76547,0.76565,5.25,2.25
2012.06.06 14:40:04.732,0.76547,0.76563,3.75,1.50
2012.06.06 14:40:05.014,0.76551,0.76568,1.50,3.38
2012.06.06 14:40:05.205,0.76552,0.76566,1.50,1.50
2012.06.06 14:40:05.800,0.7656,0.76568,1.50,1.88
2012.06.06 14:40:06.186,0.7656,0.76574,1.50,2.25
2012.06.06 14:40:06.897,0.76558,0.76574,2.25,3.75
2012.06.06 14:40:07.566,0.76561,0.76574,1.50,2.25
2012.06.06 14:40:08.618,0.76559,0.76574,1.50,2.25
2012.06.06 14:40:08.696,0.76561,0.76574,1.50,2.25
2012.06.06 14:40:09.503,0.7656,0.76574,1.50,2.25
2012.06.06 14:40:10.215,0.76558,0.76574,3.75,2.25
2012.06.06 14:40:10.472,0.7656,0.76574,1.50,2.25
2012.06.06 14:40:11.023,0.76561,0.76574,1.50,2.25
2012.06.06 14:40:11.285,0.76562,0.76577,1.50,2.25
2012.06.06 14:40:11.413,0.76565,0.7658,1.50,3.57
2012.06.06 14:40:11.484,0.76567,0.7658,1.50,2.82
2012.06.06 14:40:12.236,0.76566,0.7658,1.50,2.25
2012.06.06 14:40:15.034,0.76565,0.7658,3.00,2.25
2012.06.06 14:40:15.495,0.76567,0.76582,1.50,1.50
2012.06.06 14:40:15.813,0.76565,0.76581,6.00,1.50
2012.06.06 14:40:17.593,0.76565,0.76583,4.50,1.50
2012.06.06 14:40:17.846,0.76568,0.76584,1.50,3.75
2012.06.06 14:40:17.916,0.76566,0.76584,1.50,3.75
2012.06.06 14:40:22.074,0.76569,0.76584,2.25,1.50
2012.06.06 14:40:22.145,0.76569,0.76586,3.00,1.50
2012.06.06 14:40:22.344,0.76569,0.76583,3.00,1.50
2012.06.06 14:40:22.546,0.76569,0.76585,3.00,1.50
2012.06.06 14:40:25.705,0.76569,0.76586,3.00,2.25
2012.06.06 14:40:26.037,0.76569,0.76585,3.00,1.50
2012.06.06 14:40:26.784,0.76569,0.76586,3.00,2.25
2012.06.06 14:40:27.336,0.7657,0.76588,1.50,3.75
2012.06.06 14:40:27.411,0.76571,0.76588,1.50,3.75
2012.06.06 14:40:27.488,0.76575,0.76589,1.50,1.50
2012.06.06 14:40:27.636,0.76575,0.7659,1.50,3.75
2012.06.06 14:40:27.909,0.76582,0.76596,2.25,2.63
2012.06.06 14:40:27.990,0.76583,0.76596,1.88,2.63
2012.06.06 14:40:28.594,0.76589,0.76602,1.50,1.50
2012.06.06 14:40:28.671,0.76587,0.76604,1.50,2.82
2012.06.06 14:40:29.174,0.76589,0.76604,1.50,1.50
2012.06.06 14:40:29.805,0.76588,0.76605,1.50,1.50
2012.06.06 14:40:31.005,0.7659,0.76604,2.63,2.25
2012.06.06 14:40:31.200,0.7659,0.76607,4.13,2.25
2012.06.06 14:40:31.343,0.76593,0.76608,1.50,1.50
2012.06.06 14:40:32.022,0.76591,0.76607,1.88,2.25
2012.06.06 14:40:35.673,0.76591,0.76607,1.88,2.25
2012.06.06 14:40:36.958,0.76588,0.76604,3.57,1.50
2012.06.06 14:40:37.109,0.76589,0.76605,1.88,1.50
2012.06.06 14:40:39.274,0.76589,0.76607,1.88,5.44
2012.06.06 14:40:42.675,0.76587,0.76603,1.88,1.50
2012.06.06 14:40:43.014,0.76584,0.76598,1.50,1.50
2012.06.06 14:40:43.227,0.76582,0.76596,1.13,1.50
2012.06.06 14:40:43.364,0.7658,0.76594,1.13,2.25
2012.06.06 14:40:43.436,0.76579,0.76594,1.61,2.25
2012.06.06 14:40:43.764,0.7658,0.76597,1.50,2.25
2012.06.06 14:40:44.257,0.76579,0.76595,4.13,1.50
2012.06.06 14:40:44.326,0.7658,0.76598,1.88,1.50
2012.06.06 14:40:44.839,0.76579,0.76597,4.13,1.50
2012.06.06 14:40:45.183,0.76579,0.76595,4.13,1.50
2012.06.06 14:40:45.718,0.7658,0.76596,1.88,1.50
2012.06.06 14:40:46.233,0.7658,0.76598,1.88,2.25
2012.06.06 14:40:47.123,0.7658,0.76598,1.88,1.50
2012.06.06 14:40:47.722,0.7658,0.76598,1.88,1.50
2012.06.06 14:40:48.214,0.76584,0.766,1.50,3.00
2012.06.06 14:40:49.243,0.76584,0.766,1.50,2.25
2012.06.06 14:40:49.734,0.76582,0.76598,1.88,1.50
2012.06.06 14:40:50.073,0.76582,0.76595,1.13,1.50
2012.06.06 14:40:50.595,0.76581,0.76597,1.13,1.50
2012.06.06 14:40:50.726,0.76581,0.76595,1.13,1.50
2012.06.06 14:40:51.387,0.76579,0.76593,2.25,1.50
2012.06.06 14:40:51.466,0.76577,0.76595,3.00,2.25
2012.06.06 14:40:52.085,0.76579,0.76597,1.50,4.50
2012.06.06 14:40:52.297,0.7658,0.76594,2.25,1.50
2012.06.06 14:40:52.506,0.7658,0.76596,3.75,1.50
2012.06.06 14:40:52.574,0.7658,0.76596,2.63,1.50
2012.06.06 14:40:53.103,0.7658,0.76595,2.63,1.50
2012.06.06 14:40:53.965,0.7658,0.76597,2.63,3.75
2012.06.06 14:40:54.108,0.76585,0.76599,1.50,3.00
2012.06.06 14:40:54.469,0.76594,0.76604,3.00,1.40
2012.06.06 14:40:55.098,0.76595,0.76608,1.13,1.88
2012.06.06 14:40:55.174,0.76595,0.76608,1.13,1.50
2012.06.06 14:41:03.318,0.76594,0.76609,3.00,2.25
2012.06.06 14:41:03.397,0.76593,0.76608,1.50,1.50
2012.06.06 14:41:03.536,0.76594,0.76609,1.13,3.75
2012.06.06 14:41:04.099,0.76594,0.7661,3.38,2.25
2012.06.06 14:41:04.680,0.76594,0.76609,3.38,1.50
2012.06.06 14:41:05.444,0.76594,0.7661,3.38,2.25
2012.06.06 14:41:06.793,0.76596,0.76612,1.50,2.25
2012.06.06 14:41:06.866,0.76596,0.76612,1.50,2.25
2012.06.06 14:41:07.407,0.76599,0.76613,1.50,2.25
2012.06.06 14:41:07.794,0.766,0.76614,2.25,2.25
2012.06.06 14:41:08.146,0.76601,0.76617,5.25,5.25
2012.06.06 14:41:08.219,0.76604,0.76619,1.50,3.00
2012.06.06 14:41:09.021,0.76607,0.76619,1.50,3.00
2012.06.06 14:41:09.097,0.7661,0.76621,2.25,1.50
2012.06.06 14:41:09.624,0.7661,0.76625,2.25,1.73
2012.06.06 14:41:09.907,0.76608,0.76625,1.50,1.73
2012.06.06 14:41:10.415,0.76608,0.76625,1.88,1.50
2012.06.06 14:41:10.961,0.76608,0.76623,1.88,1.50
2012.06.06 14:41:12.759,0.76605,0.76622,1.88,1.69
2012.06.06 14:41:12.979,0.76606,0.7662,1.88,2.25
2012.06.06 14:41:13.337,0.76602,0.76617,1.50,1.50
2012.06.06 14:41:13.536,0.766,0.76617,1.88,1.50
2012.06.06 14:41:17.304,0.76602,0.76618,1.50,1.50
2012.06.06 14:41:17.902,0.76602,0.7662,1.50,4.50
2012.06.06 14:41:18.925,0.76602,0.76619,1.50,1.50
2012.06.06 14:41:19.326,0.76601,0.76617,2.63,2.25
2012.06.06 14:41:20.043,0.76601,0.76617,1.88,2.25
2012.06.06 14:41:20.636,0.76601,0.76619,1.88,3.00
2012.06.06 14:41:22.246,0.76601,0.76618,1.88,1.50
2012.06.06 14:41:22.926,0.76603,0.76618,1.50,1.50
2012.06.06 14:41:23.284,0.76601,0.76615,1.50,1.50
2012.06.06 14:41:23.428,0.76599,0.76613,2.25,1.50
2012.06.06 14:41:24.606,0.76599,0.76616,3.75,2.25
2012.06.06 14:41:25.620,0.766,0.76616,1.50,1.50
2012.06.06 14:41:26.127,0.76599,0.76615,2.25,1.50
2012.06.06 14:41:26.790,0.76599,0.76614,2.25,3.00
2012.06.06 14:41:30.217,0.76597,0.76613,1.88,2.25
2012.06.06 14:41:30.355,0.76597,0.76613,1.50,1.50
2012.06.06 14:41:30.634,0.76597,0.76613,1.50,3.00
2012.06.06 14:41:30.774,0.766,0.76613,1.50,1.50
2012.06.06 14:41:31.135,0.76602,0.76613,1.50,1.50
2012.06.06 14:41:31.556,0.766,0.76613,1.50,1.50
2012.06.06 14:41:32.783,0.76601,0.76613,1.50,1.50
2012.06.06 14:41:34.985,0.76599,0.76614,1.50,1.50
2012.06.06 14:41:35.431,0.76597,0.76614,1.50,1.50
2012.06.06 14:41:35.793,0.76599,0.76614,1.50,1.50
2012.06.06 14:41:36.734,0.76601,0.76614,1.50,1.50
2012.06.06 14:41:37.088,0.76598,0.76613,1.50,3.00
2012.06.06 14:41:37.166,0.76598,0.7661,1.50,2.25
2012.06.06 14:41:37.434,0.76596,0.7661,1.50,2.25
2012.06.06 14:41:37.574,0.76598,0.7661,1.50,2.25
2012.06.06 14:41:38.814,0.76596,0.7661,3.00,2.25
2012.06.06 14:41:39.266,0.76598,0.7661,1.50,3.00
2012.06.06 14:41:41.784,0.76596,0.7661,1.50,3.00
2012.06.06 14:41:41.998,0.76594,0.76608,1.13,1.50
2012.06.06 14:41:42.314,0.76591,0.76608,1.13,4.50
2012.06.06 14:41:42.852,0.76593,0.76609,1.50,2.63
2012.06.06 14:41:42.928,0.76591,0.76609,1.50,3.38
2012.06.06 14:41:43.491,0.76589,0.76604,3.75,2.25
2012.06.06 14:41:44.165,0.76589,0.76603,2.25,1.50
2012.06.06 14:41:44.311,0.76587,0.76603,1.50,1.50
2012.06.06 14:41:44.528,0.76589,0.76603,2.25,1.50
2012.06.06 14:41:45.015,0.76587,0.76603,3.00,1.50
2012.06.06 14:41:45.087,0.76589,0.76604,2.25,1.50
2012.06.06 14:41:45.519,0.76587,0.76603,1.50,2.25
2012.06.06 14:41:51.465,0.76587,0.76605,2.25,5.25
2012.06.06 14:41:51.606,0.76593,0.76605,1.50,3.75
2012.06.06 14:41:51.734,0.76595,0.76608,1.50,1.50
2012.06.06 14:41:51.867,0.76595,0.76608,1.50,1.50
2012.06.06 14:41:52.133,0.76597,0.76609,1.50,3.00
2012.06.06 14:41:52.710,0.76593,0.76609,1.50,3.00
2012.06.06 14:41:52.995,0.76595,0.76609,1.50,3.00
2012.06.06 14:41:53.438,0.76593,0.76609,1.50,2.25
2012.06.06 14:41:54.010,0.76597,0.76609,1.43,2.25
2012.06.06 14:41:54.155,0.76597,0.76614,2.93,2.44
2012.06.06 14:41:54.659,0.76599,0.76614,2.18,3.00
2012.06.06 14:41:55.155,0.76599,0.76614,2.93,3.00
2012.06.06 14:41:55.968,0.76604,0.76616,1.50,1.50
2012.06.06 14:41:56.051,0.76602,0.7662,2.25,3.75
2012.06.06 14:41:56.196,0.76602,0.76619,2.25,2.25
2012.06.06 14:41:56.336,0.76601,0.76617,3.00,3.75
2012.06.06 14:41:56.686,0.76598,0.76614,1.50,3.75
2012.06.06 14:41:57.194,0.76598,0.76614,2.25,4.50
2012.06.06 14:41:57.265,0.76596,0.76612,4.88,1.50
2012.06.06 14:41:57.333,0.76596,0.76612,4.13,1.50
2012.06.06 14:41:58.565,0.76596,0.76611,2.63,1.50
2012.06.06 14:41:59.125,0.76596,0.76608,1.88,1.50
2012.06.06 14:41:59.280,0.76595,0.7661,2.25,3.00
2012.06.06 14:41:59.482,0.76595,0.76608,2.25,1.50
2012.06.06 14:41:59.835,0.76593,0.76609,2.25,1.50
2012.06.06 14:41:59.916,0.76595,0.7661,1.50,2.25
2012.06.06 14:42:00.675,0.76596,0.7661,1.50,2.25
2012.06.06 14:42:01.265,0.76595,0.7661,1.50,2.25
2012.06.06 14:42:01.615,0.76593,0.76606,1.13,1.50
2012.06.06 14:42:01.989,0.76591,0.76604,1.13,1.50
2012.06.06 14:42:02.346,0.7659,0.76602,1.13,1.50
2012.06.06 14:42:03.004,0.76589,0.76599,2.25,1.50
2012.06.06 14:42:03.216,0.76584,0.76599,3.00,2.25
2012.06.06 14:42:03.569,0.76585,0.76599,1.50,2.25
2012.06.06 14:42:05.175,0.76586,0.76599,1.50,2.25
2012.06.06 14:42:06.204,0.76585,0.76599,1.50,2.25
2012.06.06 14:42:07.365,0.76586,0.76599,1.50,2.25
2012.06.06 14:42:09.405,0.76587,0.76599,1.50,2.25
2012.06.06 14:42:09.677,0.76591,0.76609,2.44,3.00
2012.06.06 14:42:09.748,0.76591,0.76609,3.94,3.00
2012.06.06 14:42:09.828,0.76593,0.7661,3.75,3.00
2012.06.06 14:42:10.113,0.76595,0.76612,3.00,4.50
2012.06.06 14:42:14.056,0.76596,0.76611,1.88,1.50
2012.06.06 14:42:14.182,0.76597,0.76614,1.50,3.00
2012.06.06 14:42:14.724,0.76596,0.76614,1.88,3.75
2012.06.06 14:42:15.168,0.76599,0.76614,1.50,2.25
2012.06.06 14:42:15.524,0.76604,0.76617,2.25,2.25
2012.06.06 14:42:15.866,0.76606,0.76617,2.25,2.25
2012.06.06 14:42:16.578,0.76607,0.76623,1.50,3.00
2012.06.06 14:42:16.730,0.76609,0.76623,1.50,1.50
2012.06.06 14:42:16.949,0.76606,0.76622,2.25,2.25
2012.06.06 14:42:17.227,0.76606,0.76619,2.25,1.50
2012.06.06 14:42:17.581,0.76597,0.7661,1.88,2.25
2012.06.06 14:42:17.728,0.76596,0.7661,1.50,2.25
2012.06.06 14:42:17.810,0.76594,0.7661,4.88,2.25
2012.06.06 14:42:18.028,0.76596,0.7661,1.50,2.25
2012.06.06 14:42:20.044,0.76595,0.7661,1.50,2.25
2012.06.06 14:42:20.664,0.76595,0.7661,1.50,3.00
2012.06.06 14:42:20.738,0.76594,0.7661,3.75,3.75
2012.06.06 14:42:20.873,0.76594,0.7661,2.25,4.50
2012.06.06 14:42:21.418,0.76591,0.76607,3.75,1.50
2012.06.06 14:42:21.637,0.76589,0.76605,1.50,3.00
2012.06.06 14:42:21.782,0.76591,0.76605,2.25,2.25
2012.06.06 14:42:21.997,0.76589,0.76605,1.50,1.50
2012.06.06 14:42:22.325,0.76591,0.76605,2.25,1.50
2012.06.06 14:42:23.030,0.76592,0.76605,1.13,1.50
2012.06.06 14:42:23.250,0.76592,0.76609,1.88,2.25
2012.06.06 14:42:23.400,0.76594,0.7661,2.63,5.25
2012.06.06 14:42:23.479,0.76594,0.76605,2.63,1.50
2012.06.06 14:42:23.837,0.76591,0.76604,4.88,1.50
2012.06.06 14:42:24.115,0.76591,0.76607,5.25,1.50
2012.06.06 14:42:24.256,0.76591,0.76605,4.50,1.50
2012.06.06 14:42:25.970,0.76591,0.76606,5.25,1.50
2012.06.06 14:42:26.906,0.76591,0.76605,4.32,1.50
2012.06.06 14:42:29.012,0.76591,0.76606,4.32,1.50
2012.06.06 14:42:29.265,0.76591,0.76608,3.19,3.38
2012.06.06 14:42:29.465,0.76592,0.76603,1.69,1.50
2012.06.06 14:42:29.974,0.76591,0.76604,2.44,1.50
2012.06.06 14:42:30.532,0.76591,0.76605,1.69,1.50
2012.06.06 14:42:32.014,0.76591,0.76605,1.50,1.50
2012.06.06 14:42:39.332,0.76591,0.76605,2.82,1.50
2012.06.06 14:42:41.494,0.76591,0.76605,1.88,1.50
2012.06.06 14:42:43.763,0.76591,0.76606,2.25,1.50
2012.06.06 14:42:44.788,0.76593,0.76608,1.50,1.50
2012.06.06 14:42:45.233,0.76591,0.76606,1.88,1.50
2012.06.06 14:42:45.484,0.76592,0.76608,1.50,1.50
2012.06.06 14:42:46.003,0.76593,0.76609,1.50,3.75
2012.06.06 14:42:46.284,0.76591,0.76607,3.38,1.50
2012.06.06 14:42:46.443,0.76592,0.76609,1.50,2.25
2012.06.06 14:42:46.953,0.76592,0.76608,1.50,1.50
2012.06.06 14:42:47.024,0.76591,0.76606,1.88,1.50
2012.06.06 14:42:49.907,0.76591,0.76605,2.07,1.50
2012.06.06 14:42:50.125,0.76591,0.76607,2.82,1.50
2012.06.06 14:42:52.744,0.76591,0.76606,1.69,1.50
2012.06.06 14:42:53.144,0.76591,0.76603,1.69,1.50
2012.06.06 14:42:53.914,0.7659,0.76602,3.19,1.50
2012.06.06 14:42:54.281,0.76588,0.76599,1.13,2.25
2012.06.06 14:42:54.359,0.76589,0.76601,2.25,1.50
2012.06.06 14:42:54.512,0.76588,0.76599,1.88,3.75
2012.06.06 14:42:55.008,0.76586,0.76594,1.13,1.50
2012.06.06 14:42:55.416,0.76582,0.76594,1.13,1.50
2012.06.06 14:42:55.625,0.7658,0.76594,3.75,1.50
2012.06.06 14:42:56.164,0.7658,0.76595,3.00,1.50
2012.06.06 14:42:57.086,0.7658,0.76594,3.75,1.50
2012.06.06 14:42:57.703,0.7658,0.76595,3.00,1.50
2012.06.06 14:43:00.169,0.76582,0.76594,1.50,1.50
2012.06.06 14:43:00.250,0.76582,0.76597,1.50,1.50
2012.06.06 14:43:00.384,0.76583,0.76599,1.50,3.00
2012.06.06 14:43:01.024,0.76582,0.76599,1.50,3.75
2012.06.06 14:43:03.314,0.76582,0.76596,1.50,1.50
2012.06.06 14:43:03.645,0.7658,0.76598,6.19,1.50
2012.06.06 14:43:04.330,0.7658,0.76597,6.19,1.50
2012.06.06 14:43:04.646,0.7658,0.76594,3.94,1.50
2012.06.06 14:43:04.844,0.7658,0.76596,3.57,1.50
2012.06.06 14:43:05.376,0.7658,0.76595,3.57,1.50
2012.06.06 14:43:09.416,0.7658,0.76597,4.20,1.50
2012.06.06 14:43:09.926,0.7658,0.76596,6.38,1.50
2012.06.06 14:43:10.057,0.7658,0.76598,5.63,1.88
2012.06.06 14:43:11.896,0.7658,0.76597,4.13,1.50
2012.06.06 14:43:13.785,0.7658,0.76595,5.07,1.50
2012.06.06 14:43:14.651,0.76582,0.76594,1.50,2.25
2012.06.06 14:43:14.732,0.7658,0.76598,6.57,1.50
2012.06.06 14:43:15.221,0.76581,0.76596,1.50,1.50
2012.06.06 14:43:15.571,0.76589,0.76597,2.63,1.50
2012.06.06 14:43:15.918,0.76595,0.76605,3.38,1.65
2012.06.06 14:43:16.271,0.76599,0.76606,3.00,1.40
2012.06.06 14:43:16.779,0.76597,0.76612,1.13,2.25
2012.06.06 14:43:16.988,0.766,0.76615,2.25,3.00
2012.06.06 14:43:17.258,0.766,0.76611,2.25,1.50
2012.06.06 14:43:17.720,0.766,0.76614,2.25,1.50
2012.06.06 14:43:20.420,0.766,0.76612,2.25,1.50
2012.06.06 14:43:20.812,0.766,0.76614,2.25,1.50
2012.06.06 14:43:21.089,0.766,0.76611,2.25,1.50
2012.06.06 14:43:21.526,0.76596,0.76609,2.07,2.25
2012.06.06 14:43:24.221,0.76595,0.76607,2.25,1.50
2012.06.06 14:43:24.703,0.76595,0.76604,1.50,1.50
2012.06.06 14:43:25.059,0.76589,0.76601,1.73,1.50
2012.06.06 14:43:25.541,0.76589,0.76604,1.73,1.50
2012.06.06 14:43:25.620,0.76589,0.76604,1.73,1.50
2012.06.06 14:43:26.757,0.7659,0.76606,1.50,1.50
2012.06.06 14:43:27.728,0.76588,0.76606,2.44,1.88
2012.06.06 14:43:28.246,0.76588,0.76606,2.44,1.50
2012.06.06 14:43:32.457,0.76588,0.76605,3.00,1.50
2012.06.06 14:43:33.249,0.76589,0.76604,1.50,1.50
2012.06.06 14:43:33.808,0.76588,0.76603,1.69,1.50
2012.06.06 14:43:35.040,0.76587,0.76603,3.00,1.73
2012.06.06 14:43:35.300,0.76585,0.76595,1.13,1.50
2012.06.06 14:43:35.729,0.76581,0.76595,2.63,1.50
2012.06.06 14:43:35.869,0.76581,0.76597,3.00,3.00
2012.06.06 14:43:36.407,0.7658,0.76592,2.25,1.50
2012.06.06 14:43:36.550,0.7658,0.76595,2.25,1.50
2012.06.06 14:43:36.623,0.7658,0.76595,1.50,1.50
2012.06.06 14:43:36.700,0.76579,0.76592,3.19,1.50
2012.06.06 14:43:37.058,0.76578,0.76594,3.75,1.50
2012.06.06 14:43:37.128,0.76578,0.76594,3.75,1.50
2012.06.06 14:43:37.267,0.7658,0.76593,2.25,1.50
2012.06.06 14:43:39.820,0.76582,0.76597,1.50,3.00
2012.06.06 14:43:40.168,0.7658,0.76592,3.00,1.50
2012.06.06 14:43:40.244,0.7658,0.76596,3.00,1.50
2012.06.06 14:43:43.525,0.7658,0.76595,3.00,1.50
2012.06.06 14:43:44.076,0.7658,0.76594,3.00,1.50
2012.06.06 14:43:45.603,0.7658,0.76593,3.00,1.50
2012.06.06 14:43:46.330,0.76578,0.76593,1.13,1.50
2012.06.06 14:43:46.899,0.76577,0.76593,2.25,2.25
2012.06.06 14:43:47.480,0.76577,0.76593,2.25,1.50
2012.06.06 14:43:48.559,0.76579,0.76595,1.50,3.75
2012.06.06 14:43:48.897,0.76579,0.76593,2.25,1.50
2012.06.06 14:43:49.418,0.76579,0.76594,2.25,1.50
2012.06.06 14:43:50.678,0.76579,0.76593,2.25,1.50
2012.06.06 14:43:50.817,0.76577,0.76593,6.75,1.50
2012.06.06 14:43:51.366,0.76577,0.76594,5.25,1.50
2012.06.06 14:43:52.034,0.76577,0.76595,6.75,2.25
2012.06.06 14:43:52.114,0.76577,0.76593,6.75,1.50
2012.06.06 14:43:53.108,0.76577,0.76595,6.75,2.25
2012.06.06 14:43:53.307,0.76577,0.76593,6.75,1.50
2012.06.06 14:43:53.737,0.76577,0.76591,4.50,2.15
2012.06.06 14:43:54.022,0.76574,0.76589,1.50,3.75
2012.06.06 14:43:54.171,0.76577,0.76589,1.50,1.50
2012.06.06 14:43:54.244,0.76577,0.76595,1.50,4.88
2012.06.06 14:43:55.073,0.76578,0.76592,2.25,1.50
2012.06.06 14:43:55.627,0.76575,0.76592,1.35,2.25
2012.06.06 14:43:57.101,0.76575,0.76591,2.85,1.50
2012.06.06 14:43:58.247,0.76574,0.7659,2.25,1.50
2012.06.06 14:43:59.219,0.76575,0.76591,2.25,1.50
2012.06.06 14:43:59.784,0.76574,0.7659,2.44,1.50
2012.06.06 14:44:00.347,0.76573,0.76588,2.25,1.50
2012.06.06 14:44:00.971,0.76575,0.76593,2.82,1.50
2012.06.06 14:44:01.105,0.76575,0.76591,2.82,1.50
2012.06.06 14:44:01.666,0.76575,0.76593,2.82,1.50
2012.06.06 14:44:02.332,0.76575,0.76591,2.82,1.50
2012.06.06 14:44:02.651,0.7658,0.76595,1.50,4.50
2012.06.06 14:44:02.793,0.76578,0.76596,1.65,1.50
2012.06.06 14:44:02.871,0.76578,0.76594,1.65,1.50
2012.06.06 14:44:03.439,0.7658,0.76595,1.50,2.25
2012.06.06 14:44:03.627,0.7658,0.76598,2.25,4.50
2012.06.06 14:44:03.890,0.76584,0.76598,1.50,3.00
2012.06.06 14:44:04.147,0.76581,0.76598,2.25,3.00
2012.06.06 14:44:04.693,0.76581,0.76598,2.25,3.00
2012.06.06 14:44:04.904,0.7658,0.76595,1.50,1.50
2012.06.06 14:44:05.116,0.76581,0.76598,1.50,4.50
2012.06.06 14:44:05.652,0.7658,0.76596,1.69,1.50
2012.06.06 14:44:06.296,0.7658,0.76597,1.69,1.50
2012.06.06 14:44:07.437,0.76581,0.76595,1.50,1.50
2012.06.06 14:44:07.950,0.76581,0.76594,1.50,1.50
2012.06.06 14:44:08.478,0.76578,0.76592,3.15,1.50
2012.06.06 14:44:09.108,0.76578,0.7659,2.25,1.50
2012.06.06 14:44:09.175,0.76578,0.76592,2.25,3.00
2012.06.06 14:44:09.763,0.76578,0.76592,1.50,1.50
2012.06.06 14:44:10.277,0.76578,0.76593,1.50,1.50
2012.06.06 14:44:10.553,0.76578,0.76591,1.50,1.50
2012.06.06 14:44:10.698,0.76578,0.76594,1.50,1.50
2012.06.06 14:44:10.770,0.76578,0.76592,1.50,1.50
2012.06.06 14:44:11.120,0.76578,0.7659,1.50,1.50
2012.06.06 14:44:11.468,0.76578,0.76592,1.50,1.50
2012.06.06 14:44:12.263,0.76578,0.76596,3.38,2.25
2012.06.06 14:44:12.409,0.7658,0.76596,1.88,2.25
2012.06.06 14:44:12.549,0.76583,0.76598,1.13,3.75
2012.06.06 14:44:12.620,0.76586,0.76598,1.50,2.25
2012.06.06 14:44:12.889,0.76586,0.76602,2.25,1.73
2012.06.06 14:44:13.103,0.76589,0.76598,1.50,2.25
2012.06.06 14:44:13.322,0.76587,0.76602,2.25,1.13
2012.06.06 14:44:13.399,0.76587,0.76604,4.50,1.50
2012.06.06 14:44:13.539,0.76587,0.76605,7.50,2.25
2012.06.06 14:44:13.678,0.76589,0.76607,2.25,2.25
2012.06.06 14:44:14.187,0.76588,0.76605,3.38,1.50
2012.06.06 14:44:15.870,0.7659,0.76606,2.25,1.50
2012.06.06 14:44:16.218,0.76593,0.76608,1.50,3.00
2012.06.06 14:44:16.788,0.76592,0.76608,1.50,3.00
2012.06.06 14:44:18.022,0.76591,0.76608,1.50,3.00
2012.06.06 14:44:18.367,0.76593,0.76608,1.50,2.25
2012.06.06 14:44:18.967,0.76594,0.76608,1.50,2.25
2012.06.06 14:44:19.437,0.76592,0.76608,3.75,4.50
2012.06.06 14:44:19.770,0.7659,0.76607,2.25,1.50
2012.06.06 14:44:20.309,0.7659,0.76606,1.50,1.50
2012.06.06 14:44:20.860,0.76594,0.76608,1.50,3.75
2012.06.06 14:44:21.208,0.76603,0.76618,3.75,1.50
2012.06.06 14:44:21.339,0.76601,0.76618,3.00,3.75
2012.06.06 14:44:21.410,0.76601,0.76615,1.50,1.50
2012.06.06 14:44:21.478,0.76598,0.76615,1.95,1.50
2012.06.06 14:44:21.988,0.76598,0.76615,2.33,2.25
2012.06.06 14:44:22.066,0.76598,0.76615,2.70,3.00
2012.06.06 14:44:22.491,0.76599,0.76615,1.50,1.50
2012.06.06 14:44:23.040,0.766,0.76616,1.50,4.50
2012.06.06 14:44:23.421,0.76598,0.76616,2.63,4.50
2012.06.06 14:44:23.912,0.76598,0.76616,2.63,4.50
2012.06.06 14:44:24.496,0.76596,0.76611,1.32,1.50
2012.06.06 14:44:27.127,0.76596,0.76613,1.13,3.00
2012.06.06 14:44:29.648,0.76596,0.76612,2.63,1.50
2012.06.06 14:44:30.157,0.76596,0.76613,1.13,2.25
2012.06.06 14:44:34.506,0.76602,0.76616,1.50,3.00
2012.06.06 14:44:34.911,0.76605,0.76616,1.50,2.25
2012.06.06 14:44:35.457,0.76604,0.76616,1.50,2.25
2012.06.06 14:44:35.669,0.76603,0.76621,1.88,1.50
2012.06.06 14:44:35.739,0.76607,0.76624,1.88,2.25
2012.06.06 14:44:36.304,0.76606,0.76624,1.88,2.63
2012.06.06 14:44:36.868,0.76605,0.76623,3.38,1.88
2012.06.06 14:44:37.877,0.76607,0.76623,1.50,1.50
2012.06.06 14:44:38.363,0.76605,0.76619,1.13,1.50
2012.06.06 14:44:38.718,0.76605,0.76617,1.13,2.25
2012.06.06 14:44:38.849,0.76602,0.76617,1.13,2.25
2012.06.06 14:44:39.117,0.76605,0.76617,1.50,2.25
2012.06.06 14:44:39.446,0.76608,0.76617,1.50,2.25
2012.06.06 14:44:40.198,0.76607,0.76617,1.50,2.25
2012.06.06 14:44:40.740,0.76603,0.76615,1.13,1.50
2012.06.06 14:44:41.195,0.766,0.76614,1.13,1.50
2012.06.06 14:44:41.623,0.76597,0.76613,1.73,2.25
2012.06.06 14:44:41.829,0.766,0.76614,1.50,1.50
2012.06.06 14:44:42.433,0.76598,0.76615,2.48,3.00
2012.06.06 14:44:42.793,0.76601,0.76615,1.50,2.25
2012.06.06 14:44:43.152,0.76608,0.76618,1.50,2.25
2012.06.06 14:44:43.509,0.76606,0.76618,1.50,2.25
2012.06.06 14:44:44.436,0.76605,0.76618,1.50,2.25
2012.06.06 14:44:45.050,0.76604,0.76618,2.25,2.25
2012.06.06 14:44:46.111,0.76605,0.76618,1.50,2.25
2012.06.06 14:44:46.179,0.76607,0.76618,1.50,2.25
2012.06.06 14:44:46.530,0.76607,0.76618,1.50,3.75
2012.06.06 14:44:46.602,0.76603,0.76617,1.13,2.25
2012.06.06 14:44:46.678,0.76603,0.76613,1.13,2.25
2012.06.06 14:44:46.893,0.76605,0.76618,1.50,3.65
2012.06.06 14:44:47.044,0.76607,0.76618,1.50,2.25
2012.06.06 14:44:47.501,0.7661,0.76618,1.50,2.25
2012.06.06 14:44:47.578,0.76608,0.76624,3.75,1.50
2012.06.06 14:44:47.650,0.76608,0.76622,2.25,1.50
2012.06.06 14:44:47.791,0.7661,0.76627,1.88,3.00
2012.06.06 14:44:48.939,0.76612,0.76627,1.50,3.00
2012.06.06 14:44:49.007,0.76614,0.76627,1.50,3.00
2012.06.06 14:44:49.567,0.76615,0.76627,1.50,3.00
2012.06.06 14:44:50.249,0.76613,0.76627,1.50,3.00
2012.06.06 14:44:50.754,0.76612,0.76627,1.13,4.50
2012.06.06 14:44:50.975,0.76611,0.76627,2.25,6.00
2012.06.06 14:44:51.330,0.76608,0.76622,3.00,2.25
2012.06.06 14:44:51.400,0.76608,0.76622,3.00,2.25
2012.06.06 14:44:52.140,0.76608,0.76622,1.50,2.25
2012.06.06 14:44:52.412,0.76609,0.76617,1.50,2.25
2012.06.06 14:44:52.494,0.76609,0.76626,1.50,4.50
2012.06.06 14:44:53.010,0.7661,0.76626,1.50,5.25
2012.06.06 14:44:53.648,0.76609,0.76625,1.50,2.25
2012.06.06 14:44:54.559,0.7661,0.76626,1.50,3.00
2012.06.06 14:44:54.629,0.76612,0.76626,1.50,3.00
2012.06.06 14:44:54.699,0.76612,0.76626,1.50,3.00
2012.06.06 14:44:54.898,0.76611,0.76626,1.50,3.00
2012.06.06 14:44:55.108,0.76608,0.76623,1.88,1.50
2012.06.06 14:44:55.594,0.76606,0.76623,2.25,1.50
2012.06.06 14:44:55.742,0.76609,0.76623,1.50,2.25
2012.06.06 14:44:56.098,0.76604,0.76618,3.38,2.25
2012.06.06 14:44:57.869,0.76607,0.76618,1.50,2.25
2012.06.06 14:44:58.400,0.76609,0.76618,1.50,2.25
2012.06.06 14:44:59.017,0.76608,0.76618,1.50,2.25
2012.06.06 14:44:59.546,0.76609,0.76618,1.50,2.25
2012.06.06 14:45:00.122,0.7661,0.76618,1.50,2.25
2012.06.06 14:45:00.203,0.7661,0.76624,1.88,1.50
2012.06.06 14:45:00.350,0.76612,0.76625,1.50,1.50
2012.06.06 14:45:00.420,0.76612,0.76627,1.50,5.25
2012.06.06 14:45:00.938,0.76614,0.76627,1.50,3.00
2012.06.06 14:45:01.551,0.76615,0.76627,1.50,3.00
2012.06.06 14:45:01.923,0.76615,0.76627,1.50,2.25
2012.06.06 14:45:02.530,0.76614,0.76627,1.50,2.25
2012.06.06 14:45:03.059,0.76613,0.76627,1.88,2.25
2012.06.06 14:45:03.252,0.76615,0.76627,1.50,2.25
2012.06.06 14:45:03.539,0.76613,0.76627,1.88,2.25
2012.06.06 14:45:03.741,0.76615,0.76627,1.50,2.25
2012.06.06 14:45:04.296,0.76616,0.76627,1.50,2.25
2012.06.06 14:45:04.560,0.76615,0.76632,1.50,4.13
2012.06.06 14:45:05.170,0.76618,0.76632,1.50,1.50
2012.06.06 14:45:05.524,0.76616,0.76627,1.50,2.25
2012.06.06 14:45:05.599,0.76616,0.76632,1.50,3.00
2012.06.06 14:45:05.811,0.76617,0.76627,1.50,2.25
2012.06.06 14:45:08.432,0.76617,0.76633,3.00,5.25
2012.06.06 14:45:08.567,0.76617,0.76632,1.50,1.50
2012.06.06 14:45:09.006,0.76619,0.76633,1.13,3.00
2012.06.06 14:45:09.358,0.7662,0.76634,1.13,1.50
2012.06.06 14:45:10.000,0.76619,0.76632,1.13,1.50
2012.06.06 14:45:10.069,0.76618,0.76632,3.38,1.50
2012.06.06 14:45:10.600,0.76618,0.76632,1.50,2.25
2012.06.06 14:45:11.208,0.76617,0.76632,3.00,2.25
2012.06.06 14:45:11.461,0.76619,0.76632,1.88,2.25
2012.06.06 14:45:11.599,0.76621,0.76637,1.88,4.47
2012.06.06 14:45:12.136,0.7662,0.76637,1.88,1.50
2012.06.06 14:45:12.459,0.76623,0.76637,1.50,1.47
2012.06.06 14:45:12.740,0.76628,0.76642,1.50,1.88
2012.06.06 14:45:13.020,0.76625,0.76638,1.50,1.50
2012.06.06 14:45:13.747,0.76624,0.76638,1.50,2.55
2012.06.06 14:45:14.461,0.76624,0.76636,1.50,1.13
2012.06.06 14:45:14.599,0.76617,0.76633,1.50,4.50
2012.06.06 14:45:15.167,0.76618,0.76633,2.25,2.25
2012.06.06 14:45:15.460,0.76618,0.76636,3.75,3.19
2012.06.06 14:45:15.868,0.76617,0.76633,1.88,2.25
2012.06.06 14:45:16.202,0.7662,0.76634,1.50,1.50
2012.06.06 14:45:16.422,0.7662,0.76635,1.50,2.25
2012.06.06 14:45:16.641,0.76621,0.76637,2.63,4.40
2012.06.06 14:45:17.213,0.76628,0.76637,1.50,2.90
2012.06.06 14:45:17.507,0.76625,0.76637,1.50,2.25
2012.06.06 14:45:17.654,0.76627,0.76637,1.50,2.25
2012.06.06 14:45:17.849,0.76625,0.76637,2.25,2.25
2012.06.06 14:45:17.977,0.76627,0.76637,1.50,2.25
2012.06.06 14:45:18.514,0.76626,0.76637,2.25,2.25
2012.06.06 14:45:20.138,0.76627,0.76637,1.50,2.25
2012.06.06 14:45:20.888,0.76626,0.76637,1.50,2.25
2012.06.06 14:45:21.457,0.76625,0.76637,1.50,2.25
2012.06.06 14:45:21.788,0.76629,0.76637,1.50,2.25
2012.06.06 14:45:22.482,0.76628,0.76637,2.25,2.25
2012.06.06 14:45:22.560,0.76628,0.76639,2.25,2.25
2012.06.06 14:45:25.120,0.76627,0.76639,1.50,2.25
2012.06.06 14:45:25.320,0.76624,0.76639,3.00,2.25
2012.06.06 14:45:26.187,0.76624,0.76639,2.25,2.25
2012.06.06 14:45:27.292,0.76624,0.76639,2.25,3.00
2012.06.06 14:45:27.777,0.76624,0.76639,1.50,3.00
2012.06.06 14:45:29.158,0.76625,0.76639,1.50,3.75
2012.06.06 14:45:30.995,0.76623,0.76639,1.88,3.75
2012.06.06 14:45:31.651,0.76625,0.76639,1.50,3.75
2012.06.06 14:45:34.137,0.76624,0.76639,1.50,3.75
2012.06.06 14:45:34.840,0.76625,0.76639,1.50,3.75
2012.06.06 14:45:35.397,0.76623,0.76639,1.88,3.75
2012.06.06 14:45:35.917,0.76625,0.76639,1.50,3.75
2012.06.06 14:45:35.986,0.76623,0.76639,1.88,3.75
2012.06.06 14:45:36.117,0.76625,0.76639,1.50,3.75
2012.06.06 14:45:36.667,0.76624,0.76639,1.50,3.75
2012.06.06 14:45:37.484,0.76623,0.76639,2.63,3.75
2012.06.06 14:45:37.985,0.76624,0.76639,1.50,3.75
2012.06.06 14:45:38.497,0.76623,0.76639,2.63,3.75
2012.06.06 14:45:39.253,0.76624,0.76639,1.50,3.75
2012.06.06 14:45:39.769,0.76625,0.76639,1.50,3.75
2012.06.06 14:45:40.101,0.76623,0.76639,2.63,3.75
2012.06.06 14:45:40.239,0.76625,0.76639,1.50,3.75
2012.06.06 14:45:40.899,0.76624,0.76639,1.50,3.75
2012.06.06 14:45:41.440,0.7662,0.76638,4.88,2.25
2012.06.06 14:45:42.359,0.76624,0.76639,1.50,3.75
2012.06.06 14:45:42.871,0.76623,0.76639,1.88,5.25
2012.06.06 14:45:43.364,0.7662,0.76633,2.63,1.50
2012.06.06 14:45:43.914,0.7662,0.76633,2.63,1.50
2012.06.06 14:45:43.997,0.76619,0.76629,1.88,2.25
2012.06.06 14:45:44.210,0.76618,0.76629,1.50,3.00
2012.06.06 14:45:44.281,0.76613,0.76628,2.25,1.50
2012.06.06 14:45:44.351,0.76613,0.76625,2.25,1.50
2012.06.06 14:45:44.538,0.76613,0.76627,2.25,1.50
2012.06.06 14:45:44.608,0.76613,0.76624,2.25,1.50
2012.06.06 14:45:44.996,0.76613,0.76627,2.25,1.50
2012.06.06 14:45:45.524,0.76613,0.76628,2.25,1.50
2012.06.06 14:45:47.034,0.76613,0.76631,3.75,3.00
2012.06.06 14:45:47.309,0.76617,0.76631,1.50,1.50
2012.06.06 14:45:47.660,0.76613,0.76627,2.63,1.50
2012.06.06 14:45:47.874,0.76613,0.76629,1.50,5.25
2012.06.06 14:45:47.951,0.76613,0.76629,1.50,6.00
2012.06.06 14:45:48.024,0.76611,0.76626,1.50,2.25
2012.06.06 14:45:48.241,0.76609,0.76624,2.25,2.25
2012.06.06 14:45:48.312,0.76609,0.76624,2.25,3.00
2012.06.06 14:45:50.059,0.7661,0.76626,1.50,3.00
2012.06.06 14:45:50.731,0.76613,0.76626,1.50,1.50
2012.06.06 14:45:51.236,0.76614,0.76628,1.50,1.50
2012.06.06 14:45:51.578,0.76616,0.76625,1.50,1.50
2012.06.06 14:45:52.263,0.76615,0.76627,1.50,1.50
2012.06.06 14:45:54.153,0.76612,0.76627,2.25,1.50
2012.06.06 14:45:54.304,0.76614,0.76627,1.50,1.50
2012.06.06 14:45:54.915,0.76613,0.76627,1.50,1.50
2012.06.06 14:45:55.458,0.76609,0.76625,4.69,3.00
2012.06.06 14:45:56.103,0.7661,0.76625,1.50,1.50
2012.06.06 14:45:57.711,0.76611,0.76625,1.50,1.50
2012.06.06 14:45:57.859,0.76609,0.76625,3.75,3.00
2012.06.06 14:46:02.908,0.7661,0.76625,1.50,1.50
2012.06.06 14:46:03.482,0.76609,0.76624,2.25,1.50
2012.06.06 14:46:04.282,0.76611,0.76624,1.50,3.75
2012.06.06 14:46:04.502,0.76608,0.76622,1.50,1.50
2012.06.06 14:46:04.707,0.76606,0.76622,2.25,3.00
2012.06.06 14:46:06.421,0.76604,0.76619,3.94,2.25
2012.06.06 14:46:06.885,0.766,0.76615,2.25,3.00
2012.06.06 14:46:06.962,0.766,0.76615,2.25,4.50
2012.06.06 14:46:07.301,0.766,0.76611,2.25,1.50
2012.06.06 14:46:07.515,0.76597,0.76611,1.13,1.50
2012.06.06 14:46:07.591,0.766,0.76614,2.25,3.00
2012.06.06 14:46:07.807,0.76596,0.76611,1.32,1.50
2012.06.06 14:46:07.880,0.76601,0.76611,1.50,1.50
2012.06.06 14:46:08.092,0.76597,0.76611,1.50,1.50
2012.06.06 14:46:08.310,0.76596,0.76612,4.13,1.50
2012.06.06 14:46:08.454,0.766,0.76615,2.25,3.75
2012.06.06 14:46:08.940,0.76602,0.76615,1.50,1.50
2012.06.06 14:46:09.221,0.76605,0.76618,1.50,1.50
2012.06.06 14:46:09.294,0.76606,0.76618,1.50,1.50
2012.06.06 14:46:09.738,0.76604,0.76617,3.00,1.50
2012.06.06 14:46:10.308,0.76604,0.7662,1.50,5.25
2012.06.06 14:46:10.453,0.76606,0.76619,1.50,1.88
2012.06.06 14:46:10.959,0.76605,0.76622,3.00,3.38
2012.06.06 14:46:11.301,0.76608,0.76623,1.50,1.50
2012.06.06 14:46:11.682,0.76606,0.76623,3.00,1.50
2012.06.06 14:46:12.458,0.76608,0.76623,1.50,1.50
2012.06.06 14:46:12.533,0.76606,0.76623,1.50,1.50
2012.06.06 14:46:12.962,0.76607,0.7662,1.88,2.25
2012.06.06 14:46:13.320,0.76611,0.76625,2.44,1.50
2012.06.06 14:46:13.462,0.76611,0.76623,1.50,1.50
2012.06.06 14:46:13.821,0.76608,0.76619,1.50,3.00
2012.06.06 14:46:14.236,0.76604,0.76617,3.19,1.50
2012.06.06 14:46:14.317,0.76602,0.7662,8.25,3.00
2012.06.06 14:46:14.461,0.76602,0.76619,4.13,2.25
2012.06.06 14:46:14.939,0.76602,0.76615,1.13,2.25
2012.06.06 14:46:15.469,0.76602,0.76618,3.38,2.25
2012.06.06 14:46:15.542,0.76603,0.76618,3.00,1.50
2012.06.06 14:46:16.235,0.76603,0.76619,3.00,2.25
2012.06.06 14:46:18.281,0.76601,0.76615,3.38,3.00
2012.06.06 14:46:18.587,0.766,0.76614,3.75,1.50
2012.06.06 14:46:18.661,0.766,0.76614,2.25,1.50
2012.06.06 14:46:18.803,0.766,0.76616,2.63,2.25
2012.06.06 14:46:18.882,0.76605,0.76619,1.50,1.32
2012.06.06 14:46:19.170,0.76603,0.7662,1.50,3.75
2012.06.06 14:46:19.629,0.76601,0.76617,1.88,1.50
2012.06.06 14:46:20.120,0.76599,0.76612,3.00,1.50
2012.06.06 14:46:20.629,0.76599,0.76612,2.25,1.50
2012.06.06 14:46:20.888,0.76596,0.76612,1.69,2.25
2012.06.06 14:46:21.601,0.76595,0.76611,2.44,3.00
2012.06.06 14:46:22.271,0.76594,0.76612,3.57,2.25
2012.06.06 14:46:22.474,0.76596,0.76611,1.50,1.50
2012.06.06 14:46:22.993,0.76597,0.76611,1.69,1.50
2012.06.06 14:46:23.076,0.76597,0.76613,1.69,1.88
2012.06.06 14:46:23.149,0.766,0.76613,2.25,1.50
2012.06.06 14:46:26.019,0.766,0.76614,2.25,1.50
2012.06.06 14:46:26.861,0.766,0.76616,3.00,1.50
2012.06.06 14:46:27.422,0.76601,0.76616,1.50,1.50
2012.06.06 14:46:27.504,0.76602,0.76617,1.50,1.50
2012.06.06 14:46:27.655,0.76604,0.76618,2.25,1.50
2012.06.06 14:46:27.873,0.76605,0.7662,2.25,2.25
2012.06.06 14:46:28.307,0.76607,0.76619,1.50,3.00
2012.06.06 14:46:28.591,0.76608,0.76625,1.50,4.50
2012.06.06 14:46:28.661,0.76612,0.76625,1.50,4.50
2012.06.06 14:46:29.063,0.76614,0.76625,1.50,1.50
2012.06.06 14:46:29.809,0.76613,0.76628,1.50,1.50
2012.06.06 14:46:30.390,0.76611,0.76628,1.13,3.00
2012.06.06 14:46:34.039,0.76612,0.76628,1.13,1.50
2012.06.06 14:46:34.449,0.76615,0.7663,1.50,3.00
2012.06.06 14:46:34.791,0.76617,0.7663,1.50,3.00
2012.06.06 14:46:35.272,0.76618,0.7663,1.50,3.00
2012.06.06 14:46:35.422,0.76621,0.76634,1.50,3.19
2012.06.06 14:46:36.040,0.7662,0.76635,1.50,1.50
2012.06.06 14:46:36.500,0.76623,0.76638,1.50,2.25
2012.06.06 14:46:37.022,0.76622,0.76638,1.50,2.25
2012.06.06 14:46:37.925,0.76624,0.76638,1.50,2.25
2012.06.06 14:46:38.438,0.76624,0.76638,1.50,2.25
2012.06.06 14:46:38.990,0.76625,0.76638,1.50,2.25
2012.06.06 14:46:39.779,0.76624,0.76638,1.50,1.50
2012.06.06 14:46:40.041,0.76622,0.76638,1.88,1.50
2012.06.06 14:46:40.567,0.7662,0.76637,1.88,1.50
2012.06.06 14:46:41.158,0.76623,0.76637,1.50,1.50
2012.06.06 14:46:41.720,0.76624,0.76638,1.50,1.50
2012.06.06 14:46:41.847,0.76622,0.76638,1.50,1.50
2012.06.06 14:46:42.598,0.76621,0.76637,1.88,2.25
2012.06.06 14:46:44.027,0.76619,0.76635,4.13,2.25
2012.06.06 14:46:44.359,0.76619,0.76634,2.25,2.25
2012.06.06 14:46:44.712,0.76618,0.76629,1.50,3.00
2012.06.06 14:46:45.272,0.76618,0.76624,1.50,1.50
2012.06.06 14:46:45.652,0.7662,0.76624,1.50,2.25
2012.06.06 14:46:45.801,0.7661,0.76624,2.25,4.50
2012.06.06 14:46:47.201,0.7661,0.7662,2.25,1.50
2012.06.06 14:46:47.550,0.76605,0.76614,1.13,3.75
2012.06.06 14:46:47.822,0.76596,0.76612,2.82,2.25
2012.06.06 14:46:47.893,0.76596,0.76612,1.32,3.75
2012.06.06 14:46:48.098,0.76599,0.76609,2.25,1.50
2012.06.06 14:46:48.524,0.76599,0.76613,2.25,1.50
2012.06.06 14:46:49.156,0.76599,0.76612,2.25,1.50
2012.06.06 14:46:49.298,0.76599,0.76614,2.25,2.25
2012.06.06 14:46:49.512,0.76599,0.76615,3.75,1.50
2012.06.06 14:46:49.723,0.76599,0.76614,1.50,3.00
2012.06.06 14:46:50.008,0.766,0.76615,3.75,1.50
2012.06.06 14:46:50.349,0.76599,0.76612,1.50,1.50
2012.06.06 14:46:50.848,0.766,0.76616,2.25,1.50
2012.06.06 14:46:53.020,0.76604,0.76616,1.50,1.50
2012.06.06 14:46:53.371,0.76608,0.76617,1.50,1.50
2012.06.06 14:46:53.571,0.76608,0.76619,2.25,3.00
2012.06.06 14:46:53.711,0.76611,0.76624,2.25,1.50
2012.06.06 14:46:53.851,0.76617,0.76624,1.50,1.50
2012.06.06 14:46:54.543,0.76615,0.76626,2.25,1.50
2012.06.06 14:46:55.004,0.76615,0.76626,1.50,1.13
2012.06.06 14:46:55.539,0.76615,0.76626,1.50,1.13
2012.06.06 14:46:55.960,0.76614,0.7663,1.88,2.25
2012.06.06 14:46:56.781,0.76616,0.76633,1.50,1.50
2012.06.06 14:46:57.229,0.76613,0.76629,2.63,1.50
2012.06.06 14:46:57.372,0.7661,0.76624,2.25,1.50
2012.06.06 14:46:57.719,0.76606,0.76622,2.25,1.50
2012.06.06 14:46:57.860,0.76604,0.76619,3.19,1.50
2012.06.06 14:46:58.408,0.76604,0.76621,2.25,1.50
2012.06.06 14:46:59.678,0.76604,0.76622,2.25,3.00
2012.06.06 14:46:59.751,0.76607,0.76622,1.50,1.50
2012.06.06 14:47:00.092,0.76603,0.76619,2.63,3.00
2012.06.06 14:47:00.661,0.76605,0.76619,1.50,3.00
2012.06.06 14:47:01.408,0.76603,0.76619,1.88,3.00
2012.06.06 14:47:03.023,0.766,0.76612,3.00,1.50
2012.06.06 14:47:03.508,0.766,0.76614,2.25,2.25
2012.06.06 14:47:04.012,0.766,0.76613,2.25,1.88
2012.06.06 14:47:04.150,0.76598,0.76613,2.25,1.88
2012.06.06 14:47:04.290,0.76595,0.76612,3.00,2.25
2012.06.06 14:47:05.998,0.76595,0.76609,3.00,1.50
2012.06.06 14:47:06.541,0.76595,0.76611,3.00,1.50
2012.06.06 14:47:07.166,0.76595,0.76612,3.00,2.25
2012.06.06 14:47:07.236,0.76595,0.76612,3.00,2.25
2012.06.06 14:47:08.284,0.76595,0.76609,3.00,1.50
2012.06.06 14:47:08.987,0.76595,0.76606,2.25,1.50
2012.06.06 14:47:09.130,0.76591,0.76605,1.23,3.75
2012.06.06 14:47:09.271,0.76589,0.76605,2.25,4.50
2012.06.06 14:47:09.342,0.7659,0.76605,3.00,2.25
2012.06.06 14:47:09.893,0.76591,0.76608,1.50,1.50
2012.06.06 14:47:09.975,0.76593,0.76608,1.50,1.50
2012.06.06 14:47:10.670,0.76596,0.76609,1.50,3.75
2012.06.06 14:47:11.000,0.76598,0.76609,1.50,3.00
2012.06.06 14:47:11.270,0.76596,0.76609,1.50,3.00
2012.06.06 14:47:12.072,0.76595,0.76609,3.00,3.00
2012.06.06 14:47:12.148,0.76597,0.76609,1.50,3.00
2012.06.06 14:47:12.682,0.76595,0.76609,1.50,3.75
2012.06.06 14:47:12.761,0.76593,0.76609,1.50,3.75
2012.06.06 14:47:13.190,0.76591,0.76605,1.50,1.50
2012.06.06 14:47:13.718,0.7659,0.76603,2.25,2.25
2012.06.06 14:47:16.504,0.7659,0.76603,2.25,1.50
2012.06.06 14:47:16.652,0.76586,0.76602,2.25,2.25
2012.06.06 14:47:16.800,0.76585,0.76602,2.25,2.25
2012.06.06 14:47:17.650,0.76586,0.76602,1.50,1.50
2012.06.06 14:47:18.161,0.76585,0.766,3.75,2.25
2012.06.06 14:47:18.303,0.76585,0.766,1.50,3.00
2012.06.06 14:47:18.523,0.76586,0.766,1.50,3.00
2012.06.06 14:47:18.740,0.76584,0.76599,1.50,3.00
2012.06.06 14:47:18.812,0.76586,0.76599,1.50,3.00
2012.06.06 14:47:19.102,0.76584,0.76599,1.50,3.00
2012.06.06 14:47:20.031,0.7658,0.76594,3.00,2.25
2012.06.06 14:47:20.100,0.76578,0.76594,3.00,4.50
2012.06.06 14:47:20.799,0.76575,0.7659,3.00,2.25
2012.06.06 14:47:22.468,0.76575,0.7659,4.50,1.50
2012.06.06 14:47:23.366,0.76575,0.7659,4.50,1.50
2012.06.06 14:47:24.039,0.76576,0.7659,1.50,1.50
2012.06.06 14:47:24.401,0.76578,0.76592,1.50,1.50
2012.06.06 14:47:24.741,0.76575,0.76587,3.75,2.25
2012.06.06 14:47:25.070,0.76576,0.76587,1.50,2.25
2012.06.06 14:47:25.418,0.76579,0.76589,1.50,1.50
2012.06.06 14:47:25.563,0.76575,0.7659,1.50,1.50
2012.06.06 14:47:25.712,0.76576,0.76589,1.50,1.50
2012.06.06 14:47:26.260,0.76575,0.76589,1.50,1.50
2012.06.06 14:47:26.989,0.76574,0.7659,1.50,3.00
2012.06.06 14:47:27.288,0.76576,0.7659,1.50,3.00
2012.06.06 14:47:28.778,0.76574,0.7659,1.50,3.00
2012.06.06 14:47:29.230,0.76574,0.7659,3.00,4.50
2012.06.06 14:47:29.580,0.76578,0.76592,1.50,1.50
2012.06.06 14:47:30.055,0.76578,0.76594,1.50,4.50
2012.06.06 14:47:30.140,0.76575,0.76593,6.75,3.00
2012.06.06 14:47:30.479,0.76579,0.76593,1.50,1.50
2012.06.06 14:47:31.008,0.7658,0.76593,1.50,1.50
2012.06.06 14:47:31.573,0.76578,0.76594,1.50,3.00
2012.06.06 14:47:31.654,0.7658,0.76598,3.75,3.00
2012.06.06 14:47:32.216,0.7658,0.76594,2.25,1.50
2012.06.06 14:47:32.909,0.76581,0.76596,1.50,1.50
2012.06.06 14:47:33.049,0.76584,0.76596,1.50,1.50
2012.06.06 14:47:33.519,0.76586,0.76599,1.50,3.00
2012.06.06 14:47:33.981,0.76588,0.76599,1.50,3.00
2012.06.06 14:47:34.054,0.76586,0.76601,1.50,1.50
2012.06.06 14:47:34.198,0.76588,0.76603,1.50,2.25
2012.06.06 14:47:34.548,0.76588,0.76604,1.50,2.25
2012.06.06 14:47:34.617,0.7659,0.76604,2.25,2.25
2012.06.06 14:47:37.190,0.7659,0.76604,3.19,1.50
2012.06.06 14:47:37.615,0.76594,0.76606,1.50,2.25
2012.06.06 14:47:37.818,0.76592,0.76606,1.50,2.25
2012.06.06 14:47:37.889,0.7659,0.76605,1.50,3.75
2012.06.06 14:47:38.396,0.76589,0.76605,1.50,3.75
2012.06.06 14:47:38.468,0.76589,0.76605,1.50,3.00
2012.06.06 14:47:39.028,0.7659,0.76606,3.00,2.25
2012.06.06 14:47:39.097,0.76592,0.76607,1.50,1.50
2012.06.06 14:47:40.130,0.76591,0.76607,1.50,1.50
2012.06.06 14:47:41.338,0.76589,0.76607,3.75,3.00
2012.06.06 14:47:44.708,0.76592,0.76607,1.50,1.50
2012.06.06 14:47:47.699,0.76591,0.76607,1.50,3.00
2012.06.06 14:47:48.471,0.7659,0.76607,1.50,1.50
2012.06.06 14:47:49.388,0.7659,0.76607,2.25,1.50
2012.06.06 14:47:49.739,0.76596,0.76611,1.50,1.88
2012.06.06 14:47:50.130,0.76598,0.7661,1.50,1.13
2012.06.06 14:47:50.270,0.76596,0.76612,3.00,1.50
2012.06.06 14:47:50.341,0.766,0.76613,2.25,1.50
2012.06.06 14:47:50.409,0.766,0.76615,2.25,2.25
2012.06.06 14:47:50.937,0.766,0.76614,2.25,2.25
2012.06.06 14:47:51.008,0.766,0.76615,2.25,2.25
2012.06.06 14:47:51.217,0.76596,0.76612,3.00,3.00
2012.06.06 14:47:51.288,0.766,0.76612,2.25,1.50
2012.06.06 14:47:51.619,0.766,0.76614,2.25,2.25
2012.06.06 14:47:51.890,0.766,0.76611,2.25,1.50
2012.06.06 14:47:52.169,0.76597,0.76613,2.25,3.75
2012.06.06 14:47:52.309,0.76599,0.76614,2.25,1.50
2012.06.06 14:47:52.654,0.76599,0.76612,2.25,1.50
2012.06.06 14:47:53.407,0.76599,0.7661,2.25,1.50
2012.06.06 14:47:53.628,0.76599,0.76611,2.25,1.50
2012.06.06 14:47:54.148,0.76599,0.76614,2.25,3.00
2012.06.06 14:47:54.217,0.76599,0.76612,2.25,1.50
2012.06.06 14:47:55.896,0.76599,0.76614,2.25,3.00
2012.06.06 14:47:56.087,0.76599,0.76614,2.25,2.25
2012.06.06 14:47:56.372,0.76597,0.76612,2.25,1.50
2012.06.06 14:47:56.592,0.766,0.76611,2.25,1.50
2012.06.06 14:47:56.668,0.766,0.76613,2.25,1.50
2012.06.06 14:47:57.253,0.766,0.76614,2.25,1.50
2012.06.06 14:47:57.342,0.76596,0.76611,1.50,1.50
2012.06.06 14:47:57.688,0.766,0.76611,2.25,1.50
2012.06.06 14:47:57.901,0.766,0.76614,2.25,2.25
2012.06.06 14:47:58.519,0.766,0.76612,2.25,1.50
2012.06.06 14:47:59.018,0.766,0.76614,2.25,3.75
2012.06.06 14:47:59.548,0.766,0.76613,2.25,1.50
2012.06.06 14:48:01.189,0.766,0.76613,2.25,2.25
2012.06.06 14:48:01.639,0.76596,0.76612,1.50,1.50
2012.06.06 14:48:02.200,0.76596,0.76612,3.38,1.50
2012.06.06 14:48:02.939,0.76596,0.7661,1.88,1.50
2012.06.06 14:48:03.511,0.76596,0.76611,1.88,1.50
2012.06.06 14:48:05.827,0.76596,0.76612,2.63,1.50
2012.06.06 14:48:06.594,0.76596,0.76612,2.25,3.00
2012.06.06 14:48:07.293,0.76598,0.76612,1.50,1.50
2012.06.06 14:48:07.804,0.76597,0.76612,2.25,1.50
2012.06.06 14:48:08.380,0.76599,0.76614,1.50,3.00
2012.06.06 14:48:08.522,0.76599,0.76614,1.50,2.25
2012.06.06 14:48:08.671,0.766,0.76617,2.25,2.25
2012.06.06 14:48:09.756,0.76601,0.76617,1.50,2.25
2012.06.06 14:48:10.179,0.76603,0.76618,1.50,1.50
2012.06.06 14:48:10.499,0.76605,0.76618,1.50,1.50
2012.06.06 14:48:10.568,0.76603,0.76618,1.50,1.50
2012.06.06 14:48:13.356,0.76604,0.76619,1.50,3.75
2012.06.06 14:48:14.172,0.76603,0.76619,1.50,3.75
2012.06.06 14:48:14.950,0.76602,0.76619,1.50,3.75
2012.06.06 14:48:15.018,0.76605,0.76619,1.50,3.75
2012.06.06 14:48:15.300,0.76603,0.76619,1.50,4.50
2012.06.06 14:48:15.829,0.76602,0.76617,1.50,1.50
2012.06.06 14:48:17.309,0.76606,0.76619,1.50,4.50
2012.06.06 14:48:17.877,0.76605,0.76619,1.50,3.00
2012.06.06 14:48:18.748,0.76604,0.76618,1.50,1.50
2012.06.06 14:48:18.818,0.76602,0.76618,3.00,3.00
2012.06.06 14:48:19.219,0.766,0.76616,4.50,1.50
2012.06.06 14:48:19.839,0.76602,0.76618,1.50,3.75
2012.06.06 14:48:21.126,0.766,0.76618,4.50,3.75
2012.06.06 14:48:21.583,0.76602,0.76618,1.50,3.75
2012.06.06 14:48:21.959,0.76605,0.76618,1.50,1.50
2012.06.06 14:48:22.539,0.76604,0.76619,3.00,3.75
2012.06.06 14:48:23.137,0.76604,0.76617,1.50,1.50
2012.06.06 14:48:26.432,0.76605,0.76617,1.50,2.25
2012.06.06 14:48:26.688,0.76603,0.76617,1.50,2.25
2012.06.06 14:48:27.199,0.76602,0.76617,1.50,2.25
2012.06.06 14:48:27.867,0.766,0.76617,3.00,4.50
2012.06.06 14:48:28.617,0.76601,0.76617,1.50,4.50
2012.06.06 14:48:29.136,0.76602,0.76617,1.50,3.00
2012.06.06 14:48:29.341,0.766,0.76617,3.75,3.00
2012.06.06 14:48:30.901,0.766,0.76614,2.25,2.25
2012.06.06 14:48:31.109,0.76597,0.76607,2.25,1.50
2012.06.06 14:48:31.237,0.76596,0.76607,3.00,1.50
2012.06.06 14:48:31.618,0.76599,0.76611,1.50,2.25
2012.06.06 14:48:31.748,0.76595,0.76606,2.25,1.50
2012.06.06 14:48:31.958,0.76593,0.76606,5.25,1.50
2012.06.06 14:48:32.564,0.76595,0.76607,1.50,2.25
2012.06.06 14:48:34.455,0.76597,0.76607,1.50,2.25
2012.06.06 14:48:34.533,0.76595,0.76607,1.50,2.25
2012.06.06 14:48:34.608,0.76593,0.76607,1.50,2.25
2012.06.06 14:48:35.066,0.76595,0.76607,1.50,2.25
2012.06.06 14:48:35.642,0.76594,0.76607,1.50,2.25
2012.06.06 14:48:36.271,0.76596,0.76607,2.25,2.25
2012.06.06 14:48:36.609,0.76598,0.7661,1.50,1.50
2012.06.06 14:48:36.810,0.76598,0.76611,1.50,2.25
2012.06.06 14:48:36.951,0.76596,0.76611,2.25,2.25
2012.06.06 14:48:37.229,0.76598,0.76611,1.50,2.25
2012.06.06 14:48:37.750,0.76599,0.76615,1.50,4.50
2012.06.06 14:48:37.824,0.76598,0.76614,2.25,2.25
2012.06.06 14:48:38.961,0.766,0.76615,4.50,1.50
2012.06.06 14:48:39.310,0.76604,0.76617,1.50,2.25
2012.06.06 14:48:39.936,0.76601,0.76617,2.25,3.75
2012.06.06 14:48:40.153,0.766,0.76617,5.25,2.25
2012.06.06 14:48:40.648,0.76603,0.76617,1.50,2.25
2012.06.06 14:48:43.127,0.76601,0.76617,1.50,2.25
2012.06.06 14:48:43.566,0.76603,0.76617,1.50,2.25
2012.06.06 14:48:44.029,0.76601,0.76617,1.50,2.25
2012.06.06 14:48:47.272,0.76603,0.76617,1.50,2.25
2012.06.06 14:48:47.883,0.76602,0.76617,1.50,2.25
2012.06.06 14:48:49.371,0.76601,0.76617,1.50,2.25
2012.06.06 14:48:49.708,0.766,0.76611,3.75,1.50
2012.06.06 14:48:54.024,0.76598,0.76608,1.50,3.00
2012.06.06 14:48:54.172,0.76593,0.76602,1.50,1.50
2012.06.06 14:48:54.250,0.76591,0.76604,1.50,1.50
2012.06.06 14:48:54.320,0.76592,0.76606,1.50,2.25
2012.06.06 14:48:54.390,0.76594,0.76607,1.50,1.50
2012.06.06 14:48:54.718,0.76597,0.76607,1.50,1.50
2012.06.06 14:48:55.140,0.76593,0.76607,1.50,1.50
2012.06.06 14:48:55.754,0.76592,0.76607,2.25,1.50
2012.06.06 14:48:56.309,0.76592,0.76604,1.50,3.00
2012.06.06 14:48:56.437,0.76592,0.76604,1.50,3.75
2012.06.06 14:48:56.954,0.76592,0.76602,1.50,1.50
2012.06.06 14:48:58.640,0.76592,0.76604,1.50,3.00
2012.06.06 14:48:58.718,0.76596,0.76606,1.73,1.50
2012.06.06 14:48:59.199,0.76601,0.76609,1.50,1.50
2012.06.06 14:48:59.342,0.76601,0.76612,1.50,1.50
2012.06.06 14:49:00.739,0.76601,0.76612,2.25,1.50
2012.06.06 14:49:01.068,0.76602,0.76617,1.50,2.25
2012.06.06 14:49:01.140,0.7661,0.76617,1.50,2.25
2012.06.06 14:49:01.607,0.76607,0.76617,1.50,1.50
2012.06.06 14:49:01.689,0.7661,0.76626,1.88,3.75
2012.06.06 14:49:03.669,0.76609,0.7662,1.88,1.50
2012.06.06 14:49:04.019,0.76606,0.76616,2.25,1.50
2012.06.06 14:49:04.482,0.76609,0.76617,1.50,1.50
2012.06.06 14:49:04.790,0.76609,0.76619,1.50,3.75
2012.06.06 14:49:04.858,0.76609,0.76619,1.50,3.00
2012.06.06 14:49:08.271,0.76607,0.76619,2.25,3.00
2012.06.06 14:49:08.457,0.76606,0.76619,2.25,3.00
2012.06.06 14:49:08.602,0.76609,0.76619,1.50,2.25
2012.06.06 14:49:08.680,0.76607,0.76619,2.25,2.25
2012.06.06 14:49:08.750,0.76607,0.76619,2.25,3.00
2012.06.06 14:49:08.825,0.76607,0.76619,2.25,3.00
2012.06.06 14:49:08.899,0.76609,0.76619,1.50,3.00
2012.06.06 14:49:09.391,0.76606,0.76619,2.25,2.25
2012.06.06 14:49:09.794,0.76604,0.76619,1.13,3.00
2012.06.06 14:49:09.873,0.76607,0.76619,3.75,2.25
2012.06.06 14:49:10.089,0.76609,0.76619,1.50,2.25
2012.06.06 14:49:11.499,0.76608,0.76619,1.50,2.25
2012.06.06 14:49:13.278,0.76604,0.76619,1.13,2.25
2012.06.06 14:49:14.028,0.76606,0.76619,2.25,3.00
2012.06.06 14:49:14.377,0.76608,0.76619,1.50,2.25
2012.06.06 14:49:15.179,0.76608,0.76618,1.50,1.50
2012.06.06 14:49:15.472,0.76592,0.76604,3.00,3.00
2012.06.06 14:49:15.553,0.76593,0.76604,1.50,3.00
2012.06.06 14:49:15.634,0.76595,0.76612,2.25,1.50
2012.06.06 14:49:15.714,0.76597,0.76607,1.50,1.50
2012.06.06 14:49:16.050,0.76599,0.76611,2.25,1.50
2012.06.06 14:49:17.971,0.76599,0.76608,2.25,1.50
2012.06.06 14:49:18.540,0.76597,0.76609,2.25,2.15
2012.06.06 14:49:18.810,0.76597,0.76611,2.25,1.50
2012.06.06 14:49:18.950,0.76597,0.76611,2.25,1.50
2012.06.06 14:49:22.607,0.76599,0.76611,1.50,1.50
2012.06.06 14:49:23.252,0.76598,0.76611,2.25,1.50
2012.06.06 14:49:24.479,0.76597,0.76611,1.50,1.50
2012.06.06 14:49:25.247,0.76597,0.76611,2.25,1.50
2012.06.06 14:49:27.849,0.76599,0.76611,1.50,1.50
2012.06.06 14:49:28.483,0.76598,0.76611,2.25,1.50
2012.06.06 14:49:30.008,0.76599,0.76611,1.50,1.50
2012.06.06 14:49:30.382,0.766,0.76617,1.50,3.94
2012.06.06 14:49:32.049,0.766,0.76617,2.25,3.75
2012.06.06 14:49:32.402,0.76606,0.76617,1.50,2.25
2012.06.06 14:49:32.752,0.76611,0.76623,1.13,2.15
2012.06.06 14:49:33.389,0.76614,0.76624,1.50,1.50
2012.06.06 14:49:33.681,0.76614,0.76626,1.50,2.25
2012.06.06 14:49:33.820,0.76616,0.76629,1.50,1.50
2012.06.06 14:49:34.241,0.76616,0.7663,1.50,3.00
2012.06.06 14:49:34.783,0.76613,0.76629,2.25,1.50
2012.06.06 14:49:34.919,0.76613,0.76629,2.25,1.50
2012.06.06 14:49:35.274,0.76617,0.76628,1.13,1.50
2012.06.06 14:49:35.562,0.76616,0.76628,1.13,1.50
2012.06.06 14:49:35.771,0.76613,0.76631,2.63,1.50
2012.06.06 14:49:35.983,0.76616,0.7663,1.13,1.50
2012.06.06 14:49:36.131,0.76617,0.76632,2.63,1.50
2012.06.06 14:49:36.729,0.76617,0.76632,1.13,2.25
2012.06.06 14:49:36.800,0.76617,0.76631,1.13,1.50
2012.06.06 14:49:37.195,0.76616,0.76632,3.72,3.00
2012.06.06 14:49:37.273,0.7662,0.76635,2.25,3.00
2012.06.06 14:49:37.422,0.76622,0.76635,1.13,1.50
2012.06.06 14:49:37.490,0.76621,0.76635,1.13,1.50
2012.06.06 14:49:37.631,0.76621,0.76634,1.13,1.50
2012.06.06 14:49:42.349,0.76621,0.76634,1.13,2.25
2012.06.06 14:49:42.692,0.76619,0.76632,3.00,1.50
2012.06.06 14:49:43.043,0.76616,0.76629,1.50,2.25
2012.06.06 14:49:43.189,0.76615,0.76629,1.50,3.75
2012.06.06 14:49:43.404,0.76614,0.76627,1.50,2.25
2012.06.06 14:49:44.336,0.7661,0.76625,3.00,2.25
2012.06.06 14:49:45.673,0.7661,0.76624,2.25,1.50
2012.06.06 14:49:45.755,0.7661,0.76622,2.25,1.50
2012.06.06 14:49:46.139,0.7661,0.76625,3.00,2.25
2012.06.06 14:49:46.629,0.7661,0.76623,3.00,1.50
2012.06.06 14:49:46.840,0.76607,0.76624,1.50,2.25
2012.06.06 14:49:46.908,0.76606,0.76621,2.25,1.50
2012.06.06 14:49:47.248,0.76609,0.76622,1.13,1.50
2012.06.06 14:49:51.011,0.76615,0.76622,2.25,1.50
2012.06.06 14:49:51.219,0.76615,0.76628,2.25,2.25
2012.06.06 14:49:51.360,0.76612,0.76626,2.25,2.25
2012.06.06 14:49:51.901,0.76611,0.76626,2.25,2.25
2012.06.06 14:49:52.396,0.76612,0.76626,1.69,1.50
2012.06.06 14:49:52.608,0.76611,0.76626,1.32,3.00
2012.06.06 14:49:53.139,0.7661,0.76626,3.38,1.50
2012.06.06 14:49:53.469,0.7661,0.76627,3.75,3.75
2012.06.06 14:49:53.681,0.76611,0.76627,2.82,1.50
2012.06.06 14:49:53.947,0.76611,0.76627,2.63,3.00
2012.06.06 14:49:54.511,0.76612,0.76627,1.88,1.50
2012.06.06 14:49:55.163,0.7661,0.76623,2.25,3.00
2012.06.06 14:49:55.719,0.7661,0.76624,2.25,2.25
2012.06.06 14:49:55.788,0.7661,0.76624,3.00,2.25
2012.06.06 14:49:56.347,0.76613,0.76627,2.25,1.50
2012.06.06 14:49:56.878,0.76612,0.76627,1.13,3.00
2012.06.06 14:49:57.209,0.76612,0.76627,3.38,1.50
2012.06.06 14:50:03.762,0.76613,0.76629,4.50,3.00
2012.06.06 14:50:04.115,0.7662,0.76632,1.13,2.25
2012.06.06 14:50:04.196,0.7662,0.76634,1.13,2.25
2012.06.06 14:50:04.273,0.76622,0.76636,1.50,1.50
2012.06.06 14:50:04.775,0.76623,0.76637,1.50,1.50
2012.06.06 14:50:04.923,0.76621,0.76637,1.13,1.50
2012.06.06 14:50:05.487,0.76621,0.76636,1.13,2.25
2012.06.06 14:50:06.821,0.76627,0.76637,1.13,2.25
2012.06.06 14:50:07.170,0.7664,0.76648,2.79,1.50
2012.06.06 14:50:07.242,0.7664,0.76648,2.79,1.50
2012.06.06 14:50:07.324,0.76635,0.7665,5.25,2.25
2012.06.06 14:50:07.402,0.76635,0.76647,3.00,1.50
2012.06.06 14:50:07.857,0.76635,0.76645,2.25,2.25
2012.06.06 14:50:07.934,0.76632,0.76645,1.29,2.25
2012.06.06 14:50:08.494,0.7663,0.76643,1.29,1.50
2012.06.06 14:50:08.570,0.7663,0.76643,1.29,1.50
2012.06.06 14:50:09.338,0.7663,0.76642,1.29,1.50
2012.06.06 14:50:10.290,0.7663,0.76641,1.29,1.50
2012.06.06 14:50:10.765,0.76629,0.76641,2.25,1.50
2012.06.06 14:50:10.982,0.76628,0.76644,2.04,3.00
2012.06.06 14:50:12.135,0.76632,0.76642,1.50,1.50
2012.06.06 14:50:12.284,0.7663,0.76645,3.75,1.50
2012.06.06 14:50:12.358,0.7663,0.76645,2.25,1.50
2012.06.06 14:50:14.939,0.7663,0.76643,2.79,1.50
2012.06.06 14:50:16.019,0.7663,0.76642,2.79,1.50
2012.06.06 14:50:16.108,0.7663,0.7664,2.79,1.50
2012.06.06 14:50:16.619,0.7663,0.76641,2.25,1.50
2012.06.06 14:50:16.973,0.7663,0.76634,2.25,1.50
2012.06.06 14:50:17.054,0.76623,0.76634,4.50,2.25
2012.06.06 14:50:17.200,0.76619,0.76634,2.25,3.00
2012.06.06 14:50:17.271,0.76619,0.76629,2.25,2.25
2012.06.06 14:50:17.341,0.76615,0.76628,4.13,1.50
2012.06.06 14:50:17.480,0.76615,0.76628,2.25,2.25
2012.06.06 14:50:17.760,0.76612,0.76626,1.50,1.50
2012.06.06 14:50:18.167,0.7661,0.76626,1.50,1.50
2012.06.06 14:50:18.418,0.76612,0.76626,1.50,1.50
2012.06.06 14:50:18.580,0.7661,0.76626,1.50,1.50
2012.06.06 14:50:18.860,0.76609,0.76623,2.25,1.50
2012.06.06 14:50:19.428,0.76609,0.76622,2.25,1.50
2012.06.06 14:50:19.507,0.76609,0.76625,2.25,2.25
2012.06.06 14:50:19.931,0.76609,0.76623,2.25,1.50
2012.06.06 14:50:21.042,0.76609,0.76621,2.25,1.50
2012.06.06 14:50:21.388,0.76609,0.76623,2.25,1.50
2012.06.06 14:50:22.516,0.76606,0.76623,3.00,2.25
2012.06.06 14:50:22.591,0.76608,0.76624,1.50,5.25
2012.06.06 14:50:23.162,0.76607,0.76624,1.50,3.75
2012.06.06 14:50:23.724,0.76609,0.76624,2.25,1.50
2012.06.06 14:50:24.514,0.76609,0.76623,2.25,1.50
2012.06.06 14:50:25.082,0.7661,0.76627,1.50,3.00
2012.06.06 14:50:25.154,0.76612,0.76627,1.50,3.00
2012.06.06 14:50:25.679,0.76611,0.76626,1.50,1.50
2012.06.06 14:50:26.238,0.76609,0.76625,4.13,2.25
2012.06.06 14:50:33.241,0.76615,0.76628,2.25,1.50
2012.06.06 14:50:33.799,0.76611,0.76627,2.25,2.25
2012.06.06 14:50:34.329,0.76614,0.76627,2.25,1.50
2012.06.06 14:50:34.729,0.76609,0.76625,4.50,3.00
2012.06.06 14:50:35.772,0.76611,0.76627,3.00,3.00
2012.06.06 14:50:36.118,0.76615,0.7663,3.75,1.50
2012.06.06 14:50:37.016,0.76615,0.76627,2.25,1.50
2012.06.06 14:50:37.529,0.76615,0.76628,2.25,1.50
2012.06.06 14:50:38.440,0.76615,0.76627,2.25,1.50
2012.06.06 14:50:38.959,0.76615,0.76629,2.25,1.50
2012.06.06 14:50:39.327,0.76615,0.76627,2.25,1.50
2012.06.06 14:50:39.657,0.76615,0.76629,2.25,1.50
2012.06.06 14:50:39.869,0.76615,0.76627,2.25,1.50
2012.06.06 14:50:40.569,0.76617,0.76629,1.50,1.50
2012.06.06 14:50:40.934,0.76621,0.76631,2.25,1.50
2012.06.06 14:50:41.703,0.76619,0.76635,3.00,1.50
2012.06.06 14:50:42.272,0.76619,0.76632,3.00,3.00
2012.06.06 14:50:42.353,0.76619,0.76629,3.00,1.50
2012.06.06 14:50:42.500,0.76619,0.76631,3.00,1.50
2012.06.06 14:50:42.920,0.76619,0.76633,3.00,1.50
2012.06.06 14:50:43.204,0.76619,0.76632,3.00,1.32
2012.06.06 14:50:43.560,0.76611,0.76625,1.50,3.00
2012.06.06 14:50:43.699,0.76607,0.76625,3.00,4.50
2012.06.06 14:50:45.561,0.7661,0.76625,1.50,2.25
2012.06.06 14:50:45.642,0.76608,0.76625,2.25,2.25
2012.06.06 14:50:45.922,0.76608,0.76625,3.75,3.00
2012.06.06 14:50:46.250,0.76612,0.76625,2.25,3.00
2012.06.06 14:50:46.529,0.7661,0.76624,1.50,2.25
2012.06.06 14:50:46.808,0.76608,0.76624,3.00,3.75
2012.06.06 14:50:46.952,0.76609,0.76624,1.50,3.75
2012.06.06 14:50:47.098,0.76615,0.76628,2.25,2.25
2012.06.06 14:50:47.537,0.7661,0.76625,2.25,1.50
2012.06.06 14:50:48.101,0.7661,0.76624,2.25,1.50
2012.06.06 14:50:48.369,0.76608,0.76624,1.50,1.50
2012.06.06 14:50:48.509,0.76608,0.76626,1.50,2.25
2012.06.06 14:50:51.000,0.76607,0.76625,6.00,1.50
2012.06.06 14:50:51.199,0.76609,0.76625,1.50,1.50
2012.06.06 14:50:51.740,0.76608,0.76624,1.50,1.50
2012.06.06 14:50:52.082,0.76607,0.76622,2.25,1.50
2012.06.06 14:50:52.150,0.76604,0.76622,5.07,3.75
2012.06.06 14:50:52.293,0.76607,0.76622,1.50,3.00
2012.06.06 14:50:52.722,0.76604,0.7662,3.75,2.85
2012.06.06 14:50:52.800,0.76596,0.76612,1.13,1.50
2012.06.06 14:50:52.872,0.76595,0.76612,1.32,1.50
2012.06.06 14:50:53.418,0.76597,0.76613,1.50,1.50
2012.06.06 14:50:54.013,0.76596,0.76614,1.88,1.50
2012.06.06 14:50:54.161,0.76596,0.76612,1.88,1.50
2012.06.06 14:50:54.706,0.76597,0.76613,1.50,1.50
2012.06.06 14:50:55.218,0.76598,0.76615,1.50,3.75
2012.06.06 14:50:56.103,0.766,0.76615,1.50,2.25
2012.06.06 14:50:59.951,0.76603,0.76618,1.50,3.38
2012.06.06 14:51:00.137,0.76601,0.76617,1.50,1.50
2012.06.06 14:51:02.270,0.76601,0.76616,1.50,2.25
2012.06.06 14:51:02.399,0.76597,0.76614,4.50,1.50
2012.06.06 14:51:02.916,0.76597,0.76615,6.00,1.50
2012.06.06 14:51:03.108,0.76597,0.76613,4.50,1.50
2012.06.06 14:51:03.607,0.76599,0.76617,1.50,1.50
2012.06.06 14:51:03.736,0.76602,0.76618,1.50,4.88
2012.06.06 14:51:04.069,0.76599,0.76615,1.50,1.50
2012.06.06 14:51:05.393,0.766,0.76616,1.50,1.50
2012.06.06 14:51:05.744,0.76604,0.76616,1.50,1.50
2012.06.06 14:51:06.081,0.76604,0.76616,1.50,1.50
2012.06.06 14:51:06.149,0.76603,0.76616,2.25,1.50
2012.06.06 14:51:06.220,0.76603,0.76621,3.38,2.25
2012.06.06 14:51:06.291,0.76606,0.76621,1.50,1.50
2012.06.06 14:51:06.366,0.76608,0.76624,1.50,2.25
2012.06.06 14:51:06.443,0.76606,0.76622,1.50,1.50
2012.06.06 14:51:06.938,0.76606,0.76624,1.50,1.50
2012.06.06 14:51:07.537,0.76605,0.76621,3.00,1.50
2012.06.06 14:51:07.625,0.76605,0.76623,3.00,1.50
2012.06.06 14:51:08.837,0.76606,0.76624,1.50,3.00
2012.06.06 14:51:09.551,0.76605,0.76621,2.25,1.50
2012.06.06 14:51:11.471,0.76606,0.76622,1.50,1.50
2012.06.06 14:51:12.160,0.76605,0.76623,2.25,2.25
2012.06.06 14:51:12.698,0.76606,0.76624,1.50,2.63
2012.06.06 14:51:13.121,0.76608,0.76626,1.50,4.50
2012.06.06 14:51:13.769,0.76609,0.76626,1.50,3.00
2012.06.06 14:51:14.097,0.76611,0.76626,1.50,3.00
2012.06.06 14:51:15.611,0.76607,0.76625,5.63,1.50
2012.06.06 14:51:15.880,0.7661,0.76626,1.50,2.25
2012.06.06 14:51:16.209,0.76614,0.76628,1.50,3.00
2012.06.06 14:51:16.540,0.7662,0.76628,1.50,2.25
2012.06.06 14:51:16.748,0.76619,0.76634,1.50,1.69
2012.06.06 14:51:16.889,0.76616,0.76634,2.25,1.50
2012.06.06 14:51:17.622,0.76618,0.76635,1.50,3.38
2012.06.06 14:51:18.271,0.76617,0.76635,3.00,4.88
2012.06.06 14:51:18.774,0.76617,0.76634,1.50,1.50
2012.06.06 14:51:18.855,0.76615,0.76633,2.63,1.50
2012.06.06 14:51:19.398,0.76616,0.76634,1.50,4.13
2012.06.06 14:51:19.529,0.76616,0.76627,1.50,2.25
2012.06.06 14:51:20.053,0.76615,0.76625,1.50,2.25
2012.06.06 14:51:20.340,0.76606,0.76619,1.05,1.50
2012.06.06 14:51:20.599,0.76606,0.76621,1.80,1.50
2012.06.06 14:51:20.880,0.76606,0.76619,1.05,1.50
2012.06.06 14:51:21.092,0.76604,0.76619,1.50,1.50
2012.06.06 14:51:21.522,0.76605,0.76621,1.50,3.00
2012.06.06 14:51:22.062,0.76604,0.76621,1.50,1.50
2012.06.06 14:51:22.338,0.76605,0.76618,1.50,2.25
2012.06.06 14:51:22.897,0.76604,0.76618,2.25,2.25
2012.06.06 14:51:25.659,0.76602,0.76618,2.25,2.25
2012.06.06 14:51:26.480,0.766,0.76618,2.25,5.25
2012.06.06 14:51:26.554,0.766,0.76613,1.50,2.25
2012.06.06 14:51:26.700,0.76598,0.76613,1.50,2.25
2012.06.06 14:51:27.250,0.76598,0.76612,3.19,1.50
2012.06.06 14:51:27.318,0.76598,0.76614,4.69,1.50
2012.06.06 14:51:28.983,0.76599,0.76614,1.50,1.50
2012.06.06 14:51:29.064,0.76599,0.76617,3.00,3.75
2012.06.06 14:51:29.281,0.766,0.76617,2.25,3.75
2012.06.06 14:51:29.704,0.76599,0.76613,1.50,1.50
2012.06.06 14:51:30.178,0.76598,0.76615,3.00,1.50
2012.06.06 14:51:30.679,0.76598,0.76614,3.00,1.50
2012.06.06 14:51:30.880,0.76598,0.76612,4.50,4.50
2012.06.06 14:51:31.160,0.7659,0.76602,2.25,2.25
2012.06.06 14:51:31.719,0.76591,0.76602,1.50,2.25
2012.06.06 14:51:32.063,0.76599,0.7661,1.50,2.15
2012.06.06 14:51:32.141,0.76599,0.76615,1.50,3.19
2012.06.06 14:51:32.281,0.766,0.76607,1.50,2.25
2012.06.06 14:51:32.552,0.76598,0.76607,1.50,2.25
2012.06.06 14:51:32.622,0.76598,0.76613,1.50,1.88
2012.06.06 14:51:32.840,0.76598,0.76608,1.50,2.25
2012.06.06 14:51:33.049,0.76598,0.76615,1.50,2.63
2012.06.06 14:51:33.117,0.76595,0.76613,2.25,1.88
2012.06.06 14:51:33.782,0.76596,0.76614,1.50,1.88
2012.06.06 14:51:33.928,0.76598,0.76614,1.50,1.88
2012.06.06 14:51:34.059,0.76596,0.76614,2.25,1.88
2012.06.06 14:51:34.270,0.76596,0.76614,3.75,1.50
2012.06.06 14:51:34.831,0.76599,0.76617,1.50,1.88
2012.06.06 14:51:35.174,0.76602,0.76618,1.50,3.38
2012.06.06 14:51:35.676,0.76607,0.76618,1.50,2.25
2012.06.06 14:51:36.198,0.76606,0.76618,1.50,2.25
2012.06.06 14:51:36.618,0.76606,0.76618,1.50,3.00
2012.06.06 14:51:37.161,0.76606,0.76616,1.50,1.50
2012.06.06 14:51:39.262,0.76606,0.76613,1.50,2.25
2012.06.06 14:51:39.470,0.76601,0.76613,3.00,3.00
2012.06.06 14:51:39.607,0.76601,0.76613,3.00,3.00
2012.06.06 14:51:40.137,0.76601,0.76613,3.00,2.25
2012.06.06 14:51:43.530,0.766,0.76616,2.25,2.25
2012.06.06 14:51:45.925,0.76597,0.76613,5.25,1.50
2012.06.06 14:51:46.259,0.76596,0.76612,3.75,2.25
2012.06.06 14:51:46.329,0.76596,0.76612,3.75,1.50
2012.06.06 14:51:47.005,0.76596,0.76613,3.75,3.00
2012.06.06 14:51:47.557,0.76597,0.76613,1.50,3.00
2012.06.06 14:51:48.030,0.76596,0.7661,2.25,1.50
2012.06.06 14:51:48.589,0.76596,0.76611,2.25,1.50
2012.06.06 14:51:49.726,0.76596,0.76613,3.75,3.75
2012.06.06 14:51:49.859,0.76596,0.76611,2.25,1.50
2012.06.06 14:51:50.965,0.76598,0.76613,1.50,3.00
2012.06.06 14:51:51.526,0.76597,0.76613,1.50,4.50
2012.06.06 14:51:53.851,0.76598,0.76613,1.50,3.00
2012.06.06 14:51:54.590,0.766,0.76613,2.25,3.75
2012.06.06 14:51:54.787,0.766,0.76613,2.25,3.00
2012.06.06 14:51:55.892,0.76599,0.76613,3.75,3.00
2012.06.06 14:51:56.101,0.76599,0.76613,1.50,3.00
2012.06.06 14:51:56.171,0.76597,0.76613,1.88,3.00
2012.06.06 14:51:56.750,0.76597,0.76613,3.00,3.00
2012.06.06 14:51:56.949,0.76597,0.76613,3.00,5.25
2012.06.06 14:51:57.198,0.76597,0.76613,3.00,4.50
2012.06.06 14:51:58.018,0.76597,0.76612,1.50,1.50
2012.06.06 14:51:58.528,0.76597,0.76613,1.50,3.00
2012.06.06 14:51:59.198,0.76599,0.76613,1.50,3.00
2012.06.06 14:52:00.047,0.76597,0.76613,4.50,4.50
2012.06.06 14:52:00.922,0.76599,0.76613,1.50,3.00
2012.06.06 14:52:01.491,0.76597,0.76613,2.25,5.25
2012.06.06 14:52:01.830,0.766,0.76606,1.50,1.50
2012.06.06 14:52:04.887,0.76598,0.76606,1.50,1.50
2012.06.06 14:52:05.625,0.76596,0.76606,1.50,1.50
2012.06.06 14:52:05.847,0.76594,0.76606,1.50,1.50
2012.06.06 14:52:06.412,0.76588,0.76602,1.50,2.25
2012.06.06 14:52:06.480,0.76588,0.76602,1.50,3.00
2012.06.06 14:52:07.040,0.76589,0.766,1.50,1.50
2012.06.06 14:52:07.604,0.7659,0.766,1.50,1.50
2012.06.06 14:52:08.500,0.76588,0.766,1.50,1.50
2012.06.06 14:52:09.299,0.76589,0.766,1.50,1.50
2012.06.06 14:52:14.387,0.76589,0.76602,1.50,3.00
2012.06.06 14:52:14.461,0.76592,0.76602,1.50,3.00
2012.06.06 14:52:14.669,0.76593,0.76605,4.50,2.25
2012.06.06 14:52:14.738,0.76594,0.76611,2.25,3.00
2012.06.06 14:52:14.809,0.76594,0.76609,3.00,1.50
2012.06.06 14:52:15.219,0.76594,0.7661,3.00,1.50
2012.06.06 14:52:15.739,0.76593,0.76606,8.25,1.50
2012.06.06 14:52:16.280,0.76596,0.76606,1.50,1.50
2012.06.06 14:52:16.833,0.76597,0.7661,2.25,1.50
2012.06.06 14:52:17.868,0.76596,0.7661,1.50,2.25
2012.06.06 14:52:19.083,0.76597,0.76611,1.50,1.50
2012.06.06 14:52:19.627,0.76597,0.76612,1.50,3.75
2012.06.06 14:52:21.343,0.76595,0.76611,2.25,2.25
2012.06.06 14:52:21.828,0.76595,0.7661,1.50,1.50
2012.06.06 14:52:22.503,0.76595,0.76608,1.50,1.50
2012.06.06 14:52:22.931,0.76594,0.7661,3.75,2.25
2012.06.06 14:52:23.071,0.76595,0.7661,1.50,1.50
2012.06.06 14:52:27.521,0.76594,0.76603,3.00,3.00
2012.06.06 14:52:27.731,0.76591,0.766,1.23,1.50
2012.06.06 14:52:28.068,0.76587,0.766,1.50,1.50
2012.06.06 14:52:28.903,0.7659,0.76601,3.00,1.50
2012.06.06 14:52:29.214,0.7659,0.76603,2.63,3.00
2012.06.06 14:52:29.297,0.76595,0.76604,1.50,1.50
2012.06.06 14:52:29.652,0.76597,0.76604,1.50,1.50
2012.06.06 14:52:29.812,0.76595,0.76605,2.25,1.50
2012.06.06 14:52:30.339,0.76594,0.76605,1.50,1.50
2012.06.06 14:52:30.901,0.76595,0.76611,2.25,3.00
2012.06.06 14:52:30.969,0.76595,0.76609,2.25,1.50
2012.06.06 14:52:31.407,0.76596,0.76605,1.50,1.50
2012.06.06 14:52:31.485,0.76594,0.76609,2.25,3.00
2012.06.06 14:52:31.688,0.76596,0.76605,1.50,1.50
2012.06.06 14:52:33.277,0.76596,0.76608,2.25,3.00
2012.06.06 14:52:33.562,0.76598,0.7661,1.50,1.50
2012.06.06 14:52:34.116,0.76596,0.7661,3.00,1.50
2012.06.06 14:52:34.510,0.76595,0.76611,3.75,2.25
2012.06.06 14:52:35.887,0.76596,0.76612,2.25,1.50
2012.06.06 14:52:37.438,0.76597,0.76613,1.13,2.25
2012.06.06 14:52:37.793,0.76601,0.7661,1.50,1.50
2012.06.06 14:52:38.069,0.76597,0.76612,1.50,2.25
2012.06.06 14:52:38.451,0.76596,0.76612,1.50,2.25
2012.06.06 14:52:38.519,0.76595,0.7661,2.25,2.25
2012.06.06 14:52:39.042,0.76595,0.76611,3.00,1.50
2012.06.06 14:52:39.112,0.76597,0.76612,1.50,3.00
2012.06.06 14:52:39.704,0.76597,0.76612,1.50,2.25
2012.06.06 14:52:40.910,0.76597,0.76612,2.25,2.25
2012.06.06 14:52:41.265,0.76604,0.76612,1.13,2.25
2012.06.06 14:52:41.624,0.76608,0.76618,1.50,3.00
2012.06.06 14:52:42.194,0.76605,0.76613,2.25,2.25
2012.06.06 14:52:42.276,0.76605,0.76615,1.50,1.50
2012.06.06 14:52:42.350,0.76604,0.76615,2.25,1.50
2012.06.06 14:52:42.538,0.76608,0.76617,1.50,1.50
2012.06.06 14:52:43.071,0.76606,0.76617,1.50,1.50
2012.06.06 14:52:43.654,0.76607,0.76618,1.50,3.75
2012.06.06 14:52:43.799,0.76605,0.76618,1.50,3.75
2012.06.06 14:52:44.339,0.76606,0.76618,1.50,3.75
2012.06.06 14:52:44.916,0.76603,0.76618,3.00,3.75
2012.06.06 14:52:45.064,0.76601,0.76617,2.25,2.25
2012.06.06 14:52:45.282,0.76598,0.76616,4.13,2.25
2012.06.06 14:52:48.551,0.76597,0.76614,4.69,1.50
2012.06.06 14:52:48.629,0.76598,0.76608,1.50,3.75
2012.06.06 14:52:48.841,0.76598,0.76608,1.50,2.25
2012.06.06 14:52:48.913,0.76598,0.76611,1.50,1.13
2012.06.06 14:52:49.129,0.76594,0.76609,1.69,1.50
2012.06.06 14:52:49.660,0.76594,0.7661,3.19,2.25
2012.06.06 14:52:50.219,0.76594,0.7661,3.00,2.25
2012.06.06 14:52:51.102,0.76594,0.76607,3.00,3.00
2012.06.06 14:52:52.449,0.76594,0.76607,1.50,3.00
2012.06.06 14:52:52.659,0.76598,0.76612,1.50,3.38
2012.06.06 14:52:53.251,0.76597,0.76612,3.00,3.38
2012.06.06 14:52:56.293,0.766,0.76615,1.50,1.50
2012.06.06 14:52:56.650,0.76601,0.76613,1.50,1.50
2012.06.06 14:52:56.723,0.76603,0.76616,1.50,1.50
2012.06.06 14:52:56.802,0.76604,0.76617,1.50,3.00
2012.06.06 14:52:57.010,0.76607,0.76617,1.50,3.00
2012.06.06 14:52:57.600,0.76606,0.76617,1.50,3.00
2012.06.06 14:52:57.668,0.76606,0.76622,1.50,4.50
2012.06.06 14:52:57.881,0.76609,0.76622,1.50,3.00
2012.06.06 14:52:58.543,0.76602,0.76613,1.50,2.25
2012.06.06 14:52:58.692,0.76598,0.7661,2.25,1.50
2012.06.06 14:52:59.266,0.76598,0.76613,3.75,3.00
2012.06.06 14:52:59.342,0.76598,0.76608,3.75,1.50
2012.06.06 14:52:59.840,0.76597,0.76612,2.44,3.00
2012.06.06 14:53:03.614,0.76597,0.76613,4.50,3.75
2012.06.06 14:53:03.901,0.76596,0.76608,1.50,3.00
2012.06.06 14:53:04.031,0.76593,0.76608,3.00,4.50
2012.06.06 14:53:04.559,0.76592,0.76608,2.25,5.25
2012.06.06 14:53:05.387,0.76596,0.76608,1.50,3.75
2012.06.06 14:53:05.949,0.76595,0.76608,1.50,3.75
2012.06.06 14:53:06.479,0.76593,0.76608,2.25,3.75
2012.06.06 14:53:07.268,0.76595,0.76608,1.50,3.75
2012.06.06 14:53:08.056,0.76598,0.76608,3.00,1.50
2012.06.06 14:53:08.137,0.76598,0.76613,3.00,1.50
2012.06.06 14:53:08.692,0.76598,0.76612,3.00,2.25
2012.06.06 14:53:12.280,0.76599,0.76613,1.50,1.50
2012.06.06 14:53:13.440,0.76598,0.76612,3.00,2.25
2012.06.06 14:53:14.310,0.76598,0.76613,2.25,6.00
2012.06.06 14:53:14.449,0.76593,0.76607,1.50,3.00
2012.06.06 14:53:14.800,0.7659,0.76606,1.69,2.25
2012.06.06 14:53:16.222,0.7659,0.76607,1.50,3.75
2012.06.06 14:53:16.999,0.76592,0.76602,1.50,3.00
2012.06.06 14:53:17.142,0.76593,0.76606,3.75,1.13
2012.06.06 14:53:17.211,0.76594,0.76607,1.50,1.50
2012.06.06 14:53:17.980,0.76594,0.76607,1.50,3.00
2012.06.06 14:53:18.058,0.76592,0.76607,1.50,3.00
2012.06.06 14:53:18.589,0.76593,0.76607,1.50,3.75
2012.06.06 14:53:19.024,0.76595,0.76607,1.50,3.00
2012.06.06 14:53:19.370,0.76597,0.76607,1.50,3.75
2012.06.06 14:53:19.509,0.76595,0.76607,1.50,3.75
2012.06.06 14:53:19.779,0.76597,0.76607,1.50,3.75
2012.06.06 14:53:20.121,0.76595,0.76607,4.50,1.50
2012.06.06 14:53:20.830,0.76596,0.76612,1.50,1.50
2012.06.06 14:53:21.382,0.76595,0.76611,2.25,2.25
2012.06.06 14:53:22.580,0.76596,0.76613,1.50,3.00
2012.06.06 14:53:23.124,0.76594,0.76612,3.19,2.25
2012.06.06 14:53:29.471,0.76599,0.76613,1.50,1.88
2012.06.06 14:53:29.720,0.76597,0.76613,1.50,1.88
2012.06.06 14:53:32.566,0.76595,0.76611,2.25,2.25
2012.06.06 14:53:33.099,0.76597,0.76613,1.50,1.88
2012.06.06 14:53:33.603,0.76596,0.76613,1.50,1.88
2012.06.06 14:53:34.101,0.76597,0.76608,1.50,3.00
2012.06.06 14:53:34.523,0.76591,0.76608,1.50,4.50
2012.06.06 14:53:35.246,0.76593,0.76607,1.50,1.50
2012.06.06 14:53:35.324,0.76595,0.76607,1.50,1.50
2012.06.06 14:53:35.879,0.76594,0.76607,1.50,1.50
2012.06.06 14:53:36.526,0.76593,0.76607,1.50,1.50
2012.06.06 14:53:37.387,0.76594,0.76607,1.50,1.50
2012.06.06 14:53:37.820,0.76592,0.76607,3.00,1.50
2012.06.06 14:53:37.890,0.76593,0.76609,1.50,2.25
2012.06.06 14:53:38.034,0.76595,0.7661,1.50,1.50
2012.06.06 14:53:38.110,0.76595,0.76611,2.25,2.25
2012.06.06 14:53:38.184,0.76598,0.76612,1.50,1.50
2012.06.06 14:53:38.781,0.76596,0.76612,1.50,1.50
2012.06.06 14:53:39.299,0.76595,0.76612,1.50,1.50
2012.06.06 14:53:39.828,0.76594,0.7661,1.50,2.25
2012.06.06 14:53:40.456,0.76595,0.76611,1.50,2.25
2012.06.06 14:53:42.409,0.76594,0.7661,1.50,2.25
2012.06.06 14:53:43.368,0.76595,0.76611,1.50,2.25
2012.06.06 14:53:44.407,0.76594,0.7661,1.50,2.25
2012.06.06 14:53:44.947,0.76595,0.76611,1.50,2.25
2012.06.06 14:53:45.359,0.76598,0.76613,1.50,2.18
2012.06.06 14:53:45.739,0.76595,0.76613,4.35,3.00
2012.06.06 14:53:45.810,0.76598,0.76613,1.69,3.00
2012.06.06 14:53:46.069,0.766,0.76615,1.50,1.50
2012.06.06 14:53:46.317,0.76598,0.76616,3.19,2.25
2012.06.06 14:53:46.860,0.76599,0.76617,1.50,3.68
2012.06.06 14:53:47.911,0.76598,0.76613,1.50,1.50
2012.06.06 14:53:48.168,0.76598,0.76615,1.50,1.50
2012.06.06 14:53:48.730,0.76598,0.76613,1.50,1.50
2012.06.06 14:53:49.848,0.76598,0.76615,1.50,1.50
2012.06.06 14:53:50.077,0.76598,0.76612,1.50,1.50
2012.06.06 14:53:50.518,0.76598,0.76614,1.50,1.50
2012.06.06 14:53:51.055,0.76598,0.76615,1.50,1.50
2012.06.06 14:53:51.376,0.76598,0.76613,1.50,1.50
2012.06.06 14:53:51.927,0.76598,0.76614,3.00,1.50
2012.06.06 14:53:53.458,0.76598,0.76615,1.50,1.50
2012.06.06 14:53:53.768,0.76598,0.76613,1.50,1.50
2012.06.06 14:53:54.293,0.76598,0.76614,1.50,1.50
2012.06.06 14:53:54.827,0.76598,0.76613,1.50,1.50
2012.06.06 14:53:55.337,0.76598,0.76614,3.00,1.50
2012.06.06 14:53:56.043,0.76598,0.76613,1.50,1.50
2012.06.06 14:53:56.711,0.76598,0.76614,1.69,1.50
2012.06.06 14:53:57.365,0.76598,0.76615,1.69,1.50
2012.06.06 14:53:58.516,0.76598,0.76614,1.50,1.50
2012.06.06 14:53:59.241,0.76598,0.76614,3.00,1.73
2012.06.06 14:53:59.583,0.76597,0.76608,2.25,2.25
2012.06.06 14:53:59.669,0.76595,0.76607,1.50,1.50
2012.06.06 14:53:59.885,0.76592,0.76605,2.25,1.13
2012.06.06 14:54:00.174,0.76584,0.76598,2.25,2.25
2012.06.06 14:54:00.853,0.76588,0.76604,1.50,2.63
2012.06.06 14:54:01.074,0.76584,0.76602,2.25,1.50
2012.06.06 14:54:01.633,0.76586,0.76602,1.50,1.50
2012.06.06 14:54:02.477,0.76585,0.76603,1.50,3.38
2012.06.06 14:54:03.818,0.76586,0.76602,1.50,1.50
2012.06.06 14:54:03.963,0.76587,0.76605,1.50,2.82
2012.06.06 14:54:05.224,0.76588,0.76604,1.50,1.88
2012.06.06 14:54:05.369,0.7659,0.76606,1.50,3.75
2012.06.06 14:54:05.590,0.76588,0.76606,3.75,1.50
2012.06.06 14:54:06.149,0.76589,0.76605,1.50,1.50
2012.06.06 14:54:11.029,0.76589,0.76607,1.50,4.50
2012.06.06 14:54:11.101,0.76593,0.76607,1.50,3.00
2012.06.06 14:54:11.450,0.76596,0.76607,1.50,2.25
2012.06.06 14:54:11.806,0.76598,0.76607,1.50,2.25
2012.06.06 14:54:11.882,0.76598,0.76614,2.25,1.50
2012.06.06 14:54:11.963,0.76599,0.76616,1.50,2.25
2012.06.06 14:54:12.239,0.76598,0.76614,2.25,1.50
2012.06.06 14:54:12.638,0.76597,0.76612,3.75,1.50
2012.06.06 14:54:13.367,0.76597,0.76615,5.25,1.50
2012.06.06 14:54:13.922,0.76597,0.76614,3.75,1.50
2012.06.06 14:54:13.988,0.76597,0.76612,3.75,1.50
2012.06.06 14:54:14.512,0.76597,0.76613,3.75,1.50
2012.06.06 14:54:15.046,0.76595,0.76608,3.00,2.25
2012.06.06 14:54:15.589,0.76594,0.76608,1.50,2.25
2012.06.06 14:54:17.958,0.76593,0.76608,1.50,2.25
2012.06.06 14:54:19.011,0.76594,0.76608,1.50,2.25
2012.06.06 14:54:19.677,0.76596,0.76608,1.50,2.25
2012.06.06 14:54:20.298,0.76598,0.76608,1.50,2.25
2012.06.06 14:54:20.550,0.76599,0.76612,1.50,2.63
2012.06.06 14:54:20.689,0.76601,0.76612,1.50,2.25
2012.06.06 14:54:20.820,0.76598,0.76612,2.25,2.25
2012.06.06 14:54:21.163,0.76598,0.76614,4.50,1.50
2012.06.06 14:54:21.245,0.766,0.76616,1.50,2.25
2012.06.06 14:54:21.670,0.76598,0.76614,3.00,1.50
2012.06.06 14:54:21.880,0.76599,0.76617,1.50,5.25
2012.06.06 14:54:23.380,0.76598,0.76612,3.00,1.50
2012.06.06 14:54:24.858,0.76598,0.76613,3.00,1.50
2012.06.06 14:54:27.020,0.76598,0.76615,3.00,1.50
2012.06.06 14:54:27.528,0.76599,0.76617,1.50,5.25
2012.06.06 14:54:28.578,0.766,0.76617,1.50,5.25
2012.06.06 14:54:28.648,0.76603,0.76617,1.50,3.75
2012.06.06 14:54:28.908,0.76599,0.76615,1.50,1.50
2012.06.06 14:54:29.700,0.76601,0.76615,1.50,2.10
2012.06.06 14:54:30.056,0.76597,0.76602,1.88,2.25
2012.06.06 14:54:30.133,0.76598,0.76609,3.00,2.25
2012.06.06 14:54:30.212,0.766,0.76608,1.50,1.50
2012.06.06 14:54:30.420,0.76598,0.76613,3.00,2.25
2012.06.06 14:54:30.489,0.766,0.76613,1.50,2.25
2012.06.06 14:54:30.766,0.76598,0.76612,3.00,1.50
2012.06.06 14:54:30.841,0.76598,0.76614,4.50,1.50
2012.06.06 14:54:31.388,0.76599,0.76615,1.50,3.75
2012.06.06 14:54:31.864,0.76599,0.76612,1.50,1.50
2012.06.06 14:54:31.944,0.76596,0.76612,1.50,1.50
2012.06.06 14:54:32.026,0.76594,0.7661,1.50,1.50
2012.06.06 14:54:32.422,0.76594,0.76608,1.50,2.25
2012.06.06 14:54:32.494,0.76589,0.76607,3.00,1.50
2012.06.06 14:54:32.641,0.76589,0.76605,3.00,1.50
2012.06.06 14:54:33.199,0.7659,0.76606,2.25,1.50
2012.06.06 14:54:33.549,0.76595,0.76608,1.50,2.25
2012.06.06 14:54:33.765,0.76598,0.76613,1.50,3.00
2012.06.06 14:54:33.912,0.766,0.76613,1.50,2.25
2012.06.06 14:54:34.119,0.766,0.76615,1.50,3.75
2012.06.06 14:54:34.394,0.76602,0.76615,1.50,3.00
2012.06.06 14:54:34.544,0.76602,0.76618,1.50,7.50
2012.06.06 14:54:34.679,0.766,0.76616,1.50,1.50
2012.06.06 14:54:34.807,0.766,0.76618,1.50,6.00
2012.06.06 14:54:35.771,0.76598,0.76615,1.50,1.50
2012.06.06 14:54:36.250,0.76598,0.76613,1.50,1.50
2012.06.06 14:54:37.227,0.76599,0.76615,1.50,1.50
2012.06.06 14:54:37.780,0.76599,0.76617,1.50,3.00
2012.06.06 14:54:38.299,0.76599,0.76615,1.50,1.50
2012.06.06 14:54:38.750,0.76597,0.76612,3.94,1.50
2012.06.06 14:54:39.647,0.76597,0.76612,3.00,2.25
2012.06.06 14:54:39.988,0.76599,0.76608,3.00,3.75
2012.06.06 14:54:40.130,0.76595,0.76608,2.25,3.75
2012.06.06 14:54:40.687,0.76596,0.76607,1.50,1.50
2012.06.06 14:54:41.241,0.76595,0.76607,2.25,1.50
2012.06.06 14:54:41.858,0.76597,0.76607,1.50,1.50
2012.06.06 14:54:42.093,0.76595,0.76607,2.25,1.50
2012.06.06 14:54:42.648,0.76596,0.76607,1.50,1.50
2012.06.06 14:54:46.881,0.76593,0.76607,3.00,1.50
2012.06.06 14:54:50.310,0.76596,0.76607,1.50,1.50
2012.06.06 14:54:50.508,0.76596,0.76612,1.50,1.50
2012.06.06 14:54:50.580,0.76597,0.76612,1.50,1.50
2012.06.06 14:54:51.226,0.76596,0.76607,1.50,1.50
2012.06.06 14:54:51.789,0.76597,0.76607,1.50,1.50
2012.06.06 14:54:52.322,0.76596,0.76607,2.25,1.50
2012.06.06 14:54:53.577,0.76597,0.76607,1.50,1.50
2012.06.06 14:54:55.497,0.76597,0.76607,1.50,1.50
2012.06.06 14:54:58.993,0.766,0.76608,1.50,1.50
2012.06.06 14:54:59.482,0.76602,0.76613,1.50,1.50
2012.06.06 14:54:59.551,0.766,0.76613,3.00,1.50
2012.06.06 14:55:03.697,0.766,0.76612,1.50,1.50
2012.06.06 14:55:04.588,0.76602,0.76612,1.50,1.50
2012.06.06 14:55:04.789,0.766,0.76612,1.50,1.50
2012.06.06 14:55:05.756,0.76602,0.76617,1.50,1.50
2012.06.06 14:55:06.398,0.76602,0.76617,1.50,1.50
2012.06.06 14:55:07.011,0.76601,0.76613,1.50,1.50
2012.06.06 14:55:07.792,0.76603,0.76613,1.50,1.50
2012.06.06 14:55:08.082,0.76605,0.76618,1.88,3.00
2012.06.06 14:55:08.225,0.76607,0.76618,1.50,3.00
2012.06.06 14:55:08.847,0.76609,0.76618,1.50,3.00
2012.06.06 14:55:08.929,0.76606,0.76615,2.25,1.50
2012.06.06 14:55:09.003,0.76606,0.76618,2.25,3.00
2012.06.06 14:55:09.432,0.76609,0.76617,1.50,3.75
2012.06.06 14:55:09.701,0.76607,0.76617,1.50,3.00
2012.06.06 14:55:09.843,0.76607,0.76622,1.50,3.00
2012.06.06 14:55:10.319,0.76609,0.76622,1.50,3.00
2012.06.06 14:55:11.102,0.7661,0.76622,1.50,3.00
2012.06.06 14:55:11.744,0.76608,0.76622,1.50,3.00
2012.06.06 14:55:14.206,0.76609,0.76622,1.50,3.00
2012.06.06 14:55:14.907,0.76608,0.76622,1.50,3.00
2012.06.06 14:55:16.775,0.76608,0.76617,1.50,1.50
2012.06.06 14:55:16.851,0.76605,0.76617,3.75,1.50
2012.06.06 14:55:17.390,0.76607,0.76618,1.50,3.75
2012.06.06 14:55:17.660,0.76605,0.76618,3.00,3.75
2012.06.06 14:55:18.143,0.76607,0.76618,1.50,3.00
2012.06.06 14:55:18.501,0.76605,0.76618,3.00,3.75
2012.06.06 14:55:20.650,0.76605,0.76613,3.00,2.25
2012.06.06 14:55:20.860,0.76601,0.76613,1.50,3.75
2012.06.06 14:55:22.268,0.76607,0.76615,2.25,1.50
2012.06.06 14:55:22.621,0.76609,0.76617,1.50,3.00
2012.06.06 14:55:22.762,0.76609,0.76623,2.25,1.13
2012.06.06 14:55:22.981,0.76611,0.76623,2.25,1.50
2012.06.06 14:55:23.134,0.7661,0.76625,1.50,1.50
2012.06.06 14:55:23.212,0.7661,0.76625,1.13,2.25
2012.06.06 14:55:23.682,0.76612,0.76627,1.50,3.79
2012.06.06 14:55:24.161,0.76614,0.76627,1.50,3.79
2012.06.06 14:55:24.288,0.76612,0.76627,1.50,3.79
2012.06.06 14:55:24.790,0.76611,0.76627,2.63,3.79
2012.06.06 14:55:24.860,0.76611,0.76627,3.38,3.75
2012.06.06 14:55:25.212,0.76619,0.76633,1.13,2.25
2012.06.06 14:55:25.562,0.76619,0.76632,1.13,1.50
2012.06.06 14:55:27.521,0.76619,0.76633,3.00,3.00
2012.06.06 14:55:27.734,0.76623,0.76637,1.13,1.50
2012.06.06 14:55:27.950,0.76627,0.7664,1.50,2.44
2012.06.06 14:55:28.814,0.76628,0.76642,1.50,1.50
2012.06.06 14:55:28.898,0.76632,0.76642,1.50,1.50
2012.06.06 14:55:29.447,0.76631,0.76642,1.50,1.50
2012.06.06 14:55:30.056,0.7663,0.76642,1.50,1.50
2012.06.06 14:55:30.271,0.7663,0.76646,1.88,2.25
2012.06.06 14:55:30.777,0.7663,0.76646,1.88,2.25
2012.06.06 14:55:32.548,0.76631,0.76646,1.13,2.25
2012.06.06 14:55:32.622,0.76632,0.76647,1.88,1.50
2012.06.06 14:55:32.972,0.76643,0.76653,2.63,1.50
2012.06.06 14:55:33.111,0.76642,0.76652,1.50,2.25
2012.06.06 14:55:33.181,0.76635,0.76652,3.60,2.25
2012.06.06 14:55:33.689,0.76637,0.76653,1.88,2.25
2012.06.06 14:55:34.019,0.76636,0.76653,1.50,1.50
2012.06.06 14:55:34.091,0.76639,0.76652,2.25,1.50
2012.06.06 14:55:34.429,0.76636,0.76652,2.63,1.50
2012.06.06 14:55:34.559,0.76636,0.76654,2.93,4.50
2012.06.06 14:55:35.068,0.76636,0.76653,1.80,2.25
2012.06.06 14:55:35.139,0.76636,0.76653,2.55,3.00
2012.06.06 14:55:37.034,0.76635,0.76649,1.80,1.50
2012.06.06 14:55:37.390,0.76633,0.76643,1.50,1.50
2012.06.06 14:55:37.464,0.76629,0.76643,3.00,1.50
2012.06.06 14:55:37.609,0.76629,0.76639,2.25,1.50
2012.06.06 14:55:37.811,0.76629,0.76641,2.25,1.50
2012.06.06 14:55:38.358,0.76629,0.7664,2.25,1.50
2012.06.06 14:55:39.305,0.76629,0.76642,2.25,1.50
2012.06.06 14:55:40.383,0.76629,0.76639,2.25,1.50
2012.06.06 14:55:40.600,0.76624,0.76639,1.32,1.50
2012.06.06 14:55:40.800,0.76623,0.7664,4.13,2.25
2012.06.06 14:55:41.259,0.76623,0.76637,4.13,1.50
2012.06.06 14:55:41.459,0.76623,0.76639,3.75,3.00
2012.06.06 14:55:41.985,0.76623,0.76637,3.00,3.75
2012.06.06 14:55:42.134,0.76619,0.76634,4.50,1.50
2012.06.06 14:55:42.213,0.76619,0.76629,3.75,1.50
2012.06.06 14:55:42.294,0.76619,0.76631,3.00,1.50
2012.06.06 14:55:42.374,0.76617,0.76629,2.17,1.50
2012.06.06 14:55:42.521,0.76617,0.76632,1.98,2.25
2012.06.06 14:55:42.988,0.76617,0.76628,1.23,1.50
2012.06.06 14:55:43.063,0.76617,0.7663,2.73,4.50
2012.06.06 14:55:43.203,0.76617,0.76627,1.23,1.50
2012.06.06 14:55:43.411,0.76617,0.76632,1.23,3.00
2012.06.06 14:55:43.555,0.76617,0.7663,1.13,1.50
2012.06.06 14:55:43.698,0.76616,0.7663,1.13,1.50
2012.06.06 14:55:44.249,0.76614,0.7663,1.50,1.50
2012.06.06 14:55:44.320,0.76612,0.7663,7.88,1.50
2012.06.06 14:55:44.772,0.76612,0.76627,6.38,1.50
2012.06.06 14:55:45.129,0.76611,0.76625,1.50,1.50
2012.06.06 14:55:45.638,0.76611,0.76626,1.50,1.50
2012.06.06 14:55:45.839,0.76611,0.76629,3.00,3.75
2012.06.06 14:55:46.262,0.76615,0.76629,1.50,2.25
2012.06.06 14:55:46.600,0.76619,0.76629,2.25,1.50
2012.06.06 14:55:46.801,0.76619,0.76633,2.25,1.50
2012.06.06 14:55:46.941,0.76619,0.76635,3.75,1.50
2012.06.06 14:55:47.012,0.76619,0.76635,4.13,1.50
2012.06.06 14:55:47.411,0.76622,0.76638,1.50,3.00
2012.06.06 14:55:48.319,0.76623,0.7664,1.50,3.00
2012.06.06 14:55:48.673,0.76625,0.7664,1.50,3.00
2012.06.06 14:55:49.170,0.76627,0.7664,1.50,3.00
2012.06.06 14:55:49.243,0.76625,0.76641,1.50,2.25
2012.06.06 14:55:49.323,0.76627,0.76643,1.50,2.25
2012.06.06 14:55:49.915,0.76627,0.76645,1.50,4.50
2012.06.06 14:55:52.469,0.76627,0.76643,1.50,1.50
2012.06.06 14:55:54.420,0.76626,0.76643,1.13,1.50
2012.06.06 14:55:54.927,0.76626,0.76642,2.63,1.50
2012.06.06 14:55:55.438,0.76627,0.76643,1.50,1.50
2012.06.06 14:55:55.757,0.76624,0.76641,1.88,1.50
2012.06.06 14:55:55.828,0.76625,0.76643,1.88,1.50
2012.06.06 14:55:56.390,0.76627,0.76645,1.50,3.75
2012.06.06 14:55:56.518,0.76629,0.76645,1.50,3.00
2012.06.06 14:55:56.587,0.76627,0.76645,1.50,3.00
2012.06.06 14:55:57.468,0.76626,0.76642,1.88,1.50
2012.06.06 14:55:58.042,0.76627,0.76643,1.50,1.50
2012.06.06 14:55:58.620,0.76626,0.76644,1.88,1.50
2012.06.06 14:55:59.148,0.76626,0.76643,3.38,1.50
2012.06.06 14:55:59.492,0.76623,0.76639,3.75,2.25
2012.06.06 14:55:59.827,0.76625,0.76639,1.50,2.25
2012.06.06 14:56:01.330,0.76625,0.76642,2.63,2.25
2012.06.06 14:56:01.829,0.76628,0.76644,2.25,1.50
2012.06.06 14:56:02.209,0.76627,0.76644,1.88,2.25
2012.06.06 14:56:02.281,0.76626,0.76642,1.13,1.50
2012.06.06 14:56:02.970,0.76627,0.76643,2.63,1.50
2012.06.06 14:56:03.562,0.76627,0.76641,1.13,2.25
2012.06.06 14:56:04.132,0.76626,0.76641,1.13,2.25
2012.06.06 14:56:07.751,0.7663,0.76642,1.50,2.25
2012.06.06 14:56:07.969,0.76633,0.76645,1.51,3.75
2012.06.06 14:56:08.044,0.76633,0.76645,1.51,3.00
2012.06.06 14:56:08.476,0.76626,0.76643,2.63,1.50
2012.06.06 14:56:08.979,0.76627,0.76644,1.50,2.25
2012.06.06 14:56:09.052,0.7663,0.76644,2.25,2.25
2012.06.06 14:56:09.588,0.7663,0.76645,2.63,2.25
2012.06.06 14:56:10.935,0.7663,0.76643,2.63,1.50
2012.06.06 14:56:11.290,0.7663,0.76641,2.63,1.50
2012.06.06 14:56:11.648,0.7663,0.7664,2.63,1.50
2012.06.06 14:56:11.848,0.7663,0.76642,2.63,1.50
2012.06.06 14:56:12.900,0.7663,0.76642,2.25,1.50
2012.06.06 14:56:12.979,0.7663,0.7664,2.25,1.50
2012.06.06 14:56:13.121,0.76623,0.7664,1.13,6.00
2012.06.06 14:56:13.680,0.76622,0.76638,4.13,1.50
2012.06.06 14:56:14.479,0.76624,0.7664,1.88,3.00
2012.06.06 14:56:14.553,0.76623,0.76641,4.88,2.25
2012.06.06 14:56:15.143,0.76625,0.76642,1.88,1.50
2012.06.06 14:56:16.148,0.76626,0.7664,1.13,1.50
2012.06.06 14:56:16.291,0.7663,0.7664,2.25,1.50
2012.06.06 14:56:16.359,0.7663,0.76642,2.25,1.50
2012.06.06 14:56:16.609,0.7663,0.7664,2.25,1.50
2012.06.06 14:56:17.139,0.76627,0.76641,4.13,1.50
2012.06.06 14:56:17.752,0.76627,0.76641,4.13,2.25
2012.06.06 14:56:18.266,0.76627,0.76643,4.88,1.50
2012.06.06 14:56:20.813,0.76626,0.76638,2.25,2.25
2012.06.06 14:56:21.280,0.76627,0.76642,1.50,2.25
2012.06.06 14:56:21.680,0.76627,0.7664,3.75,2.25
2012.06.06 14:56:21.947,0.76627,0.76643,4.13,3.00
2012.06.06 14:56:22.019,0.76627,0.76643,5.63,1.50
2012.06.06 14:56:22.091,0.7663,0.76645,1.88,2.25
2012.06.06 14:56:22.661,0.76628,0.76645,1.13,2.25
2012.06.06 14:56:23.190,0.76628,0.76643,1.88,1.50
2012.06.06 14:56:23.753,0.76628,0.76642,1.13,1.50
2012.06.06 14:56:23.830,0.76627,0.76642,4.82,1.50
2012.06.06 14:56:23.902,0.76637,0.76644,2.85,1.50
2012.06.06 14:56:23.974,0.7664,0.76648,2.10,4.68
2012.06.06 14:56:24.369,0.76641,0.76648,2.57,3.18
2012.06.06 14:56:24.446,0.76642,0.76651,1.67,1.50
2012.06.06 14:56:24.589,0.76644,0.76658,1.07,1.50
2012.06.06 14:56:25.169,0.76644,0.76656,1.50,2.25
2012.06.06 14:56:25.450,0.7664,0.76648,1.07,1.50
2012.06.06 14:56:25.591,0.76639,0.7665,1.07,1.50
2012.06.06 14:56:25.848,0.7664,0.76652,1.07,1.50
2012.06.06 14:56:26.098,0.7664,0.76653,1.07,1.50
2012.06.06 14:56:26.728,0.7664,0.76654,1.07,1.50
2012.06.06 14:56:27.291,0.7664,0.76656,1.82,2.25
2012.06.06 14:56:27.630,0.7664,0.76652,1.07,1.50
2012.06.06 14:56:28.164,0.76638,0.76653,1.07,1.50
2012.06.06 14:56:28.248,0.76637,0.76651,3.32,1.50
2012.06.06 14:56:28.463,0.76637,0.76653,3.32,1.50
2012.06.06 14:56:28.539,0.76637,0.76651,3.32,1.50
2012.06.06 14:56:29.020,0.76637,0.76651,3.32,1.50
2012.06.06 14:56:29.281,0.76638,0.76652,1.07,1.50
2012.06.06 14:56:29.349,0.76637,0.76649,3.32,1.50
2012.06.06 14:56:29.860,0.76637,0.7665,3.32,1.50
2012.06.06 14:56:30.490,0.76637,0.76652,3.32,1.50
2012.06.06 14:56:30.563,0.76638,0.76652,1.07,1.50
2012.06.06 14:56:31.069,0.76638,0.76653,1.07,1.50
2012.06.06 14:56:32.327,0.76638,0.76652,1.07,1.50
2012.06.06 14:56:32.869,0.76638,0.76653,1.07,1.50
2012.06.06 14:56:37.569,0.76638,0.76656,2.57,2.25
2012.06.06 14:56:38.601,0.76638,0.76653,1.07,1.50
2012.06.06 14:56:39.110,0.76639,0.76654,1.67,2.25
2012.06.06 14:56:39.451,0.76638,0.76652,1.07,1.50
2012.06.06 14:56:39.810,0.76638,0.76653,1.07,1.50
2012.06.06 14:56:40.350,0.76639,0.76656,1.07,2.25
2012.06.06 14:56:41.346,0.76638,0.76655,1.07,2.25
2012.06.06 14:56:47.771,0.76638,0.76652,1.07,1.50
2012.06.06 14:56:48.109,0.76638,0.76649,1.07,1.50
2012.06.06 14:56:48.628,0.76638,0.76654,1.07,2.25
2012.06.06 14:56:49.812,0.76638,0.76652,1.07,1.50
2012.06.06 14:56:49.955,0.76638,0.76654,1.07,2.25
2012.06.06 14:56:50.766,0.76638,0.76653,1.07,1.50
2012.06.06 14:56:51.299,0.76637,0.76652,5.63,1.50
2012.06.06 14:56:51.763,0.76637,0.76653,6.75,1.50
2012.06.06 14:56:51.838,0.76638,0.76655,1.88,2.25
2012.06.06 14:56:53.166,0.76637,0.76654,9.60,1.50
2012.06.06 14:56:53.310,0.76637,0.76652,6.75,1.50
2012.06.06 14:56:53.911,0.76637,0.76653,7.13,1.50
2012.06.06 14:56:54.475,0.76638,0.76653,2.10,1.50
2012.06.06 14:56:54.622,0.76643,0.76656,1.13,1.50
2012.06.06 14:56:54.903,0.76642,0.76656,1.88,1.69
2012.06.06 14:56:56.280,0.76638,0.76654,4.88,3.75
2012.06.06 14:56:56.352,0.76638,0.76651,2.63,1.50
2012.06.06 14:56:56.700,0.76638,0.76653,3.75,1.50
2012.06.06 14:56:56.909,0.76638,0.76656,5.25,2.44
2012.06.06 14:56:57.386,0.76639,0.76652,1.88,3.75
2012.06.06 14:56:57.674,0.76636,0.76647,1.50,3.75
2012.06.06 14:56:57.963,0.76633,0.76644,1.50,1.50
2012.06.06 14:56:58.101,0.76633,0.76644,1.13,2.25
2012.06.06 14:56:58.770,0.76631,0.76645,2.63,2.25
2012.06.06 14:56:59.271,0.7663,0.76644,1.88,3.00
2012.06.06 14:56:59.788,0.7663,0.76643,1.88,1.50
2012.06.06 14:57:04.683,0.7663,0.76646,1.88,3.19
2012.06.06 14:57:06.280,0.7663,0.76644,1.13,1.50
2012.06.06 14:57:06.838,0.76629,0.76643,1.13,1.50
2012.06.06 14:57:07.398,0.76632,0.76643,1.13,1.50
2012.06.06 14:57:07.541,0.76633,0.76646,1.50,1.50
2012.06.06 14:57:07.752,0.76633,0.76646,2.63,1.50
2012.06.06 14:57:08.603,0.76632,0.76646,1.50,1.69
2012.06.06 14:57:09.140,0.76631,0.76646,1.88,1.69
2012.06.06 14:57:09.942,0.76632,0.76646,1.50,1.50
2012.06.06 14:57:10.520,0.76631,0.76646,1.88,1.50
2012.06.06 14:57:11.870,0.76629,0.76642,1.88,1.50
2012.06.06 14:57:12.223,0.76629,0.76642,1.50,1.50
2012.06.06 14:57:12.303,0.76629,0.76646,1.88,3.19
2012.06.06 14:57:12.768,0.76631,0.76646,1.50,1.69
2012.06.06 14:57:14.230,0.76629,0.76645,7.88,2.25
2012.06.06 14:57:14.370,0.76633,0.76648,1.50,3.75
2012.06.06 14:57:14.571,0.76633,0.76646,4.13,1.50
2012.06.06 14:57:15.105,0.76633,0.76647,3.00,1.50
2012.06.06 14:57:15.419,0.7663,0.76646,1.88,2.25
2012.06.06 14:57:17.848,0.76631,0.76647,1.13,2.44
2012.06.06 14:57:18.432,0.76631,0.76645,1.13,1.13
2012.06.06 14:57:18.743,0.76629,0.76641,2.25,1.50
2012.06.06 14:57:20.058,0.76628,0.76641,1.50,1.50
2012.06.06 14:57:20.763,0.76627,0.76641,3.00,1.50
2012.06.06 14:57:21.345,0.76628,0.76641,1.50,1.50
2012.06.06 14:57:21.710,0.76621,0.76631,1.13,1.50
2012.06.06 14:57:22.051,0.76619,0.76631,1.50,1.50
2012.06.06 14:57:22.461,0.76617,0.76628,1.50,1.50
2012.06.06 14:57:22.600,0.76616,0.76628,1.50,1.50
2012.06.06 14:57:22.738,0.76616,0.76628,1.50,2.25
2012.06.06 14:57:23.263,0.76616,0.76626,1.50,1.50
2012.06.06 14:57:25.840,0.7662,0.76626,1.50,1.50
2012.06.06 14:57:25.910,0.7662,0.76629,1.50,1.50
2012.06.06 14:57:25.982,0.7662,0.76632,2.25,3.00
2012.06.06 14:57:26.052,0.7662,0.76636,2.25,4.69
2012.06.06 14:57:26.450,0.76621,0.76635,1.13,2.25
2012.06.06 14:57:26.801,0.7662,0.76632,1.50,1.50
2012.06.06 14:57:26.942,0.76618,0.76634,4.13,1.50
2012.06.06 14:57:27.011,0.76618,0.76636,4.88,2.44
2012.06.06 14:57:27.280,0.76618,0.76635,3.75,2.25
2012.06.06 14:57:28.779,0.76618,0.76634,5.25,1.50
2012.06.06 14:57:29.849,0.76618,0.76634,4.13,1.50
2012.06.06 14:57:29.921,0.76618,0.7663,2.63,1.50
2012.06.06 14:57:30.468,0.76618,0.76631,2.63,1.50
2012.06.06 14:57:31.022,0.76617,0.7663,1.13,2.25
2012.06.06 14:57:31.400,0.76616,0.76628,1.13,1.50
2012.06.06 14:57:31.481,0.76616,0.76628,1.13,1.50
2012.06.06 14:57:31.556,0.76616,0.76627,1.88,3.00
2012.06.06 14:57:32.034,0.76614,0.76627,1.50,3.75
2012.06.06 14:57:32.604,0.76614,0.76626,1.50,1.50
2012.06.06 14:57:33.336,0.76615,0.76627,2.25,3.00
2012.06.06 14:57:33.423,0.76617,0.76632,1.50,3.19
2012.06.06 14:57:33.501,0.76618,0.76626,1.50,1.50
2012.06.06 14:57:33.991,0.76616,0.76626,1.50,1.50
2012.06.06 14:57:34.204,0.76614,0.76626,1.50,1.50
2012.06.06 14:57:34.491,0.76609,0.76624,1.13,2.25
2012.06.06 14:57:35.153,0.76609,0.76623,1.13,1.50
2012.06.06 14:57:35.238,0.76608,0.76623,3.75,1.50
2012.06.06 14:57:35.752,0.76608,0.76624,5.25,1.50
2012.06.06 14:57:36.584,0.76609,0.76625,2.63,2.25
2012.06.06 14:57:37.169,0.76609,0.76625,1.13,2.25
2012.06.06 14:57:37.490,0.76611,0.76626,1.88,3.19
2012.06.06 14:57:37.820,0.76615,0.76626,1.50,1.50
2012.06.06 14:57:38.170,0.76617,0.76633,4.50,2.44
2012.06.06 14:57:38.380,0.7662,0.76636,1.88,2.25
2012.06.06 14:57:38.888,0.76619,0.76636,1.88,3.00
2012.06.06 14:57:39.543,0.76621,0.76636,1.13,2.25
2012.06.06 14:57:40.492,0.76622,0.76637,2.25,2.25
2012.06.06 14:57:40.562,0.76624,0.76639,1.13,2.25
2012.06.06 14:57:40.701,0.76625,0.7664,1.13,2.25
2012.06.06 14:57:42.222,0.76625,0.76638,1.13,1.50
2012.06.06 14:57:43.392,0.76626,0.76638,1.13,2.25
2012.06.06 14:57:43.535,0.76622,0.76636,1.88,1.50
2012.06.06 14:57:43.739,0.7662,0.76636,1.88,1.50
2012.06.06 14:57:44.535,0.76619,0.76632,3.23,1.50
2012.06.06 14:57:44.679,0.76618,0.76631,3.75,1.50
2012.06.06 14:57:45.303,0.76618,0.76632,3.75,1.50
2012.06.06 14:57:46.171,0.76618,0.76632,5.25,1.50
2012.06.06 14:57:46.313,0.76624,0.76637,1.50,3.75
2012.06.06 14:57:46.461,0.76623,0.76637,1.50,2.25
2012.06.06 14:57:46.728,0.76618,0.76633,3.75,1.50
2012.06.06 14:57:46.798,0.76618,0.76633,3.00,1.50
2012.06.06 14:57:46.868,0.76618,0.76631,3.00,1.50
2012.06.06 14:57:47.199,0.76618,0.76633,2.25,1.50
2012.06.06 14:57:47.711,0.76618,0.76633,2.63,1.50
2012.06.06 14:57:48.305,0.76618,0.76632,2.63,1.50
2012.06.06 14:57:48.384,0.76618,0.76634,2.63,2.25
2012.06.06 14:57:48.713,0.76618,0.76632,2.25,1.50
2012.06.06 14:57:51.004,0.76617,0.76632,2.25,3.75
2012.06.06 14:57:51.361,0.76616,0.76629,1.50,1.50
2012.06.06 14:57:51.982,0.76616,0.76631,1.50,3.00
2012.06.06 14:57:53.831,0.76615,0.76628,1.50,1.50
2012.06.06 14:57:55.220,0.76615,0.76629,1.50,3.00
2012.06.06 14:57:55.550,0.76615,0.76627,1.50,1.50
2012.06.06 14:57:55.889,0.76613,0.76626,3.00,2.25
2012.06.06 14:57:56.514,0.76609,0.76627,2.25,3.19
2012.06.06 14:57:57.049,0.76607,0.76625,6.38,1.50
2012.06.06 14:57:57.120,0.76607,0.76623,6.38,1.50
2012.06.06 14:57:57.188,0.76607,0.76625,5.63,1.50
2012.06.06 14:57:57.767,0.76607,0.76626,3.38,1.69
2012.06.06 14:57:59.220,0.76608,0.76624,2.44,1.50
2012.06.06 14:57:59.548,0.76607,0.76622,4.13,1.50
2012.06.06 14:58:00.137,0.76608,0.76619,3.00,1.50
2012.06.06 14:58:00.217,0.76608,0.76622,3.00,1.50
2012.06.06 14:58:07.150,0.76607,0.76622,1.50,3.00
2012.06.06 14:58:07.432,0.76602,0.76618,1.69,2.25
2012.06.06 14:58:09.303,0.76607,0.76613,1.50,2.25
2012.06.06 14:58:09.380,0.76601,0.76614,1.50,1.50
2012.06.06 14:58:09.527,0.76601,0.76617,4.13,2.25
2012.06.06 14:58:09.602,0.76609,0.76617,1.50,2.25
2012.06.06 14:58:10.265,0.76608,0.76617,1.50,2.25
2012.06.06 14:58:10.875,0.76607,0.76617,1.50,2.25
2012.06.06 14:58:11.490,0.76607,0.76616,1.50,1.50
2012.06.06 14:58:11.632,0.76601,0.76613,1.50,2.25
2012.06.06 14:58:11.838,0.76605,0.76613,2.25,2.25
2012.06.06 14:58:12.194,0.76609,0.76617,1.50,2.25
2012.06.06 14:58:12.727,0.76608,0.76617,1.50,2.25
2012.06.06 14:58:13.581,0.76607,0.76617,1.50,2.25
2012.06.06 14:58:13.719,0.76609,0.76622,1.50,2.25
2012.06.06 14:58:14.180,0.76607,0.76622,1.50,2.25
2012.06.06 14:58:14.717,0.76606,0.76622,1.50,2.25
2012.06.06 14:58:15.720,0.76608,0.76622,1.50,2.25
2012.06.06 14:58:16.509,0.76607,0.76622,1.50,2.25
2012.06.06 14:58:16.850,0.76607,0.76617,1.50,2.25
2012.06.06 14:58:17.506,0.76608,0.76617,1.50,2.25
2012.06.06 14:58:18.849,0.76605,0.76617,1.50,2.25
2012.06.06 14:58:19.399,0.76603,0.76617,2.25,2.25
2012.06.06 14:58:19.912,0.76604,0.76617,1.13,2.25
2012.06.06 14:58:20.255,0.76605,0.76623,1.50,5.25
2012.06.06 14:58:20.797,0.76606,0.76622,1.50,1.50
2012.06.06 14:58:21.410,0.76607,0.76623,1.50,4.50
2012.06.06 14:58:21.542,0.76607,0.76621,1.50,1.50
2012.06.06 14:58:21.868,0.76607,0.76618,1.50,2.25
2012.06.06 14:58:22.459,0.76608,0.76618,1.50,2.25
2012.06.06 14:58:23.519,0.76607,0.76618,1.50,2.25
2012.06.06 14:58:23.832,0.76606,0.76617,3.00,1.50
2012.06.06 14:58:23.901,0.76606,0.76618,1.50,3.19
2012.06.06 14:58:24.041,0.76605,0.76615,1.50,1.50
2012.06.06 14:58:24.382,0.76608,0.76618,1.50,2.25
2012.06.06 14:58:24.451,0.76605,0.76618,3.75,2.25
2012.06.06 14:58:24.660,0.76605,0.76618,1.50,3.00
2012.06.06 14:58:24.869,0.76599,0.76613,3.75,2.25
2012.06.06 14:58:25.732,0.766,0.76613,1.50,2.25
2012.06.06 14:58:25.871,0.76602,0.76618,3.00,3.75
2012.06.06 14:58:26.342,0.76604,0.76619,1.50,1.50
2012.06.06 14:58:26.409,0.76606,0.76622,2.25,1.95
2012.06.06 14:58:26.894,0.76607,0.76623,2.25,3.00
2012.06.06 14:58:27.463,0.76608,0.76623,1.50,3.75
2012.06.06 14:58:27.821,0.76606,0.76618,1.50,2.25
2012.06.06 14:58:28.406,0.76602,0.76612,2.63,2.25
2012.06.06 14:58:28.696,0.76608,0.76623,1.50,3.00
2012.06.06 14:58:29.110,0.76606,0.76623,1.50,3.00
2012.06.06 14:58:29.721,0.76607,0.76622,1.50,2.25
2012.06.06 14:58:29.864,0.76609,0.76623,1.50,2.25
2012.06.06 14:58:30.224,0.7661,0.76623,2.25,2.25
2012.06.06 14:58:30.443,0.76615,0.76628,1.50,2.25
2012.06.06 14:58:30.977,0.76611,0.76627,3.75,1.50
2012.06.06 14:58:31.535,0.76611,0.76625,2.25,1.50
2012.06.06 14:58:31.820,0.76611,0.76627,1.50,1.50
2012.06.06 14:58:32.360,0.76611,0.76628,1.50,4.50
2012.06.06 14:58:32.868,0.76613,0.76628,1.50,3.00
2012.06.06 14:58:33.456,0.76611,0.76625,1.50,1.50
2012.06.06 14:58:33.810,0.76607,0.76623,4.50,1.50
2012.06.06 14:58:33.882,0.76607,0.76623,4.50,1.50
2012.06.06 14:58:33.954,0.76607,0.76621,3.75,1.35
2012.06.06 14:58:34.313,0.76604,0.76612,1.50,2.25
2012.06.06 14:58:34.590,0.76605,0.76616,2.25,1.50
2012.06.06 14:58:34.802,0.76608,0.76614,1.50,1.50
2012.06.06 14:58:34.874,0.76602,0.76614,3.75,1.50
2012.06.06 14:58:34.956,0.76602,0.76618,4.50,3.00
2012.06.06 14:58:35.034,0.76603,0.76621,1.69,2.25
2012.06.06 14:58:35.391,0.76606,0.76622,2.25,1.50
2012.06.06 14:58:36.881,0.76604,0.76622,1.88,3.00
2012.06.06 14:58:37.436,0.76604,0.7662,1.88,1.73
2012.06.06 14:58:37.790,0.76602,0.76613,1.88,3.00
2012.06.06 14:58:37.860,0.76602,0.76615,1.88,1.50
2012.06.06 14:58:38.002,0.76602,0.76616,2.63,3.00
2012.06.06 14:58:38.141,0.76602,0.76616,1.50,1.50
2012.06.06 14:58:38.692,0.76601,0.76615,1.50,2.25
2012.06.06 14:58:39.838,0.766,0.76613,2.25,1.50
2012.06.06 14:58:40.390,0.766,0.76615,1.50,2.25
2012.06.06 14:58:41.418,0.766,0.76613,1.50,1.50
2012.06.06 14:58:41.968,0.766,0.76614,1.50,2.25
2012.06.06 14:58:44.438,0.76601,0.76615,1.50,2.25
2012.06.06 14:58:44.821,0.76601,0.76613,1.50,1.50
2012.06.06 14:58:45.325,0.76601,0.76615,1.50,2.25
2012.06.06 14:58:48.990,0.76601,0.76616,2.25,1.50
2012.06.06 14:58:54.531,0.76601,0.76614,2.25,1.50
2012.06.06 14:58:55.062,0.76601,0.76615,2.25,2.25
2012.06.06 14:58:56.321,0.76601,0.76617,2.25,3.75
2012.06.06 14:59:00.496,0.76601,0.76616,2.25,1.50
2012.06.06 14:59:02.678,0.76601,0.76616,2.25,1.50
2012.06.06 14:59:05.525,0.76601,0.76611,2.25,1.50
2012.06.06 14:59:05.879,0.76602,0.76616,2.25,3.00
2012.06.06 14:59:06.092,0.76604,0.76616,2.25,1.50
2012.06.06 14:59:06.470,0.76602,0.76616,3.75,1.50
2012.06.06 14:59:08.730,0.76602,0.76617,3.75,1.50
2012.06.06 14:59:09.942,0.76602,0.76617,3.00,1.50
2012.06.06 14:59:10.143,0.76602,0.76616,3.00,1.50
2012.06.06 14:59:10.712,0.76602,0.76616,3.00,1.50
2012.06.06 14:59:11.835,0.76602,0.76616,3.75,1.50
2012.06.06 14:59:12.057,0.76609,0.76618,1.13,2.25
2012.06.06 14:59:12.130,0.76609,0.76621,1.13,1.50
2012.06.06 14:59:12.272,0.7661,0.76626,1.88,1.50
2012.06.06 14:59:12.484,0.76609,0.76621,1.88,1.50
2012.06.06 14:59:12.983,0.76612,0.76626,1.13,1.50
2012.06.06 14:59:14.350,0.76612,0.76626,2.63,1.50
2012.06.06 14:59:17.846,0.76613,0.76628,1.13,6.00
2012.06.06 14:59:17.921,0.76614,0.76628,1.50,3.75
2012.06.06 14:59:18.272,0.76616,0.76632,1.88,1.50
2012.06.06 14:59:18.679,0.76623,0.76632,1.50,2.25
2012.06.06 14:59:18.760,0.76626,0.76639,2.25,1.50
2012.06.06 14:59:19.192,0.76626,0.76635,1.50,1.50
2012.06.06 14:59:19.264,0.76626,0.76635,2.25,2.25
2012.06.06 14:59:19.693,0.76619,0.7663,1.13,2.25
2012.06.06 14:59:19.833,0.76615,0.76629,1.13,1.50
2012.06.06 14:59:20.395,0.76615,0.76631,1.13,1.50
2012.06.06 14:59:20.682,0.76619,0.76631,1.13,1.50
2012.06.06 14:59:21.931,0.76619,0.76631,1.88,1.50
2012.06.06 14:59:23.389,0.76617,0.76631,1.13,1.50
2012.06.06 14:59:23.906,0.76617,0.76631,1.13,1.50
2012.06.06 14:59:24.196,0.76616,0.7663,1.13,2.25
2012.06.06 14:59:24.275,0.76614,0.76627,1.88,1.50
2012.06.06 14:59:24.424,0.76614,0.76627,1.50,1.50
2012.06.06 14:59:24.925,0.76614,0.76627,1.50,1.50
2012.06.06 14:59:25.073,0.76614,0.76623,1.50,3.00
2012.06.06 14:59:25.621,0.76614,0.76623,3.00,2.25
2012.06.06 14:59:25.704,0.76615,0.76623,1.13,3.75
2012.06.06 14:59:25.784,0.7661,0.76622,1.50,1.50
2012.06.06 14:59:25.935,0.76612,0.76622,1.50,1.50
2012.06.06 14:59:26.012,0.76611,0.76622,1.50,1.50
2012.06.06 14:59:26.226,0.76611,0.76626,3.00,1.50
2012.06.06 14:59:26.306,0.76615,0.76626,1.50,1.50
2012.06.06 14:59:26.382,0.76615,0.76627,2.25,3.00
2012.06.06 14:59:26.801,0.76612,0.76627,2.25,3.00
2012.06.06 14:59:26.871,0.76613,0.76627,1.50,3.00
2012.06.06 14:59:27.453,0.76614,0.76627,1.50,3.00
2012.06.06 14:59:27.538,0.76614,0.76627,2.25,3.00
2012.06.06 14:59:28.103,0.76613,0.76628,3.00,3.75
2012.06.06 14:59:29.021,0.76615,0.76632,2.25,1.50
2012.06.06 14:59:29.654,0.76618,0.76633,3.38,1.50
2012.06.06 14:59:30.016,0.7662,0.7663,1.50,1.13
2012.06.06 14:59:30.161,0.76621,0.76634,2.63,1.88
2012.06.06 14:59:30.373,0.76619,0.76632,1.50,3.00
2012.06.06 14:59:30.508,0.76619,0.76632,2.25,3.75
2012.06.06 14:59:30.871,0.76622,0.76632,2.25,3.00
2012.06.06 14:59:31.223,0.76622,0.76637,3.00,4.50
2012.06.06 14:59:31.296,0.76623,0.76637,1.50,2.25
2012.06.06 14:59:31.440,0.76624,0.7664,2.25,2.25
2012.06.06 14:59:31.513,0.76624,0.7664,2.25,1.50
2012.06.06 14:59:32.060,0.76626,0.7664,2.25,1.50
2012.06.06 14:59:32.139,0.76628,0.7664,1.50,1.50
2012.06.06 14:59:32.493,0.7663,0.76644,1.13,2.25
2012.06.06 14:59:32.632,0.76632,0.76645,1.13,1.50
2012.06.06 14:59:33.051,0.76629,0.76642,1.50,1.50
2012.06.06 14:59:33.461,0.76631,0.76642,1.13,2.25
2012.06.06 14:59:33.600,0.76632,0.76643,1.13,2.25
2012.06.06 14:59:34.280,0.76635,0.76645,1.50,1.50
2012.06.06 14:59:34.802,0.76635,0.76643,1.13,2.25
2012.06.06 14:59:35.084,0.76632,0.76643,1.50,3.00
2012.06.06 14:59:35.164,0.76632,0.76643,1.50,3.00
2012.06.06 14:59:35.249,0.76635,0.76643,1.50,2.25
2012.06.06 14:59:35.395,0.76635,0.7665,1.88,2.53
2012.06.06 14:59:35.612,0.76637,0.76651,2.25,1.50
2012.06.06 14:59:35.965,0.76635,0.76651,1.88,1.50
2012.06.06 14:59:36.327,0.76635,0.76652,2.63,1.13
2012.06.06 14:59:36.803,0.76642,0.76649,1.13,1.40
2012.06.06 14:59:36.875,0.76642,0.76652,1.13,2.15
2012.06.06 14:59:37.230,0.7664,0.76653,1.50,2.90
2012.06.06 14:59:37.574,0.7664,0.76654,1.50,2.25
2012.06.06 14:59:37.724,0.76641,0.76657,1.50,5.25
2012.06.06 14:59:37.801,0.76641,0.76655,1.50,1.50
2012.06.06 14:59:38.157,0.76644,0.76659,2.63,2.25
2012.06.06 14:59:38.235,0.76644,0.76659,1.88,2.25
2012.06.06 14:59:38.717,0.76644,0.76656,1.13,3.00
2012.06.06 14:59:39.220,0.7664,0.76652,1.88,3.00
2012.06.06 14:59:39.572,0.76645,0.76652,1.13,3.00
2012.06.06 14:59:40.124,0.76643,0.76653,1.13,1.50
2012.06.06 14:59:40.341,0.76648,0.76654,1.50,1.50
2012.06.06 14:59:40.703,0.76647,0.76653,1.13,3.00
2012.06.06 14:59:41.288,0.76643,0.76655,1.32,1.50
2012.06.06 14:59:41.369,0.76643,0.76658,3.94,4.50
2012.06.06 14:59:41.444,0.76644,0.76658,1.69,1.50
2012.06.06 14:59:41.876,0.76643,0.76655,3.19,1.50
2012.06.06 14:59:42.363,0.76642,0.76652,1.50,1.50
2012.06.06 14:59:42.715,0.76642,0.76648,1.50,1.50
2012.06.06 14:59:42.864,0.76639,0.76651,1.50,2.25
2012.06.06 14:59:43.304,0.76641,0.76652,2.44,1.50
2012.06.06 14:59:43.379,0.76643,0.76656,5.25,1.50
2012.06.06 14:59:44.582,0.76643,0.76656,3.19,1.50
2012.06.06 14:59:44.722,0.76643,0.76656,3.19,1.50
2012.06.06 14:59:45.324,0.76644,0.76657,1.50,1.50
2012.06.06 14:59:45.882,0.76645,0.76659,1.13,1.50
2012.06.06 14:59:47.306,0.76645,0.76657,1.50,1.50
2012.06.06 14:59:47.383,0.76645,0.76659,1.50,2.25
2012.06.06 14:59:47.800,0.76645,0.76661,2.25,4.50
2012.06.06 14:59:47.943,0.76645,0.76659,1.88,1.50
2012.06.06 14:59:49.364,0.76645,0.76657,1.13,1.50
2012.06.06 14:59:49.933,0.76644,0.76659,1.13,2.25
2012.06.06 14:59:50.004,0.76644,0.76657,1.13,1.50
2012.06.06 14:59:50.431,0.76644,0.7666,1.13,2.25
2012.06.06 14:59:50.629,0.76644,0.76658,1.13,1.50
2012.06.06 14:59:50.962,0.76644,0.76658,1.50,1.50
2012.06.06 14:59:51.444,0.76645,0.76657,1.50,3.00
2012.06.06 14:59:51.882,0.76641,0.76657,2.63,5.25
2012.06.06 14:59:52.231,0.76641,0.76654,1.13,1.50
2012.06.06 14:59:52.581,0.76641,0.76652,1.13,2.25
2012.06.06 14:59:52.720,0.76637,0.76652,1.13,3.75
2012.06.06 14:59:52.797,0.76637,0.7665,1.13,1.50
2012.06.06 14:59:52.871,0.76635,0.76651,1.13,1.50
2012.06.06 14:59:53.536,0.76635,0.76651,1.88,2.25
2012.06.06 14:59:54.242,0.76635,0.76651,1.88,2.63
2012.06.06 14:59:54.591,0.76634,0.76647,1.69,1.50
2012.06.06 14:59:55.643,0.76634,0.7665,1.69,5.25
2012.06.06 14:59:56.496,0.76634,0.76647,1.69,1.50
2012.06.06 14:59:58.039,0.76634,0.76648,1.69,1.50
2012.06.06 14:59:58.648,0.76633,0.76642,3.75,2.25
2012.06.06 14:59:58.730,0.76627,0.76642,1.50,2.25
2012.06.06 14:59:59.220,0.76629,0.76642,1.50,2.25
2012.06.06 14:59:59.436,0.76627,0.76642,1.50,2.25
