2014.06.26 10:00:01.128,0.87621,0.87628,1.50,1.00
2014.06.26 10:00:01.709,0.8762,0.87628,2.25,1.00
2014.06.26 10:00:02.339,0.87621,0.87628,1.00,1.00
2014.06.26 10:00:02.883,0.87622,0.87628,1.00,1.00
2014.06.26 10:00:03.385,0.87621,0.87628,1.00,1.00
2014.06.26 10:00:12.351,0.87624,0.87628,1.00,1.00
2014.06.26 10:00:14.358,0.87624,0.8763,1.50,1.00
2014.06.26 10:00:17.423,0.87622,0.8763,1.00,1.00
2014.06.26 10:00:20.206,0.87622,0.8763,1.08,1.00
2014.06.26 10:00:20.611,0.87622,0.87632,1.10,1.50
2014.06.26 10:00:23.262,0.87623,0.87632,1.00,1.00
2014.06.26 10:00:23.312,0.87623,0.87632,1.08,1.00
2014.06.26 10:00:28.763,0.87625,0.87632,1.10,1.00
2014.06.26 10:00:32.633,0.87624,0.87632,1.10,1.00
2014.06.26 10:00:41.420,0.87624,0.87631,1.10,1.00
2014.06.26 10:00:57.884,0.87626,0.87631,1.00,1.00
2014.06.26 10:00:58.406,0.87625,0.87632,1.50,1.50
2014.06.26 10:01:18.126,0.87623,0.87632,1.00,1.50
2014.06.26 10:01:37.218,0.87623,0.87633,1.00,1.25
2014.06.26 10:01:38.950,0.87624,0.87633,1.00,1.25
2014.06.26 10:01:49.091,0.87626,0.87634,1.00,1.00
2014.06.26 10:01:49.192,0.87627,0.87636,1.10,1.50
2014.06.26 10:01:49.395,0.87625,0.87636,2.25,1.00
2014.06.26 10:01:51.287,0.87625,0.87635,1.69,1.00
2014.06.26 10:01:52.385,0.87625,0.87634,1.69,1.00
2014.06.26 10:01:54.364,0.87625,0.87633,1.50,1.00
2014.06.26 10:02:01.097,0.87626,0.87635,1.00,1.00
2014.06.26 10:02:01.611,0.87627,0.87636,1.00,1.00
2014.06.26 10:02:01.712,0.87629,0.87636,1.00,1.50
2014.06.26 10:02:01.763,0.87629,0.87639,1.00,1.19
2014.06.26 10:02:02.269,0.8763,0.8764,1.00,1.69
2014.06.26 10:02:08.842,0.87629,0.8764,1.50,1.19
2014.06.26 10:02:09.353,0.87632,0.87641,1.00,1.19
2014.06.26 10:02:09.721,0.87632,0.87641,1.50,1.00
2014.06.26 10:02:10.228,0.87633,0.87642,1.00,1.69
2014.06.26 10:02:10.279,0.87635,0.87642,1.00,1.69
2014.06.26 10:02:10.651,0.87633,0.87642,1.50,1.69
2014.06.26 10:02:11.835,0.87634,0.87642,1.00,1.50
2014.06.26 10:02:12.346,0.87635,0.87642,1.00,1.50
2014.06.26 10:02:12.872,0.87634,0.87642,1.00,1.50
2014.06.26 10:02:17.653,0.87633,0.87642,1.50,1.69
2014.06.26 10:02:17.754,0.87633,0.8764,1.00,1.00
2014.06.26 10:02:17.906,0.87631,0.8764,2.44,1.00
2014.06.26 10:02:19.906,0.87631,0.8764,1.50,1.19
2014.06.26 10:02:20.986,0.87631,0.8764,1.00,1.69
2014.06.26 10:02:22.087,0.87631,0.8764,1.00,1.69
2014.06.26 10:02:23.412,0.87631,0.8764,1.00,1.69
2014.06.26 10:02:24.220,0.87631,0.87639,1.00,1.00
2014.06.26 10:02:28.232,0.87629,0.87639,2.25,1.25
2014.06.26 10:02:33.912,0.8763,0.87639,1.00,1.25
2014.06.26 10:02:36.794,0.87628,0.87639,1.50,1.69
2014.06.26 10:02:39.317,0.87628,0.87636,1.50,1.00
2014.06.26 10:02:40.119,0.87628,0.87638,1.50,1.25
2014.06.26 10:02:43.965,0.87628,0.87637,1.50,1.00
2014.06.26 10:02:47.401,0.87628,0.87638,1.00,1.69
2014.06.26 10:02:47.921,0.87627,0.87638,1.50,2.44
2014.06.26 10:02:49.213,0.87628,0.87638,1.00,1.69
2014.06.26 10:02:49.732,0.87628,0.87638,1.00,1.69
2014.06.26 10:02:54.166,0.87628,0.87638,2.25,1.00
2014.06.26 10:02:58.607,0.87629,0.87638,1.00,1.25
2014.06.26 10:02:59.120,0.87629,0.87639,1.50,1.25
2014.06.26 10:03:00.003,0.87629,0.87639,1.50,1.19
2014.06.26 10:03:02.450,0.87629,0.87639,1.00,1.69
2014.06.26 10:03:04.533,0.87629,0.87638,1.50,1.25
2014.06.26 10:03:06.375,0.87629,0.87636,1.50,1.00
2014.06.26 10:03:06.630,0.87629,0.87638,1.50,1.69
2014.06.26 10:03:08.134,0.87629,0.87637,1.00,1.00
2014.06.26 10:03:08.660,0.87628,0.87637,1.00,1.00
2014.06.26 10:03:14.529,0.87627,0.87637,1.50,1.00
2014.06.26 10:03:15.035,0.87628,0.87637,1.00,1.00
2014.06.26 10:03:15.870,0.87628,0.87638,1.00,1.69
2014.06.26 10:03:19.812,0.87628,0.87637,1.00,1.00
2014.06.26 10:03:20.321,0.87629,0.87637,1.00,1.19
2014.06.26 10:03:21.044,0.87629,0.87637,1.00,1.00
2014.06.26 10:03:46.370,0.87629,0.87638,1.00,1.69
2014.06.26 10:03:46.878,0.8763,0.87638,1.65,1.00
2014.06.26 10:03:47.412,0.8763,0.87639,1.50,1.00
2014.06.26 10:03:48.095,0.8763,0.87638,1.00,1.00
2014.06.26 10:03:48.611,0.87629,0.87638,1.50,1.00
2014.06.26 10:03:48.663,0.8763,0.87636,1.00,1.00
2014.06.26 10:03:50.869,0.87629,0.87636,1.50,1.00
2014.06.26 10:03:51.768,0.87629,0.87638,1.00,1.69
2014.06.26 10:03:52.390,0.87629,0.87637,1.00,1.00
2014.06.26 10:03:52.839,0.87629,0.87634,1.00,1.00
2014.06.26 10:03:53.097,0.87623,0.87632,1.50,1.00
2014.06.26 10:03:53.654,0.87624,0.87632,1.50,1.00
2014.06.26 10:03:54.191,0.87624,0.87633,2.25,1.00
2014.06.26 10:04:07.722,0.87625,0.87634,1.00,1.69
2014.06.26 10:04:07.773,0.87625,0.87632,1.00,1.00
2014.06.26 10:04:08.279,0.87624,0.87632,1.00,1.00
2014.06.26 10:04:12.740,0.87624,0.87633,1.00,1.69
2014.06.26 10:04:13.257,0.87624,0.87632,1.00,1.00
2014.06.26 10:04:14.570,0.87624,0.87633,1.00,1.25
2014.06.26 10:04:15.371,0.87624,0.87632,1.00,1.00
2014.06.26 10:04:21.001,0.87624,0.87633,1.00,1.25
2014.06.26 10:04:21.552,0.87624,0.87632,1.00,1.50
2014.06.26 10:04:22.532,0.87624,0.87633,1.00,1.25
2014.06.26 10:04:23.817,0.87624,0.87631,1.00,1.00
2014.06.26 10:04:24.021,0.87624,0.87633,1.00,1.25
2014.06.26 10:04:24.122,0.87624,0.87631,1.00,1.00
2014.06.26 10:04:24.325,0.87622,0.8763,1.69,1.00
2014.06.26 10:04:24.478,0.87622,0.87632,1.00,1.00
2014.06.26 10:04:25.089,0.87623,0.87632,1.00,1.00
2014.06.26 10:04:27.495,0.87623,0.87633,1.00,1.69
2014.06.26 10:04:27.597,0.87624,0.87631,1.00,1.00
2014.06.26 10:04:31.822,0.87622,0.87632,1.00,2.25
2014.06.26 10:04:32.025,0.87625,0.87632,1.00,2.25
2014.06.26 10:04:38.664,0.87622,0.87628,1.00,1.00
2014.06.26 10:04:38.968,0.87619,0.87627,1.00,1.00
2014.06.26 10:04:39.170,0.87622,0.87627,1.00,1.00
2014.06.26 10:04:39.322,0.87622,0.87631,1.00,1.25
2014.06.26 10:04:39.626,0.87624,0.8763,1.00,3.00
2014.06.26 10:04:39.931,0.87619,0.87627,1.15,1.00
2014.06.26 10:04:39.982,0.8762,0.87627,1.10,1.50
2014.06.26 10:04:40.083,0.8762,0.87629,1.00,1.50
2014.06.26 10:04:40.185,0.87622,0.87629,1.00,1.50
2014.06.26 10:04:40.615,0.87622,0.87627,1.00,1.00
2014.06.26 10:04:41.419,0.87622,0.87629,1.00,1.69
2014.06.26 10:04:42.732,0.87622,0.87628,1.00,1.00
2014.06.26 10:04:42.783,0.87619,0.87627,1.10,1.00
2014.06.26 10:04:43.297,0.87618,0.87627,1.00,1.50
2014.06.26 10:04:44.216,0.87617,0.87627,1.00,1.50
2014.06.26 10:04:44.982,0.87619,0.87627,1.00,1.50
2014.06.26 10:04:45.196,0.87617,0.87627,1.00,1.50
2014.06.26 10:04:45.753,0.87618,0.87627,1.00,1.50
2014.06.26 10:04:46.378,0.87617,0.87627,1.50,1.50
2014.06.26 10:04:46.884,0.87618,0.87627,1.00,1.69
2014.06.26 10:04:47.649,0.87618,0.87626,1.00,1.00
2014.06.26 10:04:47.700,0.87616,0.87626,1.50,1.00
2014.06.26 10:04:47.931,0.87617,0.87624,1.50,1.00
2014.06.26 10:04:48.489,0.87619,0.87624,1.00,1.00
2014.06.26 10:04:49.060,0.87618,0.87624,1.00,1.00
2014.06.26 10:04:49.228,0.87617,0.87626,1.00,1.69
2014.06.26 10:04:49.756,0.87618,0.87627,1.50,1.19
2014.06.26 10:04:50.517,0.87619,0.87627,1.00,1.25
2014.06.26 10:04:50.899,0.87617,0.87626,1.00,1.50
2014.06.26 10:04:51.405,0.87618,0.87627,1.00,1.69
2014.06.26 10:04:51.931,0.87617,0.87627,1.00,1.69
2014.06.26 10:04:52.440,0.87618,0.87627,1.00,1.69
2014.06.26 10:04:53.123,0.87617,0.87626,1.00,1.25
2014.06.26 10:04:53.174,0.87616,0.87623,1.10,1.00
2014.06.26 10:04:53.326,0.87617,0.87626,1.00,1.25
2014.06.26 10:04:53.377,0.87617,0.87624,1.00,1.00
2014.06.26 10:04:53.902,0.87616,0.87624,1.00,1.50
2014.06.26 10:04:54.449,0.87614,0.87624,1.08,1.69
2014.06.26 10:04:55.057,0.87616,0.87624,1.00,1.69
2014.06.26 10:04:55.569,0.87616,0.87623,1.00,1.00
2014.06.26 10:04:56.796,0.87614,0.87623,1.10,1.00
2014.06.26 10:04:57.151,0.87615,0.8762,1.00,1.00
2014.06.26 10:04:57.506,0.87611,0.8762,1.00,2.25
2014.06.26 10:04:57.608,0.87611,0.87618,1.00,1.00
2014.06.26 10:04:58.114,0.8761,0.87619,1.00,1.50
2014.06.26 10:04:58.418,0.87607,0.87615,1.00,1.50
2014.06.26 10:04:58.925,0.87605,0.87615,1.18,1.50
2014.06.26 10:04:59.684,0.87605,0.87614,1.18,1.00
2014.06.26 10:05:00.227,0.87606,0.87615,1.10,1.69
2014.06.26 10:05:00.550,0.87605,0.87613,1.00,2.44
2014.06.26 10:05:00.854,0.87604,0.87611,1.15,1.00
2014.06.26 10:05:00.906,0.87605,0.87613,1.18,1.25
2014.06.26 10:05:01.415,0.87604,0.87613,2.40,1.25
2014.06.26 10:05:02.936,0.87603,0.87613,1.65,1.00
2014.06.26 10:05:03.443,0.87605,0.87613,1.10,1.00
2014.06.26 10:05:03.949,0.87604,0.87612,1.10,1.00
2014.06.26 10:05:04.456,0.87605,0.87613,1.00,1.25
2014.06.26 10:05:04.962,0.87604,0.87613,1.10,1.69
2014.06.26 10:05:05.978,0.87604,0.87612,1.10,1.00
2014.06.26 10:05:07.652,0.87604,0.87611,1.10,1.00
2014.06.26 10:05:07.856,0.87603,0.87613,1.18,2.25
2014.06.26 10:05:08.825,0.87604,0.87612,1.10,1.00
2014.06.26 10:05:09.422,0.87604,0.87613,1.10,2.44
2014.06.26 10:05:09.929,0.87604,0.87612,1.18,1.00
2014.06.26 10:05:10.467,0.87604,0.87611,1.08,1.00
2014.06.26 10:05:10.771,0.87605,0.87613,1.08,1.00
2014.06.26 10:05:11.293,0.87605,0.87613,1.00,1.00
2014.06.26 10:05:11.913,0.87604,0.87613,1.10,1.00
2014.06.26 10:05:12.433,0.87603,0.87613,1.65,1.00
2014.06.26 10:05:12.789,0.87604,0.87611,1.08,1.00
2014.06.26 10:05:12.941,0.87604,0.87613,1.58,1.50
2014.06.26 10:05:13.247,0.87604,0.87611,1.08,1.00
2014.06.26 10:05:13.369,0.87604,0.87613,1.58,1.50
2014.06.26 10:05:14.381,0.87605,0.87611,1.10,1.00
2014.06.26 10:05:14.483,0.87605,0.87613,1.10,1.00
2014.06.26 10:05:14.990,0.87603,0.87612,1.65,1.00
2014.06.26 10:05:15.497,0.87606,0.87613,1.00,1.25
2014.06.26 10:05:16.004,0.87605,0.87612,1.10,1.00
2014.06.26 10:05:16.511,0.87604,0.87613,1.58,1.69
2014.06.26 10:05:18.372,0.87604,0.87613,1.00,2.44
2014.06.26 10:05:18.879,0.87603,0.87613,1.58,2.44
2014.06.26 10:05:19.419,0.87604,0.87613,1.00,3.00
2014.06.26 10:05:21.375,0.87604,0.87612,1.00,1.00
2014.06.26 10:05:21.877,0.87604,0.87613,1.00,3.00
2014.06.26 10:05:22.396,0.87604,0.87613,1.18,3.00
2014.06.26 10:05:22.905,0.87604,0.87613,1.10,3.00
2014.06.26 10:05:24.914,0.87604,0.87612,1.10,1.00
2014.06.26 10:05:25.533,0.87604,0.87613,1.10,1.69
2014.06.26 10:05:26.747,0.87604,0.87613,1.08,2.44
2014.06.26 10:05:29.656,0.87605,0.87613,1.00,1.69
2014.06.26 10:05:30.250,0.87605,0.87613,1.08,1.69
2014.06.26 10:05:30.782,0.87605,0.87615,1.00,3.19
2014.06.26 10:05:30.833,0.87605,0.87615,1.00,2.44
2014.06.26 10:05:31.682,0.87605,0.87613,1.10,1.00
2014.06.26 10:05:31.835,0.87605,0.87615,1.10,1.25
2014.06.26 10:05:33.644,0.87605,0.87612,1.00,1.00
2014.06.26 10:05:36.021,0.87604,0.87615,1.58,2.44
2014.06.26 10:05:36.525,0.87605,0.87615,1.00,1.69
2014.06.26 10:05:37.106,0.87605,0.87615,1.00,1.69
2014.06.26 10:05:37.417,0.87605,0.87613,1.00,1.00
2014.06.26 10:05:38.851,0.87605,0.87614,1.00,1.00
2014.06.26 10:05:39.372,0.87605,0.87613,1.00,1.00
2014.06.26 10:05:40.458,0.87605,0.87614,1.00,1.69
2014.06.26 10:05:40.966,0.87605,0.87612,1.00,1.00
2014.06.26 10:05:42.473,0.87605,0.87613,1.00,1.00
2014.06.26 10:05:45.961,0.87605,0.87612,1.00,1.00
2014.06.26 10:05:46.113,0.87605,0.87614,1.00,1.00
2014.06.26 10:05:46.468,0.87605,0.87612,1.00,1.00
2014.06.26 10:05:46.570,0.87605,0.87614,1.00,1.50
2014.06.26 10:05:47.082,0.87605,0.87613,1.00,1.50
2014.06.26 10:05:47.928,0.87604,0.87613,1.10,1.00
2014.06.26 10:05:47.979,0.87604,0.87615,1.58,2.44
2014.06.26 10:05:48.181,0.87606,0.87614,1.00,1.00
2014.06.26 10:05:48.282,0.87603,0.87613,1.18,1.00
2014.06.26 10:05:48.434,0.87604,0.87615,1.58,1.69
2014.06.26 10:05:48.485,0.87606,0.87615,1.00,1.69
2014.06.26 10:05:48.992,0.87605,0.87614,1.00,1.00
2014.06.26 10:05:49.593,0.87605,0.87613,1.00,1.00
2014.06.26 10:05:49.745,0.87605,0.87615,1.00,1.25
2014.06.26 10:05:50.257,0.87606,0.87613,1.00,1.00
2014.06.26 10:05:52.208,0.87607,0.87611,1.00,1.00
2014.06.26 10:05:52.411,0.87605,0.87611,1.00,1.00
2014.06.26 10:05:54.585,0.87605,0.87613,1.00,1.00
2014.06.26 10:05:56.305,0.87605,0.87612,1.00,1.00
2014.06.26 10:05:58.204,0.87605,0.87613,1.00,1.00
2014.06.26 10:05:58.458,0.87605,0.87615,1.00,1.50
2014.06.26 10:05:58.661,0.87606,0.87617,1.50,1.00
2014.06.26 10:05:58.712,0.8761,0.87618,1.00,1.09
2014.06.26 10:05:59.218,0.87609,0.87617,1.00,1.00
2014.06.26 10:06:02.576,0.87609,0.87616,1.00,1.00
2014.06.26 10:06:03.100,0.87609,0.87615,1.00,1.00
2014.06.26 10:06:04.529,0.87609,0.87616,1.00,1.00
2014.06.26 10:06:09.354,0.87609,0.87618,1.00,1.50
2014.06.26 10:06:10.310,0.87609,0.87617,1.00,1.00
2014.06.26 10:06:10.860,0.87609,0.87616,1.00,1.00
2014.06.26 10:06:12.322,0.87609,0.87614,1.00,1.00
2014.06.26 10:06:12.575,0.87606,0.87613,1.00,1.00
2014.06.26 10:06:12.626,0.87606,0.87615,1.00,1.50
2014.06.26 10:06:13.133,0.87603,0.87614,1.40,1.00
2014.06.26 10:06:13.301,0.87606,0.87616,1.10,1.00
2014.06.26 10:06:13.893,0.87608,0.87616,1.00,1.25
2014.06.26 10:06:14.325,0.87608,0.87614,1.00,1.00
2014.06.26 10:06:17.279,0.87605,0.87614,1.10,1.00
2014.06.26 10:06:17.382,0.87606,0.87616,1.50,1.25
2014.06.26 10:06:17.787,0.87607,0.87614,1.00,1.00
2014.06.26 10:06:17.938,0.87607,0.87616,1.50,1.25
2014.06.26 10:06:18.040,0.87607,0.87613,1.00,1.00
2014.06.26 10:06:18.293,0.87604,0.87613,1.58,1.00
2014.06.26 10:06:18.445,0.87605,0.87616,1.50,1.69
2014.06.26 10:06:18.547,0.87608,0.87616,1.00,1.25
2014.06.26 10:06:18.800,0.87605,0.87614,1.50,1.00
2014.06.26 10:06:18.850,0.87607,0.87616,1.00,1.69
2014.06.26 10:06:19.719,0.87605,0.87616,1.69,1.25
2014.06.26 10:06:19.769,0.87608,0.87617,1.00,1.69
2014.06.26 10:06:20.277,0.87607,0.87618,1.00,1.99
2014.06.26 10:06:21.179,0.87607,0.87615,1.50,1.00
2014.06.26 10:06:21.720,0.87608,0.87617,1.50,1.19
2014.06.26 10:06:22.578,0.87607,0.87617,1.00,1.19
2014.06.26 10:06:22.881,0.87608,0.87614,1.00,1.00
2014.06.26 10:06:22.982,0.87608,0.87616,1.00,1.69
2014.06.26 10:06:23.517,0.87607,0.87616,1.50,1.25
2014.06.26 10:06:24.168,0.87608,0.87616,1.00,1.25
2014.06.26 10:06:25.127,0.87608,0.87615,1.00,1.00
2014.06.26 10:06:25.329,0.87605,0.87615,1.25,1.00
2014.06.26 10:06:25.380,0.87608,0.87616,1.00,1.50
2014.06.26 10:06:25.891,0.87609,0.87615,1.00,1.00
2014.06.26 10:06:26.397,0.87608,0.87616,1.00,1.50
2014.06.26 10:06:26.802,0.87607,0.87614,1.00,1.00
2014.06.26 10:06:26.903,0.87608,0.87616,1.00,1.50
2014.06.26 10:06:27.310,0.87606,0.87615,1.50,1.00
2014.06.26 10:06:27.816,0.87607,0.87616,1.00,1.50
2014.06.26 10:06:28.069,0.87609,0.87616,1.00,1.00
2014.06.26 10:06:28.575,0.87606,0.87616,1.50,1.00
2014.06.26 10:06:28.778,0.87609,0.87616,1.00,1.50
2014.06.26 10:06:28.879,0.87607,0.87616,1.00,1.50
2014.06.26 10:06:29.486,0.87608,0.87616,1.00,1.00
2014.06.26 10:06:30.194,0.87608,0.87615,1.00,1.00
2014.06.26 10:06:30.704,0.87608,0.87616,1.00,1.00
2014.06.26 10:06:30.806,0.87607,0.87612,1.00,1.00
2014.06.26 10:06:30.907,0.87605,0.87615,1.00,2.25
2014.06.26 10:06:31.160,0.87608,0.87615,1.00,1.25
2014.06.26 10:06:34.027,0.87606,0.87616,2.25,1.00
2014.06.26 10:06:34.534,0.87606,0.87615,1.50,1.00
2014.06.26 10:06:35.041,0.87607,0.87616,1.00,1.69
2014.06.26 10:06:35.547,0.87608,0.87616,1.50,1.00
2014.06.26 10:06:36.002,0.87606,0.87616,1.00,1.50
2014.06.26 10:06:36.104,0.87608,0.87616,1.00,1.00
2014.06.26 10:06:36.307,0.87606,0.87616,1.00,1.00
2014.06.26 10:06:36.835,0.87607,0.87616,1.00,1.00
2014.06.26 10:06:38.055,0.87607,0.87615,1.00,1.00
2014.06.26 10:06:39.057,0.87607,0.87616,1.00,2.44
2014.06.26 10:06:40.056,0.87607,0.87613,1.00,1.00
2014.06.26 10:06:40.157,0.87607,0.87616,1.00,1.69
2014.06.26 10:06:43.467,0.87607,0.87615,1.00,1.00
2014.06.26 10:06:43.992,0.87607,0.87616,1.00,1.00
2014.06.26 10:06:44.499,0.87608,0.87615,1.00,1.00
2014.06.26 10:06:44.550,0.87606,0.87615,1.50,1.00
2014.06.26 10:06:44.803,0.87609,0.87616,1.00,1.25
2014.06.26 10:06:45.310,0.87608,0.87615,1.00,1.25
2014.06.26 10:06:45.361,0.87606,0.87615,1.50,1.25
2014.06.26 10:06:45.882,0.87607,0.87616,1.50,1.19
2014.06.26 10:06:46.388,0.87608,0.87615,1.00,1.25
2014.06.26 10:06:46.792,0.87606,0.87616,1.00,1.69
2014.06.26 10:06:47.298,0.87607,0.87615,1.00,1.25
2014.06.26 10:06:47.804,0.87608,0.87616,1.00,1.69
2014.06.26 10:06:48.159,0.87606,0.87616,1.50,1.69
2014.06.26 10:06:48.311,0.87608,0.87615,1.00,1.00
2014.06.26 10:06:48.817,0.87607,0.87616,2.25,1.69
2014.06.26 10:06:49.321,0.87607,0.87615,1.00,1.00
2014.06.26 10:06:49.994,0.87607,0.87616,1.00,2.44
2014.06.26 10:06:50.853,0.87606,0.87616,1.00,2.44
2014.06.26 10:06:51.259,0.87608,0.87615,1.00,1.25
2014.06.26 10:06:51.765,0.87607,0.87615,1.00,1.69
2014.06.26 10:06:59.526,0.87605,0.87615,1.00,1.25
2014.06.26 10:07:00.034,0.87606,0.87614,1.00,1.00
2014.06.26 10:07:00.489,0.87604,0.87613,1.50,1.00
2014.06.26 10:07:00.743,0.87607,0.87614,1.00,1.50
2014.06.26 10:07:01.248,0.87606,0.87614,1.00,1.00
2014.06.26 10:07:01.299,0.87604,0.87614,1.50,1.00
2014.06.26 10:07:01.503,0.87606,0.87615,1.00,1.69
2014.06.26 10:07:02.213,0.87606,0.87614,1.00,1.00
2014.06.26 10:07:02.720,0.87606,0.87613,1.00,1.00
2014.06.26 10:07:02.822,0.87604,0.87614,1.50,1.00
2014.06.26 10:07:03.329,0.87605,0.87614,1.00,1.00
2014.06.26 10:07:03.837,0.87607,0.87614,1.00,1.00
2014.06.26 10:07:04.242,0.87605,0.87614,1.00,1.50
2014.06.26 10:07:04.798,0.87606,0.87614,1.00,1.00
2014.06.26 10:07:05.557,0.87607,0.87614,1.00,1.69
2014.06.26 10:07:05.811,0.87606,0.87612,1.00,1.00
2014.06.26 10:07:05.912,0.87606,0.87614,1.00,1.50
2014.06.26 10:07:06.217,0.87606,0.87612,1.00,1.00
2014.06.26 10:07:06.318,0.87605,0.87614,1.00,1.50
2014.06.26 10:07:06.819,0.87606,0.87614,1.00,1.50
2014.06.26 10:07:07.325,0.87606,0.87613,1.00,1.00
2014.06.26 10:07:07.578,0.87604,0.87614,1.00,2.25
2014.06.26 10:07:07.982,0.87607,0.87614,1.00,1.50
2014.06.26 10:07:08.488,0.87606,0.87614,1.00,1.50
2014.06.26 10:07:08.994,0.87605,0.87613,1.00,1.00
2014.06.26 10:07:09.299,0.87607,0.87614,1.00,2.44
2014.06.26 10:07:09.552,0.87605,0.87614,1.00,1.25
2014.06.26 10:07:09.754,0.87604,0.87612,1.00,1.00
2014.06.26 10:07:09.856,0.87604,0.87614,1.00,1.69
2014.06.26 10:07:09.958,0.87606,0.87614,1.00,1.69
2014.06.26 10:07:10.515,0.87605,0.87614,1.00,2.44
2014.06.26 10:07:11.022,0.87604,0.87613,1.00,1.00
2014.06.26 10:07:11.327,0.87606,0.87613,1.00,1.00
2014.06.26 10:07:11.529,0.87604,0.87613,1.50,1.00
2014.06.26 10:07:12.053,0.87606,0.87613,1.00,1.00
2014.06.26 10:07:12.510,0.87604,0.87613,1.00,1.00
2014.06.26 10:07:13.067,0.87606,0.87613,1.00,1.00
2014.06.26 10:07:13.827,0.87604,0.87613,1.00,1.00
2014.06.26 10:07:14.030,0.87606,0.87613,1.00,1.00
2014.06.26 10:07:14.287,0.87604,0.87613,1.00,1.00
2014.06.26 10:07:14.490,0.87606,0.87613,1.00,1.00
2014.06.26 10:07:15.067,0.87604,0.87613,1.00,1.00
2014.06.26 10:07:15.270,0.87606,0.87613,1.00,1.00
2014.06.26 10:07:15.827,0.87605,0.87613,1.00,1.00
2014.06.26 10:07:16.343,0.87606,0.87613,1.00,1.50
2014.06.26 10:07:17.002,0.87605,0.87613,1.00,1.00
2014.06.26 10:07:17.509,0.87606,0.87613,1.00,1.00
2014.06.26 10:07:17.914,0.87604,0.87613,1.50,1.00
2014.06.26 10:07:18.427,0.87605,0.87613,1.00,1.00
2014.06.26 10:07:18.935,0.87606,0.87613,1.00,1.50
2014.06.26 10:07:19.543,0.87605,0.87613,1.00,1.00
2014.06.26 10:07:20.049,0.87606,0.87613,1.00,1.00
2014.06.26 10:07:20.768,0.87605,0.87613,1.00,1.00
2014.06.26 10:07:20.971,0.87607,0.87613,1.00,1.00
2014.06.26 10:07:21.527,0.87606,0.87613,1.00,1.00
2014.06.26 10:07:22.090,0.87607,0.87613,1.00,1.00
2014.06.26 10:07:22.546,0.87604,0.87613,1.00,1.00
2014.06.26 10:07:22.749,0.87606,0.87613,1.00,1.00
2014.06.26 10:07:24.064,0.87607,0.87613,1.00,1.25
2014.06.26 10:07:24.267,0.87604,0.87613,1.00,1.00
2014.06.26 10:07:24.521,0.87606,0.87613,1.00,1.00
2014.06.26 10:07:24.825,0.87604,0.87613,1.00,1.00
2014.06.26 10:07:25.027,0.87607,0.87613,1.00,1.00
2014.06.26 10:07:25.281,0.87605,0.87613,1.00,1.00
2014.06.26 10:07:25.483,0.87607,0.87613,1.00,1.00
2014.06.26 10:07:26.010,0.87606,0.87613,1.00,1.00
2014.06.26 10:07:26.264,0.87604,0.87613,1.50,1.50
2014.06.26 10:07:26.567,0.87606,0.87613,1.00,1.00
2014.06.26 10:07:26.820,0.87604,0.87613,1.00,1.00
2014.06.26 10:07:27.225,0.87606,0.87613,1.00,1.25
2014.06.26 10:07:29.021,0.87605,0.87613,1.00,1.25
2014.06.26 10:07:29.426,0.87607,0.87612,1.00,1.00
2014.06.26 10:07:29.938,0.87606,0.87612,1.00,1.00
2014.06.26 10:07:30.452,0.87605,0.87612,1.50,1.00
2014.06.26 10:07:30.960,0.87606,0.87612,1.00,1.00
2014.06.26 10:07:31.517,0.87605,0.87612,1.00,1.00
2014.06.26 10:07:31.831,0.87607,0.87612,1.00,1.00
2014.06.26 10:07:32.337,0.87606,0.87612,1.50,1.00
2014.06.26 10:07:32.862,0.87605,0.87612,1.00,1.00
2014.06.26 10:07:33.167,0.87607,0.87612,1.00,1.00
2014.06.26 10:07:33.515,0.87605,0.87612,1.00,1.00
2014.06.26 10:07:33.718,0.87607,0.87612,1.00,1.00
2014.06.26 10:07:34.224,0.87606,0.87612,1.00,1.00
2014.06.26 10:07:35.498,0.87607,0.87612,1.00,1.00
2014.06.26 10:07:36.005,0.87606,0.87612,1.00,1.00
2014.06.26 10:07:36.510,0.87607,0.87612,1.00,1.00
2014.06.26 10:07:37.016,0.87606,0.87612,1.00,1.00
2014.06.26 10:07:37.471,0.87604,0.87612,1.50,1.00
2014.06.26 10:07:37.724,0.87607,0.87612,1.00,1.00
2014.06.26 10:07:38.232,0.87606,0.87611,1.00,1.00
2014.06.26 10:07:38.741,0.87607,0.87612,1.00,1.00
2014.06.26 10:07:39.551,0.87605,0.87612,1.50,1.00
2014.06.26 10:07:39.768,0.87608,0.87612,1.00,1.00
2014.06.26 10:07:40.526,0.87605,0.87612,1.50,1.00
2014.06.26 10:07:40.982,0.87607,0.87612,1.00,1.00
2014.06.26 10:07:41.741,0.87605,0.87612,1.50,1.00
2014.06.26 10:07:41.943,0.87607,0.87612,1.00,1.00
2014.06.26 10:07:42.449,0.87608,0.87612,1.00,1.00
2014.06.26 10:07:42.500,0.87605,0.87612,1.00,1.00
2014.06.26 10:07:42.753,0.87608,0.87612,1.00,1.00
2014.06.26 10:07:43.259,0.87605,0.87612,1.00,1.00
2014.06.26 10:07:43.512,0.87607,0.87612,1.00,1.00
2014.06.26 10:07:44.252,0.87605,0.87612,1.50,1.00
2014.06.26 10:07:44.506,0.87607,0.87612,1.00,1.00
2014.06.26 10:07:45.012,0.87608,0.87612,1.00,1.00
2014.06.26 10:07:45.265,0.87605,0.87612,1.50,1.00
2014.06.26 10:07:46.027,0.87607,0.87612,1.00,1.00
2014.06.26 10:07:46.786,0.87608,0.87612,1.00,1.00
2014.06.26 10:07:47.039,0.87605,0.87612,1.00,1.00
2014.06.26 10:07:47.242,0.87607,0.87612,1.00,1.00
2014.06.26 10:07:47.596,0.87607,0.87615,1.00,1.19
2014.06.26 10:07:47.810,0.87605,0.8761,1.00,1.00
2014.06.26 10:07:48.119,0.87602,0.87607,1.10,1.00
2014.06.26 10:07:48.473,0.87597,0.87606,1.00,1.69
2014.06.26 10:07:48.706,0.87596,0.87604,1.00,1.00
2014.06.26 10:07:49.011,0.87596,0.87602,1.00,1.50
2014.06.26 10:07:49.112,0.87596,0.87606,1.00,1.32
2014.06.26 10:07:49.214,0.87594,0.87606,1.00,1.32
2014.06.26 10:07:49.416,0.87594,0.87604,1.00,1.00
2014.06.26 10:07:49.945,0.87594,0.87605,1.00,1.19
2014.06.26 10:07:49.996,0.87592,0.87605,1.69,1.69
2014.06.26 10:07:50.098,0.87595,0.87605,1.00,1.19
2014.06.26 10:07:51.009,0.87595,0.87606,1.00,1.19
2014.06.26 10:07:52.299,0.87595,0.87604,1.00,1.00
2014.06.26 10:07:52.806,0.87595,0.87606,1.00,1.69
2014.06.26 10:07:53.883,0.87595,0.87604,1.00,1.00
2014.06.26 10:07:54.553,0.87595,0.87603,1.00,1.00
2014.06.26 10:07:57.461,0.87594,0.87603,1.00,1.00
2014.06.26 10:07:57.876,0.87595,0.87605,1.00,1.50
2014.06.26 10:07:58.180,0.87597,0.87607,1.00,1.25
2014.06.26 10:07:58.484,0.87599,0.87608,1.00,1.00
2014.06.26 10:08:10.909,0.87598,0.87608,2.25,1.00
2014.06.26 10:08:11.795,0.87599,0.87608,1.00,1.00
2014.06.26 10:08:23.618,0.87599,0.87609,1.50,1.00
2014.06.26 10:08:40.297,0.876,0.87609,1.00,1.50
2014.06.26 10:08:42.100,0.876,0.87608,1.00,1.00
2014.06.26 10:08:48.056,0.87596,0.87605,1.18,1.00
2014.06.26 10:08:48.531,0.87595,0.87605,1.00,1.00
2014.06.26 10:08:48.734,0.87595,0.87603,1.50,1.00
2014.06.26 10:08:48.937,0.87595,0.87606,2.25,1.50
2014.06.26 10:08:49.140,0.87597,0.87607,1.00,1.25
2014.06.26 10:08:49.443,0.876,0.87609,1.00,1.00
2014.06.26 10:08:49.950,0.87601,0.87611,1.00,1.19
2014.06.26 10:08:50.456,0.87602,0.87613,1.00,3.19
2014.06.26 10:08:50.966,0.87602,0.87613,1.00,2.44
2014.06.26 10:08:51.792,0.87602,0.87613,1.00,2.44
2014.06.26 10:08:59.165,0.87602,0.87612,1.00,1.19
2014.06.26 10:09:00.124,0.87602,0.87613,1.00,2.44
2014.06.26 10:09:08.767,0.87602,0.87613,1.00,2.44
2014.06.26 10:09:09.888,0.87602,0.87613,1.00,3.19
2014.06.26 10:09:13.727,0.87602,0.87613,1.00,3.00
2014.06.26 10:09:14.183,0.87606,0.87616,1.00,1.00
2014.06.26 10:09:14.488,0.87608,0.87618,1.00,1.69
2014.06.26 10:09:29.147,0.87608,0.87616,1.00,1.00
2014.06.26 10:09:56.325,0.87608,0.87618,1.00,1.50
2014.06.26 10:09:58.239,0.87608,0.87616,1.00,1.00
2014.06.26 10:09:58.341,0.87608,0.87618,1.00,1.50
2014.06.26 10:10:04.533,0.87608,0.87619,1.00,2.44
2014.06.26 10:10:09.854,0.87609,0.87619,1.00,1.69
2014.06.26 10:10:16.027,0.87609,0.87619,1.19,1.00
2014.06.26 10:10:17.651,0.87609,0.87619,1.00,1.50
2014.06.26 10:10:18.047,0.87609,0.87617,1.00,1.00
2014.06.26 10:10:18.583,0.87609,0.87618,1.00,1.00
2014.06.26 10:10:19.092,0.87608,0.87619,1.00,2.25
2014.06.26 10:10:19.940,0.87608,0.87618,1.00,1.00
2014.06.26 10:10:28.095,0.87608,0.87616,1.25,1.00
2014.06.26 10:10:34.379,0.87608,0.87618,1.25,1.00
2014.06.26 10:10:36.126,0.87608,0.87617,1.00,1.00
2014.06.26 10:10:36.924,0.87608,0.87618,1.00,1.00
2014.06.26 10:10:41.224,0.87608,0.87617,1.00,1.00
2014.06.26 10:10:42.151,0.87608,0.87618,1.25,1.00
2014.06.26 10:10:42.680,0.87608,0.87619,1.00,2.25
2014.06.26 10:10:50.613,0.87608,0.87617,1.50,1.00
2014.06.26 10:10:57.146,0.87608,0.87619,1.50,3.00
2014.06.26 10:11:12.016,0.8761,0.87619,1.00,1.00
2014.06.26 10:11:18.086,0.8761,0.87619,1.00,2.63
2014.06.26 10:11:18.137,0.87607,0.87618,1.00,3.75
2014.06.26 10:11:18.238,0.87605,0.87618,2.25,3.83
2014.06.26 10:11:18.391,0.87607,0.87618,1.00,3.15
2014.06.26 10:11:18.910,0.87607,0.87617,1.00,1.00
2014.06.26 10:11:19.411,0.87608,0.87617,1.00,1.00
2014.06.26 10:11:19.463,0.87608,0.87619,1.00,1.58
2014.06.26 10:11:20.026,0.87608,0.87619,1.00,1.69
2014.06.26 10:11:21.854,0.87608,0.87619,1.00,1.50
2014.06.26 10:11:28.730,0.87609,0.87619,1.00,1.50
2014.06.26 10:11:29.237,0.8761,0.87618,1.00,1.00
2014.06.26 10:11:30.139,0.8761,0.87619,1.00,1.00
2014.06.26 10:11:35.643,0.8761,0.87618,1.00,1.00
2014.06.26 10:11:46.723,0.8761,0.87617,1.00,1.00
2014.06.26 10:11:47.230,0.8761,0.87618,1.00,1.00
2014.06.26 10:11:49.133,0.8761,0.87619,2.25,1.00
2014.06.26 10:11:52.345,0.8761,0.87621,2.25,2.44
2014.06.26 10:11:53.700,0.8761,0.8762,1.69,1.00
2014.06.26 10:11:54.206,0.8761,0.87619,1.69,1.00
2014.06.26 10:11:54.308,0.8761,0.87621,1.69,1.69
2014.06.26 10:11:54.460,0.87613,0.87622,1.00,1.69
2014.06.26 10:11:55.344,0.87613,0.87622,1.00,1.50
2014.06.26 10:12:05.289,0.87609,0.87619,1.10,1.00
2014.06.26 10:12:05.390,0.8761,0.87621,1.00,1.50
2014.06.26 10:12:05.694,0.87608,0.87619,3.19,1.00
2014.06.26 10:12:06.696,0.8761,0.87619,1.00,1.50
2014.06.26 10:12:06.899,0.87611,0.87622,1.00,1.69
2014.06.26 10:12:07.406,0.87612,0.87622,1.00,1.25
2014.06.26 10:12:14.281,0.87613,0.87622,1.00,1.00
2014.06.26 10:12:14.802,0.87613,0.87623,1.00,1.00
2014.06.26 10:12:16.264,0.87619,0.87626,1.38,1.18
2014.06.26 10:12:16.366,0.87624,0.87632,1.50,1.00
2014.06.26 10:12:16.417,0.87627,0.87632,1.00,1.00
2014.06.26 10:12:16.519,0.87629,0.87637,1.00,1.69
2014.06.26 10:12:16.621,0.87631,0.8764,1.00,1.69
2014.06.26 10:12:16.723,0.87633,0.87642,1.00,2.52
2014.06.26 10:12:16.875,0.87633,0.87642,1.00,2.33
2014.06.26 10:12:17.381,0.87634,0.87642,1.00,1.00
2014.06.26 10:12:17.534,0.87632,0.87643,1.00,2.44
2014.06.26 10:12:17.706,0.87634,0.87643,1.00,1.25
2014.06.26 10:12:18.213,0.87633,0.87643,1.00,2.44
2014.06.26 10:12:18.730,0.87634,0.87643,1.00,1.25
2014.06.26 10:12:19.033,0.87632,0.87643,1.50,1.69
2014.06.26 10:12:19.543,0.87633,0.87643,1.00,1.25
2014.06.26 10:12:20.049,0.87632,0.87643,1.50,1.69
2014.06.26 10:12:20.576,0.87633,0.87643,1.50,1.25
2014.06.26 10:12:21.103,0.87634,0.87643,1.00,1.69
2014.06.26 10:12:21.255,0.87632,0.87643,1.00,1.69
2014.06.26 10:12:21.862,0.87633,0.87643,1.00,1.25
2014.06.26 10:12:22.371,0.87633,0.87642,1.00,1.50
2014.06.26 10:12:22.878,0.87632,0.87642,1.50,1.00
2014.06.26 10:12:23.131,0.87634,0.87642,1.00,1.00
2014.06.26 10:12:23.631,0.87631,0.87642,2.25,1.50
2014.06.26 10:12:23.936,0.87634,0.87642,1.00,1.19
2014.06.26 10:12:24.037,0.87632,0.87642,1.00,1.19
2014.06.26 10:12:24.898,0.87632,0.8764,1.00,1.00
2014.06.26 10:12:25.557,0.87631,0.8764,1.50,1.00
2014.06.26 10:12:26.067,0.87632,0.8764,1.50,1.00
2014.06.26 10:12:26.970,0.87632,0.87642,2.25,1.69
2014.06.26 10:12:27.488,0.87632,0.87642,1.00,1.50
2014.06.26 10:12:29.059,0.87633,0.87642,1.00,1.69
2014.06.26 10:12:29.566,0.87631,0.87642,1.50,2.44
2014.06.26 10:12:29.668,0.87633,0.87642,1.00,2.44
2014.06.26 10:12:30.174,0.87632,0.87642,1.50,1.69
2014.06.26 10:12:30.781,0.87633,0.87642,1.00,2.44
2014.06.26 10:12:31.287,0.87632,0.87642,1.50,1.69
2014.06.26 10:12:31.591,0.87634,0.87642,1.00,1.69
2014.06.26 10:12:31.763,0.87632,0.87642,2.25,1.69
2014.06.26 10:12:32.208,0.87634,0.87642,1.00,1.69
2014.06.26 10:12:32.733,0.87633,0.87642,1.00,1.69
2014.06.26 10:12:40.602,0.87633,0.87641,1.00,1.00
2014.06.26 10:12:41.593,0.87633,0.8764,1.00,1.00
2014.06.26 10:12:41.795,0.87631,0.8764,1.25,1.00
2014.06.26 10:12:41.846,0.8763,0.87636,1.00,1.00
2014.06.26 10:12:41.898,0.87629,0.87636,2.25,1.00
2014.06.26 10:12:42.102,0.87631,0.8764,1.00,1.00
2014.06.26 10:12:42.305,0.87628,0.87634,1.00,1.00
2014.06.26 10:12:42.816,0.87629,0.87634,1.00,1.00
2014.06.26 10:12:43.329,0.87629,0.87633,1.00,1.00
2014.06.26 10:12:43.633,0.87628,0.87635,1.00,1.00
2014.06.26 10:12:43.735,0.87628,0.87633,1.00,1.00
2014.06.26 10:12:44.242,0.87626,0.87633,1.00,1.00
2014.06.26 10:12:44.748,0.87625,0.87633,1.50,1.00
2014.06.26 10:12:47.385,0.87625,0.87634,1.50,1.00
2014.06.26 10:12:48.131,0.87625,0.87633,1.50,1.00
2014.06.26 10:12:48.232,0.87632,0.8764,1.00,1.50
2014.06.26 10:12:48.364,0.87635,0.87639,1.00,1.00
2014.06.26 10:12:48.418,0.87635,0.87644,1.15,1.25
2014.06.26 10:12:48.623,0.87633,0.8764,1.65,1.00
2014.06.26 10:12:50.388,0.87632,0.8764,2.33,1.00
2014.06.26 10:12:50.647,0.87634,0.8764,1.00,1.00
2014.06.26 10:12:53.192,0.87634,0.87641,1.00,1.00
2014.06.26 10:12:58.184,0.87632,0.87641,2.25,1.00
2014.06.26 10:13:05.556,0.87633,0.87641,1.00,1.00
2014.06.26 10:13:06.853,0.87634,0.87641,1.00,1.00
2014.06.26 10:13:09.926,0.87634,0.87639,1.00,1.00
2014.06.26 10:13:10.180,0.87632,0.87639,3.00,1.00
2014.06.26 10:13:10.383,0.87633,0.87641,1.00,1.00
2014.06.26 10:13:11.212,0.8764,0.87645,1.00,1.00
2014.06.26 10:13:11.364,0.87642,0.87647,1.00,1.00
2014.06.26 10:13:11.870,0.87641,0.87647,1.10,1.00
2014.06.26 10:13:12.226,0.87641,0.87645,1.10,1.00
2014.06.26 10:13:12.437,0.87641,0.87647,1.10,1.00
2014.06.26 10:13:17.161,0.87641,0.87649,1.58,1.00
2014.06.26 10:13:17.364,0.87642,0.87653,1.00,1.00
2014.06.26 10:13:17.517,0.87642,0.87653,1.15,1.00
2014.06.26 10:13:18.110,0.87646,0.87653,1.00,1.00
2014.06.26 10:13:26.023,0.87646,0.87652,1.00,1.00
2014.06.26 10:13:26.327,0.87643,0.87648,1.00,1.00
2014.06.26 10:13:26.380,0.87641,0.87648,1.00,1.00
2014.06.26 10:13:26.433,0.87641,0.87651,1.00,1.00
2014.06.26 10:13:31.882,0.87641,0.87645,1.00,1.00
2014.06.26 10:13:32.649,0.87642,0.8765,1.00,1.00
2014.06.26 10:13:32.700,0.87642,0.87649,1.00,1.00
2014.06.26 10:13:33.211,0.87642,0.8765,1.50,1.00
2014.06.26 10:13:33.719,0.87641,0.8765,1.50,1.00
2014.06.26 10:13:33.871,0.87643,0.8765,1.00,1.00
2014.06.26 10:13:34.075,0.87641,0.8765,1.50,1.00
2014.06.26 10:13:34.582,0.87642,0.87649,1.00,1.00
2014.06.26 10:13:35.100,0.87641,0.8765,1.50,1.00
2014.06.26 10:13:35.606,0.87643,0.8765,1.00,1.00
2014.06.26 10:13:35.708,0.87641,0.8765,1.50,1.00
2014.06.26 10:13:36.163,0.87643,0.87649,1.00,1.00
2014.06.26 10:13:36.366,0.87641,0.87649,1.00,1.00
2014.06.26 10:13:36.569,0.87643,0.87649,1.00,1.00
2014.06.26 10:13:36.670,0.87641,0.87649,1.50,1.00
2014.06.26 10:13:37.189,0.87642,0.87649,1.00,1.00
2014.06.26 10:13:37.698,0.87643,0.87649,1.00,1.00
2014.06.26 10:13:38.002,0.87641,0.87649,1.50,1.00
2014.06.26 10:13:38.407,0.87643,0.87649,1.00,1.00
2014.06.26 10:13:38.610,0.87641,0.87649,1.50,1.00
2014.06.26 10:13:39.132,0.87642,0.8765,1.00,1.00
2014.06.26 10:13:39.689,0.87643,0.8765,1.00,1.00
2014.06.26 10:13:39.892,0.87645,0.87655,1.50,3.34
2014.06.26 10:13:40.297,0.87647,0.87655,1.00,1.50
2014.06.26 10:13:40.399,0.87645,0.87655,1.00,1.50
2014.06.26 10:13:41.308,0.87645,0.87654,1.50,1.00
2014.06.26 10:13:42.380,0.87645,0.87655,1.00,1.50
2014.06.26 10:13:43.395,0.87647,0.87654,1.00,1.00
2014.06.26 10:13:43.702,0.87649,0.87655,1.00,1.00
2014.06.26 10:13:43.804,0.87647,0.87655,1.00,1.00
2014.06.26 10:13:43.855,0.87647,0.87653,1.00,1.00
2014.06.26 10:13:44.364,0.87645,0.87652,1.00,1.00
2014.06.26 10:13:44.416,0.87646,0.87651,1.50,1.00
2014.06.26 10:13:44.518,0.87648,0.87656,1.00,1.00
2014.06.26 10:13:44.722,0.87646,0.87651,1.50,1.00
2014.06.26 10:13:45.330,0.87647,0.87651,1.00,1.00
2014.06.26 10:13:45.735,0.87645,0.87651,1.50,1.00
2014.06.26 10:13:46.203,0.87647,0.87651,1.00,1.00
2014.06.26 10:13:57.059,0.87644,0.87651,1.00,1.00
2014.06.26 10:13:57.593,0.87643,0.87651,1.69,1.00
2014.06.26 10:13:58.132,0.87644,0.87651,1.00,1.00
2014.06.26 10:14:01.315,0.87644,0.87652,1.00,1.00
2014.06.26 10:14:01.678,0.87643,0.8765,1.00,1.00
2014.06.26 10:14:02.927,0.87643,0.87648,1.00,1.00
2014.06.26 10:14:04.353,0.87643,0.8765,1.50,1.00
2014.06.26 10:14:07.618,0.87644,0.8765,1.00,1.00
2014.06.26 10:14:07.872,0.87647,0.87656,1.50,1.34
2014.06.26 10:14:08.024,0.87643,0.8765,2.25,1.00
2014.06.26 10:14:13.106,0.87648,0.87654,1.00,1.19
2014.06.26 10:14:13.420,0.87651,0.87658,1.65,1.00
2014.06.26 10:14:13.524,0.87649,0.87654,1.10,1.00
2014.06.26 10:14:13.727,0.87647,0.87655,1.25,1.00
2014.06.26 10:14:13.829,0.87647,0.87652,1.25,1.00
2014.06.26 10:14:13.982,0.87645,0.87652,1.50,1.00
2014.06.26 10:14:14.190,0.8765,0.87658,1.00,2.25
2014.06.26 10:14:14.646,0.87647,0.87653,1.18,1.00
2014.06.26 10:14:14.749,0.87645,0.87652,1.00,1.50
2014.06.26 10:14:15.003,0.87649,0.87655,1.00,1.00
2014.06.26 10:14:15.307,0.87651,0.8766,1.00,1.00
2014.06.26 10:14:15.358,0.87648,0.87654,2.40,1.00
2014.06.26 10:14:15.879,0.8765,0.87657,1.00,1.00
2014.06.26 10:14:16.031,0.87648,0.87657,1.50,1.00
2014.06.26 10:14:16.555,0.87648,0.87656,1.50,1.00
2014.06.26 10:14:16.646,0.87651,0.87656,1.00,1.00
2014.06.26 10:14:16.747,0.87648,0.87656,1.50,1.00
2014.06.26 10:14:16.799,0.87647,0.87654,1.00,1.00
2014.06.26 10:14:17.103,0.87644,0.87652,2.29,1.00
2014.06.26 10:14:18.414,0.87645,0.87653,1.00,1.00
2014.06.26 10:14:18.896,0.87647,0.87655,1.00,2.25
2014.06.26 10:14:20.634,0.87646,0.87655,1.50,1.00
2014.06.26 10:14:21.156,0.87647,0.87655,1.00,1.50
2014.06.26 10:14:22.109,0.87646,0.87655,1.50,1.00
2014.06.26 10:14:22.519,0.87649,0.87656,1.00,1.00
2014.06.26 10:14:22.722,0.87647,0.87656,1.00,1.00
2014.06.26 10:14:23.228,0.87648,0.87656,1.00,1.00
2014.06.26 10:14:24.055,0.87647,0.87656,1.00,1.00
2014.06.26 10:14:24.562,0.87649,0.87656,1.00,1.00
2014.06.26 10:14:25.633,0.87649,0.87656,1.00,1.00
2014.06.26 10:14:25.938,0.87665,0.87669,2.18,1.00
2014.06.26 10:14:25.989,0.87666,0.87671,1.00,1.13
2014.06.26 10:14:26.041,0.8767,0.8768,1.50,2.07
2014.06.26 10:14:26.143,0.8767,0.87674,1.00,1.00
2014.06.26 10:14:26.346,0.87671,0.8768,1.50,1.32
2014.06.26 10:14:26.448,0.87673,0.8768,1.00,1.00
2014.06.26 10:14:26.953,0.87672,0.87679,1.00,1.00
2014.06.26 10:14:27.189,0.87669,0.87678,3.38,1.00
2014.06.26 10:14:27.696,0.8767,0.8768,1.50,1.50
2014.06.26 10:14:28.890,0.8767,0.87679,1.50,1.00
2014.06.26 10:14:29.476,0.8767,0.8768,1.50,3.00
2014.06.26 10:14:30.683,0.8767,0.87678,1.69,1.00
2014.06.26 10:14:30.936,0.8767,0.8768,1.69,3.00
2014.06.26 10:14:31.656,0.8767,0.87678,1.69,1.00
2014.06.26 10:14:31.859,0.87669,0.8768,3.04,3.00
2014.06.26 10:14:31.910,0.87669,0.87677,3.04,1.00
2014.06.26 10:14:32.450,0.87669,0.87676,2.29,1.00
2014.06.26 10:14:40.526,0.87669,0.87676,3.04,1.00
2014.06.26 10:14:42.885,0.87669,0.87677,2.29,1.00
2014.06.26 10:14:43.435,0.87669,0.87676,2.29,1.00
2014.06.26 10:14:51.928,0.87667,0.87672,1.00,1.00
2014.06.26 10:14:52.030,0.87667,0.87672,1.00,1.00
2014.06.26 10:14:53.158,0.87667,0.87671,1.25,1.00
2014.06.26 10:14:53.564,0.87665,0.87671,1.43,1.00
2014.06.26 10:14:54.029,0.87665,0.87669,1.54,1.00
2014.06.26 10:14:55.577,0.87666,0.87674,1.00,1.00
2014.06.26 10:14:56.084,0.87668,0.87676,1.00,1.00
2014.06.26 10:14:57.923,0.87667,0.87676,1.50,1.00
2014.06.26 10:14:59.183,0.87667,0.87676,1.00,1.00
2014.06.26 10:14:59.690,0.87666,0.87671,1.35,1.00
2014.06.26 10:14:59.904,0.87667,0.87672,1.00,1.00
2014.06.26 10:15:00.412,0.87665,0.87671,3.04,1.00
2014.06.26 10:15:01.688,0.87665,0.87669,2.25,1.00
2014.06.26 10:15:05.782,0.87667,0.87677,1.00,1.02
2014.06.26 10:15:06.086,0.87672,0.87679,1.00,1.00
2014.06.26 10:15:06.238,0.87667,0.87673,1.65,1.00
2014.06.26 10:15:06.798,0.87668,0.87676,1.00,1.50
2014.06.26 10:15:07.337,0.87667,0.87671,1.00,1.00
2014.06.26 10:15:08.573,0.87667,0.87672,1.00,1.00
2014.06.26 10:15:10.140,0.87667,0.87671,1.00,1.00
2014.06.26 10:15:16.648,0.87667,0.87673,1.50,1.00
2014.06.26 10:15:18.144,0.87666,0.87671,3.60,1.00
2014.06.26 10:15:21.324,0.87668,0.87675,1.00,1.00
2014.06.26 10:15:21.831,0.87666,0.87672,2.85,1.00
2014.06.26 10:15:26.427,0.87667,0.87671,1.00,1.00
2014.06.26 10:15:27.858,0.87667,0.87675,1.50,1.00
2014.06.26 10:15:28.364,0.87668,0.87676,1.00,1.00
2014.06.26 10:15:28.932,0.87665,0.87672,1.69,1.00
2014.06.26 10:15:29.036,0.87669,0.87675,3.85,1.00
2014.06.26 10:15:29.140,0.8767,0.87675,1.35,1.00
2014.06.26 10:15:29.394,0.87669,0.87673,1.00,1.00
2014.06.26 10:15:29.498,0.87664,0.8767,1.25,1.00
2014.06.26 10:15:29.652,0.87668,0.87672,1.00,1.00
2014.06.26 10:15:29.804,0.8767,0.87678,1.00,1.08
2014.06.26 10:15:29.855,0.87669,0.87678,1.20,1.00
2014.06.26 10:15:30.007,0.87669,0.87676,1.20,1.00
2014.06.26 10:15:30.059,0.87666,0.87674,1.00,1.00
2014.06.26 10:15:30.160,0.87667,0.87675,1.00,1.00
2014.06.26 10:15:30.367,0.87665,0.8767,2.10,1.00
2014.06.26 10:15:30.872,0.87667,0.87675,1.00,1.50
2014.06.26 10:15:32.026,0.87667,0.87672,1.00,1.00
2014.06.26 10:15:32.333,0.87665,0.87672,1.00,1.00
2014.06.26 10:15:32.384,0.87665,0.87672,1.00,1.00
2014.06.26 10:15:32.840,0.87664,0.87668,1.50,1.00
2014.06.26 10:15:33.347,0.87663,0.87668,1.50,1.00
2014.06.26 10:15:36.408,0.87662,0.87668,1.00,1.00
2014.06.26 10:15:37.369,0.87662,0.87669,1.00,1.00
2014.06.26 10:15:40.876,0.87662,0.87671,1.00,1.50
2014.06.26 10:15:44.664,0.87665,0.87673,1.00,1.00
2014.06.26 10:15:45.374,0.87665,0.87671,1.00,1.00
2014.06.26 10:15:58.548,0.87665,0.8767,1.50,1.00
2014.06.26 10:16:05.370,0.87665,0.87671,1.50,1.00
2014.06.26 10:16:08.368,0.87665,0.8767,1.50,1.00
2014.06.26 10:16:09.081,0.87665,0.87671,1.00,1.00
2014.06.26 10:16:15.099,0.87665,0.87672,1.00,1.00
2014.06.26 10:16:18.083,0.87665,0.87673,1.00,1.00
2014.06.26 10:16:18.185,0.87663,0.87668,1.00,1.00
2014.06.26 10:16:18.339,0.87665,0.8767,2.10,1.00
2014.06.26 10:16:18.441,0.8767,0.87674,1.00,1.00
2014.06.26 10:16:18.492,0.8767,0.87674,1.50,1.00
2014.06.26 10:16:18.544,0.87671,0.8768,1.00,2.25
2014.06.26 10:16:18.646,0.8767,0.8768,1.50,2.25
2014.06.26 10:16:20.379,0.87669,0.87674,1.25,1.00
2014.06.26 10:16:20.901,0.87671,0.8768,1.00,1.69
2014.06.26 10:16:34.569,0.87671,0.87675,1.00,1.00
2014.06.26 10:16:36.232,0.87669,0.87675,2.25,1.00
2014.06.26 10:16:48.562,0.87669,0.87678,1.50,1.50
2014.06.26 10:16:51.628,0.87668,0.87678,1.69,2.25
2014.06.26 10:16:52.164,0.87669,0.87678,1.50,1.50
2014.06.26 10:16:55.029,0.87669,0.87676,1.00,1.00
2014.06.26 10:16:55.240,0.87666,0.87675,1.00,1.00
2014.06.26 10:16:55.393,0.87665,0.87673,2.44,1.00
2014.06.26 10:16:55.798,0.87666,0.87675,1.00,3.60
2014.06.26 10:17:02.017,0.87666,0.87674,1.00,1.00
2014.06.26 10:17:02.119,0.87666,0.87672,1.00,1.00
2014.06.26 10:17:02.424,0.87666,0.87674,1.50,1.00
2014.06.26 10:17:03.134,0.87666,0.87676,2.25,2.44
2014.06.26 10:17:05.428,0.87668,0.87676,1.00,1.00
2014.06.26 10:17:05.736,0.8767,0.87677,1.00,1.00
2014.06.26 10:17:06.857,0.8767,0.87676,1.00,1.00
2014.06.26 10:17:11.058,0.8767,0.87677,1.00,1.00
2014.06.26 10:17:16.276,0.87672,0.87677,1.00,1.00
2014.06.26 10:17:16.378,0.87671,0.87681,1.00,1.69
2014.06.26 10:17:16.903,0.87672,0.8768,1.00,1.00
2014.06.26 10:17:16.954,0.87672,0.87682,1.10,1.50
2014.06.26 10:17:17.005,0.87676,0.87682,1.00,1.00
2014.06.26 10:17:17.056,0.87676,0.87684,1.00,1.50
2014.06.26 10:17:17.260,0.87677,0.87686,1.50,1.10
2014.06.26 10:17:17.766,0.87677,0.87687,1.50,1.50
2014.06.26 10:17:35.901,0.87677,0.87685,1.69,1.00
2014.06.26 10:17:36.411,0.87678,0.87685,1.00,1.00
2014.06.26 10:17:38.423,0.8768,0.87685,1.00,1.00
2014.06.26 10:17:38.828,0.87677,0.87685,1.50,1.00
2014.06.26 10:17:39.357,0.87677,0.87686,1.50,1.00
2014.06.26 10:17:48.086,0.87677,0.87685,1.50,1.00
2014.06.26 10:17:48.543,0.87677,0.87683,1.00,1.00
2014.06.26 10:17:49.187,0.87676,0.87683,1.00,1.00
2014.06.26 10:17:49.884,0.87676,0.87681,1.00,1.00
2014.06.26 10:17:50.137,0.87674,0.87682,1.50,1.00
2014.06.26 10:17:50.644,0.87675,0.87682,1.00,1.00
2014.06.26 10:17:53.740,0.87679,0.87683,1.00,1.00
2014.06.26 10:17:53.841,0.87679,0.87684,1.50,1.00
2014.06.26 10:17:54.095,0.87677,0.87684,1.00,1.00
2014.06.26 10:17:54.652,0.87677,0.87683,1.00,1.00
2014.06.26 10:17:58.342,0.87676,0.87683,1.00,1.00
2014.06.26 10:17:58.393,0.87676,0.87685,1.00,2.44
2014.06.26 10:17:58.443,0.87676,0.87681,1.00,1.00
2014.06.26 10:17:58.495,0.87671,0.87681,2.25,1.50
2014.06.26 10:17:58.596,0.87673,0.8768,1.00,1.00
2014.06.26 10:17:59.103,0.87673,0.87681,1.00,1.00
2014.06.26 10:17:59.564,0.87677,0.87681,1.00,1.00
2014.06.26 10:17:59.818,0.87674,0.87682,1.00,1.00
2014.06.26 10:18:02.486,0.87673,0.8768,1.00,1.00
2014.06.26 10:18:02.537,0.8767,0.8768,1.00,1.00
2014.06.26 10:18:02.588,0.87677,0.87682,1.00,1.00
2014.06.26 10:18:02.894,0.87681,0.87689,1.00,1.69
2014.06.26 10:18:02.996,0.87677,0.87684,2.33,1.00
2014.06.26 10:18:04.656,0.87676,0.87684,1.50,1.00
2014.06.26 10:18:04.809,0.8768,0.87684,1.00,1.00
2014.06.26 10:18:05.327,0.87681,0.87688,1.00,1.19
2014.06.26 10:18:06.061,0.87681,0.87687,1.00,1.00
2014.06.26 10:18:06.622,0.87678,0.87687,1.50,1.00
2014.06.26 10:18:07.129,0.87678,0.87686,1.00,1.00
2014.06.26 10:18:10.236,0.87674,0.87684,2.40,1.50
2014.06.26 10:18:10.338,0.87677,0.87687,1.50,2.25
2014.06.26 10:18:10.389,0.87677,0.87682,1.50,1.00
2014.06.26 10:18:10.890,0.87676,0.87683,1.00,1.00
2014.06.26 10:18:11.355,0.87676,0.87685,1.00,1.50
2014.06.26 10:18:11.457,0.87677,0.87687,1.50,2.25
2014.06.26 10:18:12.902,0.87677,0.87686,1.00,1.00
2014.06.26 10:18:13.435,0.87676,0.87686,1.50,1.00
2014.06.26 10:18:14.146,0.87677,0.87686,1.00,1.00
2014.06.26 10:18:14.661,0.87676,0.87686,1.50,1.00
2014.06.26 10:18:15.627,0.87676,0.87685,1.50,1.00
2014.06.26 10:18:17.825,0.87674,0.87682,1.25,1.00
2014.06.26 10:18:18.132,0.87681,0.87686,1.00,1.10
2014.06.26 10:18:18.183,0.87681,0.87688,1.00,1.50
2014.06.26 10:18:18.489,0.87678,0.87688,2.25,1.50
2014.06.26 10:18:18.995,0.87677,0.87687,2.63,2.25
2014.06.26 10:18:19.606,0.87677,0.87686,2.25,1.00
2014.06.26 10:18:57.584,0.87677,0.87685,1.50,1.00
2014.06.26 10:18:58.884,0.87677,0.87687,1.50,1.50
2014.06.26 10:18:59.393,0.87677,0.87686,1.50,1.00
2014.06.26 10:18:59.900,0.87675,0.87685,1.00,1.00
2014.06.26 10:19:00.153,0.87675,0.87683,1.00,1.00
2014.06.26 10:19:06.014,0.87673,0.87685,1.09,1.19
2014.06.26 10:19:08.317,0.87673,0.87685,1.09,1.00
2014.06.26 10:19:08.418,0.87673,0.87682,1.09,1.00
2014.06.26 10:19:08.629,0.87673,0.87684,1.47,1.00
2014.06.26 10:19:09.138,0.87673,0.87683,1.32,1.00
2014.06.26 10:19:11.009,0.87674,0.87683,1.00,1.00
2014.06.26 10:19:11.796,0.87674,0.87684,1.00,1.50
2014.06.26 10:19:16.084,0.87674,0.87683,1.00,1.00
2014.06.26 10:19:17.289,0.87673,0.87682,1.69,1.00
2014.06.26 10:19:17.340,0.87673,0.87679,1.69,1.00
2014.06.26 10:19:17.644,0.87678,0.87684,1.50,1.00
2014.06.26 10:19:18.099,0.87675,0.87684,1.50,1.50
2014.06.26 10:19:18.607,0.87675,0.87683,1.00,1.50
2014.06.26 10:19:42.558,0.87673,0.87681,2.44,1.00
2014.06.26 10:19:42.863,0.87679,0.87686,1.00,1.13
2014.06.26 10:19:42.914,0.87679,0.87686,1.50,1.13
2014.06.26 10:19:43.117,0.87677,0.87685,1.00,1.00
2014.06.26 10:19:43.218,0.87674,0.87684,1.50,1.00
2014.06.26 10:19:43.747,0.87674,0.87683,1.00,2.25
2014.06.26 10:19:44.267,0.87674,0.87683,1.08,2.25
2014.06.26 10:19:44.419,0.87675,0.87685,1.18,1.50
2014.06.26 10:19:44.573,0.87675,0.87683,1.18,1.00
2014.06.26 10:19:45.088,0.87675,0.87683,1.00,1.00
2014.06.26 10:19:58.566,0.87675,0.87682,1.00,1.00
2014.06.26 10:19:58.870,0.87679,0.87686,1.00,1.00
2014.06.26 10:19:59.175,0.87674,0.87684,1.00,1.50
2014.06.26 10:19:59.529,0.87673,0.87682,1.25,1.00
2014.06.26 10:20:00.177,0.87672,0.87682,1.58,1.00
2014.06.26 10:20:00.775,0.87672,0.87681,1.50,1.00
2014.06.26 10:20:09.822,0.87672,0.87678,1.25,1.00
2014.06.26 10:20:10.337,0.87673,0.87679,1.00,1.00
2014.06.26 10:20:10.388,0.87672,0.87681,1.50,1.00
2014.06.26 10:20:10.903,0.87672,0.87682,1.88,1.50
2014.06.26 10:20:11.553,0.87672,0.87682,2.82,1.50
2014.06.26 10:20:15.221,0.87674,0.87682,1.08,1.00
2014.06.26 10:20:17.194,0.87673,0.87682,1.84,1.00
2014.06.26 10:20:18.175,0.87673,0.87681,1.18,1.00
2014.06.26 10:20:20.886,0.87672,0.87681,2.59,1.00
2014.06.26 10:20:21.570,0.87672,0.87681,2.59,1.00
2014.06.26 10:20:26.348,0.87672,0.87682,2.59,1.50
2014.06.26 10:20:31.906,0.87672,0.87682,2.59,1.50
2014.06.26 10:20:44.828,0.87672,0.87682,1.65,1.00
2014.06.26 10:20:53.134,0.87672,0.87681,1.00,1.00
2014.06.26 10:20:53.692,0.87671,0.87681,2.07,1.00
2014.06.26 10:21:00.503,0.87671,0.87681,1.69,1.00
2014.06.26 10:21:00.857,0.87674,0.87683,1.00,1.00
2014.06.26 10:21:02.185,0.87674,0.87682,1.50,1.00
2014.06.26 10:21:06.279,0.87672,0.87684,2.52,1.00
2014.06.26 10:21:06.811,0.87672,0.87685,1.77,1.25
2014.06.26 10:21:09.831,0.87672,0.87685,2.14,1.25
2014.06.26 10:21:09.985,0.87674,0.87687,1.29,1.25
2014.06.26 10:21:10.289,0.87674,0.87686,1.50,1.19
2014.06.26 10:21:10.810,0.87672,0.87684,1.77,1.00
2014.06.26 10:21:11.288,0.87672,0.87682,2.52,1.00
2014.06.26 10:21:11.815,0.87672,0.87682,2.44,1.00
2014.06.26 10:21:12.321,0.87673,0.87683,1.50,1.50
2014.06.26 10:21:18.034,0.87673,0.8768,1.50,1.00
2014.06.26 10:21:18.447,0.87671,0.8768,2.44,1.00
2014.06.26 10:21:19.843,0.87672,0.8768,1.00,1.00
2014.06.26 10:21:20.371,0.87671,0.87679,1.25,1.00
2014.06.26 10:21:24.461,0.87671,0.87679,1.19,2.25
2014.06.26 10:21:25.880,0.87669,0.87679,2.52,2.25
2014.06.26 10:21:26.133,0.87669,0.87677,2.52,1.00
2014.06.26 10:21:30.650,0.87669,0.87677,2.44,1.00
2014.06.26 10:21:32.212,0.87669,0.87677,2.44,1.00
2014.06.26 10:21:35.137,0.87669,0.87679,2.52,2.25
2014.06.26 10:21:35.698,0.8767,0.87678,1.00,1.00
2014.06.26 10:21:36.002,0.87673,0.87679,1.00,1.00
2014.06.26 10:21:36.104,0.87671,0.87679,1.20,1.00
2014.06.26 10:21:36.155,0.87671,0.87681,1.10,1.69
2014.06.26 10:21:40.725,0.87671,0.87681,2.44,1.00
2014.06.26 10:21:41.978,0.87672,0.87681,1.19,1.00
2014.06.26 10:21:42.545,0.87671,0.87681,1.00,1.00
2014.06.26 10:21:42.862,0.87671,0.87679,1.00,1.00
2014.06.26 10:21:43.168,0.87671,0.87681,1.00,1.58
2014.06.26 10:21:43.269,0.87674,0.87681,1.00,1.00
2014.06.26 10:21:43.422,0.87672,0.87682,1.65,1.88
2014.06.26 10:21:43.928,0.87672,0.87681,1.00,1.00
2014.06.26 10:21:44.985,0.87673,0.87681,1.00,1.00
2014.06.26 10:21:46.010,0.87672,0.87681,1.25,1.00
2014.06.26 10:21:46.107,0.87669,0.87676,1.00,1.00
2014.06.26 10:21:46.364,0.8767,0.87678,1.00,1.00
2014.06.26 10:21:46.517,0.8767,0.8768,1.50,1.50
2014.06.26 10:21:47.346,0.8767,0.87679,2.25,1.00
2014.06.26 10:21:47.853,0.87671,0.87678,1.00,1.00
2014.06.26 10:21:48.107,0.87672,0.87681,1.00,1.00
2014.06.26 10:21:48.620,0.87673,0.87681,1.00,1.00
2014.06.26 10:22:18.267,0.87672,0.87681,2.25,1.00
2014.06.26 10:22:18.779,0.87673,0.87681,1.00,1.00
2014.06.26 10:22:19.444,0.87673,0.87679,1.00,1.00
2014.06.26 10:22:19.699,0.87671,0.87679,1.69,1.00
2014.06.26 10:22:19.801,0.87673,0.87679,1.00,1.00
2014.06.26 10:22:20.308,0.87674,0.87679,1.00,1.00
2014.06.26 10:22:21.014,0.87672,0.87679,1.00,1.00
2014.06.26 10:22:21.520,0.87674,0.87679,1.00,1.00
2014.06.26 10:22:21.723,0.87672,0.87679,1.00,1.00
2014.06.26 10:22:26.096,0.87672,0.8768,1.00,1.00
2014.06.26 10:22:26.248,0.87675,0.8768,1.00,1.00
2014.06.26 10:22:26.451,0.87673,0.8768,1.00,1.00
2014.06.26 10:22:26.970,0.87674,0.8768,1.50,1.00
2014.06.26 10:22:33.361,0.87674,0.87681,1.50,1.00
2014.06.26 10:22:33.812,0.87672,0.8768,1.00,1.00
2014.06.26 10:22:33.863,0.87674,0.87681,1.00,1.00
2014.06.26 10:22:35.891,0.87674,0.87682,1.50,1.00
2014.06.26 10:22:36.398,0.87676,0.87684,1.00,1.50
2014.06.26 10:22:36.499,0.87677,0.87686,1.50,1.00
2014.06.26 10:22:36.601,0.87679,0.87688,1.00,1.00
2014.06.26 10:22:37.109,0.8768,0.87688,1.00,1.50
2014.06.26 10:22:46.370,0.8768,0.87687,1.00,1.00
2014.06.26 10:22:46.883,0.8768,0.87686,1.00,1.00
2014.06.26 10:22:48.092,0.8768,0.87685,1.00,1.00
2014.06.26 10:22:48.194,0.87678,0.87685,1.00,1.00
2014.06.26 10:22:57.400,0.87678,0.87684,1.00,1.00
2014.06.26 10:23:01.553,0.87679,0.87684,1.00,1.00
2014.06.26 10:23:05.195,0.87679,0.87685,1.00,1.00
2014.06.26 10:23:10.957,0.87678,0.87685,1.50,1.00
2014.06.26 10:23:11.058,0.8768,0.87685,1.00,1.00
2014.06.26 10:23:11.677,0.87678,0.87685,1.00,1.00
2014.06.26 10:23:15.187,0.87679,0.87685,1.00,1.00
2014.06.26 10:23:18.888,0.87676,0.87685,1.77,1.00
2014.06.26 10:23:19.192,0.87675,0.87684,2.25,1.00
2014.06.26 10:23:29.717,0.87677,0.87685,1.00,1.00
2014.06.26 10:23:30.227,0.87677,0.87687,1.00,1.19
2014.06.26 10:23:30.774,0.87677,0.87687,1.00,1.69
2014.06.26 10:23:32.679,0.87683,0.87688,1.00,1.00
2014.06.26 10:23:32.884,0.87684,0.87693,1.00,1.00
2014.06.26 10:23:32.935,0.87687,0.87694,1.00,1.00
2014.06.26 10:23:33.239,0.87689,0.87698,1.50,1.50
2014.06.26 10:23:33.391,0.87693,0.87698,1.00,1.00
2014.06.26 10:23:33.442,0.87693,0.87701,1.00,2.07
2014.06.26 10:23:33.898,0.87691,0.877,1.00,1.00
2014.06.26 10:23:42.456,0.87691,0.87699,1.00,1.00
2014.06.26 10:23:42.985,0.87691,0.87698,1.00,1.00
2014.06.26 10:23:45.308,0.87688,0.87698,2.44,1.00
2014.06.26 10:23:45.815,0.87688,0.87697,1.25,1.00
2014.06.26 10:23:50.577,0.87687,0.87693,1.00,1.00
2014.06.26 10:23:50.931,0.87684,0.87694,1.19,1.00
2014.06.26 10:23:51.452,0.87685,0.87693,1.25,1.00
2014.06.26 10:23:51.995,0.87685,0.87694,1.25,1.00
2014.06.26 10:23:52.771,0.87692,0.87696,1.00,1.00
2014.06.26 10:23:52.873,0.87692,0.87698,1.00,1.00
2014.06.26 10:23:52.974,0.87694,0.87699,1.00,1.00
2014.06.26 10:23:53.480,0.87695,0.877,1.00,1.00
2014.06.26 10:23:57.862,0.87695,0.87701,1.00,1.25
2014.06.26 10:23:58.847,0.87693,0.87701,1.50,1.00
2014.06.26 10:23:59.100,0.87693,0.87699,1.00,1.00
2014.06.26 10:24:00.168,0.87692,0.87699,2.25,1.00
2014.06.26 10:24:00.690,0.87693,0.87699,1.00,1.00
2014.06.26 10:24:01.083,0.87693,0.87702,1.00,1.19
2014.06.26 10:24:05.536,0.87693,0.87702,1.00,1.00
2014.06.26 10:24:06.052,0.87694,0.87702,1.50,1.00
2014.06.26 10:24:08.104,0.87694,0.87701,1.50,1.00
2014.06.26 10:24:13.188,0.87694,0.87703,1.50,1.00
2014.06.26 10:24:13.697,0.87694,0.87702,1.50,1.00
2014.06.26 10:24:14.227,0.87694,0.87703,1.50,1.00
2014.06.26 10:24:15.922,0.87694,0.87701,1.50,1.00
2014.06.26 10:24:17.322,0.87694,0.87703,1.50,1.25
2014.06.26 10:24:47.908,0.87694,0.87702,1.00,1.00
2014.06.26 10:25:01.817,0.87692,0.87701,1.00,1.00
2014.06.26 10:25:02.354,0.87691,0.87701,1.00,1.50
2014.06.26 10:25:04.413,0.87692,0.87701,1.00,1.50
2014.06.26 10:25:04.514,0.87694,0.877,1.00,1.00
2014.06.26 10:25:04.616,0.87692,0.87699,1.00,1.00
2014.06.26 10:25:05.122,0.87693,0.87699,1.50,1.00
2014.06.26 10:25:13.576,0.87694,0.87699,1.00,1.00
2014.06.26 10:25:13.627,0.87694,0.87702,1.50,1.00
2014.06.26 10:25:13.704,0.87696,0.87702,1.00,1.00
2014.06.26 10:25:14.160,0.87693,0.87701,1.00,1.00
2014.06.26 10:25:14.688,0.87694,0.87702,1.00,1.00
2014.06.26 10:25:15.204,0.87695,0.87703,1.00,1.54
2014.06.26 10:25:17.078,0.87695,0.87705,1.50,1.25
2014.06.26 10:25:17.636,0.87696,0.87705,1.00,1.25
2014.06.26 10:25:17.687,0.87699,0.87707,1.00,2.52
2014.06.26 10:25:17.738,0.87699,0.87707,1.00,2.44
2014.06.26 10:25:17.789,0.87697,0.87707,1.50,1.69
2014.06.26 10:25:18.295,0.87698,0.87708,1.00,1.00
2014.06.26 10:25:19.690,0.87699,0.87709,1.00,2.25
2014.06.26 10:25:21.789,0.87703,0.87709,1.00,1.00
2014.06.26 10:25:21.942,0.87705,0.87713,1.00,1.08
2014.06.26 10:25:21.993,0.87706,0.87716,1.00,2.63
2014.06.26 10:25:22.351,0.87709,0.87716,1.00,1.13
2014.06.26 10:25:22.402,0.8771,0.87719,1.00,1.00
2014.06.26 10:25:22.503,0.87715,0.87721,1.00,1.69
2014.06.26 10:25:22.556,0.87716,0.87721,1.00,1.25
2014.06.26 10:25:22.659,0.87718,0.87724,1.00,1.00
2014.06.26 10:25:22.760,0.87721,0.87726,1.00,1.00
2014.06.26 10:25:22.913,0.87723,0.87729,1.00,1.08
2014.06.26 10:25:23.116,0.87725,0.8773,1.00,1.08
2014.06.26 10:25:23.219,0.87722,0.8773,1.00,1.08
2014.06.26 10:25:23.373,0.87722,0.87732,1.00,1.50
2014.06.26 10:25:23.936,0.87723,0.87733,1.00,2.33
2014.06.26 10:25:24.444,0.87724,0.87733,1.50,1.00
2014.06.26 10:25:24.968,0.87724,0.87734,1.50,3.19
2014.06.26 10:25:25.512,0.87724,0.87733,1.50,1.00
2014.06.26 10:25:26.039,0.87724,0.87732,1.50,1.00
2014.06.26 10:25:27.595,0.87724,0.87731,1.50,1.00
2014.06.26 10:25:29.098,0.87724,0.87733,1.50,1.00
2014.06.26 10:25:29.357,0.87724,0.87731,1.00,1.00
2014.06.26 10:25:29.865,0.87723,0.87727,1.00,1.00
2014.06.26 10:25:30.018,0.87722,0.87727,1.00,1.00
2014.06.26 10:25:30.272,0.8772,0.87728,1.10,1.00
2014.06.26 10:25:30.476,0.87722,0.87727,1.00,1.00
2014.06.26 10:25:30.527,0.8772,0.87727,1.10,1.00
2014.06.26 10:25:30.976,0.87722,0.87727,1.00,1.00
2014.06.26 10:25:31.147,0.8772,0.87727,1.58,1.00
2014.06.26 10:25:31.248,0.87722,0.87727,1.00,1.00
2014.06.26 10:25:31.401,0.8772,0.87726,1.58,1.00
2014.06.26 10:25:31.553,0.87722,0.87726,1.00,1.00
2014.06.26 10:25:31.658,0.8772,0.87727,1.58,1.00
2014.06.26 10:25:31.863,0.87722,0.87726,1.00,1.00
2014.06.26 10:25:32.018,0.8772,0.87726,1.58,1.00
2014.06.26 10:25:32.170,0.87724,0.87733,1.00,1.69
2014.06.26 10:25:32.475,0.87724,0.87733,1.00,1.25
2014.06.26 10:25:33.184,0.87723,0.87731,1.00,1.00
2014.06.26 10:25:37.056,0.87726,0.87733,1.00,1.19
2014.06.26 10:25:37.157,0.87723,0.87733,2.25,2.44
2014.06.26 10:25:37.259,0.87728,0.87733,1.00,1.19
2014.06.26 10:25:37.413,0.87726,0.87731,1.00,1.00
2014.06.26 10:25:37.617,0.87728,0.87734,1.00,1.00
2014.06.26 10:25:38.854,0.87728,0.87733,1.00,1.00
2014.06.26 10:25:38.905,0.87726,0.87733,1.50,1.00
2014.06.26 10:25:42.881,0.87726,0.87731,1.69,1.00
2014.06.26 10:25:47.615,0.87726,0.87732,1.50,1.00
2014.06.26 10:25:51.973,0.87726,0.87734,1.50,1.00
2014.06.26 10:25:54.632,0.87727,0.87735,1.00,1.00
2014.06.26 10:25:55.139,0.87727,0.87736,1.00,1.00
2014.06.26 10:25:57.853,0.8773,0.87736,1.00,1.00
2014.06.26 10:25:58.106,0.8773,0.87738,1.00,1.00
2014.06.26 10:25:58.620,0.8773,0.87739,1.00,1.50
2014.06.26 10:25:59.137,0.8773,0.87737,1.00,1.00
2014.06.26 10:25:59.340,0.8773,0.87739,1.00,1.00
2014.06.26 10:26:00.801,0.8773,0.87738,1.00,1.00
2014.06.26 10:26:01.338,0.8773,0.87739,1.50,1.00
2014.06.26 10:26:02.352,0.8773,0.87738,1.00,1.00
2014.06.26 10:26:03.230,0.8773,0.8774,1.00,1.50
2014.06.26 10:26:03.779,0.87729,0.87739,2.25,1.50
2014.06.26 10:26:05.587,0.87729,0.87738,2.25,1.00
2014.06.26 10:26:06.116,0.87729,0.87737,1.00,1.00
2014.06.26 10:26:11.401,0.87729,0.87736,1.00,1.00
2014.06.26 10:26:11.970,0.87729,0.87737,1.00,1.50
2014.06.26 10:26:14.648,0.87728,0.87736,1.50,1.50
2014.06.26 10:26:23.664,0.87728,0.87735,1.00,1.00
2014.06.26 10:26:27.963,0.87728,0.87734,1.00,1.00
2014.06.26 10:26:32.838,0.87726,0.87734,1.50,1.00
2014.06.26 10:26:32.889,0.87726,0.87732,1.00,1.00
2014.06.26 10:26:33.434,0.87726,0.87733,1.00,1.50
2014.06.26 10:26:35.017,0.87726,0.87733,1.00,1.00
2014.06.26 10:26:35.403,0.87726,0.87736,1.00,1.00
2014.06.26 10:26:35.909,0.87728,0.87736,1.00,1.00
2014.06.26 10:26:35.960,0.87728,0.87738,1.00,1.50
2014.06.26 10:26:36.481,0.87728,0.87737,1.00,1.00
2014.06.26 10:26:36.989,0.87728,0.87738,1.00,1.50
2014.06.26 10:26:37.828,0.87728,0.87736,1.00,1.00
2014.06.26 10:26:40.847,0.87728,0.87738,2.25,2.25
2014.06.26 10:26:41.369,0.87729,0.87738,2.25,1.00
2014.06.26 10:26:44.922,0.8773,0.87738,1.00,1.00
2014.06.26 10:26:45.447,0.87729,0.87738,1.50,1.50
2014.06.26 10:26:48.120,0.87728,0.87737,1.25,1.00
2014.06.26 10:26:48.328,0.87728,0.87735,1.25,1.00
2014.06.26 10:27:04.645,0.87728,0.87736,1.00,1.50
2014.06.26 10:27:05.161,0.87728,0.87734,1.00,1.00
2014.06.26 10:27:06.725,0.87728,0.87735,1.00,1.00
2014.06.26 10:27:09.369,0.87728,0.87734,1.00,1.00
2014.06.26 10:27:14.728,0.87727,0.87734,1.00,1.00
2014.06.26 10:27:35.776,0.87727,0.87736,1.00,1.00
2014.06.26 10:27:35.828,0.87727,0.87736,1.00,1.00
2014.06.26 10:27:37.668,0.87727,0.87736,1.00,1.00
2014.06.26 10:27:40.414,0.87723,0.87732,1.29,1.00
2014.06.26 10:27:44.606,0.87727,0.87737,1.50,1.69
2014.06.26 10:27:48.113,0.87727,0.87735,1.00,1.00
2014.06.26 10:27:51.796,0.87725,0.87735,1.00,1.00
2014.06.26 10:27:54.933,0.87725,0.87735,1.00,1.25
2014.06.26 10:27:54.984,0.87725,0.87735,1.00,1.25
2014.06.26 10:27:55.518,0.87724,0.87734,2.25,1.50
2014.06.26 10:27:58.030,0.87724,0.87734,2.33,1.50
2014.06.26 10:27:58.476,0.87726,0.87736,1.00,1.25
2014.06.26 10:27:58.983,0.87726,0.87736,1.00,1.19
2014.06.26 10:28:00.013,0.87726,0.87736,1.00,1.25
2014.06.26 10:28:03.242,0.87726,0.87736,1.00,1.19
2014.06.26 10:28:04.949,0.87726,0.87736,1.50,1.25
2014.06.26 10:28:05.484,0.87727,0.87737,1.00,1.19
2014.06.26 10:28:08.543,0.87727,0.87737,1.00,1.69
2014.06.26 10:28:09.645,0.87727,0.87737,1.00,1.19
2014.06.26 10:28:13.563,0.87727,0.87737,1.00,1.69
2014.06.26 10:28:15.079,0.87726,0.87736,1.50,1.19
2014.06.26 10:28:15.584,0.87726,0.87734,1.00,1.00
2014.06.26 10:28:17.348,0.87726,0.87734,1.00,1.25
2014.06.26 10:28:17.399,0.87724,0.87732,1.00,1.00
2014.06.26 10:28:47.918,0.87724,0.87733,1.00,1.25
2014.06.26 10:28:48.120,0.87721,0.87729,1.00,1.00
2014.06.26 10:28:48.224,0.87719,0.87727,1.00,1.50
2014.06.26 10:28:48.333,0.87717,0.87723,1.10,1.00
2014.06.26 10:28:48.485,0.87711,0.87717,1.00,1.00
2014.06.26 10:28:48.891,0.87707,0.87714,1.02,1.00
2014.06.26 10:28:48.942,0.87708,0.87712,1.00,1.00
2014.06.26 10:28:49.043,0.87706,0.87712,1.00,1.00
2014.06.26 10:28:49.094,0.87706,0.87713,1.00,1.00
2014.06.26 10:28:49.196,0.87704,0.87709,1.50,1.00
2014.06.26 10:28:49.348,0.87702,0.87708,1.25,1.00
2014.06.26 10:28:50.318,0.87703,0.87711,1.00,1.00
2014.06.26 10:28:50.748,0.87701,0.87706,1.50,1.00
2014.06.26 10:28:51.939,0.87702,0.87706,1.00,1.00
2014.06.26 10:28:52.478,0.87702,0.87706,1.00,1.00
2014.06.26 10:28:54.379,0.877,0.87706,1.25,1.00
2014.06.26 10:28:55.607,0.877,0.87706,1.19,1.00
2014.06.26 10:28:58.034,0.877,0.87705,1.00,1.00
2014.06.26 10:28:58.136,0.87698,0.87705,1.37,1.00
2014.06.26 10:28:59.346,0.877,0.87704,1.50,1.00
2014.06.26 10:29:01.926,0.877,0.87706,1.50,1.00
2014.06.26 10:29:02.094,0.87702,0.87706,1.00,1.00
2014.06.26 10:29:02.619,0.87701,0.87706,1.00,1.00
2014.06.26 10:29:03.207,0.87703,0.8771,1.00,1.00
2014.06.26 10:29:04.397,0.87701,0.87706,1.50,1.00
2014.06.26 10:29:14.315,0.87701,0.87708,1.50,1.00
2014.06.26 10:29:24.047,0.87698,0.87708,1.27,1.00
2014.06.26 10:29:24.676,0.87698,0.87707,1.19,1.00
2014.06.26 10:29:29.003,0.877,0.87707,1.00,1.00
2014.06.26 10:29:29.695,0.87701,0.87707,1.00,1.00
2014.06.26 10:29:46.266,0.87701,0.87708,1.00,1.00
2014.06.26 10:30:17.039,0.87699,0.87706,1.00,1.00
2014.06.26 10:30:17.343,0.87694,0.87702,1.00,1.00
2014.06.26 10:30:17.445,0.87693,0.87699,1.00,1.00
2014.06.26 10:30:31.370,0.87691,0.87699,1.00,1.00
2014.06.26 10:30:37.101,0.87692,0.87699,1.00,1.00
2014.06.26 10:30:38.361,0.87691,0.87699,1.50,1.00
2014.06.26 10:30:39.406,0.87692,0.87699,1.00,1.00
2014.06.26 10:30:40.396,0.87691,0.87699,1.00,1.00
2014.06.26 10:30:41.525,0.87691,0.87701,1.00,2.44
2014.06.26 10:30:43.699,0.87691,0.87701,1.00,2.44
2014.06.26 10:30:44.235,0.87692,0.87701,1.00,1.69
2014.06.26 10:30:45.896,0.87693,0.87701,1.00,2.44
2014.06.26 10:30:46.384,0.87692,0.87699,1.00,1.00
2014.06.26 10:30:46.896,0.8769,0.87699,1.00,1.50
2014.06.26 10:30:47.421,0.87689,0.87699,1.00,1.50
2014.06.26 10:30:47.969,0.8769,0.87699,1.50,1.00
2014.06.26 10:30:51.004,0.8769,0.877,1.50,1.69
2014.06.26 10:30:52.084,0.8769,0.87699,1.50,1.00
2014.06.26 10:30:53.609,0.87691,0.87699,1.00,1.00
2014.06.26 10:30:53.763,0.87691,0.87701,1.00,1.50
2014.06.26 10:30:54.271,0.87692,0.87701,1.00,1.00
2014.06.26 10:31:00.174,0.87693,0.87701,1.00,1.00
2014.06.26 10:31:00.774,0.87693,0.87703,1.00,1.25
2014.06.26 10:31:04.985,0.87693,0.87703,1.00,1.77
2014.06.26 10:31:05.491,0.87693,0.87703,1.00,2.44
2014.06.26 10:31:09.666,0.87692,0.87702,1.50,1.00
2014.06.26 10:31:21.165,0.87692,0.87701,1.00,1.00
2014.06.26 10:31:33.928,0.87692,0.87702,1.50,2.44
2014.06.26 10:31:34.435,0.8769,0.877,2.25,1.00
2014.06.26 10:31:34.941,0.8769,0.877,1.00,1.18
2014.06.26 10:31:35.446,0.87691,0.87701,1.00,1.40
2014.06.26 10:31:36.443,0.87691,0.87701,1.00,1.10
2014.06.26 10:31:39.245,0.87693,0.87701,1.00,1.25
2014.06.26 10:31:39.853,0.87693,0.87703,1.00,1.69
2014.06.26 10:31:53.693,0.87694,0.87704,1.00,3.19
2014.06.26 10:32:00.885,0.87694,0.87704,1.00,2.44
2014.06.26 10:32:03.087,0.87694,0.87704,1.00,2.44
2014.06.26 10:32:10.121,0.87694,0.87704,1.00,2.44
2014.06.26 10:32:11.196,0.87694,0.87704,1.00,2.44
2014.06.26 10:32:11.706,0.87693,0.87703,1.00,1.25
2014.06.26 10:32:17.019,0.87693,0.87703,1.00,1.19
2014.06.26 10:32:17.744,0.87692,0.87702,1.00,1.25
2014.06.26 10:32:21.977,0.87691,0.87701,1.00,1.00
2014.06.26 10:32:30.011,0.87691,0.87701,1.00,1.69
2014.06.26 10:32:34.314,0.87691,0.87701,1.00,1.69
2014.06.26 10:32:35.471,0.87691,0.87701,1.00,1.19
2014.06.26 10:32:38.037,0.87691,0.87701,1.00,1.69
2014.06.26 10:32:42.358,0.87691,0.87701,1.00,2.44
2014.06.26 10:32:47.817,0.8769,0.877,1.50,1.25
2014.06.26 10:32:48.121,0.87689,0.87698,1.00,1.00
2014.06.26 10:32:49.747,0.87687,0.87697,1.10,1.00
2014.06.26 10:32:50.457,0.87686,0.87696,1.69,1.50
2014.06.26 10:32:50.559,0.87686,0.87694,1.50,1.00
2014.06.26 10:32:50.661,0.87683,0.87693,1.50,1.50
2014.06.26 10:32:51.169,0.87682,0.87692,1.00,1.00
2014.06.26 10:32:51.670,0.87681,0.87691,1.00,1.50
2014.06.26 10:32:52.177,0.87681,0.8769,1.00,1.00
2014.06.26 10:32:52.715,0.87681,0.87691,1.50,3.00
2014.06.26 10:32:52.868,0.8768,0.87689,1.00,1.50
2014.06.26 10:32:53.227,0.87679,0.87687,1.00,1.00
2014.06.26 10:32:53.746,0.87678,0.87686,1.00,1.50
2014.06.26 10:32:54.263,0.87677,0.87686,1.50,1.50
2014.06.26 10:32:54.568,0.87677,0.87683,1.00,1.00
2014.06.26 10:32:55.776,0.87675,0.87683,1.00,1.00
2014.06.26 10:32:55.929,0.87675,0.87681,1.00,1.00
2014.06.26 10:32:56.136,0.87675,0.87683,1.00,1.00
2014.06.26 10:32:56.390,0.87675,0.87681,1.00,1.00
2014.06.26 10:32:56.682,0.87673,0.87682,2.25,1.00
2014.06.26 10:32:56.889,0.87675,0.87682,1.00,1.00
2014.06.26 10:32:56.991,0.87673,0.87682,1.50,1.00
2014.06.26 10:32:57.204,0.87675,0.87681,1.00,1.00
2014.06.26 10:32:57.357,0.87675,0.87684,1.00,1.69
2014.06.26 10:32:57.459,0.87677,0.87684,1.00,1.69
2014.06.26 10:32:58.001,0.87678,0.87684,1.00,1.50
2014.06.26 10:32:58.204,0.87676,0.87684,1.00,1.50
2014.06.26 10:32:58.356,0.87676,0.87682,1.00,1.00
2014.06.26 10:32:58.407,0.87673,0.87681,1.00,1.00
2014.06.26 10:32:58.508,0.87671,0.87681,1.00,1.50
2014.06.26 10:32:58.913,0.87673,0.87681,1.00,1.00
2014.06.26 10:32:59.217,0.87677,0.87683,1.00,1.00
2014.06.26 10:32:59.722,0.87677,0.87684,1.00,1.25
2014.06.26 10:33:01.206,0.87678,0.87684,1.00,1.00
2014.06.26 10:33:05.442,0.87677,0.87684,1.00,1.00
2014.06.26 10:33:06.734,0.87678,0.87684,1.00,1.00
2014.06.26 10:33:06.836,0.87678,0.87686,1.00,1.50
2014.06.26 10:33:07.599,0.87679,0.87686,1.00,1.00
2014.06.26 10:33:14.572,0.87679,0.87685,1.00,1.00
2014.06.26 10:33:15.372,0.87678,0.87685,1.00,1.00
2014.06.26 10:33:21.166,0.87678,0.87687,1.00,1.69
2014.06.26 10:33:27.733,0.87678,0.87686,1.00,1.00
2014.06.26 10:33:28.241,0.87678,0.87687,1.50,1.25
2014.06.26 10:33:28.766,0.87678,0.87686,1.50,1.00
2014.06.26 10:33:30.660,0.87677,0.87686,1.50,1.25
2014.06.26 10:33:36.472,0.87677,0.87687,1.65,1.19
2014.06.26 10:33:36.986,0.87679,0.87687,1.00,1.25
2014.06.26 10:33:38.017,0.87678,0.87687,1.58,1.00
2014.06.26 10:33:41.824,0.87677,0.87687,1.50,1.69
2014.06.26 10:33:42.363,0.87678,0.87687,1.00,1.19
2014.06.26 10:33:43.710,0.87677,0.87687,2.25,1.69
2014.06.26 10:33:45.140,0.87677,0.87687,2.25,2.44
2014.06.26 10:33:46.404,0.87677,0.87687,2.25,2.44
2014.06.26 10:33:46.992,0.87677,0.87685,2.25,1.00
2014.06.26 10:33:48.866,0.87677,0.87684,1.50,1.00
2014.06.26 10:33:54.800,0.87677,0.87685,1.00,1.25
2014.06.26 10:34:01.093,0.87677,0.87685,1.00,1.19
2014.06.26 10:34:02.006,0.87677,0.87685,1.00,1.00
2014.06.26 10:34:06.200,0.87676,0.87684,1.00,1.00
2014.06.26 10:34:06.716,0.87675,0.87683,1.00,1.00
2014.06.26 10:34:11.982,0.87675,0.87684,1.00,1.69
2014.06.26 10:34:22.413,0.87676,0.87684,1.00,2.25
2014.06.26 10:34:33.590,0.87676,0.87683,1.00,1.00
2014.06.26 10:34:42.215,0.87676,0.87682,1.00,1.00
2014.06.26 10:34:42.721,0.87675,0.87683,1.00,1.00
2014.06.26 10:34:45.406,0.87675,0.87684,1.00,1.50
2014.06.26 10:34:48.996,0.87674,0.87684,1.00,1.00
2014.06.26 10:34:49.683,0.87674,0.87683,1.00,1.00
2014.06.26 10:34:54.121,0.87674,0.87684,1.50,1.50
2014.06.26 10:35:01.610,0.87675,0.87684,1.00,1.00
2014.06.26 10:35:02.161,0.87675,0.87685,1.50,1.50
2014.06.26 10:35:11.948,0.87676,0.87685,1.00,1.50
2014.06.26 10:35:16.664,0.87677,0.87685,1.00,1.00
2014.06.26 10:35:18.592,0.87677,0.87686,1.00,1.00
2014.06.26 10:35:19.118,0.87677,0.87684,1.00,1.00
2014.06.26 10:35:20.612,0.8768,0.87684,1.00,1.00
2014.06.26 10:35:20.663,0.8768,0.87686,1.00,1.00
2014.06.26 10:35:21.170,0.8768,0.87687,1.00,1.25
2014.06.26 10:35:23.144,0.8768,0.87686,1.00,1.00
2014.06.26 10:35:24.338,0.8768,0.87687,1.00,1.00
2014.06.26 10:35:24.882,0.8768,0.87689,1.00,1.25
2014.06.26 10:35:25.389,0.8768,0.87689,1.00,1.19
2014.06.26 10:35:26.939,0.8768,0.87689,1.00,1.25
2014.06.26 10:35:28.304,0.87681,0.87691,1.00,2.25
2014.06.26 10:35:28.842,0.87682,0.87692,1.50,1.69
2014.06.26 10:35:29.510,0.87683,0.87692,1.00,1.00
2014.06.26 10:35:30.060,0.87683,0.87693,1.00,1.25
2014.06.26 10:35:40.229,0.87685,0.87693,1.00,1.25
2014.06.26 10:35:40.754,0.87686,0.87694,1.00,1.50
2014.06.26 10:35:41.279,0.87687,0.87695,1.00,1.50
2014.06.26 10:35:47.595,0.87687,0.87694,1.00,1.00
2014.06.26 10:35:47.646,0.87685,0.87694,1.50,1.00
2014.06.26 10:35:48.157,0.87685,0.87693,1.50,1.00
2014.06.26 10:35:49.124,0.87685,0.87694,1.50,1.00
2014.06.26 10:35:56.608,0.87685,0.87692,1.50,1.00
2014.06.26 10:35:57.981,0.87685,0.87693,1.69,1.00
2014.06.26 10:36:01.860,0.87684,0.87693,1.69,1.00
2014.06.26 10:36:03.666,0.87686,0.87693,1.00,1.00
2014.06.26 10:36:05.705,0.87685,0.87693,1.00,1.50
2014.06.26 10:36:06.622,0.87689,0.87694,1.00,1.00
2014.06.26 10:36:06.877,0.87688,0.87695,1.50,1.13
2014.06.26 10:36:07.384,0.87687,0.87695,1.10,1.88
2014.06.26 10:36:19.235,0.87686,0.87695,1.50,1.00
2014.06.26 10:36:28.101,0.87686,0.87694,1.00,1.00
2014.06.26 10:36:47.689,0.87686,0.87691,1.00,1.00
2014.06.26 10:36:47.897,0.87684,0.87691,1.50,1.00
2014.06.26 10:36:49.121,0.87684,0.87692,1.50,1.50
2014.06.26 10:36:56.682,0.87684,0.87689,1.00,1.00
2014.06.26 10:36:57.406,0.87684,0.87688,1.00,1.00
2014.06.26 10:36:57.861,0.87683,0.8769,1.00,1.00
2014.06.26 10:37:05.136,0.87683,0.87689,1.00,1.00
2014.06.26 10:37:05.746,0.87682,0.87689,1.50,1.00
2014.06.26 10:37:26.451,0.87682,0.87687,1.00,1.00
2014.06.26 10:37:27.962,0.87683,0.8769,1.00,1.00
2014.06.26 10:37:34.922,0.87682,0.8769,1.00,1.00
2014.06.26 10:37:38.562,0.87682,0.87691,2.25,1.00
2014.06.26 10:37:39.090,0.87683,0.87691,1.00,1.00
2014.06.26 10:37:39.634,0.87684,0.87691,1.50,1.00
2014.06.26 10:37:40.593,0.87684,0.8769,1.50,1.00
2014.06.26 10:37:42.133,0.87684,0.87689,1.00,1.00
2014.06.26 10:37:48.427,0.87684,0.87692,1.02,1.50
2014.06.26 10:37:48.934,0.87685,0.87692,1.00,1.00
2014.06.26 10:37:49.392,0.87685,0.8769,1.00,1.00
2014.06.26 10:37:49.849,0.87685,0.87693,1.00,1.50
2014.06.26 10:37:50.408,0.87685,0.87692,1.00,1.00
2014.06.26 10:37:56.883,0.87683,0.87691,2.40,1.00
2014.06.26 10:37:57.412,0.87684,0.87692,1.50,1.00
2014.06.26 10:38:05.914,0.87683,0.87692,1.84,1.00
2014.06.26 10:38:28.358,0.87684,0.87693,1.00,1.00
2014.06.26 10:38:28.865,0.87684,0.87694,1.00,1.00
2014.06.26 10:38:30.942,0.87685,0.87694,1.00,1.00
2014.06.26 10:38:31.623,0.87684,0.87694,1.00,1.00
2014.06.26 10:38:36.122,0.87685,0.87694,1.00,1.00
2014.06.26 10:38:36.639,0.87685,0.87695,1.50,2.25
2014.06.26 10:38:37.196,0.87686,0.87696,1.00,1.69
2014.06.26 10:38:45.899,0.87685,0.87693,1.25,1.00
2014.06.26 10:38:46.405,0.87685,0.87695,1.02,1.00
2014.06.26 10:38:46.671,0.87687,0.87695,1.00,1.00
2014.06.26 10:38:46.975,0.87688,0.87698,1.00,1.13
2014.06.26 10:38:48.208,0.87689,0.87699,1.00,2.82
2014.06.26 10:38:48.410,0.8769,0.877,1.10,1.00
2014.06.26 10:38:49.047,0.87691,0.87701,1.00,2.07
2014.06.26 10:38:51.200,0.8769,0.877,1.77,1.00
2014.06.26 10:38:51.740,0.8769,0.877,1.50,1.50
2014.06.26 10:39:06.637,0.87691,0.87701,1.00,1.00
2014.06.26 10:39:07.296,0.8769,0.877,1.69,1.50
2014.06.26 10:39:07.629,0.87688,0.87695,1.00,1.00
2014.06.26 10:39:07.731,0.87688,0.87698,2.25,1.13
2014.06.26 10:39:08.245,0.87688,0.87697,1.00,1.00
2014.06.26 10:39:09.851,0.87688,0.87698,1.50,2.63
2014.06.26 10:39:09.957,0.8769,0.87698,1.00,1.88
2014.06.26 10:39:16.314,0.8769,0.87699,1.00,1.38
2014.06.26 10:39:16.816,0.87689,0.87699,1.00,1.88
2014.06.26 10:39:18.011,0.8769,0.87699,1.00,1.38
2014.06.26 10:39:19.399,0.87689,0.87699,1.00,2.07
2014.06.26 10:39:19.704,0.87689,0.87694,1.00,1.00
2014.06.26 10:39:28.038,0.87689,0.87693,1.00,1.00
2014.06.26 10:39:28.905,0.8769,0.87697,1.00,1.13
2014.06.26 10:39:29.360,0.87691,0.87695,1.00,1.00
2014.06.26 10:39:29.614,0.8769,0.87697,1.50,1.13
2014.06.26 10:39:30.767,0.8769,0.877,1.58,2.07
2014.06.26 10:39:30.818,0.8769,0.87697,1.10,1.00
2014.06.26 10:39:30.919,0.87691,0.87699,1.00,1.88
2014.06.26 10:39:31.722,0.8769,0.87699,1.10,1.13
2014.06.26 10:39:32.937,0.87689,0.87699,2.52,1.00
2014.06.26 10:39:38.781,0.8769,0.877,1.00,1.69
2014.06.26 10:39:41.155,0.87695,0.877,1.00,1.00
2014.06.26 10:39:41.360,0.87698,0.87704,1.00,1.00
2014.06.26 10:39:41.462,0.877,0.87704,1.00,1.00
2014.06.26 10:39:41.766,0.87702,0.87711,1.00,1.47
2014.06.26 10:39:42.098,0.877,0.87705,1.50,1.00
2014.06.26 10:39:42.505,0.87696,0.87704,2.25,1.00
2014.06.26 10:39:42.556,0.87696,0.87702,2.25,1.00
2014.06.26 10:39:42.860,0.87696,0.877,2.25,1.00
2014.06.26 10:39:43.163,0.87699,0.87707,1.00,1.10
2014.06.26 10:39:43.266,0.87701,0.8771,1.00,1.18
2014.06.26 10:39:43.368,0.87704,0.8771,1.00,1.08
2014.06.26 10:39:43.420,0.87703,0.87707,1.00,1.00
2014.06.26 10:39:43.673,0.87706,0.87712,1.00,1.00
2014.06.26 10:39:43.876,0.87707,0.87714,1.00,1.00
2014.06.26 10:39:44.646,0.87707,0.87711,1.50,1.00
2014.06.26 10:39:46.428,0.87709,0.87716,1.00,1.00
2014.06.26 10:39:46.968,0.8771,0.87717,1.00,1.00
2014.06.26 10:39:49.127,0.8771,0.87716,1.00,1.00
2014.06.26 10:39:53.376,0.8771,0.87716,1.19,1.00
2014.06.26 10:39:57.292,0.8771,0.87716,1.00,1.00
2014.06.26 10:39:58.062,0.87714,0.8772,1.00,1.00
2014.06.26 10:39:58.113,0.87715,0.87721,1.00,1.00
2014.06.26 10:39:58.316,0.87718,0.87725,1.00,1.00
2014.06.26 10:39:58.822,0.87718,0.87727,1.50,1.00
2014.06.26 10:39:59.127,0.87717,0.87727,1.50,1.00
2014.06.26 10:39:59.330,0.87717,0.87721,1.50,1.00
2014.06.26 10:39:59.836,0.87717,0.87722,1.00,1.00
2014.06.26 10:40:01.145,0.87718,0.87722,1.00,1.00
2014.06.26 10:40:03.083,0.87716,0.87721,1.69,1.00
2014.06.26 10:40:03.399,0.87718,0.87724,1.00,1.00
2014.06.26 10:40:03.450,0.87714,0.87722,2.25,1.00
2014.06.26 10:40:05.373,0.87716,0.87724,1.00,1.00
2014.06.26 10:40:05.475,0.87716,0.87726,1.50,1.00
2014.06.26 10:40:06.535,0.87717,0.87727,1.00,1.50
2014.06.26 10:40:06.586,0.8772,0.87727,1.00,1.00
2014.06.26 10:40:06.636,0.8772,0.87729,1.00,1.10
2014.06.26 10:40:06.688,0.87719,0.87729,1.00,1.18
2014.06.26 10:40:06.994,0.8772,0.87728,1.00,1.00
2014.06.26 10:40:07.349,0.87719,0.87729,1.50,1.50
2014.06.26 10:40:10.888,0.8772,0.87727,1.00,1.00
2014.06.26 10:40:14.853,0.8772,0.87728,1.00,1.00
2014.06.26 10:40:15.056,0.87719,0.87723,1.00,1.00
2014.06.26 10:40:15.571,0.87721,0.87729,1.00,1.00
2014.06.26 10:40:20.195,0.8772,0.87724,1.00,1.00
2014.06.26 10:40:20.818,0.87721,0.87729,1.00,1.00
2014.06.26 10:40:21.590,0.87719,0.87725,1.00,1.00
2014.06.26 10:40:22.249,0.87721,0.87729,1.00,1.00
2014.06.26 10:40:25.562,0.8772,0.87724,1.00,1.00
2014.06.26 10:40:31.046,0.87721,0.87729,1.00,1.10
2014.06.26 10:40:40.020,0.8772,0.87724,1.00,1.00
2014.06.26 10:40:40.537,0.87721,0.87725,1.00,1.00
2014.06.26 10:40:41.087,0.8772,0.87724,1.00,1.00
2014.06.26 10:40:47.677,0.8772,0.87724,1.00,1.00
2014.06.26 10:40:48.199,0.87718,0.87723,1.00,1.00
2014.06.26 10:40:48.300,0.87718,0.87723,1.00,1.00
2014.06.26 10:40:48.351,0.87718,0.87726,1.00,1.00
2014.06.26 10:40:48.554,0.87718,0.87723,1.50,1.00
2014.06.26 10:40:48.605,0.87719,0.87727,1.00,2.18
2014.06.26 10:40:48.809,0.87718,0.87723,1.00,1.00
2014.06.26 10:40:52.751,0.87718,0.87722,1.00,1.00
2014.06.26 10:40:58.584,0.87715,0.87721,1.25,1.00
2014.06.26 10:40:58.737,0.87716,0.87721,1.25,1.00
2014.06.26 10:40:59.248,0.87717,0.87722,1.00,1.00
2014.06.26 10:40:59.754,0.87716,0.87723,1.69,1.00
2014.06.26 10:41:02.027,0.87718,0.87723,1.00,1.00
2014.06.26 10:41:02.331,0.87719,0.87729,1.00,1.02
2014.06.26 10:41:04.840,0.87719,0.87723,1.00,1.00
2014.06.26 10:41:05.341,0.87718,0.87722,1.00,1.00
2014.06.26 10:41:05.442,0.87717,0.87722,1.50,1.00
2014.06.26 10:41:06.338,0.87718,0.87722,1.00,1.00
2014.06.26 10:41:07.150,0.87717,0.87722,1.50,1.00
2014.06.26 10:41:07.678,0.87717,0.87721,1.50,1.00
2014.06.26 10:41:08.565,0.87717,0.87722,1.50,1.00
2014.06.26 10:41:09.087,0.87717,0.87723,1.50,1.00
2014.06.26 10:41:09.629,0.87718,0.87723,1.00,1.00
2014.06.26 10:41:11.335,0.87718,0.87725,1.00,1.00
2014.06.26 10:41:12.098,0.87718,0.87724,1.00,1.00
2014.06.26 10:41:12.609,0.87718,0.87725,1.00,1.00
2014.06.26 10:41:13.127,0.87718,0.87724,1.00,1.00
2014.06.26 10:41:16.365,0.87718,0.87725,1.00,1.00
2014.06.26 10:41:16.610,0.87718,0.87723,1.00,1.00
2014.06.26 10:41:17.135,0.87718,0.87722,1.00,1.00
2014.06.26 10:41:18.327,0.87718,0.87723,1.00,1.00
2014.06.26 10:41:23.995,0.87718,0.87722,1.00,1.00
2014.06.26 10:41:25.847,0.87718,0.87724,1.00,1.00
2014.06.26 10:41:30.605,0.87719,0.87723,1.00,1.00
2014.06.26 10:41:32.667,0.87717,0.87723,1.25,1.00
2014.06.26 10:41:36.892,0.87719,0.87723,1.50,1.00
2014.06.26 10:41:39.865,0.87714,0.87722,1.65,1.00
2014.06.26 10:41:40.083,0.87715,0.87721,1.00,1.00
2014.06.26 10:41:40.135,0.87717,0.87721,1.50,1.00
2014.06.26 10:41:40.591,0.87717,0.87723,1.50,1.00
2014.06.26 10:41:44.565,0.87717,0.87722,1.50,1.00
2014.06.26 10:41:50.176,0.87717,0.87721,1.00,1.00
2014.06.26 10:42:01.083,0.87715,0.8772,1.00,1.00
2014.06.26 10:42:07.389,0.87714,0.87719,1.00,1.00
2014.06.26 10:42:08.859,0.87712,0.87719,2.44,1.00
2014.06.26 10:42:08.910,0.87715,0.8772,1.00,1.00
2014.06.26 10:42:09.074,0.87715,0.87721,1.00,1.00
2014.06.26 10:42:13.165,0.87715,0.8772,1.00,1.00
2014.06.26 10:42:20.871,0.87715,0.87719,1.25,1.00
2014.06.26 10:42:21.457,0.87714,0.87719,1.00,1.00
2014.06.26 10:42:27.604,0.87715,0.87719,1.00,1.00
2014.06.26 10:42:35.837,0.87715,0.87722,1.00,1.00
2014.06.26 10:42:35.888,0.87711,0.87719,1.50,1.00
2014.06.26 10:42:36.093,0.87713,0.87717,1.00,1.00
2014.06.26 10:42:36.194,0.87708,0.87714,1.10,1.00
2014.06.26 10:42:36.397,0.87706,0.87711,1.50,1.00
2014.06.26 10:42:36.705,0.87706,0.8771,1.50,1.00
2014.06.26 10:42:38.610,0.87704,0.8771,1.00,1.00
2014.06.26 10:42:38.815,0.87703,0.87708,1.00,1.00
2014.06.26 10:42:39.169,0.87704,0.8771,1.00,1.00
2014.06.26 10:42:39.373,0.87705,0.87712,1.00,1.00
2014.06.26 10:42:39.424,0.87707,0.87712,1.00,1.00
2014.06.26 10:42:40.471,0.87703,0.87712,1.50,1.50
2014.06.26 10:42:40.573,0.87703,0.8771,1.00,1.00
2014.06.26 10:42:41.102,0.87702,0.87709,1.25,1.00
2014.06.26 10:42:41.651,0.87702,0.87708,1.00,1.00
2014.06.26 10:42:42.864,0.87702,0.87709,1.00,1.00
2014.06.26 10:42:43.350,0.87701,0.87705,1.00,1.00
2014.06.26 10:42:43.401,0.877,0.87705,1.00,1.00
2014.06.26 10:42:43.553,0.87699,0.87703,1.00,1.00
2014.06.26 10:42:43.604,0.87698,0.87703,1.00,1.00
2014.06.26 10:42:43.858,0.87695,0.87701,1.58,1.00
2014.06.26 10:42:44.164,0.87691,0.87697,1.00,1.00
2014.06.26 10:42:44.540,0.8769,0.87697,1.69,1.00
2014.06.26 10:42:44.862,0.8769,0.877,2.44,1.50
2014.06.26 10:42:45.115,0.87691,0.87697,1.00,1.00
2014.06.26 10:42:45.721,0.87691,0.87696,1.00,1.00
2014.06.26 10:42:46.143,0.87692,0.87698,1.00,1.00
2014.06.26 10:42:46.651,0.87691,0.87698,1.50,1.00
2014.06.26 10:42:47.546,0.87691,0.87695,1.50,1.00
2014.06.26 10:42:47.915,0.87688,0.87694,1.50,1.00
2014.06.26 10:42:47.967,0.87687,0.87693,1.25,1.00
2014.06.26 10:42:48.474,0.87687,0.87692,1.25,1.00
2014.06.26 10:42:48.986,0.87687,0.87691,1.00,1.00
2014.06.26 10:42:49.088,0.87687,0.87693,1.00,1.00
2014.06.26 10:42:56.782,0.87687,0.87692,1.00,1.00
2014.06.26 10:43:05.850,0.87687,0.87693,1.00,1.00
2014.06.26 10:43:06.394,0.87686,0.87693,1.00,1.00
2014.06.26 10:43:08.156,0.87686,0.87695,1.00,2.25
2014.06.26 10:43:08.208,0.8769,0.87695,1.00,1.00
2014.06.26 10:43:08.417,0.87691,0.87698,1.00,1.50
2014.06.26 10:43:08.621,0.87691,0.877,1.00,3.00
2014.06.26 10:43:08.926,0.87694,0.877,1.00,1.00
2014.06.26 10:43:09.179,0.87697,0.87704,1.00,1.50
2014.06.26 10:43:09.281,0.87697,0.87702,1.00,1.00
2014.06.26 10:43:10.293,0.87698,0.87702,1.00,1.00
2014.06.26 10:43:11.586,0.87697,0.87702,1.50,1.00
2014.06.26 10:43:14.443,0.87696,0.87702,1.00,1.00
2014.06.26 10:43:16.254,0.87696,0.87701,1.00,1.00
2014.06.26 10:43:17.492,0.87696,0.87702,1.00,1.00
2014.06.26 10:43:22.452,0.87695,0.87702,1.69,1.00
2014.06.26 10:43:22.979,0.87694,0.87701,1.69,1.00
2014.06.26 10:43:25.408,0.87694,0.87701,1.50,1.00
2014.06.26 10:43:32.061,0.87694,0.87701,1.69,1.00
2014.06.26 10:43:36.877,0.87694,0.87701,1.50,1.00
2014.06.26 10:43:39.084,0.87694,0.87701,1.69,1.00
2014.06.26 10:43:43.601,0.87694,0.87701,1.69,1.00
2014.06.26 10:43:44.286,0.87694,0.87702,1.69,1.00
2014.06.26 10:43:45.024,0.87695,0.87702,1.00,1.00
2014.06.26 10:43:46.483,0.87695,0.87701,1.25,1.00
2014.06.26 10:43:47.737,0.87695,0.87701,1.19,1.00
2014.06.26 10:43:48.763,0.87695,0.87701,1.25,1.00
2014.06.26 10:43:49.636,0.87695,0.87702,1.00,1.50
2014.06.26 10:44:05.172,0.87693,0.87702,1.19,1.50
2014.06.26 10:44:05.476,0.87693,0.877,1.00,1.00
2014.06.26 10:44:05.983,0.87692,0.877,1.69,1.00
2014.06.26 10:44:09.967,0.87692,0.877,1.19,1.00
2014.06.26 10:44:11.016,0.87692,0.877,1.25,1.00
2014.06.26 10:44:21.352,0.87692,0.877,1.19,1.00
2014.06.26 10:44:22.343,0.87692,0.877,1.25,1.00
2014.06.26 10:44:24.854,0.87692,0.877,1.19,1.00
2014.06.26 10:44:27.466,0.87692,0.877,1.25,1.00
2014.06.26 10:44:28.181,0.87692,0.87697,1.00,1.00
2014.06.26 10:44:28.436,0.87687,0.87694,1.10,1.00
2014.06.26 10:44:28.982,0.87687,0.87693,1.00,1.00
2014.06.26 10:44:34.048,0.87687,0.87694,1.25,1.00
2014.06.26 10:44:34.114,0.8769,0.87694,1.00,1.00
2014.06.26 10:44:41.632,0.8769,0.87695,1.00,1.00
2014.06.26 10:44:55.051,0.8769,0.87694,1.00,1.00
2014.06.26 10:44:55.203,0.87688,0.87694,1.00,1.00
2014.06.26 10:44:57.218,0.87688,0.87695,1.00,1.00
2014.06.26 10:45:00.531,0.87688,0.87694,1.00,1.00
2014.06.26 10:45:02.114,0.87689,0.87694,1.00,1.00
2014.06.26 10:45:31.646,0.87689,0.87695,1.00,1.00
2014.06.26 10:45:56.616,0.87689,0.87696,1.00,1.00
2014.06.26 10:46:08.822,0.87689,0.87694,1.00,1.00
2014.06.26 10:46:09.938,0.87688,0.87694,1.00,1.00
2014.06.26 10:46:11.395,0.87688,0.87696,1.00,1.00
2014.06.26 10:46:15.531,0.87688,0.87695,1.00,1.00
2014.06.26 10:46:23.145,0.87688,0.87696,1.00,1.00
2014.06.26 10:46:23.717,0.87688,0.87695,1.00,1.00
2014.06.26 10:46:34.154,0.87688,0.87694,1.00,1.00
2014.06.26 10:46:34.702,0.87687,0.87694,1.00,1.00
2014.06.26 10:46:46.141,0.87688,0.87694,1.00,1.00
2014.06.26 10:46:47.890,0.87688,0.87693,1.00,1.00
2014.06.26 10:46:51.231,0.87686,0.87693,1.50,1.00
2014.06.26 10:46:59.349,0.87686,0.87693,1.69,1.00
2014.06.26 10:47:06.345,0.87686,0.87693,1.69,1.00
2014.06.26 10:47:09.158,0.87686,0.87691,1.69,1.00
2014.06.26 10:47:17.590,0.87685,0.87691,2.25,1.00
2014.06.26 10:47:19.117,0.87685,0.87691,2.44,1.00
2014.06.26 10:47:21.549,0.87685,0.87692,2.44,1.00
2014.06.26 10:47:25.719,0.87685,0.87692,2.25,1.00
2014.06.26 10:47:30.255,0.87685,0.87692,2.44,1.00
2014.06.26 10:47:36.362,0.87685,0.87691,2.44,1.00
2014.06.26 10:47:38.705,0.87685,0.87692,2.44,1.00
2014.06.26 10:47:39.246,0.87685,0.87692,2.44,1.00
2014.06.26 10:47:40.275,0.87685,0.87692,2.44,1.00
2014.06.26 10:47:41.142,0.87686,0.87692,1.00,1.00
2014.06.26 10:47:43.360,0.87687,0.87692,1.00,1.00
2014.06.26 10:47:47.701,0.87686,0.87692,1.00,1.00
2014.06.26 10:47:48.214,0.87686,0.87691,1.00,1.00
2014.06.26 10:47:56.430,0.87683,0.87691,1.19,1.00
2014.06.26 10:47:56.583,0.87683,0.87689,1.00,1.00
2014.06.26 10:47:58.881,0.87683,0.8769,1.00,1.00
2014.06.26 10:48:12.636,0.87683,0.87691,1.00,1.00
2014.06.26 10:48:15.551,0.87682,0.87691,1.25,1.00
2014.06.26 10:48:15.854,0.87681,0.87686,1.50,1.00
2014.06.26 10:48:17.484,0.87682,0.87686,1.00,1.00
2014.06.26 10:48:56.127,0.87682,0.87688,1.50,1.00
2014.06.26 10:48:56.880,0.87681,0.87688,1.00,1.00
2014.06.26 10:49:00.086,0.87681,0.87687,1.00,1.00
2014.06.26 10:49:01.570,0.87681,0.87688,1.00,1.00
2014.06.26 10:49:03.754,0.8768,0.87688,1.00,1.00
2014.06.26 10:49:04.353,0.87679,0.87687,1.00,1.00
2014.06.26 10:49:05.340,0.87679,0.87685,1.00,1.00
2014.06.26 10:49:05.842,0.87679,0.87686,1.00,1.00
2014.06.26 10:49:17.593,0.8768,0.87686,1.00,1.00
2014.06.26 10:49:17.644,0.8768,0.87688,1.00,1.00
2014.06.26 10:49:20.369,0.87679,0.87688,1.25,1.00
2014.06.26 10:49:21.437,0.87679,0.87685,1.00,1.00
2014.06.26 10:49:21.691,0.8768,0.87687,1.00,1.00
2014.06.26 10:49:22.375,0.87679,0.87687,1.00,1.00
2014.06.26 10:49:30.305,0.87681,0.87687,1.00,1.00
2014.06.26 10:49:30.608,0.87679,0.87687,1.00,1.00
2014.06.26 10:49:54.411,0.8768,0.87687,1.00,1.00
2014.06.26 10:50:06.283,0.87681,0.87687,1.00,1.00
2014.06.26 10:50:06.766,0.87681,0.87689,1.00,1.00
2014.06.26 10:50:10.398,0.87682,0.87689,1.00,1.50
2014.06.26 10:50:11.391,0.87682,0.87688,1.00,1.00
2014.06.26 10:50:11.929,0.87682,0.87689,1.00,1.00
2014.06.26 10:50:12.438,0.87681,0.87689,1.00,1.00
2014.06.26 10:50:12.976,0.87683,0.87689,1.00,1.50
2014.06.26 10:50:15.932,0.87682,0.87689,1.00,1.00
2014.06.26 10:50:16.434,0.87683,0.87689,1.00,1.00
2014.06.26 10:50:16.841,0.87681,0.87689,1.25,1.00
2014.06.26 10:50:18.028,0.87682,0.87689,1.00,1.50
2014.06.26 10:50:18.233,0.8768,0.87689,1.25,1.00
2014.06.26 10:50:18.435,0.87683,0.87689,1.00,1.00
2014.06.26 10:50:23.115,0.87681,0.87689,1.50,1.00
2014.06.26 10:50:23.677,0.87682,0.87689,1.00,1.00
2014.06.26 10:50:27.633,0.87681,0.87689,1.00,1.00
2014.06.26 10:50:27.776,0.87683,0.87689,1.00,1.00
2014.06.26 10:50:29.774,0.8768,0.87689,1.69,1.00
2014.06.26 10:50:30.300,0.87681,0.87689,1.50,1.00
2014.06.26 10:50:30.819,0.87682,0.87689,1.00,1.00
2014.06.26 10:50:35.862,0.87683,0.87689,1.00,1.00
2014.06.26 10:50:36.064,0.87681,0.87689,1.00,1.65
2014.06.26 10:50:36.574,0.87681,0.87689,1.00,1.18
2014.06.26 10:50:37.620,0.87681,0.87689,1.00,1.10
2014.06.26 10:50:45.781,0.8768,0.87689,1.69,1.10
2014.06.26 10:50:46.793,0.8768,0.87688,1.00,1.00
2014.06.26 10:50:47.294,0.8768,0.87689,1.50,1.10
2014.06.26 10:50:49.250,0.8768,0.87688,1.00,1.00
2014.06.26 10:50:49.768,0.87679,0.87688,1.00,1.00
2014.06.26 10:50:49.819,0.87682,0.87688,1.00,1.00
2014.06.26 10:50:49.971,0.87679,0.87688,1.00,1.10
2014.06.26 10:50:50.600,0.87678,0.87688,1.69,1.50
2014.06.26 10:50:51.362,0.87679,0.87688,1.00,1.50
2014.06.26 10:50:53.188,0.87679,0.87689,1.50,3.08
2014.06.26 10:50:55.015,0.87679,0.87687,1.50,1.00
2014.06.26 10:51:10.382,0.87679,0.87687,1.69,1.00
2014.06.26 10:51:13.899,0.87679,0.87687,1.69,1.00
2014.06.26 10:51:20.455,0.87678,0.87687,1.25,1.50
2014.06.26 10:51:20.976,0.87682,0.87688,1.00,1.00
2014.06.26 10:51:21.303,0.87687,0.87695,1.00,1.00
2014.06.26 10:51:21.455,0.87689,0.87695,1.50,1.00
2014.06.26 10:51:21.966,0.87688,0.87695,1.00,1.00
2014.06.26 10:51:22.474,0.87687,0.87694,1.00,1.00
2014.06.26 10:51:23.367,0.87688,0.87694,1.00,1.00
2014.06.26 10:51:26.099,0.87687,0.87694,1.25,1.00
2014.06.26 10:51:26.612,0.87688,0.87694,1.00,1.00
2014.06.26 10:51:32.128,0.87686,0.87694,1.25,1.00
2014.06.26 10:51:32.634,0.87686,0.87693,1.25,1.00
2014.06.26 10:51:34.599,0.87685,0.87693,1.69,1.00
2014.06.26 10:51:35.512,0.87685,0.87694,1.25,1.00
2014.06.26 10:51:35.614,0.87687,0.87694,1.00,1.00
2014.06.26 10:51:38.856,0.87689,0.87694,1.00,1.00
2014.06.26 10:51:39.368,0.8769,0.87695,1.00,1.00
2014.06.26 10:51:40.668,0.87689,0.87695,1.25,1.00
2014.06.26 10:51:44.901,0.8769,0.87697,1.25,1.50
2014.06.26 10:51:44.951,0.87692,0.87697,1.00,1.00
2014.06.26 10:51:45.003,0.87692,0.87699,1.00,1.00
2014.06.26 10:51:45.206,0.87693,0.87702,1.69,1.00
2014.06.26 10:51:47.943,0.87692,0.87702,1.19,1.50
2014.06.26 10:51:49.616,0.87693,0.87701,1.19,1.00
2014.06.26 10:51:50.128,0.87693,0.87701,1.25,1.50
2014.06.26 10:51:52.569,0.87694,0.87701,1.00,1.00
2014.06.26 10:51:53.075,0.87693,0.87701,1.25,1.00
2014.06.26 10:51:58.858,0.87692,0.87701,1.19,1.00
2014.06.26 10:52:00.065,0.87692,0.87701,1.19,1.00
2014.06.26 10:52:02.976,0.87692,0.87701,1.25,1.00
2014.06.26 10:52:10.382,0.87691,0.87699,1.69,1.00
2014.06.26 10:52:10.940,0.87689,0.87698,1.69,1.00
2014.06.26 10:52:11.454,0.87689,0.87697,1.50,1.00
2014.06.26 10:52:19.251,0.87685,0.87693,1.77,1.00
2014.06.26 10:52:21.059,0.87685,0.87694,2.52,1.00
2014.06.26 10:52:21.110,0.87685,0.87694,1.39,1.00
2014.06.26 10:52:22.468,0.87685,0.87692,1.39,1.00
2014.06.26 10:52:33.898,0.87684,0.87693,2.52,1.00
2014.06.26 10:52:40.903,0.87684,0.87694,2.44,1.00
2014.06.26 10:52:42.781,0.87684,0.87694,2.44,1.00
2014.06.26 10:52:44.991,0.87684,0.87694,2.44,1.00
2014.06.26 10:52:50.138,0.87684,0.87694,1.25,1.00
2014.06.26 10:52:50.479,0.8768,0.87688,2.44,1.00
2014.06.26 10:52:50.734,0.87677,0.87685,2.07,1.00
2014.06.26 10:52:51.853,0.87677,0.87685,1.25,1.50
2014.06.26 10:52:58.752,0.87674,0.87684,2.97,1.00
2014.06.26 10:53:03.371,0.87679,0.87684,1.00,1.00
2014.06.26 10:53:03.878,0.87676,0.87685,1.84,1.00
2014.06.26 10:53:04.182,0.87675,0.87683,1.77,1.50
2014.06.26 10:53:04.688,0.87675,0.87684,1.69,2.25
2014.06.26 10:53:06.217,0.87676,0.87684,1.19,2.25
2014.06.26 10:53:06.876,0.87675,0.87683,1.19,1.00
2014.06.26 10:53:07.382,0.87674,0.87684,2.22,1.00
2014.06.26 10:53:07.939,0.87675,0.87684,1.63,1.00
2014.06.26 10:53:08.446,0.87675,0.87683,1.63,1.00
2014.06.26 10:53:08.952,0.87674,0.87683,2.07,1.00
2014.06.26 10:53:09.458,0.87674,0.87684,2.82,1.00
2014.06.26 10:53:10.697,0.87675,0.87682,1.19,1.00
2014.06.26 10:53:11.567,0.87674,0.87682,1.13,1.00
2014.06.26 10:53:11.668,0.87675,0.87682,1.19,1.00
2014.06.26 10:53:11.770,0.87675,0.87681,1.00,1.00
2014.06.26 10:53:12.226,0.87675,0.87681,1.19,1.00
2014.06.26 10:53:12.277,0.87675,0.87681,1.00,1.00
2014.06.26 10:53:12.682,0.87674,0.87682,1.19,1.00
2014.06.26 10:53:12.784,0.87674,0.87682,1.19,1.00
2014.06.26 10:53:12.886,0.87675,0.87682,1.19,1.00
2014.06.26 10:53:13.392,0.87673,0.87682,3.34,1.00
2014.06.26 10:53:13.899,0.87673,0.8768,2.44,1.00
2014.06.26 10:53:14.406,0.87673,0.87684,3.27,1.00
2014.06.26 10:53:14.665,0.87673,0.87686,4.02,1.00
2014.06.26 10:53:14.867,0.87673,0.87686,2.07,1.58
2014.06.26 10:53:15.120,0.87674,0.87684,1.25,1.00
2014.06.26 10:53:15.222,0.87674,0.87686,1.25,1.00
2014.06.26 10:53:15.323,0.87674,0.87682,1.25,1.00
2014.06.26 10:53:15.830,0.87674,0.87681,1.25,1.00
2014.06.26 10:53:16.335,0.87674,0.87682,1.69,1.50
2014.06.26 10:53:16.841,0.87675,0.87681,1.00,1.50
2014.06.26 10:53:17.347,0.87675,0.8768,1.00,1.00
2014.06.26 10:53:19.403,0.87675,0.8768,1.19,1.00
2014.06.26 10:53:20.103,0.87675,0.8768,1.00,1.00
2014.06.26 10:53:23.083,0.87674,0.8768,1.00,1.00
2014.06.26 10:53:23.544,0.87675,0.87682,1.19,1.50
2014.06.26 10:53:24.152,0.87674,0.8768,1.19,1.00
2014.06.26 10:53:24.254,0.87674,0.87681,1.00,1.00
2014.06.26 10:53:24.558,0.87675,0.87682,1.19,1.50
2014.06.26 10:53:24.903,0.87674,0.8768,1.00,1.00
2014.06.26 10:53:25.208,0.87675,0.87682,1.69,1.00
2014.06.26 10:53:25.512,0.87675,0.8768,1.00,1.00
2014.06.26 10:53:26.027,0.87674,0.87681,1.69,1.00
2014.06.26 10:53:26.634,0.87674,0.87682,1.69,1.00
2014.06.26 10:53:27.141,0.87674,0.87681,1.00,1.00
2014.06.26 10:53:28.153,0.87673,0.87681,1.32,1.00
2014.06.26 10:53:30.644,0.87674,0.87681,1.25,1.00
2014.06.26 10:53:32.854,0.87673,0.87681,1.69,1.00
2014.06.26 10:53:33.153,0.87673,0.87681,2.44,1.00
2014.06.26 10:53:35.251,0.87673,0.87682,2.44,1.00
2014.06.26 10:53:35.879,0.87674,0.8768,1.00,1.00
2014.06.26 10:53:36.387,0.87674,0.87682,1.00,1.50
2014.06.26 10:53:36.691,0.87675,0.8768,1.00,1.00
2014.06.26 10:53:36.793,0.87673,0.8768,2.82,1.00
2014.06.26 10:53:36.914,0.87673,0.87682,2.82,1.50
2014.06.26 10:53:36.966,0.87673,0.87681,2.82,1.00
2014.06.26 10:53:37.018,0.87673,0.87681,2.07,1.00
2014.06.26 10:53:37.120,0.87673,0.87681,3.57,1.00
2014.06.26 10:53:38.145,0.87674,0.87681,1.00,1.00
2014.06.26 10:53:38.651,0.87674,0.8768,1.50,1.00
2014.06.26 10:53:39.196,0.87674,0.87682,2.44,1.00
2014.06.26 10:53:40.462,0.87676,0.87681,1.00,1.00
2014.06.26 10:53:43.102,0.87675,0.87681,1.25,1.00
2014.06.26 10:53:43.645,0.87676,0.87681,1.00,1.00
2014.06.26 10:53:47.208,0.87675,0.87683,1.19,1.00
2014.06.26 10:53:47.816,0.87676,0.87682,1.25,1.00
2014.06.26 10:53:48.322,0.87674,0.87683,1.19,1.50
2014.06.26 10:53:48.879,0.87675,0.87682,1.19,1.00
2014.06.26 10:53:49.090,0.87675,0.8768,1.19,1.00
2014.06.26 10:53:49.192,0.87674,0.87683,1.69,1.00
2014.06.26 10:53:49.395,0.87674,0.87681,1.69,1.00
2014.06.26 10:54:04.220,0.87676,0.87682,1.00,1.00
2014.06.26 10:54:08.146,0.87674,0.87682,1.19,1.00
2014.06.26 10:54:09.349,0.87673,0.8768,1.50,1.00
2014.06.26 10:54:09.653,0.87674,0.87684,2.59,1.00
2014.06.26 10:54:10.159,0.87675,0.87685,1.77,1.00
2014.06.26 10:54:10.462,0.87675,0.87683,1.77,1.00
2014.06.26 10:54:11.149,0.87675,0.87682,1.29,1.00
2014.06.26 10:54:23.193,0.87676,0.87686,1.25,1.50
2014.06.26 10:54:23.295,0.87678,0.87686,1.38,1.00
2014.06.26 10:54:23.346,0.87678,0.87688,1.38,1.50
2014.06.26 10:54:23.863,0.8768,0.87687,1.13,1.00
2014.06.26 10:54:25.412,0.8768,0.87687,1.32,1.00
2014.06.26 10:54:26.919,0.8768,0.87687,1.32,1.00
2014.06.26 10:54:33.946,0.8768,0.87687,1.32,1.00
2014.06.26 10:54:34.048,0.8768,0.87689,1.19,1.50
2014.06.26 10:54:34.777,0.8768,0.87688,1.19,1.00
2014.06.26 10:54:35.992,0.8768,0.87688,1.19,1.00
2014.06.26 10:54:39.472,0.8768,0.87688,1.19,1.00
2014.06.26 10:54:42.197,0.8768,0.87688,1.69,1.00
2014.06.26 10:54:43.227,0.8768,0.87688,1.19,1.00
2014.06.26 10:54:50.328,0.8768,0.87688,1.69,1.50
2014.06.26 10:54:51.833,0.8768,0.87688,1.19,1.50
2014.06.26 10:54:52.605,0.8768,0.87689,1.19,1.00
2014.06.26 10:54:59.797,0.8768,0.87689,1.69,1.00
2014.06.26 10:55:00.871,0.87681,0.87687,1.19,1.00
2014.06.26 10:55:01.802,0.87679,0.87687,2.82,1.00
2014.06.26 10:55:02.793,0.8768,0.87687,1.19,1.00
2014.06.26 10:55:14.160,0.8768,0.8769,1.69,1.50
2014.06.26 10:55:14.667,0.8768,0.8769,2.82,1.50
2014.06.26 10:55:17.862,0.8768,0.87689,1.57,1.50
2014.06.26 10:55:24.779,0.8768,0.87688,1.32,1.00
2014.06.26 10:55:25.242,0.8768,0.8769,2.07,1.00
2014.06.26 10:55:30.342,0.8768,0.87688,1.69,1.00
2014.06.26 10:55:33.223,0.8768,0.87689,1.19,1.00
2014.06.26 10:55:33.738,0.8768,0.8769,2.52,1.50
2014.06.26 10:55:34.391,0.8768,0.8769,2.52,1.50
2014.06.26 10:55:42.732,0.8768,0.8769,3.64,1.50
2014.06.26 10:55:43.636,0.87682,0.8769,1.25,1.00
2014.06.26 10:55:45.355,0.8768,0.8769,1.25,1.00
2014.06.26 10:55:45.406,0.8768,0.87687,1.25,1.00
2014.06.26 10:55:45.711,0.87675,0.87683,1.00,1.00
2014.06.26 10:55:46.219,0.87674,0.87682,1.13,1.00
2014.06.26 10:55:46.727,0.87672,0.87681,3.19,1.00
2014.06.26 10:55:48.159,0.87672,0.87681,1.19,1.00
2014.06.26 10:55:54.613,0.87672,0.87681,1.25,1.00
2014.06.26 10:55:55.170,0.87673,0.87681,1.00,1.00
2014.06.26 10:55:59.231,0.87673,0.87681,1.19,1.00
2014.06.26 10:56:00.715,0.87673,0.87683,1.19,1.00
2014.06.26 10:56:05.925,0.87672,0.87682,2.14,1.00
2014.06.26 10:56:06.128,0.87672,0.8768,1.19,1.00
2014.06.26 10:56:06.933,0.87672,0.8768,1.25,1.00
2014.06.26 10:56:25.662,0.87674,0.87682,1.00,1.50
2014.06.26 10:56:50.403,0.87673,0.87683,1.00,1.50
2014.06.26 10:56:50.829,0.87675,0.87683,1.00,1.50
2014.06.26 10:57:18.995,0.87674,0.87684,1.00,1.50
2014.06.26 10:57:23.382,0.87672,0.87682,1.69,1.50
2014.06.26 10:57:23.685,0.87675,0.87684,1.00,1.50
2014.06.26 10:57:24.727,0.87674,0.87684,1.69,2.25
2014.06.26 10:57:28.840,0.87674,0.87684,1.25,2.25
2014.06.26 10:57:31.473,0.87674,0.87684,1.19,2.25
2014.06.26 10:57:36.430,0.87674,0.87684,1.25,1.50
2014.06.26 10:57:38.476,0.87674,0.87684,1.19,1.00
2014.06.26 10:57:38.628,0.87678,0.87687,1.00,1.00
2014.06.26 10:57:38.679,0.87678,0.87685,1.00,1.00
2014.06.26 10:57:38.730,0.87674,0.87685,2.07,1.00
2014.06.26 10:57:38.781,0.87674,0.87683,1.32,1.13
2014.06.26 10:57:39.288,0.87674,0.87682,1.25,1.50
2014.06.26 10:57:39.490,0.87672,0.87681,1.50,1.00
2014.06.26 10:57:39.642,0.8767,0.87679,1.19,1.00
2014.06.26 10:57:39.744,0.87669,0.87679,1.25,3.00
2014.06.26 10:57:39.946,0.87665,0.87672,1.32,1.00
2014.06.26 10:57:39.997,0.87664,0.87672,1.50,1.00
2014.06.26 10:57:40.502,0.87663,0.87673,1.50,1.50
2014.06.26 10:57:41.177,0.87663,0.87673,1.69,1.50
2014.06.26 10:57:50.864,0.87663,0.87673,2.44,2.25
2014.06.26 10:57:54.450,0.87663,0.87673,2.44,2.25
2014.06.26 10:57:54.755,0.87662,0.87669,1.19,1.00
2014.06.26 10:57:54.856,0.8766,0.8767,1.50,1.50
2014.06.26 10:57:54.958,0.8766,0.87668,1.00,1.00
2014.06.26 10:57:55.263,0.87661,0.87671,1.00,2.40
2014.06.26 10:57:55.466,0.87659,0.87669,1.69,3.00
2014.06.26 10:57:55.770,0.87659,0.87667,1.25,1.00
2014.06.26 10:57:56.276,0.87659,0.87668,1.00,1.00
2014.06.26 10:57:57.288,0.87659,0.87667,1.00,1.00
2014.06.26 10:57:57.794,0.87658,0.87668,1.69,2.25
2014.06.26 10:57:58.097,0.8766,0.87668,1.00,1.00
2014.06.26 10:57:58.614,0.87659,0.87668,1.00,1.00
2014.06.26 10:57:59.153,0.87658,0.87668,1.00,1.50
2014.06.26 10:57:59.507,0.8766,0.87668,1.00,1.50
2014.06.26 10:57:59.558,0.87658,0.87668,1.50,1.50
2014.06.26 10:58:13.789,0.87659,0.87668,1.00,1.00
2014.06.26 10:58:14.336,0.87658,0.87668,1.50,2.25
2014.06.26 10:58:14.851,0.87659,0.87668,1.00,1.50
2014.06.26 10:58:15.367,0.87659,0.87667,1.00,1.00
2014.06.26 10:58:15.873,0.87659,0.87668,1.00,1.50
2014.06.26 10:58:16.703,0.87659,0.87667,1.00,1.00
2014.06.26 10:58:18.736,0.87659,0.87668,1.00,1.50
2014.06.26 10:58:19.310,0.87658,0.87668,1.00,2.25
2014.06.26 10:58:22.937,0.87659,0.87668,1.00,1.50
2014.06.26 10:58:23.758,0.87659,0.87667,1.00,1.00
2014.06.26 10:58:24.279,0.87659,0.87668,1.00,1.00
2014.06.26 10:58:24.786,0.87658,0.87668,1.69,2.25
2014.06.26 10:58:25.141,0.8766,0.87668,1.00,1.50
2014.06.26 10:58:25.563,0.87658,0.87668,1.00,1.50
2014.06.26 10:58:26.103,0.87658,0.87667,1.00,1.00
2014.06.26 10:58:26.154,0.8766,0.87668,1.00,1.50
2014.06.26 10:58:26.255,0.87658,0.87668,1.00,1.50
2014.06.26 10:58:40.348,0.87658,0.87666,1.25,1.00
2014.06.26 10:58:40.854,0.87659,0.87666,1.00,1.50
2014.06.26 10:58:41.474,0.87658,0.87666,1.00,1.00
2014.06.26 10:58:42.090,0.87659,0.87666,1.50,1.00
2014.06.26 10:58:42.303,0.87657,0.87666,1.50,1.00
2014.06.26 10:58:42.355,0.87659,0.87666,1.00,1.00
2014.06.26 10:58:42.608,0.87657,0.87666,1.50,1.00
2014.06.26 10:58:42.659,0.8766,0.87666,1.00,1.00
2014.06.26 10:58:43.167,0.87657,0.87666,2.25,1.00
2014.06.26 10:58:43.626,0.87659,0.87666,1.00,1.00
2014.06.26 10:58:44.137,0.87658,0.87666,1.00,1.50
2014.06.26 10:58:44.592,0.8766,0.87666,1.00,1.00
2014.06.26 10:58:44.693,0.87657,0.87666,2.25,1.00
2014.06.26 10:58:44.795,0.87659,0.87666,1.00,1.00
2014.06.26 10:58:44.997,0.87657,0.87666,1.50,1.00
2014.06.26 10:58:46.197,0.87658,0.87666,1.00,1.00
2014.06.26 10:58:47.211,0.87657,0.87666,1.50,1.00
2014.06.26 10:58:47.722,0.87658,0.87666,1.00,1.00
2014.06.26 10:58:49.931,0.87657,0.87666,1.69,1.00
2014.06.26 10:58:50.440,0.87658,0.87666,1.50,1.00
2014.06.26 10:58:51.219,0.87657,0.87666,1.00,1.00
2014.06.26 10:58:51.832,0.87659,0.87666,1.00,1.00
2014.06.26 10:58:51.933,0.87657,0.87666,1.00,1.00
2014.06.26 10:58:52.439,0.87658,0.87666,1.00,1.00
2014.06.26 10:58:52.945,0.87657,0.87666,1.50,1.00
2014.06.26 10:58:53.597,0.87658,0.87666,1.00,1.00
2014.06.26 10:58:54.306,0.87657,0.87666,1.00,1.00
2014.06.26 10:58:54.408,0.87659,0.87666,1.00,1.00
2014.06.26 10:58:54.610,0.87657,0.87666,1.50,1.00
2014.06.26 10:58:54.712,0.87659,0.87666,1.00,1.00
2014.06.26 10:58:54.912,0.87657,0.87666,1.50,1.00
2014.06.26 10:58:55.432,0.87658,0.87666,1.00,1.00
2014.06.26 10:58:56.422,0.87657,0.87666,1.00,1.00
2014.06.26 10:58:56.524,0.87659,0.87666,1.00,1.00
2014.06.26 10:58:56.833,0.87657,0.87666,1.00,1.00
2014.06.26 10:58:57.339,0.87658,0.87666,1.00,1.00
2014.06.26 10:58:58.159,0.87657,0.87666,1.00,1.00
2014.06.26 10:58:58.516,0.87659,0.87666,1.00,1.00
2014.06.26 10:58:59.115,0.87658,0.87666,1.00,1.50
2014.06.26 10:58:59.879,0.87657,0.87666,1.25,1.00
2014.06.26 10:59:00.391,0.87658,0.87666,1.00,1.00
2014.06.26 10:59:00.955,0.87659,0.87666,1.00,1.00
2014.06.26 10:59:12.664,0.8766,0.87666,1.00,1.00
2014.06.26 10:59:18.131,0.87662,0.87669,1.00,1.00
2014.06.26 10:59:18.637,0.87662,0.8767,1.50,1.25
2014.06.26 10:59:23.222,0.8766,0.87668,1.00,1.00
2014.06.26 10:59:25.983,0.87659,0.87668,2.25,1.00
2014.06.26 10:59:27.164,0.87659,0.87667,1.00,1.00
2014.06.26 10:59:42.682,0.87658,0.87667,1.00,1.25
