2017.10.18 07:00:00.051,0.71457,0.71464,2.25,1.50
2017.10.18 07:00:00.624,0.71457,0.71464,2.06,1.00
2017.10.18 07:00:01.170,0.71457,0.71463,1.44,1.00
2017.10.18 07:00:01.690,0.71459,0.71463,1.00,1.00
2017.10.18 07:00:02.316,0.71457,0.71463,2.62,1.00
2017.10.18 07:00:02.863,0.71458,0.71463,1.12,1.00
2017.10.18 07:00:03.610,0.71458,0.71463,1.38,1.00
2017.10.18 07:00:04.221,0.71458,0.71463,1.25,1.00
2017.10.18 07:00:05.274,0.71458,0.71464,1.00,1.00
2017.10.18 07:00:05.326,0.7146,0.71466,1.00,1.50
2017.10.18 07:00:06.131,0.71459,0.71466,1.87,1.50
2017.10.18 07:00:06.733,0.71458,0.71466,1.87,1.50
2017.10.18 07:00:07.239,0.71457,0.71465,1.31,1.00
2017.10.18 07:00:08.048,0.71457,0.71465,1.19,1.50
2017.10.18 07:00:08.556,0.71457,0.71465,1.25,1.50
2017.10.18 07:00:09.138,0.71458,0.71465,1.00,1.50
2017.10.18 07:00:09.956,0.71457,0.71465,1.31,2.25
2017.10.18 07:00:10.452,0.71455,0.71463,4.31,1.50
2017.10.18 07:00:10.962,0.71456,0.71464,1.00,1.50
2017.10.18 07:00:12.683,0.71456,0.71464,1.37,1.00
2017.10.18 07:00:13.820,0.71456,0.71464,3.56,1.00
2017.10.18 07:00:14.126,0.71455,0.7146,1.00,1.00
2017.10.18 07:00:14.229,0.71452,0.71459,1.20,1.00
2017.10.18 07:00:14.682,0.71453,0.71459,1.44,1.50
2017.10.18 07:00:15.142,0.71453,0.71461,2.25,1.50
2017.10.18 07:00:15.649,0.71452,0.7146,1.88,1.50
2017.10.18 07:00:16.058,0.71453,0.7146,3.00,1.00
2017.10.18 07:00:16.576,0.71454,0.7146,1.38,1.00
2017.10.18 07:00:17.122,0.71454,0.71461,1.58,1.00
2017.10.18 07:00:18.087,0.71455,0.71461,1.27,1.00
2017.10.18 07:00:18.651,0.71454,0.71461,1.89,1.00
2017.10.18 07:00:19.678,0.71455,0.71461,1.27,1.00
2017.10.18 07:00:20.192,0.71455,0.71462,1.27,1.00
2017.10.18 07:00:20.817,0.71454,0.71463,2.46,2.25
2017.10.18 07:00:21.123,0.71454,0.71461,2.06,1.00
2017.10.18 07:00:21.658,0.71455,0.7146,1.00,1.00
2017.10.18 07:00:21.710,0.71454,0.71462,1.69,1.50
2017.10.18 07:00:22.346,0.71454,0.71462,2.06,1.00
2017.10.18 07:00:22.659,0.71453,0.71461,2.44,1.00
2017.10.18 07:00:23.168,0.71453,0.7146,2.81,1.00
2017.10.18 07:00:23.412,0.71452,0.71459,2.81,1.50
2017.10.18 07:00:23.928,0.71452,0.71461,2.25,1.50
2017.10.18 07:00:24.330,0.71453,0.71459,1.25,1.00
2017.10.18 07:00:24.486,0.7145,0.71457,5.29,1.00
2017.10.18 07:00:24.997,0.7145,0.71458,1.25,2.25
2017.10.18 07:00:25.525,0.7145,0.71458,2.63,2.25
2017.10.18 07:00:26.075,0.7145,0.71458,1.87,2.25
2017.10.18 07:00:26.686,0.71449,0.71458,4.58,2.25
2017.10.18 07:00:28.189,0.71449,0.71457,2.44,1.00
2017.10.18 07:00:28.850,0.71448,0.71457,1.50,1.50
2017.10.18 07:00:29.368,0.71448,0.71456,1.12,1.00
2017.10.18 07:00:29.884,0.71447,0.71455,4.12,1.00
2017.10.18 07:00:30.393,0.71448,0.71456,5.25,1.00
2017.10.18 07:00:30.496,0.7145,0.71458,1.31,2.25
2017.10.18 07:00:30.919,0.7145,0.71456,1.69,1.00
2017.10.18 07:00:30.971,0.71446,0.71455,5.89,1.00
2017.10.18 07:00:31.076,0.71445,0.71452,3.08,1.00
2017.10.18 07:00:31.281,0.71445,0.71451,1.25,1.00
2017.10.18 07:00:31.333,0.71445,0.71453,1.25,1.00
2017.10.18 07:00:31.839,0.71444,0.71451,1.10,1.00
2017.10.18 07:00:32.348,0.71444,0.71451,2.81,1.00
2017.10.18 07:00:32.854,0.71444,0.71451,1.50,1.00
2017.10.18 07:00:33.664,0.71444,0.71451,1.69,1.00
2017.10.18 07:00:34.227,0.71445,0.71451,1.00,1.00
2017.10.18 07:00:34.746,0.71444,0.71451,1.31,1.00
2017.10.18 07:00:35.297,0.71443,0.71449,1.37,1.00
2017.10.18 07:00:35.810,0.71443,0.71449,1.00,1.00
2017.10.18 07:00:36.431,0.71444,0.71449,1.00,1.00
2017.10.18 07:00:36.971,0.71443,0.71449,1.00,1.00
2017.10.18 07:00:37.496,0.7144,0.71448,1.50,1.50
2017.10.18 07:00:37.547,0.71439,0.71446,1.37,1.00
2017.10.18 07:00:37.702,0.71435,0.71443,3.45,1.00
2017.10.18 07:00:38.096,0.71434,0.71442,1.25,1.00
2017.10.18 07:00:38.251,0.71433,0.71441,5.82,1.00
2017.10.18 07:00:38.795,0.71434,0.71441,3.39,1.00
2017.10.18 07:00:39.640,0.71434,0.71442,1.32,1.00
2017.10.18 07:00:40.207,0.71433,0.71441,3.27,1.00
2017.10.18 07:00:40.902,0.71434,0.71441,1.26,1.00
2017.10.18 07:00:41.414,0.71433,0.71441,1.88,1.00
2017.10.18 07:00:42.115,0.71434,0.71441,1.96,1.00
2017.10.18 07:00:42.665,0.71434,0.71442,1.70,1.00
2017.10.18 07:00:42.819,0.71437,0.71446,4.01,1.00
2017.10.18 07:00:43.027,0.71436,0.71444,1.26,1.50
2017.10.18 07:00:43.543,0.71434,0.71443,3.08,1.50
2017.10.18 07:00:43.849,0.71434,0.71441,1.01,1.00
2017.10.18 07:00:44.264,0.71431,0.71438,1.95,1.50
2017.10.18 07:00:44.367,0.71428,0.71436,3.07,1.00
2017.10.18 07:00:44.419,0.71428,0.71435,1.07,1.00
2017.10.18 07:00:44.522,0.71426,0.71433,1.57,1.00
2017.10.18 07:00:45.036,0.71425,0.71432,1.39,1.00
2017.10.18 07:00:45.546,0.71424,0.71432,2.33,1.00
2017.10.18 07:00:46.032,0.71423,0.71432,1.49,2.25
2017.10.18 07:00:46.084,0.71422,0.71429,4.95,1.50
2017.10.18 07:00:46.135,0.71423,0.71431,1.00,1.00
2017.10.18 07:00:46.683,0.71424,0.71431,1.19,1.00
2017.10.18 07:00:48.146,0.71423,0.71431,2.51,1.00
2017.10.18 07:00:48.197,0.71423,0.71431,2.53,1.00
2017.10.18 07:00:48.834,0.71424,0.71432,1.02,1.00
2017.10.18 07:00:48.940,0.71427,0.71435,1.00,1.00
2017.10.18 07:00:49.450,0.71427,0.71434,1.20,1.00
2017.10.18 07:00:49.956,0.71426,0.71434,1.50,1.00
2017.10.18 07:00:50.160,0.71428,0.71437,1.57,1.50
2017.10.18 07:00:50.212,0.71432,0.71439,1.69,1.00
2017.10.18 07:00:50.416,0.71436,0.71444,1.31,1.00
2017.10.18 07:00:50.966,0.71436,0.71445,9.26,1.00
2017.10.18 07:00:51.475,0.71438,0.71445,1.00,1.00
2017.10.18 07:00:51.990,0.71436,0.71445,5.32,1.00
2017.10.18 07:00:52.639,0.71436,0.71445,3.45,1.00
2017.10.18 07:00:53.180,0.71437,0.71445,1.00,1.00
2017.10.18 07:00:53.232,0.71441,0.71449,1.50,1.50
2017.10.18 07:00:53.622,0.71443,0.71451,1.20,1.00
2017.10.18 07:00:53.727,0.71447,0.71456,1.12,1.50
2017.10.18 07:00:53.780,0.71448,0.71457,2.25,1.50
2017.10.18 07:00:54.292,0.71448,0.71455,1.00,1.00
2017.10.18 07:00:54.601,0.71443,0.71451,3.64,1.00
2017.10.18 07:00:55.132,0.71443,0.71451,2.14,1.00
2017.10.18 07:00:55.692,0.71443,0.71451,3.64,1.00
2017.10.18 07:00:56.277,0.71449,0.71453,1.00,1.00
2017.10.18 07:00:56.329,0.71449,0.71457,1.50,1.00
2017.10.18 07:00:56.380,0.7145,0.71458,2.62,1.00
2017.10.18 07:00:56.965,0.7145,0.71457,2.62,1.00
2017.10.18 07:00:57.017,0.71448,0.71455,1.57,1.00
2017.10.18 07:00:57.119,0.71446,0.71453,1.95,1.00
2017.10.18 07:00:57.171,0.71446,0.71453,1.12,1.00
2017.10.18 07:00:57.692,0.71445,0.71452,1.87,1.00
2017.10.18 07:00:59.489,0.71444,0.7145,1.14,1.00
2017.10.18 07:01:01.599,0.71444,0.71449,1.01,1.00
2017.10.18 07:01:02.175,0.71442,0.71451,3.27,1.00
2017.10.18 07:01:02.808,0.71442,0.71451,4.39,1.00
2017.10.18 07:01:03.012,0.71443,0.7145,1.00,1.68
2017.10.18 07:01:03.166,0.71439,0.71447,1.00,1.50
2017.10.18 07:01:03.269,0.71436,0.71444,1.57,1.00
2017.10.18 07:01:03.457,0.71435,0.71443,1.10,1.50
2017.10.18 07:01:03.970,0.71434,0.71442,1.00,1.50
2017.10.18 07:01:04.505,0.71433,0.7144,1.50,1.00
2017.10.18 07:01:05.239,0.71434,0.7144,1.00,1.00
2017.10.18 07:01:05.872,0.71433,0.7144,1.50,1.00
2017.10.18 07:01:05.923,0.71437,0.71445,1.13,1.00
2017.10.18 07:01:06.025,0.71438,0.71447,1.50,1.50
2017.10.18 07:01:06.076,0.71441,0.71447,1.00,1.50
2017.10.18 07:01:06.179,0.71443,0.71451,3.56,1.00
2017.10.18 07:01:06.487,0.71445,0.71453,1.00,1.00
2017.10.18 07:01:07.025,0.71444,0.7145,1.01,1.00
2017.10.18 07:01:07.127,0.71441,0.7145,1.95,1.50
2017.10.18 07:01:07.629,0.71441,0.7145,1.10,1.50
2017.10.18 07:01:08.157,0.7144,0.71449,3.82,1.50
2017.10.18 07:01:08.524,0.71441,0.71449,1.02,1.50
2017.10.18 07:01:09.055,0.7144,0.71449,1.52,1.50
2017.10.18 07:01:10.109,0.7144,0.71449,3.02,1.50
2017.10.18 07:01:10.654,0.71441,0.71449,1.02,1.50
2017.10.18 07:01:12.513,0.7144,0.71449,2.27,1.50
2017.10.18 07:01:13.040,0.7144,0.71449,1.52,1.50
2017.10.18 07:01:14.296,0.7144,0.71448,2.27,1.00
2017.10.18 07:01:14.823,0.71441,0.71447,1.02,1.00
2017.10.18 07:01:15.735,0.71439,0.71447,1.00,1.50
2017.10.18 07:01:15.787,0.71437,0.71445,3.07,1.00
2017.10.18 07:01:16.095,0.71436,0.71441,1.50,1.00
2017.10.18 07:01:16.147,0.71436,0.71442,1.00,1.00
2017.10.18 07:01:16.760,0.71436,0.71441,1.00,1.00
2017.10.18 07:01:16.811,0.71433,0.7144,2.44,1.00
2017.10.18 07:01:17.430,0.71433,0.7144,3.94,1.00
2017.10.18 07:01:17.963,0.71433,0.7144,1.69,1.00
2017.10.18 07:01:18.585,0.71433,0.7144,2.45,1.00
2017.10.18 07:01:20.487,0.71433,0.7144,4.89,1.00
2017.10.18 07:01:20.640,0.71431,0.7144,2.25,2.25
2017.10.18 07:01:20.802,0.7143,0.71437,1.12,1.00
2017.10.18 07:01:21.312,0.71429,0.71436,1.00,1.00
2017.10.18 07:01:22.457,0.71431,0.71436,1.50,1.00
2017.10.18 07:01:22.509,0.71432,0.71439,1.38,1.50
2017.10.18 07:01:22.648,0.71434,0.71441,1.44,1.87
2017.10.18 07:01:22.953,0.71437,0.71444,1.50,1.00
2017.10.18 07:01:23.504,0.71437,0.71445,1.25,1.00
2017.10.18 07:01:23.810,0.71439,0.71445,1.12,1.00
2017.10.18 07:01:24.276,0.71438,0.71443,1.00,1.00
2017.10.18 07:01:24.532,0.71435,0.71443,1.88,1.00
2017.10.18 07:01:24.636,0.71437,0.71443,1.00,1.50
2017.10.18 07:01:25.814,0.71436,0.71443,1.13,1.00
2017.10.18 07:01:26.322,0.71438,0.71444,1.00,1.00
2017.10.18 07:01:26.628,0.71436,0.71442,1.12,1.00
2017.10.18 07:01:27.171,0.71437,0.71443,1.00,1.00
2017.10.18 07:01:30.244,0.71442,0.71449,1.00,1.87
2017.10.18 07:01:30.397,0.71444,0.71452,1.50,1.12
2017.10.18 07:01:30.693,0.71448,0.71455,1.00,3.94
2017.10.18 07:01:30.846,0.71447,0.71456,1.00,2.18
2017.10.18 07:01:31.395,0.71447,0.71455,1.00,1.00
2017.10.18 07:01:31.447,0.71446,0.71453,1.00,1.00
2017.10.18 07:01:32.108,0.71445,0.71454,1.50,1.12
2017.10.18 07:01:32.589,0.71445,0.71452,1.00,1.00
2017.10.18 07:01:32.641,0.71443,0.71452,1.10,1.00
2017.10.18 07:01:32.845,0.71445,0.71452,1.00,1.00
2017.10.18 07:01:32.897,0.71445,0.71454,1.00,1.50
2017.10.18 07:01:33.000,0.71448,0.71455,1.00,1.00
2017.10.18 07:01:33.357,0.71445,0.71454,1.50,1.00
2017.10.18 07:01:34.220,0.71448,0.71455,1.00,1.16
2017.10.18 07:01:34.272,0.71448,0.71457,1.00,1.87
2017.10.18 07:01:34.608,0.71446,0.71453,1.00,1.00
2017.10.18 07:01:35.067,0.71446,0.71455,1.00,1.69
2017.10.18 07:01:36.165,0.71445,0.71453,1.69,1.00
2017.10.18 07:01:45.801,0.71446,0.71453,1.00,1.00
2017.10.18 07:01:46.005,0.71444,0.71453,2.81,1.00
2017.10.18 07:01:46.364,0.71445,0.71451,1.00,1.00
2017.10.18 07:01:46.416,0.71442,0.71451,1.50,1.00
2017.10.18 07:01:46.825,0.71443,0.71449,1.00,1.00
2017.10.18 07:01:47.666,0.71442,0.71451,1.00,2.25
2017.10.18 07:01:48.255,0.71441,0.71448,1.87,1.00
2017.10.18 07:01:48.757,0.7144,0.71449,2.62,1.00
2017.10.18 07:01:49.599,0.7144,0.71448,1.87,1.00
2017.10.18 07:01:50.143,0.7144,0.71447,1.00,1.00
2017.10.18 07:01:51.302,0.71441,0.71448,1.00,1.50
2017.10.18 07:01:52.770,0.7144,0.71448,1.00,1.44
2017.10.18 07:01:52.923,0.71437,0.71446,1.37,1.00
2017.10.18 07:01:53.439,0.71437,0.71445,1.00,1.87
2017.10.18 07:01:56.567,0.71436,0.71445,1.13,3.00
2017.10.18 07:01:57.104,0.71436,0.71445,1.32,3.19
2017.10.18 07:01:57.696,0.71436,0.71445,1.13,3.00
2017.10.18 07:01:58.257,0.71436,0.71445,1.14,3.00
2017.10.18 07:01:58.800,0.7144,0.71447,1.69,1.75
2017.10.18 07:01:58.852,0.7144,0.71447,4.13,1.00
2017.10.18 07:01:58.954,0.71443,0.71449,1.10,1.00
2017.10.18 07:01:59.463,0.71443,0.71449,3.07,1.00
2017.10.18 07:02:00.146,0.71443,0.71449,3.07,1.00
2017.10.18 07:02:00.689,0.71445,0.7145,1.69,1.00
2017.10.18 07:02:01.590,0.71442,0.71449,1.12,1.00
2017.10.18 07:02:01.641,0.71442,0.71446,1.00,1.00
2017.10.18 07:02:01.745,0.7144,0.71446,1.94,1.00
2017.10.18 07:02:01.848,0.7144,0.71446,1.12,1.00
2017.10.18 07:02:02.137,0.71444,0.7145,1.00,1.00
2017.10.18 07:02:02.557,0.71446,0.71451,1.00,1.00
2017.10.18 07:02:02.953,0.71444,0.7145,1.39,1.00
2017.10.18 07:02:03.158,0.71444,0.71452,1.12,1.00
2017.10.18 07:02:03.538,0.7144,0.71448,2.25,1.00
2017.10.18 07:02:03.641,0.7144,0.71448,1.12,1.00
2017.10.18 07:02:04.148,0.7144,0.71447,1.00,1.00
2017.10.18 07:02:04.206,0.71442,0.71451,3.75,1.00
2017.10.18 07:02:04.309,0.71446,0.71451,1.00,1.00
2017.10.18 07:02:04.850,0.71446,0.71452,1.13,1.00
2017.10.18 07:02:05.484,0.71446,0.71454,1.12,1.00
2017.10.18 07:02:05.996,0.71447,0.71455,1.12,1.00
2017.10.18 07:02:06.509,0.71448,0.71455,1.00,1.00
2017.10.18 07:02:07.032,0.71448,0.71456,1.37,1.00
2017.10.18 07:02:07.536,0.71448,0.71456,1.69,1.00
2017.10.18 07:02:08.800,0.71448,0.71455,1.00,1.00
2017.10.18 07:02:09.324,0.71447,0.71454,1.00,1.00
2017.10.18 07:02:14.425,0.71445,0.71454,2.14,1.00
2017.10.18 07:02:14.774,0.71442,0.71447,4.50,1.00
2017.10.18 07:02:14.877,0.71435,0.71439,1.00,1.00
2017.10.18 07:02:14.981,0.71431,0.71438,1.50,1.00
2017.10.18 07:02:15.032,0.71434,0.7144,1.25,1.50
2017.10.18 07:02:15.180,0.71432,0.71441,1.39,1.37
2017.10.18 07:02:15.231,0.71432,0.71441,1.69,1.00
2017.10.18 07:02:15.743,0.71432,0.71441,2.25,1.00
2017.10.18 07:02:16.178,0.71436,0.71442,1.00,1.00
2017.10.18 07:02:16.484,0.71441,0.71448,1.00,2.62
2017.10.18 07:02:17.000,0.71441,0.71449,1.00,2.44
2017.10.18 07:02:17.838,0.71441,0.71449,1.00,3.94
2017.10.18 07:02:18.022,0.71439,0.71448,1.00,2.25
2017.10.18 07:02:18.300,0.7144,0.71445,1.00,1.25
2017.10.18 07:02:18.823,0.71438,0.71447,1.00,1.50
2017.10.18 07:02:18.982,0.7144,0.71449,1.00,6.64
2017.10.18 07:02:19.440,0.71441,0.71449,1.00,1.58
2017.10.18 07:02:20.007,0.71442,0.7145,1.50,1.12
2017.10.18 07:02:20.502,0.71442,0.7145,1.50,2.25
2017.10.18 07:02:20.655,0.71442,0.7145,1.50,1.31
2017.10.18 07:02:21.135,0.71439,0.71446,1.00,1.38
2017.10.18 07:02:21.298,0.71436,0.71444,1.00,1.88
2017.10.18 07:02:21.605,0.71437,0.71445,1.00,1.12
2017.10.18 07:02:21.708,0.71439,0.71448,1.00,2.51
2017.10.18 07:02:22.033,0.71436,0.71444,1.00,1.00
2017.10.18 07:02:23.524,0.71437,0.71446,1.00,2.25
2017.10.18 07:02:23.829,0.71439,0.71445,1.00,1.12
2017.10.18 07:02:24.728,0.71437,0.71445,1.00,1.25
2017.10.18 07:02:26.380,0.71437,0.71446,1.00,2.44
2017.10.18 07:02:26.584,0.71437,0.71445,1.00,1.19
2017.10.18 07:02:26.739,0.71438,0.71446,1.00,2.81
2017.10.18 07:02:26.791,0.71438,0.71444,1.00,1.19
2017.10.18 07:02:27.303,0.71437,0.71443,1.00,1.00
2017.10.18 07:02:27.470,0.71434,0.71442,1.00,1.38
2017.10.18 07:02:27.523,0.71432,0.71441,1.00,1.88
2017.10.18 07:02:27.932,0.7143,0.71439,1.00,1.00
2017.10.18 07:02:28.134,0.71429,0.71437,1.00,1.00
2017.10.18 07:02:29.524,0.71432,0.71441,1.00,2.00
2017.10.18 07:02:29.677,0.71432,0.71441,1.00,1.00
2017.10.18 07:02:30.208,0.71433,0.71442,1.00,2.62
2017.10.18 07:02:34.060,0.71433,0.71442,1.00,2.25
2017.10.18 07:02:34.111,0.71433,0.71441,1.00,1.63
2017.10.18 07:02:34.296,0.71432,0.71441,1.50,2.32
2017.10.18 07:02:34.805,0.71432,0.71441,1.00,3.19
2017.10.18 07:02:35.328,0.71432,0.71439,1.00,4.50
2017.10.18 07:02:38.337,0.71432,0.71439,1.00,1.87
2017.10.18 07:02:41.298,0.71432,0.71441,1.00,1.00
2017.10.18 07:02:41.975,0.71433,0.71442,1.00,2.06
2017.10.18 07:02:44.718,0.71433,0.71442,1.00,1.69
2017.10.18 07:02:45.642,0.71432,0.71441,1.25,1.31
2017.10.18 07:02:51.237,0.71434,0.7144,1.00,1.00
2017.10.18 07:02:54.033,0.71432,0.71441,1.00,2.81
2017.10.18 07:02:54.436,0.7143,0.71436,1.00,1.00
2017.10.18 07:02:54.489,0.71428,0.71437,1.12,1.69
2017.10.18 07:02:54.591,0.71429,0.71435,1.00,1.44
2017.10.18 07:02:54.643,0.7143,0.71437,1.00,1.12
2017.10.18 07:02:55.180,0.71431,0.71438,1.00,1.12
2017.10.18 07:02:56.008,0.71432,0.71438,1.00,1.25
2017.10.18 07:02:56.521,0.71431,0.71438,1.50,1.12
2017.10.18 07:02:57.884,0.71432,0.7144,1.00,3.94
2017.10.18 07:02:59.043,0.7143,0.71437,1.00,3.19
2017.10.18 07:02:59.095,0.71428,0.71437,1.87,1.50
2017.10.18 07:02:59.546,0.71426,0.71432,1.25,1.00
2017.10.18 07:03:00.942,0.71429,0.71435,1.50,1.00
2017.10.18 07:03:01.483,0.7143,0.71438,2.06,1.00
2017.10.18 07:03:02.159,0.71429,0.71436,1.12,1.00
2017.10.18 07:03:02.496,0.71426,0.71433,1.00,1.00
2017.10.18 07:03:03.008,0.71426,0.71432,1.00,1.00
2017.10.18 07:03:03.326,0.71426,0.7143,1.25,1.00
2017.10.18 07:03:03.385,0.71422,0.7143,2.81,1.00
2017.10.18 07:03:03.903,0.71423,0.71431,3.75,1.00
2017.10.18 07:03:04.619,0.71424,0.71431,1.50,1.00
2017.10.18 07:03:05.273,0.71424,0.71432,2.44,1.50
2017.10.18 07:03:05.799,0.71424,0.71432,1.88,1.50
2017.10.18 07:03:06.329,0.71424,0.71432,1.25,1.50
2017.10.18 07:03:06.910,0.71425,0.71432,1.00,1.50
2017.10.18 07:03:07.176,0.71427,0.71433,1.00,1.00
2017.10.18 07:03:10.082,0.71427,0.71434,1.25,1.00
2017.10.18 07:03:12.128,0.71427,0.71434,1.44,1.00
2017.10.18 07:03:12.642,0.71427,0.71434,1.25,1.00
2017.10.18 07:03:13.153,0.71425,0.71432,3.64,1.00
2017.10.18 07:03:13.656,0.71425,0.71432,2.81,1.00
2017.10.18 07:03:14.898,0.71425,0.71432,1.25,1.00
2017.10.18 07:03:15.634,0.71424,0.71432,3.83,1.00
2017.10.18 07:03:16.299,0.71425,0.71432,1.25,1.00
2017.10.18 07:03:17.312,0.71425,0.71432,1.31,1.00
2017.10.18 07:03:17.582,0.71424,0.71432,2.14,1.00
2017.10.18 07:03:18.157,0.71424,0.71432,2.15,1.00
2017.10.18 07:03:18.827,0.71425,0.71432,1.26,1.00
2017.10.18 07:03:19.371,0.71424,0.71432,2.53,1.00
2017.10.18 07:03:20.826,0.71424,0.71432,3.84,1.00
2017.10.18 07:03:21.317,0.71422,0.71428,1.37,1.00
2017.10.18 07:03:21.599,0.71423,0.7143,1.12,1.00
2017.10.18 07:03:22.279,0.71424,0.7143,1.00,1.00
2017.10.18 07:03:22.891,0.71423,0.7143,4.31,1.00
2017.10.18 07:03:23.549,0.71423,0.71431,2.62,1.00
2017.10.18 07:03:24.079,0.71424,0.71431,1.25,1.00
2017.10.18 07:03:25.099,0.71424,0.71431,1.44,1.00
2017.10.18 07:03:25.625,0.71424,0.71431,2.06,1.00
2017.10.18 07:03:26.474,0.71424,0.71432,1.01,1.00
2017.10.18 07:03:27.025,0.71425,0.71432,1.25,1.00
2017.10.18 07:03:28.850,0.71425,0.71431,1.00,1.00
2017.10.18 07:03:34.413,0.71427,0.71434,1.00,1.00
2017.10.18 07:03:34.464,0.71427,0.71432,1.00,1.00
2017.10.18 07:03:35.945,0.71424,0.71432,4.76,1.00
2017.10.18 07:03:36.356,0.71426,0.71432,1.19,1.00
2017.10.18 07:03:36.534,0.71428,0.71435,1.25,1.00
2017.10.18 07:03:36.791,0.71427,0.71433,1.25,1.00
2017.10.18 07:03:37.740,0.71426,0.71433,1.69,1.00
2017.10.18 07:03:38.545,0.71426,0.71433,1.69,1.00
2017.10.18 07:03:39.082,0.71426,0.71433,1.25,1.00
2017.10.18 07:03:39.901,0.71426,0.71433,1.69,1.00
2017.10.18 07:03:40.397,0.71425,0.71432,1.50,1.00
2017.10.18 07:03:40.930,0.71425,0.71432,1.69,1.00
2017.10.18 07:03:41.778,0.71426,0.71432,1.19,1.00
2017.10.18 07:03:42.359,0.71425,0.71432,1.69,1.00
2017.10.18 07:03:43.358,0.71426,0.71432,1.19,1.00
2017.10.18 07:03:43.923,0.71425,0.71432,1.69,1.00
2017.10.18 07:03:44.726,0.71426,0.71432,1.19,1.00
2017.10.18 07:03:45.398,0.71425,0.71432,1.69,1.00
2017.10.18 07:03:46.395,0.71425,0.71432,1.50,1.00
2017.10.18 07:03:49.359,0.71425,0.71432,1.69,1.00
2017.10.18 07:03:49.643,0.71427,0.71434,1.25,1.12
2017.10.18 07:03:50.601,0.71426,0.71433,1.12,1.00
2017.10.18 07:03:51.153,0.71426,0.71432,1.00,1.00
2017.10.18 07:03:52.274,0.71426,0.71433,1.31,1.00
2017.10.18 07:03:52.868,0.71426,0.71432,1.25,1.00
2017.10.18 07:03:53.379,0.71427,0.71432,1.00,1.00
2017.10.18 07:03:56.684,0.71425,0.71432,1.25,1.00
2017.10.18 07:03:57.340,0.71425,0.71432,1.44,1.00
2017.10.18 07:03:57.878,0.71425,0.71431,1.44,1.00
2017.10.18 07:03:58.423,0.71425,0.71431,1.45,1.00
2017.10.18 07:03:58.627,0.71423,0.71431,1.12,1.25
2017.10.18 07:03:58.730,0.71421,0.71429,1.87,1.00
2017.10.18 07:03:58.854,0.71421,0.71429,1.31,1.00
2017.10.18 07:03:58.908,0.71419,0.71425,1.12,1.00
2017.10.18 07:03:59.462,0.71419,0.71424,1.00,1.00
2017.10.18 07:03:59.619,0.71417,0.71424,1.00,1.00
2017.10.18 07:04:01.361,0.71418,0.71424,1.37,1.00
2017.10.18 07:04:01.418,0.71421,0.71427,2.25,1.87
2017.10.18 07:04:02.209,0.71422,0.71427,1.00,1.00
2017.10.18 07:04:02.810,0.71421,0.71427,2.25,1.00
2017.10.18 07:04:03.148,0.71423,0.71429,2.44,1.00
2017.10.18 07:04:03.396,0.71421,0.7143,1.50,1.00
2017.10.18 07:04:03.877,0.71421,0.71428,1.50,1.00
2017.10.18 07:04:05.110,0.71421,0.71427,1.87,1.00
2017.10.18 07:04:05.639,0.7142,0.71427,1.00,1.50
2017.10.18 07:04:06.563,0.71419,0.71427,1.12,1.50
2017.10.18 07:04:09.752,0.71418,0.71426,1.12,1.00
2017.10.18 07:04:10.760,0.71419,0.71426,1.31,1.50
2017.10.18 07:04:11.269,0.71419,0.71426,1.00,1.50
2017.10.18 07:04:11.829,0.71419,0.71426,1.31,1.50
2017.10.18 07:04:12.399,0.71418,0.71426,2.25,1.00
2017.10.18 07:04:12.924,0.71418,0.71426,1.00,1.00
2017.10.18 07:04:13.858,0.71418,0.71424,1.00,1.00
2017.10.18 07:04:14.371,0.71418,0.71423,1.25,1.00
2017.10.18 07:04:14.970,0.71417,0.71423,1.31,1.00
2017.10.18 07:04:16.544,0.71417,0.71423,1.50,1.00
2017.10.18 07:04:17.102,0.71417,0.71423,1.00,1.00
2017.10.18 07:04:17.614,0.71417,0.71423,1.69,1.00
2017.10.18 07:04:18.120,0.71417,0.71423,1.25,1.00
2017.10.18 07:04:18.172,0.71419,0.71426,1.00,1.00
2017.10.18 07:04:19.906,0.71419,0.71427,1.00,1.50
2017.10.18 07:04:20.654,0.7142,0.71427,1.00,1.00
2017.10.18 07:04:20.836,0.71422,0.71429,1.00,1.50
2017.10.18 07:04:21.348,0.71423,0.71429,1.00,1.00
2017.10.18 07:04:22.719,0.7142,0.71429,1.00,2.62
2017.10.18 07:04:25.029,0.7142,0.71429,1.25,2.62
2017.10.18 07:04:25.539,0.71421,0.71429,1.00,1.12
2017.10.18 07:04:26.061,0.7142,0.71429,1.00,3.37
2017.10.18 07:04:26.113,0.7142,0.71427,1.00,1.00
2017.10.18 07:04:26.962,0.71419,0.71427,1.00,1.00
2017.10.18 07:04:27.472,0.71418,0.71426,1.00,1.00
2017.10.18 07:04:29.186,0.71418,0.71425,1.00,1.00
2017.10.18 07:04:29.729,0.71417,0.71425,1.25,1.00
2017.10.18 07:04:30.551,0.71417,0.71425,1.44,1.00
2017.10.18 07:04:31.085,0.71417,0.71425,1.25,1.00
2017.10.18 07:04:31.613,0.71417,0.71426,1.69,1.12
2017.10.18 07:04:35.313,0.71417,0.71426,1.50,3.19
2017.10.18 07:04:36.400,0.71416,0.71425,1.00,2.44
2017.10.18 07:04:36.747,0.71416,0.71425,1.00,2.06
2017.10.18 07:04:37.678,0.71416,0.71425,1.00,2.62
2017.10.18 07:04:38.264,0.71416,0.71424,1.00,1.00
2017.10.18 07:04:39.567,0.71417,0.71424,1.00,1.00
2017.10.18 07:04:39.874,0.71419,0.71424,1.00,1.00
2017.10.18 07:04:40.425,0.71419,0.71427,1.00,2.62
2017.10.18 07:04:40.477,0.71419,0.71427,1.00,3.00
2017.10.18 07:04:41.751,0.7142,0.71427,1.00,1.00
2017.10.18 07:04:42.371,0.7142,0.71427,1.00,1.37
2017.10.18 07:04:43.265,0.7142,0.71427,1.00,1.12
2017.10.18 07:04:43.779,0.71421,0.71428,1.00,1.12
2017.10.18 07:04:45.307,0.71421,0.71428,1.00,1.37
2017.10.18 07:04:46.724,0.71421,0.71429,1.00,1.37
2017.10.18 07:04:47.331,0.71421,0.71429,1.00,1.25
2017.10.18 07:04:49.147,0.7142,0.71428,1.00,2.55
2017.10.18 07:04:49.368,0.71418,0.71426,1.00,2.25
2017.10.18 07:04:49.878,0.71418,0.71426,1.00,1.50
2017.10.18 07:04:50.418,0.71418,0.71426,1.00,1.12
2017.10.18 07:04:52.258,0.71423,0.71427,1.25,1.00
2017.10.18 07:04:52.361,0.71421,0.71428,2.32,1.75
2017.10.18 07:04:52.412,0.71421,0.71428,1.87,1.00
2017.10.18 07:04:52.517,0.71419,0.71426,1.12,1.00
2017.10.18 07:04:52.920,0.71417,0.71423,2.44,1.00
2017.10.18 07:04:53.447,0.71417,0.71424,2.44,1.00
2017.10.18 07:04:54.085,0.71418,0.71424,1.19,1.00
2017.10.18 07:04:54.611,0.71417,0.71424,2.44,1.00
2017.10.18 07:04:55.433,0.71418,0.71424,1.19,1.00
2017.10.18 07:04:55.967,0.71417,0.71425,2.44,1.00
2017.10.18 07:04:56.515,0.71417,0.71425,1.69,1.00
2017.10.18 07:04:57.137,0.71417,0.71425,2.81,1.00
2017.10.18 07:04:57.601,0.71421,0.71426,3.94,1.00
2017.10.18 07:04:57.653,0.71421,0.71428,4.69,1.50
2017.10.18 07:04:57.705,0.71423,0.71429,1.00,1.50
2017.10.18 07:04:57.807,0.71421,0.71427,1.12,1.00
2017.10.18 07:04:58.267,0.7142,0.71425,1.00,1.00
2017.10.18 07:04:58.792,0.71419,0.71425,1.12,1.00
2017.10.18 07:04:59.097,0.71422,0.71427,1.25,1.00
2017.10.18 07:04:59.470,0.7142,0.71426,1.00,1.00
2017.10.18 07:04:59.983,0.71421,0.71427,1.25,1.00
2017.10.18 07:05:00.267,0.71423,0.7143,1.00,1.00
2017.10.18 07:05:00.523,0.71421,0.7143,1.00,1.00
2017.10.18 07:05:02.278,0.71422,0.7143,1.50,1.00
2017.10.18 07:05:02.787,0.71422,0.71432,2.44,1.50
2017.10.18 07:05:03.297,0.71422,0.71432,2.32,1.50
2017.10.18 07:05:04.224,0.71423,0.71432,1.00,1.50
2017.10.18 07:05:04.751,0.71422,0.71431,2.32,1.00
2017.10.18 07:05:05.280,0.71422,0.71432,2.70,2.44
2017.10.18 07:05:05.831,0.71423,0.71432,1.00,1.00
2017.10.18 07:05:06.700,0.71425,0.71432,1.00,1.00
2017.10.18 07:05:07.215,0.71426,0.71433,1.00,1.00
2017.10.18 07:05:08.458,0.71426,0.71434,1.00,1.12
2017.10.18 07:05:10.032,0.71426,0.71435,1.00,1.87
2017.10.18 07:05:14.815,0.71426,0.71436,1.50,2.62
2017.10.18 07:05:15.366,0.71427,0.71436,1.00,2.62
2017.10.18 07:05:21.462,0.71427,0.71435,1.50,1.00
2017.10.18 07:05:23.656,0.71429,0.71436,1.00,3.00
2017.10.18 07:05:23.927,0.71427,0.71436,1.12,3.19
2017.10.18 07:05:29.185,0.71428,0.71436,1.00,1.00
2017.10.18 07:05:29.695,0.71429,0.71437,1.00,1.12
2017.10.18 07:05:30.735,0.71428,0.71438,1.87,1.50
2017.10.18 07:05:32.291,0.7143,0.71438,1.00,2.62
2017.10.18 07:05:33.787,0.71428,0.71438,2.25,1.87
2017.10.18 07:05:35.399,0.71428,0.71436,1.50,1.00
2017.10.18 07:05:36.075,0.71427,0.71436,1.50,1.00
2017.10.18 07:05:36.585,0.71426,0.71436,2.81,1.31
2017.10.18 07:05:37.088,0.71427,0.71435,1.00,1.00
2017.10.18 07:05:37.711,0.71427,0.71437,1.87,1.87
2017.10.18 07:05:39.046,0.71428,0.71437,1.50,1.00
2017.10.18 07:05:39.645,0.71428,0.71437,1.37,1.37
2017.10.18 07:05:40.462,0.71429,0.71437,1.12,1.00
2017.10.18 07:05:41.136,0.71428,0.71437,1.50,1.00
2017.10.18 07:05:41.861,0.71428,0.71437,2.25,1.00
2017.10.18 07:05:42.370,0.71428,0.71437,1.50,1.00
2017.10.18 07:05:43.364,0.71427,0.71437,2.25,1.50
2017.10.18 07:05:43.878,0.71427,0.71437,1.87,1.87
2017.10.18 07:05:44.424,0.71427,0.71437,1.50,1.50
2017.10.18 07:05:45.397,0.71428,0.71437,1.00,1.69
2017.10.18 07:05:45.936,0.71429,0.71437,1.37,1.00
2017.10.18 07:05:46.441,0.71429,0.71438,1.37,2.25
2017.10.18 07:05:47.465,0.71429,0.71438,1.00,1.00
2017.10.18 07:05:48.174,0.71429,0.71438,1.87,1.50
2017.10.18 07:05:49.453,0.71431,0.7144,1.69,1.50
2017.10.18 07:05:49.963,0.71431,0.71439,1.00,1.87
2017.10.18 07:05:50.719,0.71429,0.71438,2.25,1.25
2017.10.18 07:05:51.181,0.71429,0.71434,1.00,1.00
2017.10.18 07:05:51.777,0.71428,0.71434,1.12,1.00
2017.10.18 07:05:52.259,0.71428,0.71432,1.12,1.00
2017.10.18 07:05:52.955,0.71428,0.71433,1.12,1.00
2017.10.18 07:05:53.483,0.71428,0.71434,2.44,1.00
2017.10.18 07:05:54.200,0.71428,0.71434,1.12,1.00
2017.10.18 07:05:54.557,0.71426,0.71432,2.25,1.00
2017.10.18 07:05:54.659,0.71426,0.71432,1.87,1.00
2017.10.18 07:05:55.190,0.71427,0.71432,1.12,1.00
2017.10.18 07:05:58.358,0.71426,0.71432,1.00,1.00
2017.10.18 07:05:59.723,0.71427,0.71431,1.00,1.00
2017.10.18 07:06:01.506,0.71426,0.71431,1.50,1.00
2017.10.18 07:06:02.048,0.71426,0.71432,1.50,1.00
2017.10.18 07:06:09.297,0.71427,0.71432,1.00,1.00
2017.10.18 07:06:10.426,0.71427,0.71432,1.37,1.00
2017.10.18 07:06:10.929,0.71427,0.71432,1.00,1.00
2017.10.18 07:06:14.885,0.71426,0.71432,1.50,1.00
2017.10.18 07:06:14.937,0.71428,0.71432,1.00,1.00
2017.10.18 07:06:16.483,0.71426,0.71432,1.99,1.00
2017.10.18 07:06:17.041,0.71427,0.71432,1.00,1.00
2017.10.18 07:06:17.676,0.71426,0.71432,1.12,1.00
2017.10.18 07:06:21.701,0.71425,0.71431,1.31,1.00
2017.10.18 07:06:22.239,0.71426,0.7143,1.00,1.00
2017.10.18 07:06:26.630,0.71424,0.71428,1.50,1.00
2017.10.18 07:06:26.834,0.71417,0.71422,1.87,1.00
2017.10.18 07:06:27.367,0.71417,0.71422,1.12,1.00
2017.10.18 07:06:27.910,0.71417,0.71423,1.00,1.00
2017.10.18 07:06:28.412,0.71417,0.71424,1.87,1.00
2017.10.18 07:06:29.190,0.71419,0.71425,1.88,1.00
2017.10.18 07:06:29.329,0.71421,0.71428,1.12,1.00
2017.10.18 07:06:29.380,0.71423,0.71428,1.00,1.00
2017.10.18 07:06:29.584,0.71423,0.7143,3.19,1.00
2017.10.18 07:06:30.108,0.71424,0.7143,3.19,1.00
2017.10.18 07:06:30.624,0.71426,0.7143,1.00,1.00
2017.10.18 07:06:31.761,0.71424,0.71428,1.50,1.00
2017.10.18 07:06:32.118,0.71419,0.71425,2.62,1.00
2017.10.18 07:06:32.169,0.71418,0.71422,1.00,1.00
2017.10.18 07:06:32.678,0.71418,0.71423,1.12,1.00
2017.10.18 07:06:32.934,0.71417,0.71422,2.06,1.00
2017.10.18 07:06:33.119,0.71416,0.71421,1.00,1.00
2017.10.18 07:06:36.876,0.71415,0.71421,1.31,1.00
2017.10.18 07:06:37.602,0.71415,0.71421,3.56,1.00
2017.10.18 07:06:38.165,0.71415,0.71421,1.31,1.00
2017.10.18 07:06:38.676,0.71415,0.71421,2.81,1.00
2017.10.18 07:06:39.398,0.71415,0.71421,1.50,1.00
2017.10.18 07:06:39.451,0.71415,0.71422,2.81,1.00
2017.10.18 07:06:39.757,0.71422,0.71427,2.44,1.00
2017.10.18 07:06:39.911,0.71423,0.71429,1.00,1.00
2017.10.18 07:06:41.605,0.71425,0.7143,1.00,1.00
2017.10.18 07:06:42.944,0.71426,0.7143,1.00,1.00
2017.10.18 07:06:44.970,0.71425,0.7143,1.00,1.00
2017.10.18 07:06:45.738,0.71425,0.71431,1.00,1.00
2017.10.18 07:06:49.920,0.71425,0.7143,1.12,1.00
2017.10.18 07:06:56.481,0.71425,0.7143,2.06,1.00
2017.10.18 07:06:56.532,0.71425,0.71432,2.44,1.00
2017.10.18 07:06:58.007,0.71425,0.71431,2.44,1.00
2017.10.18 07:06:58.899,0.71425,0.71431,2.06,1.00
2017.10.18 07:07:00.019,0.71425,0.71431,2.44,1.00
2017.10.18 07:07:00.637,0.71425,0.71431,2.06,1.00
2017.10.18 07:07:01.172,0.71425,0.71432,1.50,1.00
2017.10.18 07:07:01.715,0.71427,0.71432,1.00,1.00
2017.10.18 07:07:03.534,0.7143,0.71434,1.00,1.00
2017.10.18 07:07:03.585,0.7143,0.71435,2.25,1.12
2017.10.18 07:07:04.896,0.71433,0.71437,1.50,1.00
2017.10.18 07:07:04.948,0.71433,0.71439,2.06,1.00
2017.10.18 07:07:05.254,0.7143,0.71436,3.37,1.00
2017.10.18 07:07:05.357,0.7143,0.71437,2.25,1.50
2017.10.18 07:07:05.409,0.71426,0.71432,1.75,1.00
2017.10.18 07:07:05.917,0.71426,0.71431,2.25,1.00
2017.10.18 07:07:06.377,0.71428,0.71434,2.25,1.00
2017.10.18 07:07:06.430,0.71428,0.71434,3.00,1.00
2017.10.18 07:07:07.039,0.71431,0.71437,1.25,1.00
2017.10.18 07:07:07.553,0.7143,0.71436,1.12,1.00
2017.10.18 07:07:10.422,0.71433,0.71438,1.12,1.00
2017.10.18 07:07:10.920,0.71432,0.71436,1.00,1.00
2017.10.18 07:07:11.175,0.71429,0.71434,1.12,1.00
2017.10.18 07:07:11.226,0.71428,0.71432,1.50,1.00
2017.10.18 07:07:11.783,0.71428,0.71432,1.00,1.00
2017.10.18 07:07:12.912,0.71427,0.71431,1.00,1.00
2017.10.18 07:07:13.511,0.71428,0.71432,1.00,1.00
2017.10.18 07:07:16.221,0.71427,0.71432,1.12,1.00
2017.10.18 07:07:20.812,0.71427,0.71433,1.50,1.00
2017.10.18 07:07:22.983,0.71427,0.71434,1.87,1.00
2017.10.18 07:07:24.300,0.71427,0.71432,1.69,1.00
2017.10.18 07:07:24.556,0.71426,0.7143,1.69,1.00
2017.10.18 07:07:26.298,0.71426,0.71432,1.12,1.00
2017.10.18 07:07:27.693,0.71426,0.71431,1.31,1.00
2017.10.18 07:07:30.258,0.71426,0.71431,1.37,1.00
2017.10.18 07:07:30.782,0.71427,0.71432,1.12,1.00
2017.10.18 07:07:31.293,0.71428,0.71434,1.12,1.00
2017.10.18 07:07:31.534,0.71428,0.71432,1.12,1.00
2017.10.18 07:07:31.789,0.71426,0.71432,1.12,1.00
2017.10.18 07:07:34.084,0.71427,0.71432,1.37,1.00
2017.10.18 07:07:34.630,0.71427,0.71432,1.00,1.00
2017.10.18 07:07:36.166,0.71427,0.71433,1.00,1.00
2017.10.18 07:07:36.683,0.71427,0.71432,1.00,1.00
2017.10.18 07:07:37.224,0.71426,0.71432,1.12,1.00
2017.10.18 07:07:39.518,0.71427,0.71433,1.00,1.00
2017.10.18 07:07:40.411,0.71426,0.71434,2.44,1.00
2017.10.18 07:07:40.976,0.71427,0.71434,1.50,1.00
2017.10.18 07:07:42.035,0.71428,0.71433,1.12,1.00
2017.10.18 07:07:42.545,0.71426,0.71432,3.26,1.00
2017.10.18 07:07:43.875,0.71426,0.71432,1.87,1.00
2017.10.18 07:07:44.807,0.71428,0.71432,1.00,1.00
2017.10.18 07:07:44.859,0.71428,0.71434,1.50,1.00
2017.10.18 07:07:48.327,0.71428,0.71432,1.12,1.00
2017.10.18 07:07:48.847,0.71426,0.71432,3.00,1.00
2017.10.18 07:07:51.558,0.71427,0.71433,1.00,1.00
2017.10.18 07:07:53.036,0.71427,0.71432,1.12,1.00
2017.10.18 07:07:59.560,0.71427,0.71433,1.50,1.00
2017.10.18 07:08:00.096,0.71427,0.71434,2.25,1.00
2017.10.18 07:08:00.788,0.71429,0.71435,1.50,1.00
2017.10.18 07:08:01.151,0.71432,0.71439,1.69,1.50
2017.10.18 07:08:01.688,0.71433,0.71439,2.81,1.00
2017.10.18 07:08:02.103,0.7143,0.71436,1.50,1.00
2017.10.18 07:08:02.256,0.71428,0.71433,1.87,1.00
2017.10.18 07:08:02.410,0.71427,0.71432,1.50,1.00
2017.10.18 07:08:02.956,0.71427,0.71432,2.25,1.00
2017.10.18 07:08:03.518,0.71427,0.71432,1.12,1.00
2017.10.18 07:08:04.505,0.71429,0.71436,1.00,1.00
2017.10.18 07:08:05.030,0.71429,0.71434,1.00,1.00
2017.10.18 07:08:05.244,0.71427,0.71433,1.50,1.00
2017.10.18 07:08:05.806,0.71428,0.71433,1.00,1.00
2017.10.18 07:08:06.309,0.71426,0.71433,1.95,1.00
2017.10.18 07:08:07.160,0.71426,0.71433,1.12,1.00
2017.10.18 07:08:08.894,0.71426,0.71432,1.00,1.00
2017.10.18 07:08:12.697,0.71428,0.71435,1.00,1.00
2017.10.18 07:08:13.626,0.71428,0.71435,1.37,1.00
2017.10.18 07:08:14.226,0.71426,0.71433,2.81,1.00
2017.10.18 07:08:14.328,0.71426,0.71433,2.62,1.00
2017.10.18 07:08:15.025,0.71426,0.71433,1.00,1.00
2017.10.18 07:08:16.470,0.71426,0.71433,1.37,1.00
2017.10.18 07:08:16.995,0.71427,0.71433,1.50,1.00
2017.10.18 07:08:18.381,0.71426,0.71433,2.06,1.00
2017.10.18 07:08:18.706,0.71427,0.71435,1.69,1.00
2017.10.18 07:08:18.758,0.71429,0.71435,1.00,1.00
2017.10.18 07:08:19.293,0.71434,0.71438,1.00,1.25
2017.10.18 07:08:19.344,0.71432,0.71439,2.81,1.00
2017.10.18 07:08:19.499,0.71431,0.71437,2.06,1.00
2017.10.18 07:08:20.011,0.7143,0.71437,1.12,1.00
2017.10.18 07:08:20.763,0.71433,0.7144,1.69,1.37
2017.10.18 07:08:21.362,0.71433,0.7144,1.00,1.00
2017.10.18 07:08:23.124,0.71433,0.71441,1.50,1.00
2017.10.18 07:08:24.652,0.71434,0.71441,1.69,1.00
2017.10.18 07:08:24.958,0.71436,0.71441,1.12,1.00
2017.10.18 07:08:25.111,0.71437,0.71445,1.00,1.00
2017.10.18 07:08:25.264,0.71443,0.71448,1.00,1.00
2017.10.18 07:08:26.200,0.71443,0.7145,1.00,1.00
2017.10.18 07:08:26.398,0.71444,0.71451,1.44,1.00
2017.10.18 07:08:26.917,0.71444,0.71451,1.31,1.00
2017.10.18 07:08:28.144,0.71444,0.71451,1.88,1.00
2017.10.18 07:08:28.676,0.71444,0.71451,1.31,1.00
2017.10.18 07:08:29.120,0.71443,0.71447,1.00,1.00
2017.10.18 07:08:29.328,0.71439,0.71443,1.12,1.00
2017.10.18 07:08:29.380,0.71436,0.71442,1.62,1.00
2017.10.18 07:08:29.912,0.71436,0.71442,1.00,1.00
2017.10.18 07:08:30.421,0.71435,0.71442,2.06,1.00
2017.10.18 07:08:30.604,0.71435,0.71442,3.38,1.00
2017.10.18 07:08:30.670,0.71438,0.71444,1.00,1.00
2017.10.18 07:08:35.133,0.71438,0.71443,1.12,1.00
2017.10.18 07:08:35.262,0.71436,0.71442,1.00,1.00
2017.10.18 07:08:35.416,0.71438,0.71443,1.00,1.00
2017.10.18 07:08:36.005,0.71437,0.71443,1.87,1.00
2017.10.18 07:08:36.533,0.71437,0.71444,1.87,1.00
2017.10.18 07:08:37.037,0.71437,0.71443,1.00,1.00
2017.10.18 07:08:37.570,0.71438,0.71443,1.00,1.00
2017.10.18 07:08:38.197,0.71438,0.71444,1.00,1.00
2017.10.18 07:08:45.212,0.71437,0.71444,1.87,1.00
2017.10.18 07:08:46.259,0.71438,0.71444,1.00,1.00
2017.10.18 07:08:46.544,0.71442,0.7145,3.94,1.50
2017.10.18 07:08:46.697,0.71444,0.7145,1.31,1.00
2017.10.18 07:08:46.852,0.71444,0.71452,1.25,1.50
2017.10.18 07:08:50.617,0.71445,0.71452,1.31,1.50
2017.10.18 07:08:51.248,0.71444,0.71452,2.81,1.50
2017.10.18 07:08:51.799,0.71444,0.71452,3.19,1.50
2017.10.18 07:08:54.677,0.71444,0.71452,3.38,1.00
2017.10.18 07:08:56.077,0.71445,0.71452,1.25,1.50
2017.10.18 07:08:57.193,0.71445,0.71452,2.06,1.50
2017.10.18 07:08:57.759,0.71445,0.71452,1.25,1.50
2017.10.18 07:09:00.237,0.71446,0.71452,1.00,1.50
2017.10.18 07:09:02.849,0.71446,0.7145,1.00,1.00
2017.10.18 07:09:07.189,0.71444,0.7145,2.44,1.00
2017.10.18 07:09:07.240,0.71444,0.71452,2.44,1.50
2017.10.18 07:09:07.843,0.71444,0.71451,3.19,1.00
2017.10.18 07:09:10.302,0.71444,0.71451,6.08,1.00
2017.10.18 07:09:14.707,0.71444,0.71451,3.00,1.00
2017.10.18 07:09:30.557,0.71446,0.71451,1.12,1.00
2017.10.18 07:09:30.661,0.71448,0.71452,1.88,1.00
2017.10.18 07:09:30.763,0.71448,0.71456,1.12,1.50
2017.10.18 07:09:31.300,0.71448,0.71457,1.00,1.87
2017.10.18 07:09:31.854,0.71449,0.71457,1.50,1.87
2017.10.18 07:09:32.366,0.71448,0.71457,1.00,1.87
2017.10.18 07:09:32.634,0.71447,0.71455,1.12,1.00
2017.10.18 07:09:34.166,0.71446,0.71455,1.87,1.00
2017.10.18 07:09:34.822,0.71446,0.71456,1.50,1.12
2017.10.18 07:09:40.478,0.71446,0.71456,3.00,1.00
2017.10.18 07:09:43.201,0.71447,0.71457,1.12,2.06
2017.10.18 07:09:43.511,0.71449,0.71457,2.25,1.50
2017.10.18 07:09:44.691,0.71452,0.71461,2.62,5.62
2017.10.18 07:09:44.896,0.71453,0.71461,2.81,1.00
2017.10.18 07:09:45.153,0.71453,0.71463,2.81,2.25
2017.10.18 07:09:45.667,0.71453,0.71462,2.81,1.00
2017.10.18 07:09:46.954,0.71453,0.71461,2.81,1.00
2017.10.18 07:09:47.462,0.71453,0.71462,2.44,1.00
2017.10.18 07:09:48.649,0.71453,0.71463,2.44,1.12
2017.10.18 07:09:51.971,0.71452,0.71458,2.25,1.00
2017.10.18 07:09:52.023,0.71451,0.71457,1.12,1.50
2017.10.18 07:09:52.227,0.71448,0.71457,3.75,1.69
2017.10.18 07:09:52.908,0.71448,0.71458,2.25,1.50
2017.10.18 07:09:53.897,0.71448,0.71458,2.25,1.50
2017.10.18 07:09:54.586,0.71448,0.71457,2.44,1.00
2017.10.18 07:09:55.166,0.71448,0.71458,2.44,2.25
2017.10.18 07:09:58.765,0.71448,0.71457,1.12,1.00
2017.10.18 07:09:59.778,0.71448,0.71456,1.00,1.00
2017.10.18 07:10:06.027,0.71448,0.71455,1.12,1.25
2017.10.18 07:10:06.231,0.71446,0.71455,2.06,1.13
2017.10.18 07:10:06.765,0.71447,0.71455,1.00,1.00
2017.10.18 07:10:07.276,0.71447,0.71456,1.25,1.12
2017.10.18 07:10:10.955,0.71446,0.71451,1.12,1.00
2017.10.18 07:10:11.465,0.71445,0.71452,1.00,1.00
2017.10.18 07:10:13.155,0.71445,0.71453,1.00,3.94
2017.10.18 07:10:13.781,0.71445,0.71452,1.00,1.00
2017.10.18 07:10:15.983,0.71445,0.71453,1.50,1.50
2017.10.18 07:10:16.240,0.71449,0.71458,1.12,1.95
2017.10.18 07:10:16.727,0.71447,0.71457,2.25,1.12
2017.10.18 07:10:17.033,0.71447,0.71455,2.25,1.25
2017.10.18 07:10:17.340,0.71449,0.71456,1.00,2.62
2017.10.18 07:10:17.866,0.71448,0.71456,1.00,2.63
2017.10.18 07:10:18.276,0.71448,0.71455,1.00,1.14
2017.10.18 07:10:19.594,0.71448,0.71456,1.00,3.95
2017.10.18 07:10:20.369,0.71448,0.71455,1.00,1.20
2017.10.18 07:10:20.915,0.71448,0.71456,1.00,3.95
2017.10.18 07:10:21.533,0.71448,0.71456,1.00,2.45
2017.10.18 07:10:22.072,0.71448,0.71456,1.00,1.89
2017.10.18 07:10:25.255,0.71448,0.71456,1.00,2.64
2017.10.18 07:10:25.934,0.71448,0.71456,1.00,1.70
2017.10.18 07:10:26.985,0.71448,0.71456,1.00,2.45
2017.10.18 07:10:28.026,0.71448,0.71456,1.00,1.31
2017.10.18 07:10:28.127,0.71448,0.71456,1.00,1.33
2017.10.18 07:10:29.665,0.71449,0.71458,1.00,1.87
2017.10.18 07:10:30.178,0.71448,0.71456,1.50,1.25
2017.10.18 07:10:30.382,0.7145,0.71458,1.00,2.06
2017.10.18 07:10:30.769,0.71451,0.71459,1.12,2.06
2017.10.18 07:10:31.192,0.71451,0.71459,1.00,2.25
2017.10.18 07:10:31.870,0.71451,0.71459,1.00,2.25
2017.10.18 07:10:32.434,0.71451,0.71459,1.00,2.25
2017.10.18 07:10:32.593,0.71449,0.71458,1.12,1.50
2017.10.18 07:10:33.101,0.71448,0.71457,1.87,1.00
2017.10.18 07:10:33.905,0.71448,0.71458,1.87,2.63
2017.10.18 07:10:34.941,0.71448,0.71457,1.87,1.00
2017.10.18 07:10:35.491,0.71448,0.71458,1.87,2.81
2017.10.18 07:10:35.593,0.71448,0.71458,1.00,4.69
2017.10.18 07:10:36.109,0.71447,0.71457,2.25,2.25
2017.10.18 07:10:36.653,0.71447,0.71457,2.25,2.63
2017.10.18 07:10:36.992,0.71447,0.71455,2.25,1.00
2017.10.18 07:10:38.433,0.71448,0.71457,1.00,2.25
2017.10.18 07:10:38.536,0.71449,0.71457,1.00,1.00
2017.10.18 07:10:39.406,0.71449,0.71456,1.12,1.00
2017.10.18 07:10:39.949,0.71449,0.71457,1.12,1.00
2017.10.18 07:10:40.799,0.71449,0.71458,1.50,1.31
2017.10.18 07:10:42.345,0.71448,0.71457,3.37,1.50
2017.10.18 07:10:43.247,0.71448,0.71456,2.43,1.00
2017.10.18 07:10:43.817,0.71448,0.71457,2.25,1.87
2017.10.18 07:10:44.349,0.71447,0.71457,1.87,2.70
2017.10.18 07:10:44.662,0.71447,0.71457,1.87,3.64
2017.10.18 07:10:44.968,0.71447,0.71457,1.87,2.70
2017.10.18 07:10:45.621,0.71447,0.71455,1.00,1.25
2017.10.18 07:10:46.131,0.71447,0.71454,1.00,1.00
2017.10.18 07:10:46.517,0.71446,0.71453,1.00,1.38
2017.10.18 07:10:47.060,0.71445,0.71452,1.00,1.00
2017.10.18 07:10:50.040,0.71445,0.71453,1.00,3.00
2017.10.18 07:10:50.333,0.71446,0.71455,1.88,1.00
2017.10.18 07:10:51.921,0.71446,0.71456,2.25,1.00
2017.10.18 07:10:52.949,0.71446,0.71456,1.50,1.44
2017.10.18 07:10:53.479,0.71446,0.71456,1.50,1.00
2017.10.18 07:10:55.385,0.71446,0.71455,1.00,1.00
2017.10.18 07:10:57.510,0.71446,0.71454,1.00,1.00
2017.10.18 07:11:00.851,0.71445,0.71454,1.87,1.00
2017.10.18 07:11:01.371,0.71446,0.71454,1.12,1.00
2017.10.18 07:11:09.782,0.71446,0.71455,1.25,1.13
2017.10.18 07:11:10.290,0.71446,0.71454,1.12,1.00
2017.10.18 07:11:10.523,0.71444,0.71451,1.50,3.75
2017.10.18 07:11:10.676,0.7144,0.71448,1.87,1.69
2017.10.18 07:11:11.214,0.71439,0.71448,1.12,1.00
2017.10.18 07:11:17.327,0.71439,0.71448,1.37,1.00
2017.10.18 07:11:19.022,0.71439,0.71448,1.12,1.00
2017.10.18 07:11:21.031,0.71439,0.71448,1.37,1.00
2017.10.18 07:11:23.007,0.71439,0.71448,1.00,1.00
2017.10.18 07:11:24.270,0.71438,0.71448,3.37,1.00
2017.10.18 07:11:24.820,0.71438,0.71448,3.00,1.00
2017.10.18 07:11:27.640,0.71439,0.71447,1.00,1.50
2017.10.18 07:11:28.197,0.71438,0.71446,1.87,1.12
2017.10.18 07:11:29.082,0.71437,0.71446,1.25,1.00
2017.10.18 07:11:31.568,0.71436,0.71445,1.87,1.00
2017.10.18 07:11:32.027,0.71437,0.71447,1.00,1.12
2017.10.18 07:11:32.485,0.71439,0.71447,1.50,1.00
2017.10.18 07:11:32.588,0.71439,0.71449,2.25,4.13
2017.10.18 07:11:33.139,0.7144,0.7145,2.62,3.00
2017.10.18 07:11:33.722,0.7144,0.71449,2.62,1.00
2017.10.18 07:11:34.276,0.7144,0.7145,2.62,3.00
2017.10.18 07:11:34.809,0.7144,0.71449,1.50,1.00
2017.10.18 07:11:34.990,0.71442,0.7145,2.25,1.12
2017.10.18 07:11:35.296,0.71448,0.71452,1.00,1.00
2017.10.18 07:11:35.450,0.71445,0.71452,1.00,3.00
2017.10.18 07:11:35.792,0.71445,0.7145,1.00,1.00
2017.10.18 07:11:36.333,0.71445,0.71449,1.00,1.00
2017.10.18 07:11:37.364,0.71445,0.71451,1.00,1.50
2017.10.18 07:11:38.259,0.71443,0.7145,1.00,2.62
2017.10.18 07:11:38.719,0.71443,0.71449,1.00,1.69
2017.10.18 07:11:39.261,0.71443,0.71449,1.00,1.12
2017.10.18 07:11:40.280,0.71443,0.71449,1.00,2.63
2017.10.18 07:11:43.175,0.71443,0.71449,1.00,2.06
2017.10.18 07:11:43.532,0.71441,0.71449,1.00,1.88
2017.10.18 07:11:47.040,0.71441,0.71449,1.00,1.69
2017.10.18 07:11:47.564,0.71442,0.71449,1.00,1.00
2017.10.18 07:11:48.199,0.71443,0.71449,1.00,1.50
2017.10.18 07:12:00.714,0.71443,0.7145,1.00,1.50
2017.10.18 07:12:00.822,0.71443,0.71448,1.00,2.44
2017.10.18 07:12:01.336,0.71443,0.71447,1.00,1.00
2017.10.18 07:12:01.541,0.71441,0.71448,1.00,1.50
2017.10.18 07:12:02.084,0.71442,0.71448,1.00,1.00
2017.10.18 07:12:02.441,0.71443,0.7145,1.00,2.25
2017.10.18 07:12:02.980,0.71445,0.7145,1.00,1.00
2017.10.18 07:12:03.134,0.71448,0.71454,1.00,2.44
2017.10.18 07:12:06.309,0.71448,0.71455,1.00,2.06
2017.10.18 07:12:07.250,0.71448,0.71455,1.00,3.38
2017.10.18 07:12:07.762,0.71448,0.71455,1.00,1.88
2017.10.18 07:12:09.647,0.71448,0.71455,1.00,2.06
2017.10.18 07:12:10.207,0.71448,0.71455,1.00,1.25
2017.10.18 07:12:11.107,0.71448,0.71455,1.00,2.06
2017.10.18 07:12:11.622,0.71448,0.71455,1.00,1.25
2017.10.18 07:12:13.111,0.71448,0.71455,1.00,3.56
2017.10.18 07:12:13.628,0.71448,0.71455,1.00,2.25
2017.10.18 07:12:14.217,0.71448,0.71455,1.00,3.75
2017.10.18 07:12:15.037,0.71448,0.71455,1.00,1.88
2017.10.18 07:12:15.770,0.71448,0.71455,1.00,3.75
2017.10.18 07:12:16.272,0.71448,0.71455,1.00,2.06
2017.10.18 07:12:16.968,0.71448,0.71455,1.00,3.75
2017.10.18 07:12:17.326,0.71445,0.71451,1.00,1.13
2017.10.18 07:12:17.635,0.71444,0.71448,1.00,1.00
2017.10.18 07:12:18.312,0.71442,0.71448,1.00,1.00
2017.10.18 07:12:19.128,0.71445,0.7145,1.00,1.25
2017.10.18 07:12:19.281,0.71446,0.71452,1.00,1.12
2017.10.18 07:12:19.740,0.71448,0.71453,1.00,1.12
2017.10.18 07:12:20.093,0.71454,0.7146,1.00,3.38
2017.10.18 07:12:20.350,0.71452,0.7146,1.00,1.87
2017.10.18 07:12:20.912,0.71452,0.7146,1.00,1.95
2017.10.18 07:12:21.833,0.71452,0.71459,1.50,1.00
2017.10.18 07:12:22.370,0.71452,0.7146,1.50,1.00
2017.10.18 07:12:22.885,0.71452,0.71459,1.00,1.00
2017.10.18 07:12:23.089,0.71451,0.71459,1.00,2.63
2017.10.18 07:12:23.926,0.71454,0.7146,1.00,1.69
2017.10.18 07:12:25.392,0.71452,0.7146,1.00,1.12
2017.10.18 07:12:25.443,0.71454,0.7146,1.00,1.00
2017.10.18 07:12:26.906,0.71452,0.7146,1.00,1.12
2017.10.18 07:12:26.957,0.71455,0.71461,1.00,1.37
2017.10.18 07:12:27.263,0.71457,0.71461,1.00,1.00
2017.10.18 07:12:27.810,0.71457,0.71462,1.00,1.50
2017.10.18 07:12:28.547,0.71456,0.71462,1.00,1.50
2017.10.18 07:12:28.852,0.71458,0.71462,1.00,1.00
2017.10.18 07:12:31.647,0.71458,0.71463,1.00,1.25
2017.10.18 07:12:32.572,0.71456,0.71463,1.00,1.25
2017.10.18 07:12:34.586,0.71455,0.71461,1.00,1.00
2017.10.18 07:12:35.095,0.71454,0.7146,1.00,1.00
2017.10.18 07:12:36.432,0.71455,0.7146,1.00,1.00
2017.10.18 07:12:36.586,0.71455,0.71462,1.00,1.87
2017.10.18 07:12:36.790,0.71458,0.71462,1.00,1.12
2017.10.18 07:12:36.841,0.71459,0.71464,1.00,1.12
2017.10.18 07:12:37.453,0.71458,0.71462,1.00,1.00
2017.10.18 07:12:38.145,0.71458,0.71462,1.00,1.25
2017.10.18 07:12:39.875,0.71456,0.71461,1.00,1.00
2017.10.18 07:12:42.017,0.71455,0.71461,1.00,1.25
2017.10.18 07:12:43.203,0.71454,0.71461,1.00,1.00
2017.10.18 07:12:43.356,0.71453,0.71459,1.00,1.00
2017.10.18 07:12:43.679,0.71451,0.71459,1.00,1.25
2017.10.18 07:12:44.099,0.71451,0.71458,1.00,1.88
2017.10.18 07:12:45.008,0.71451,0.71458,1.00,2.44
2017.10.18 07:12:45.540,0.71451,0.71457,1.00,1.00
2017.10.18 07:12:46.069,0.7145,0.71457,1.00,1.00
2017.10.18 07:12:47.874,0.71451,0.71458,1.00,1.00
2017.10.18 07:12:48.028,0.71454,0.71462,1.00,3.19
2017.10.18 07:12:48.130,0.71455,0.71461,1.00,1.44
2017.10.18 07:12:48.181,0.71455,0.71462,1.00,2.81
2017.10.18 07:12:48.329,0.71453,0.7146,1.00,1.50
2017.10.18 07:12:49.158,0.71453,0.7146,1.00,1.44
2017.10.18 07:12:49.362,0.71454,0.71461,1.00,1.50
2017.10.18 07:12:49.464,0.71456,0.71461,1.00,1.00
2017.10.18 07:12:49.973,0.71455,0.71461,1.00,1.00
2017.10.18 07:12:50.484,0.71454,0.7146,1.00,1.31
2017.10.18 07:12:51.735,0.71454,0.71461,1.00,1.69
2017.10.18 07:12:53.250,0.71453,0.71461,1.00,1.69
2017.10.18 07:12:53.775,0.71454,0.71462,1.00,3.19
2017.10.18 07:12:55.745,0.71453,0.71459,1.00,1.00
2017.10.18 07:12:58.042,0.71452,0.71459,1.00,1.00
2017.10.18 07:13:00.697,0.71452,0.71458,1.00,1.00
2017.10.18 07:13:00.914,0.7145,0.71458,1.00,2.25
2017.10.18 07:13:07.702,0.71449,0.71457,1.00,1.12
2017.10.18 07:13:08.844,0.71448,0.71457,1.00,4.31
2017.10.18 07:13:40.488,0.71449,0.71457,1.00,1.50
2017.10.18 07:13:44.257,0.71449,0.71458,1.00,2.81
2017.10.18 07:13:50.440,0.71449,0.71458,1.00,1.25
2017.10.18 07:13:50.494,0.71452,0.7146,1.00,3.26
2017.10.18 07:13:50.801,0.71454,0.7146,1.00,1.87
2017.10.18 07:13:51.344,0.71453,0.71459,1.00,1.50
2017.10.18 07:13:51.862,0.71453,0.7146,1.00,2.25
2017.10.18 07:13:52.437,0.71453,0.71461,1.00,1.69
2017.10.18 07:13:52.864,0.71453,0.71459,1.00,1.00
2017.10.18 07:13:53.424,0.71453,0.71458,1.00,1.00
2017.10.18 07:13:53.976,0.71453,0.71459,1.00,1.69
2017.10.18 07:13:54.764,0.71453,0.7146,1.00,1.12
2017.10.18 07:13:55.273,0.71454,0.71461,1.00,1.37
2017.10.18 07:13:55.824,0.71454,0.71462,1.00,4.13
2017.10.18 07:13:55.926,0.71456,0.71462,1.00,1.87
2017.10.18 07:13:56.181,0.71457,0.71464,1.00,1.25
2017.10.18 07:13:56.833,0.71457,0.71465,1.00,1.50
2017.10.18 07:13:57.380,0.71458,0.71465,1.00,1.00
2017.10.18 07:14:00.478,0.71458,0.71467,1.00,1.87
2017.10.18 07:14:01.371,0.71458,0.71467,1.00,2.44
2017.10.18 07:14:02.450,0.71458,0.71467,1.00,1.87
2017.10.18 07:14:05.799,0.71458,0.71467,1.00,3.00
2017.10.18 07:14:06.312,0.7146,0.71468,1.00,4.31
2017.10.18 07:14:09.136,0.7146,0.71466,1.00,1.00
2017.10.18 07:14:09.765,0.7146,0.71468,1.00,4.13
2017.10.18 07:14:15.467,0.71461,0.71467,1.00,1.31
2017.10.18 07:14:16.113,0.71461,0.71468,1.00,1.69
2017.10.18 07:14:19.303,0.71461,0.71467,1.00,1.00
2017.10.18 07:14:20.092,0.71459,0.71466,1.00,1.00
2017.10.18 07:14:21.123,0.71457,0.71466,1.31,1.00
2017.10.18 07:14:23.490,0.71457,0.71465,1.50,1.00
2017.10.18 07:14:31.347,0.71457,0.71464,1.50,1.00
2017.10.18 07:14:31.912,0.71457,0.71463,1.50,1.00
2017.10.18 07:14:33.088,0.71457,0.71465,2.25,1.00
2017.10.18 07:14:33.649,0.71457,0.71465,2.81,1.03
2017.10.18 07:14:34.290,0.71457,0.71465,2.25,1.00
2017.10.18 07:14:35.605,0.71458,0.71466,1.00,1.02
2017.10.18 07:14:36.114,0.71457,0.71464,1.50,1.00
2017.10.18 07:14:38.376,0.71458,0.71464,1.00,1.00
2017.10.18 07:14:39.822,0.71457,0.71464,1.50,1.00
2017.10.18 07:14:45.924,0.71455,0.71464,2.06,1.00
2017.10.18 07:14:48.716,0.71455,0.71464,3.00,1.04
2017.10.18 07:14:49.217,0.71455,0.71464,2.51,1.06
2017.10.18 07:14:52.763,0.71457,0.71465,1.50,1.00
2017.10.18 07:14:54.162,0.71457,0.71465,2.44,1.00
2017.10.18 07:14:54.673,0.71457,0.71465,2.06,1.00
2017.10.18 07:14:55.187,0.71457,0.71466,2.06,1.00
2017.10.18 07:14:55.994,0.71457,0.71466,1.69,1.00
2017.10.18 07:15:00.846,0.71457,0.71464,1.50,1.00
2017.10.18 07:15:05.230,0.71457,0.71463,1.00,1.00
2017.10.18 07:15:22.031,0.71457,0.71464,1.00,1.00
2017.10.18 07:15:24.736,0.71457,0.71465,1.50,1.00
2017.10.18 07:15:26.140,0.71457,0.71466,1.50,1.00
2017.10.18 07:15:30.052,0.71458,0.71466,1.13,1.00
2017.10.18 07:15:30.432,0.71463,0.71471,1.00,1.00
2017.10.18 07:15:30.997,0.71463,0.71472,1.00,3.56
2017.10.18 07:15:32.194,0.71463,0.71472,1.00,3.94
2017.10.18 07:15:32.730,0.71463,0.71472,1.00,2.62
2017.10.18 07:15:36.091,0.71463,0.71471,1.50,1.00
2017.10.18 07:15:36.194,0.71464,0.71473,1.00,2.44
2017.10.18 07:15:36.247,0.71464,0.71471,1.00,1.25
2017.10.18 07:15:36.299,0.71462,0.71471,2.25,1.25
2017.10.18 07:15:37.289,0.7146,0.71466,1.87,1.00
2017.10.18 07:15:37.340,0.7146,0.71468,1.12,1.50
2017.10.18 07:15:38.066,0.71458,0.71468,4.50,1.00
2017.10.18 07:15:38.801,0.71458,0.71468,3.75,1.00
2017.10.18 07:15:45.258,0.71459,0.71468,1.00,1.13
2017.10.18 07:15:46.893,0.71458,0.71468,3.75,1.00
2017.10.18 07:15:50.924,0.7146,0.71467,1.00,1.00
2017.10.18 07:15:51.179,0.7146,0.71469,1.00,1.00
2017.10.18 07:15:51.282,0.71464,0.71472,1.00,3.00
2017.10.18 07:15:53.045,0.71464,0.71472,1.00,1.00
2017.10.18 07:15:54.740,0.71465,0.71472,1.00,1.00
2017.10.18 07:16:01.115,0.71465,0.71473,1.00,1.00
2017.10.18 07:16:04.593,0.71465,0.71474,1.00,1.50
2017.10.18 07:16:04.899,0.71466,0.71472,1.00,1.00
2017.10.18 07:16:05.863,0.71468,0.71472,1.00,1.00
2017.10.18 07:16:08.616,0.71468,0.71473,1.00,1.00
2017.10.18 07:16:12.064,0.7147,0.71476,1.00,1.00
2017.10.18 07:16:12.672,0.7147,0.71477,1.00,1.00
2017.10.18 07:16:17.328,0.71472,0.71479,1.00,1.00
2017.10.18 07:16:17.840,0.71472,0.7148,1.39,1.00
2017.10.18 07:16:20.620,0.71472,0.71478,1.00,1.00
2017.10.18 07:16:21.181,0.71471,0.71478,1.00,1.00
2017.10.18 07:16:22.111,0.71471,0.71477,1.00,1.00
2017.10.18 07:16:23.411,0.71469,0.71476,1.12,1.00
2017.10.18 07:16:23.513,0.71467,0.71474,2.44,1.00
2017.10.18 07:16:24.019,0.71467,0.71473,2.63,1.00
2017.10.18 07:16:24.454,0.71467,0.71475,2.63,1.00
2017.10.18 07:16:24.505,0.71469,0.71475,1.69,1.00
2017.10.18 07:16:24.607,0.71472,0.71478,1.31,1.00
2017.10.18 07:16:24.709,0.71472,0.71479,2.44,1.00
2017.10.18 07:16:25.756,0.71472,0.71479,1.69,1.00
2017.10.18 07:16:26.015,0.71474,0.71479,1.00,1.00
2017.10.18 07:16:26.758,0.71474,0.71478,1.00,1.00
2017.10.18 07:16:26.911,0.71471,0.71478,1.31,1.00
2017.10.18 07:16:27.420,0.71471,0.71477,1.12,1.00
2017.10.18 07:16:28.085,0.71471,0.71478,1.12,1.00
2017.10.18 07:16:28.851,0.71472,0.71479,1.00,1.00
2017.10.18 07:16:29.362,0.71473,0.7148,1.12,1.00
2017.10.18 07:16:30.821,0.71473,0.7148,4.13,1.00
2017.10.18 07:16:30.873,0.71473,0.71482,2.06,1.00
2017.10.18 07:16:31.385,0.71473,0.71482,3.64,1.00
2017.10.18 07:16:34.739,0.71473,0.7148,3.19,1.00
2017.10.18 07:16:35.583,0.71474,0.71482,1.00,1.00
2017.10.18 07:16:36.098,0.71474,0.71482,1.56,1.00
2017.10.18 07:16:36.632,0.71474,0.71482,1.25,1.00
2017.10.18 07:16:38.505,0.71475,0.71482,1.00,1.00
2017.10.18 07:16:39.202,0.71474,0.71482,2.51,1.00
2017.10.18 07:16:39.384,0.71476,0.71483,1.00,1.00
2017.10.18 07:16:47.688,0.71476,0.71486,1.00,1.87
2017.10.18 07:16:47.739,0.71479,0.71487,1.00,3.75
2017.10.18 07:16:48.317,0.71479,0.71489,1.50,1.88
2017.10.18 07:16:48.836,0.71479,0.71489,2.44,3.95
2017.10.18 07:16:49.372,0.71479,0.71489,2.25,2.26
2017.10.18 07:16:50.189,0.71479,0.71489,2.25,3.38
2017.10.18 07:16:50.948,0.71479,0.71489,2.25,3.01
2017.10.18 07:16:51.457,0.7148,0.71489,1.00,1.51
2017.10.18 07:16:51.712,0.71483,0.71491,1.00,1.12
2017.10.18 07:16:53.137,0.71483,0.71492,1.00,1.25
2017.10.18 07:16:53.680,0.71482,0.71492,2.25,1.25
2017.10.18 07:16:54.440,0.71482,0.71492,3.19,1.31
2017.10.18 07:16:54.943,0.71483,0.71493,1.50,1.87
2017.10.18 07:16:55.489,0.71484,0.71494,1.00,1.69
2017.10.18 07:16:56.415,0.71481,0.71489,1.87,2.63
2017.10.18 07:16:56.518,0.71478,0.71487,1.69,1.31
2017.10.18 07:16:56.722,0.71478,0.71485,1.50,1.00
2017.10.18 07:16:58.046,0.71478,0.71486,1.00,1.00
2017.10.18 07:17:01.179,0.71477,0.71487,1.69,1.02
2017.10.18 07:17:03.689,0.71477,0.71487,2.25,1.27
2017.10.18 07:17:04.194,0.71477,0.71487,1.50,1.14
2017.10.18 07:17:06.247,0.71476,0.71486,2.89,1.14
2017.10.18 07:17:06.851,0.71476,0.71486,3.45,1.02
2017.10.18 07:17:07.379,0.71476,0.71486,3.56,1.14
2017.10.18 07:17:07.890,0.71476,0.71484,2.25,1.00
2017.10.18 07:17:10.857,0.71476,0.71485,1.50,1.00
2017.10.18 07:17:11.162,0.71478,0.71487,1.00,1.00
2017.10.18 07:17:15.255,0.71478,0.71488,1.87,1.13
2017.10.18 07:17:15.767,0.71479,0.71488,1.00,1.13
2017.10.18 07:17:16.736,0.71483,0.71489,1.00,1.88
2017.10.18 07:17:18.975,0.71485,0.71491,1.00,2.25
2017.10.18 07:17:19.181,0.71487,0.71492,1.00,1.00
2017.10.18 07:17:19.446,0.71487,0.71494,1.00,1.69
2017.10.18 07:17:19.497,0.71489,0.71494,1.00,1.50
2017.10.18 07:17:19.909,0.71487,0.71494,1.00,2.06
2017.10.18 07:17:19.961,0.71486,0.71491,1.00,1.44
2017.10.18 07:17:20.166,0.71487,0.71493,1.00,1.00
2017.10.18 07:17:20.314,0.71489,0.71496,1.00,1.75
2017.10.18 07:17:20.365,0.71489,0.71495,1.00,1.00
2017.10.18 07:17:20.417,0.71491,0.71498,1.00,1.37
2017.10.18 07:17:20.468,0.71491,0.71499,1.00,1.57
2017.10.18 07:17:20.520,0.71493,0.71499,1.00,1.37
2017.10.18 07:17:20.622,0.71493,0.715,1.00,2.14
2017.10.18 07:17:21.839,0.71493,0.715,1.00,1.76
2017.10.18 07:17:22.348,0.71493,0.715,1.00,1.10
2017.10.18 07:17:23.787,0.71493,0.715,1.00,1.20
2017.10.18 07:17:24.911,0.71493,0.715,1.00,1.01
2017.10.18 07:17:25.721,0.71494,0.715,1.00,1.25
2017.10.18 07:17:27.274,0.71494,0.715,1.00,1.69
2017.10.18 07:17:27.899,0.71494,0.715,1.00,2.06
2017.10.18 07:17:28.598,0.71494,0.715,1.00,2.25
2017.10.18 07:17:29.123,0.71494,0.715,1.00,1.87
2017.10.18 07:17:29.738,0.71494,0.715,1.00,2.06
2017.10.18 07:17:30.642,0.71494,0.71499,1.00,1.25
2017.10.18 07:17:31.150,0.71494,0.715,1.00,1.69
2017.10.18 07:17:32.477,0.71494,0.715,1.00,2.25
2017.10.18 07:17:33.109,0.71494,0.715,1.00,1.13
2017.10.18 07:17:33.314,0.71491,0.71499,1.00,1.25
2017.10.18 07:17:33.843,0.71492,0.71499,1.00,1.50
2017.10.18 07:17:34.306,0.71491,0.71498,1.00,1.63
2017.10.18 07:17:34.461,0.71491,0.71499,1.00,4.88
2017.10.18 07:17:34.926,0.71492,0.71498,1.00,1.31
2017.10.18 07:17:35.611,0.71492,0.71497,1.00,1.19
2017.10.18 07:17:36.161,0.71492,0.71498,1.00,1.19
2017.10.18 07:17:36.785,0.71492,0.71499,1.00,4.76
2017.10.18 07:17:37.139,0.71488,0.71498,1.50,2.25
2017.10.18 07:17:37.695,0.71489,0.71498,1.00,2.62
2017.10.18 07:17:38.015,0.71489,0.71496,1.00,1.19
2017.10.18 07:17:38.398,0.71491,0.71497,1.00,1.21
2017.10.18 07:17:39.210,0.71491,0.71496,1.00,1.27
2017.10.18 07:17:39.685,0.71489,0.71496,1.00,1.27
2017.10.18 07:17:40.312,0.71489,0.71497,1.00,1.27
2017.10.18 07:17:41.006,0.71489,0.71496,1.00,1.27
2017.10.18 07:17:41.438,0.71491,0.71496,1.00,1.27
2017.10.18 07:17:42.091,0.71491,0.71498,1.00,3.39
2017.10.18 07:17:46.813,0.71491,0.71497,1.00,1.33
2017.10.18 07:17:47.370,0.71491,0.71498,1.00,2.64
2017.10.18 07:17:48.022,0.71491,0.71497,1.00,1.12
2017.10.18 07:17:48.327,0.71491,0.71498,1.00,2.28
2017.10.18 07:17:51.462,0.71489,0.71497,1.00,1.35
2017.10.18 07:17:51.831,0.71491,0.71498,1.00,1.80
2017.10.18 07:17:52.088,0.71491,0.71499,1.00,3.07
2017.10.18 07:17:52.912,0.71491,0.71499,1.00,3.08
2017.10.18 07:17:53.462,0.71491,0.71499,1.00,5.14
2017.10.18 07:17:54.130,0.71491,0.71499,1.00,2.70
2017.10.18 07:17:54.958,0.71492,0.71499,1.00,2.14
2017.10.18 07:17:55.790,0.71492,0.71498,1.00,1.00
2017.10.18 07:17:56.498,0.71495,0.71499,1.00,1.00
2017.10.18 07:17:56.551,0.71495,0.71501,1.00,3.00
2017.10.18 07:17:56.758,0.71496,0.71503,1.00,1.50
2017.10.18 07:17:56.862,0.71498,0.71504,1.00,2.51
2017.10.18 07:17:57.070,0.71498,0.71507,1.00,3.38
2017.10.18 07:17:57.324,0.71498,0.71504,1.00,1.88
2017.10.18 07:17:57.580,0.71497,0.71505,1.00,2.81
2017.10.18 07:17:58.104,0.71498,0.71505,1.00,1.00
2017.10.18 07:17:58.309,0.71498,0.71507,1.12,1.76
2017.10.18 07:17:58.878,0.71501,0.71509,1.00,5.25
2017.10.18 07:17:58.984,0.71501,0.71509,1.00,1.00
2017.10.18 07:17:59.519,0.71501,0.71508,1.00,1.13
2017.10.18 07:17:59.705,0.71495,0.71502,1.57,1.00
2017.10.18 07:17:59.859,0.71494,0.71502,1.00,1.00
2017.10.18 07:18:00.818,0.71495,0.71502,1.00,1.00
2017.10.18 07:18:00.869,0.71495,0.71504,1.00,1.25
2017.10.18 07:18:01.023,0.71497,0.71506,1.13,3.00
2017.10.18 07:18:01.406,0.71499,0.71507,1.00,1.00
2017.10.18 07:18:01.725,0.71495,0.71503,1.45,1.25
2017.10.18 07:18:01.828,0.71494,0.71503,1.50,3.00
2017.10.18 07:18:01.880,0.71494,0.71501,1.00,1.00
2017.10.18 07:18:03.108,0.71495,0.71503,1.00,2.62
2017.10.18 07:18:03.925,0.71495,0.71503,1.00,2.06
2017.10.18 07:18:04.439,0.71496,0.71503,1.00,1.00
2017.10.18 07:18:04.967,0.71495,0.71503,1.00,1.25
2017.10.18 07:18:05.507,0.71495,0.71504,1.00,1.25
2017.10.18 07:18:06.163,0.71497,0.71503,1.00,1.69
2017.10.18 07:18:06.215,0.71495,0.71503,1.00,2.81
2017.10.18 07:18:06.266,0.71495,0.71501,1.00,1.00
2017.10.18 07:18:06.462,0.71495,0.71503,1.00,1.12
2017.10.18 07:18:07.721,0.71495,0.71503,1.00,2.62
2017.10.18 07:18:08.256,0.71495,0.71503,1.00,1.87
2017.10.18 07:18:08.933,0.71495,0.71503,1.00,2.25
2017.10.18 07:18:10.631,0.71495,0.71501,1.00,1.25
2017.10.18 07:18:10.787,0.71493,0.71502,1.00,1.00
2017.10.18 07:18:11.333,0.71494,0.71502,1.00,1.00
2017.10.18 07:18:11.935,0.71494,0.71503,1.00,1.50
2017.10.18 07:18:12.448,0.71494,0.71502,1.00,1.00
2017.10.18 07:18:13.007,0.71494,0.71503,1.00,1.00
2017.10.18 07:18:14.287,0.71494,0.71503,1.00,1.69
2017.10.18 07:18:14.883,0.71494,0.71503,1.00,1.25
2017.10.18 07:18:16.373,0.71494,0.71503,1.00,2.63
2017.10.18 07:18:17.208,0.71494,0.71503,1.00,2.62
2017.10.18 07:18:18.100,0.71494,0.71503,1.00,2.44
2017.10.18 07:18:19.097,0.71494,0.71503,1.00,3.19
2017.10.18 07:18:19.676,0.71494,0.71503,1.00,2.44
2017.10.18 07:18:20.307,0.71494,0.71503,1.00,3.00
2017.10.18 07:18:20.822,0.71494,0.71503,1.00,2.44
2017.10.18 07:18:21.590,0.71494,0.71503,1.00,3.00
2017.10.18 07:18:22.106,0.71494,0.71503,1.00,1.00
2017.10.18 07:18:23.643,0.71494,0.71503,1.00,1.69
2017.10.18 07:18:24.155,0.71494,0.71503,1.00,1.69
2017.10.18 07:18:24.599,0.71496,0.71505,1.00,1.50
2017.10.18 07:18:24.905,0.71497,0.71507,1.00,3.94
2017.10.18 07:18:25.410,0.71498,0.71507,1.00,3.94
2017.10.18 07:18:26.155,0.71498,0.71506,1.00,1.25
2017.10.18 07:18:26.856,0.71498,0.71507,1.00,4.50
2017.10.18 07:18:29.236,0.71498,0.71507,1.00,4.88
2017.10.18 07:18:29.783,0.71498,0.71507,1.00,3.19
2017.10.18 07:18:30.982,0.71498,0.71506,1.00,1.25
2017.10.18 07:18:31.645,0.71498,0.71507,1.00,3.19
2017.10.18 07:18:33.268,0.71498,0.71507,1.00,3.00
2017.10.18 07:18:33.827,0.71498,0.71507,1.00,2.81
2017.10.18 07:18:35.811,0.71499,0.71508,1.00,2.62
2017.10.18 07:18:37.525,0.71499,0.71508,1.00,2.81
2017.10.18 07:18:38.250,0.71499,0.71507,1.00,1.26
2017.10.18 07:18:38.752,0.71499,0.71507,1.00,1.01
2017.10.18 07:18:39.417,0.71498,0.71507,1.20,1.69
2017.10.18 07:18:41.716,0.71498,0.71507,1.20,1.88
2017.10.18 07:18:42.249,0.71498,0.71507,1.20,1.69
2017.10.18 07:18:43.550,0.71498,0.71507,1.13,1.88
2017.10.18 07:18:44.175,0.71498,0.71507,1.00,1.69
2017.10.18 07:18:44.709,0.71498,0.71507,1.00,1.88
2017.10.18 07:18:45.370,0.71498,0.71507,1.00,1.69
2017.10.18 07:18:48.231,0.71497,0.71507,1.45,1.27
2017.10.18 07:18:49.567,0.71497,0.71507,1.58,1.21
2017.10.18 07:18:50.076,0.71497,0.71507,1.10,1.52
2017.10.18 07:18:50.577,0.71497,0.71507,1.01,1.71
2017.10.18 07:18:51.212,0.71496,0.71505,1.20,1.00
2017.10.18 07:18:51.721,0.71497,0.71506,1.10,1.71
2017.10.18 07:18:52.271,0.71497,0.71507,1.20,2.65
2017.10.18 07:18:56.419,0.71497,0.71507,1.25,2.65
2017.10.18 07:18:57.070,0.71497,0.71507,1.00,2.09
2017.10.18 07:18:57.919,0.71497,0.71507,1.76,1.52
2017.10.18 07:18:58.072,0.71497,0.71507,1.57,1.69
2017.10.18 07:19:00.070,0.71499,0.71508,1.00,4.13
2017.10.18 07:19:00.739,0.71499,0.71507,1.00,1.00
2017.10.18 07:19:01.242,0.71499,0.71508,1.00,3.37
2017.10.18 07:19:02.578,0.71499,0.71507,1.00,1.25
2017.10.18 07:19:03.103,0.71499,0.71508,1.00,3.64
2017.10.18 07:19:04.349,0.715,0.71508,1.00,1.25
2017.10.18 07:19:05.080,0.715,0.71509,1.50,1.12
2017.10.18 07:19:06.582,0.715,0.71509,1.50,1.50
2017.10.18 07:19:07.103,0.715,0.71509,1.50,1.69
2017.10.18 07:19:07.977,0.715,0.71509,1.50,1.88
2017.10.18 07:19:08.489,0.715,0.71509,1.50,1.00
2017.10.18 07:19:10.299,0.715,0.71509,1.50,1.44
2017.10.18 07:19:10.605,0.71504,0.71512,1.00,1.50
2017.10.18 07:19:10.759,0.71506,0.71513,1.00,1.25
2017.10.18 07:19:11.309,0.71504,0.71513,1.50,1.00
2017.10.18 07:19:12.528,0.71504,0.71512,1.00,1.00
2017.10.18 07:19:12.947,0.71502,0.71511,1.50,1.25
2017.10.18 07:19:13.463,0.71502,0.71512,1.50,4.50
2017.10.18 07:19:14.001,0.71502,0.71512,2.51,2.06
2017.10.18 07:19:14.512,0.71502,0.71512,2.70,2.25
2017.10.18 07:19:15.903,0.71503,0.71512,1.00,1.12
2017.10.18 07:19:16.466,0.71503,0.71513,1.00,1.25
2017.10.18 07:19:16.520,0.71503,0.71511,1.00,1.00
2017.10.18 07:19:16.716,0.71501,0.7151,1.57,1.50
2017.10.18 07:19:17.846,0.71501,0.71509,1.10,1.00
2017.10.18 07:19:18.395,0.71501,0.7151,1.00,2.63
2017.10.18 07:19:19.023,0.715,0.71508,1.87,1.00
2017.10.18 07:19:19.381,0.71498,0.71506,1.50,1.00
2017.10.18 07:19:27.267,0.71497,0.71505,1.00,1.00
2017.10.18 07:19:29.731,0.71497,0.71507,1.69,1.87
2017.10.18 07:19:30.312,0.71497,0.71507,2.44,1.50
2017.10.18 07:19:30.839,0.71498,0.71507,1.25,1.88
2017.10.18 07:19:31.378,0.71497,0.71507,2.81,1.13
2017.10.18 07:19:31.986,0.71497,0.71505,2.62,1.00
2017.10.18 07:19:32.930,0.71497,0.71507,1.50,2.44
2017.10.18 07:19:33.468,0.71497,0.71506,1.50,1.00
2017.10.18 07:19:33.969,0.71497,0.71507,2.25,1.12
2017.10.18 07:19:34.985,0.71497,0.71507,2.81,1.44
2017.10.18 07:19:35.574,0.71497,0.71507,2.25,1.69
2017.10.18 07:19:36.822,0.71497,0.71507,2.25,2.62
2017.10.18 07:19:37.349,0.71497,0.71507,2.25,1.69
2017.10.18 07:19:37.897,0.71497,0.71506,1.50,1.00
2017.10.18 07:19:38.452,0.71496,0.71506,1.31,1.87
2017.10.18 07:19:38.869,0.71496,0.71501,1.00,1.00
2017.10.18 07:19:39.000,0.71491,0.715,2.25,1.88
2017.10.18 07:19:39.102,0.71491,0.71499,1.50,1.13
2017.10.18 07:19:39.459,0.71491,0.71501,2.25,2.62
2017.10.18 07:19:39.663,0.71493,0.71501,1.00,3.75
2017.10.18 07:19:40.179,0.71492,0.715,1.00,1.13
2017.10.18 07:19:40.690,0.71491,0.71501,2.25,1.25
2017.10.18 07:19:41.228,0.71491,0.715,3.19,1.13
2017.10.18 07:19:41.765,0.71491,0.71501,1.50,2.63
2017.10.18 07:19:43.736,0.71491,0.71501,2.44,4.31
2017.10.18 07:19:44.257,0.71491,0.71501,1.50,2.63
2017.10.18 07:19:44.688,0.71491,0.71499,1.00,1.00
2017.10.18 07:19:45.214,0.71492,0.71499,1.00,1.00
2017.10.18 07:19:45.317,0.71489,0.71498,2.06,1.00
2017.10.18 07:19:45.826,0.7149,0.71497,1.00,1.00
2017.10.18 07:19:49.596,0.7149,0.71499,1.00,2.44
2017.10.18 07:19:50.033,0.71492,0.71501,1.50,1.31
2017.10.18 07:19:50.544,0.71493,0.71503,1.50,2.63
2017.10.18 07:19:50.802,0.71495,0.71505,1.50,1.69
2017.10.18 07:19:51.009,0.71494,0.71503,1.00,1.00
2017.10.18 07:19:51.344,0.71495,0.71505,1.00,3.26
2017.10.18 07:19:51.396,0.71492,0.71501,1.87,1.50
2017.10.18 07:19:51.600,0.7149,0.715,3.45,1.00
2017.10.18 07:19:52.109,0.71491,0.71501,1.00,2.25
2017.10.18 07:19:52.964,0.71491,0.71501,1.00,2.81
2017.10.18 07:19:53.516,0.71491,0.71501,1.00,2.63
2017.10.18 07:19:54.677,0.71491,0.71501,1.69,3.56
2017.10.18 07:19:55.114,0.7149,0.71498,2.70,1.00
2017.10.18 07:19:57.882,0.7149,0.71498,3.38,1.00
2017.10.18 07:19:58.424,0.7149,0.71498,1.00,1.00
2017.10.18 07:19:58.975,0.7149,0.71498,2.14,1.00
2017.10.18 07:19:59.243,0.71488,0.71497,1.76,1.00
2017.10.18 07:19:59.770,0.71488,0.71496,1.01,1.00
2017.10.18 07:20:02.297,0.71489,0.71498,1.00,2.06
2017.10.18 07:20:02.847,0.71489,0.71498,1.00,2.63
2017.10.18 07:20:03.700,0.71489,0.71498,1.00,2.25
2017.10.18 07:20:05.332,0.71489,0.71498,1.00,1.69
2017.10.18 07:20:05.855,0.71489,0.71497,1.00,1.00
2017.10.18 07:20:06.376,0.71489,0.71498,1.00,1.50
2017.10.18 07:20:07.211,0.7149,0.71498,1.00,1.00
2017.10.18 07:20:07.811,0.7149,0.71497,1.00,1.00
2017.10.18 07:20:08.360,0.7149,0.71499,1.00,3.75
2017.10.18 07:20:10.710,0.71488,0.71498,1.10,2.25
2017.10.18 07:20:12.436,0.71488,0.71498,1.13,2.44
2017.10.18 07:20:12.966,0.71488,0.71498,1.00,2.06
2017.10.18 07:20:13.673,0.71488,0.71498,1.31,2.81
2017.10.18 07:20:15.044,0.71488,0.71498,1.00,2.44
2017.10.18 07:20:16.431,0.71488,0.71498,1.31,1.88
2017.10.18 07:20:17.026,0.71488,0.71498,1.00,1.50
2017.10.18 07:20:19.462,0.71488,0.71498,2.06,1.50
2017.10.18 07:20:20.048,0.71488,0.71498,1.00,1.13
2017.10.18 07:20:21.821,0.71488,0.71497,1.25,1.00
2017.10.18 07:20:22.470,0.71488,0.71498,1.25,1.88
2017.10.18 07:20:23.169,0.71488,0.71498,1.38,1.00
2017.10.18 07:20:23.785,0.7149,0.71499,1.25,3.45
2017.10.18 07:20:24.581,0.7149,0.71498,1.25,1.00
2017.10.18 07:20:24.785,0.71489,0.71496,1.69,1.00
2017.10.18 07:20:25.333,0.71489,0.71495,1.69,1.00
2017.10.18 07:20:25.918,0.71487,0.71495,1.69,1.00
2017.10.18 07:20:26.020,0.71487,0.71493,1.00,1.00
2017.10.18 07:20:26.275,0.71485,0.71493,1.69,1.00
2017.10.18 07:20:26.779,0.71485,0.71492,1.00,1.00
2017.10.18 07:20:28.012,0.71485,0.71491,1.25,1.00
2017.10.18 07:20:31.604,0.71484,0.71491,1.69,1.00
2017.10.18 07:20:32.215,0.71484,0.71491,1.88,1.00
2017.10.18 07:20:32.725,0.71484,0.71491,1.69,1.00
2017.10.18 07:20:34.614,0.71484,0.71492,1.69,1.00
2017.10.18 07:20:35.139,0.71484,0.71491,1.69,1.00
2017.10.18 07:20:35.343,0.71481,0.7149,3.64,1.00
2017.10.18 07:20:35.395,0.71481,0.71487,2.06,1.00
2017.10.18 07:20:35.600,0.71479,0.71486,1.50,1.00
2017.10.18 07:20:43.308,0.7148,0.71486,1.00,1.00
2017.10.18 07:20:44.524,0.71483,0.71491,2.63,1.12
2017.10.18 07:20:44.575,0.71483,0.71491,1.88,1.12
2017.10.18 07:20:44.626,0.71484,0.71492,1.20,1.00
2017.10.18 07:20:44.944,0.71481,0.71488,3.19,1.00
2017.10.18 07:20:46.685,0.7148,0.71488,3.94,1.00
2017.10.18 07:20:47.416,0.71481,0.71488,2.06,1.00
2017.10.18 07:20:48.047,0.7148,0.71488,6.94,1.00
2017.10.18 07:20:48.683,0.7148,0.71488,2.63,1.00
2017.10.18 07:20:49.225,0.7148,0.71487,1.00,1.00
2017.10.18 07:20:49.737,0.7148,0.71487,1.44,1.00
2017.10.18 07:20:50.599,0.7148,0.71488,1.44,1.00
2017.10.18 07:20:51.110,0.71482,0.7149,1.44,1.12
2017.10.18 07:20:51.609,0.71482,0.71488,1.25,1.00
2017.10.18 07:20:51.865,0.7148,0.71487,1.50,1.00
2017.10.18 07:20:53.629,0.71478,0.71487,2.14,1.00
2017.10.18 07:20:54.291,0.71479,0.71487,1.00,1.00
2017.10.18 07:20:54.944,0.71478,0.71487,2.33,1.00
2017.10.18 07:20:57.067,0.71478,0.71487,2.70,1.00
2017.10.18 07:20:57.974,0.71478,0.71487,2.70,1.00
2017.10.18 07:20:58.438,0.7148,0.71487,1.00,1.00
2017.10.18 07:20:59.623,0.7148,0.71487,1.44,1.00
2017.10.18 07:21:00.131,0.7148,0.7149,1.69,3.00
2017.10.18 07:21:00.235,0.71482,0.71489,1.00,1.00
2017.10.18 07:21:00.388,0.71483,0.71492,1.00,1.50
2017.10.18 07:21:00.893,0.71484,0.71492,1.00,1.50
2017.10.18 07:21:01.096,0.71482,0.71492,1.88,1.50
2017.10.18 07:21:01.605,0.71483,0.71492,1.00,1.50
2017.10.18 07:21:01.707,0.71481,0.71491,3.45,1.88
2017.10.18 07:21:02.237,0.7148,0.7149,2.06,1.50
2017.10.18 07:21:02.892,0.7148,0.7149,1.76,1.50
2017.10.18 07:21:03.560,0.7148,0.71488,1.69,1.00
2017.10.18 07:21:07.914,0.71482,0.71488,1.00,1.00
2017.10.18 07:21:13.557,0.71483,0.71488,1.00,1.00
2017.10.18 07:21:14.116,0.71483,0.71489,1.00,1.50
2017.10.18 07:21:14.421,0.71482,0.71489,1.00,6.00
2017.10.18 07:21:15.114,0.7148,0.71488,1.50,2.62
2017.10.18 07:21:15.737,0.71481,0.71489,1.00,5.44
2017.10.18 07:21:16.373,0.71481,0.71487,1.00,1.00
2017.10.18 07:21:16.881,0.7148,0.71487,1.00,1.00
2017.10.18 07:21:17.442,0.7148,0.71487,1.00,1.87
2017.10.18 07:21:18.506,0.71478,0.71487,3.00,1.50
2017.10.18 07:21:24.231,0.71478,0.71488,2.63,4.50
2017.10.18 07:21:25.583,0.71478,0.71488,2.44,2.25
2017.10.18 07:21:26.100,0.71479,0.71486,1.00,1.12
2017.10.18 07:21:28.166,0.71478,0.71487,2.70,1.37
2017.10.18 07:21:28.916,0.71478,0.71488,2.70,1.50
2017.10.18 07:21:29.164,0.71478,0.71486,2.70,1.00
2017.10.18 07:21:32.231,0.71478,0.71486,2.89,1.00
2017.10.18 07:21:32.807,0.71478,0.71486,1.76,1.00
2017.10.18 07:21:33.629,0.71481,0.71486,1.00,1.00
2017.10.18 07:21:34.267,0.7148,0.71486,1.00,1.50
2017.10.18 07:21:34.776,0.7148,0.71487,1.00,1.50
2017.10.18 07:21:42.456,0.71481,0.71487,1.00,1.00
2017.10.18 07:21:42.984,0.7148,0.71487,1.00,1.00
2017.10.18 07:21:45.298,0.7148,0.71486,1.00,1.00
2017.10.18 07:21:45.532,0.71478,0.71485,1.00,1.00
2017.10.18 07:21:46.054,0.71478,0.71484,1.00,1.00
2017.10.18 07:21:46.695,0.71477,0.71484,1.00,1.00
2017.10.18 07:21:47.054,0.71477,0.71484,1.00,1.50
2017.10.18 07:21:47.889,0.71477,0.71484,1.00,1.12
2017.10.18 07:21:48.665,0.71477,0.71484,1.00,1.69
2017.10.18 07:21:49.472,0.71477,0.71484,1.00,1.12
2017.10.18 07:21:50.676,0.71478,0.71485,1.00,1.37
2017.10.18 07:21:51.192,0.71477,0.71485,1.00,1.50
2017.10.18 07:21:53.839,0.71478,0.71486,1.00,4.12
2017.10.18 07:21:54.043,0.71478,0.71486,1.00,3.56
2017.10.18 07:21:54.197,0.71478,0.71486,1.00,2.25
2017.10.18 07:21:54.918,0.71478,0.71486,1.00,3.00
2017.10.18 07:21:55.427,0.71478,0.71486,1.00,2.44
2017.10.18 07:21:55.937,0.71478,0.71485,1.00,1.69
2017.10.18 07:21:57.904,0.71478,0.71486,1.00,3.38
2017.10.18 07:21:58.414,0.71479,0.71486,1.00,1.00
2017.10.18 07:21:58.923,0.71478,0.71486,1.00,3.38
2017.10.18 07:22:00.397,0.71478,0.71485,1.00,1.50
2017.10.18 07:22:01.535,0.71478,0.71486,1.00,2.44
2017.10.18 07:22:02.087,0.71477,0.71485,1.00,1.87
2017.10.18 07:22:02.603,0.71477,0.71485,1.00,2.25
2017.10.18 07:22:03.106,0.71477,0.71485,1.50,1.00
2017.10.18 07:22:03.309,0.71472,0.71479,2.62,1.25
2017.10.18 07:22:03.820,0.71472,0.71479,1.00,1.50
2017.10.18 07:22:05.013,0.71472,0.71479,1.00,2.06
2017.10.18 07:22:05.561,0.71471,0.71478,1.00,1.12
2017.10.18 07:22:06.086,0.71471,0.71477,1.00,1.12
2017.10.18 07:22:08.527,0.71471,0.71478,1.50,4.13
2017.10.18 07:22:09.530,0.71471,0.71478,1.50,2.63
2017.10.18 07:22:10.070,0.71471,0.71478,1.50,1.87
2017.10.18 07:22:12.026,0.71472,0.71478,1.00,1.00
2017.10.18 07:22:12.599,0.71473,0.71479,1.00,1.00
2017.10.18 07:22:14.639,0.71472,0.71479,1.50,1.00
2017.10.18 07:22:15.151,0.71472,0.71479,1.00,2.25
2017.10.18 07:22:15.733,0.71472,0.71479,1.00,1.87
2017.10.18 07:22:16.629,0.71471,0.71476,1.00,1.00
2017.10.18 07:22:18.174,0.71471,0.71475,1.00,1.00
2017.10.18 07:22:18.733,0.7147,0.71475,1.50,1.00
2017.10.18 07:22:19.350,0.7147,0.71474,1.50,1.00
2017.10.18 07:22:21.324,0.71467,0.71474,1.95,1.00
2017.10.18 07:22:21.867,0.71467,0.71474,2.33,1.00
2017.10.18 07:22:30.041,0.71467,0.71473,2.70,1.00
2017.10.18 07:22:37.485,0.71467,0.71473,1.76,1.00
2017.10.18 07:22:38.840,0.71466,0.71473,3.26,1.00
2017.10.18 07:22:38.943,0.71466,0.7147,1.00,1.00
2017.10.18 07:22:38.994,0.71463,0.7147,4.20,1.00
2017.10.18 07:22:44.847,0.71462,0.71469,1.57,1.00
2017.10.18 07:22:44.950,0.71459,0.71465,1.20,1.00
2017.10.18 07:22:45.001,0.71458,0.71465,1.57,1.00
2017.10.18 07:22:45.053,0.71458,0.71465,1.20,1.00
2017.10.18 07:22:45.206,0.71462,0.71469,1.87,2.25
2017.10.18 07:22:45.308,0.71463,0.71469,1.20,1.00
2017.10.18 07:22:47.631,0.71463,0.71471,2.32,1.00
2017.10.18 07:22:58.404,0.71464,0.71471,1.00,1.00
2017.10.18 07:23:01.929,0.71463,0.71471,2.44,1.00
2017.10.18 07:23:03.201,0.71463,0.71471,4.31,1.00
2017.10.18 07:23:03.710,0.71463,0.7147,1.12,1.00
2017.10.18 07:23:04.044,0.71465,0.7147,1.25,1.00
2017.10.18 07:23:04.555,0.71464,0.7147,1.13,1.00
2017.10.18 07:23:04.606,0.71465,0.71473,1.25,1.50
2017.10.18 07:23:04.845,0.71467,0.71473,1.50,1.00
2017.10.18 07:23:05.152,0.71468,0.71475,1.31,1.00
2017.10.18 07:23:05.688,0.71469,0.71476,1.37,1.00
2017.10.18 07:23:06.200,0.71469,0.71475,1.37,1.00
2017.10.18 07:23:06.786,0.71469,0.71475,1.00,1.00
2017.10.18 07:23:07.640,0.71468,0.71475,1.20,1.00
2017.10.18 07:23:07.973,0.71466,0.71472,1.69,1.00
2017.10.18 07:23:08.478,0.71466,0.71472,1.70,1.00
2017.10.18 07:23:09.118,0.71467,0.71472,1.01,1.00
2017.10.18 07:23:09.646,0.71466,0.71472,1.01,1.00
2017.10.18 07:23:11.318,0.71466,0.71473,1.01,1.00
2017.10.18 07:23:11.826,0.71466,0.71472,1.01,1.00
2017.10.18 07:23:13.087,0.71466,0.71473,1.13,1.00
2017.10.18 07:23:13.684,0.71466,0.71472,1.01,1.00
2017.10.18 07:23:18.143,0.71466,0.71472,1.00,1.00
2017.10.18 07:23:18.480,0.71466,0.71472,1.14,1.00
2017.10.18 07:23:20.525,0.71467,0.71473,1.02,1.00
2017.10.18 07:23:20.859,0.71467,0.71471,1.00,1.00
2017.10.18 07:23:20.911,0.71464,0.71471,2.70,1.00
2017.10.18 07:23:20.963,0.71462,0.71468,1.75,1.00
2017.10.18 07:23:21.149,0.71461,0.71469,4.20,1.00
2017.10.18 07:23:21.201,0.71461,0.71467,1.87,1.00
2017.10.18 07:23:21.510,0.71458,0.71464,2.32,1.00
2017.10.18 07:23:21.716,0.71459,0.71466,2.62,1.00
2017.10.18 07:23:21.989,0.71457,0.71462,1.12,1.00
2017.10.18 07:23:22.295,0.71456,0.7146,1.00,1.00
2017.10.18 07:23:22.754,0.71454,0.7146,1.87,1.00
2017.10.18 07:23:24.638,0.71454,0.7146,1.57,1.00
2017.10.18 07:23:24.876,0.71456,0.71463,1.00,1.00
2017.10.18 07:23:24.927,0.71456,0.71463,1.45,1.00
2017.10.18 07:23:25.338,0.71456,0.71463,2.14,1.00
2017.10.18 07:23:25.440,0.71456,0.71463,1.45,1.00
2017.10.18 07:23:25.951,0.71456,0.71463,1.20,1.00
2017.10.18 07:23:26.559,0.71457,0.71464,1.10,1.00
2017.10.18 07:23:27.099,0.71457,0.71464,1.95,1.00
2017.10.18 07:23:28.209,0.71457,0.71463,1.95,1.00
2017.10.18 07:23:30.154,0.71457,0.71463,1.50,1.00
2017.10.18 07:23:31.406,0.71457,0.71464,1.00,1.00
2017.10.18 07:23:31.938,0.71456,0.71463,1.00,1.00
2017.10.18 07:23:33.459,0.71456,0.71461,1.00,1.00
2017.10.18 07:23:37.378,0.71456,0.71461,2.06,1.00
2017.10.18 07:23:38.002,0.71456,0.71461,1.00,1.00
2017.10.18 07:23:38.105,0.71456,0.71463,1.00,1.00
2017.10.18 07:23:38.965,0.71456,0.71462,1.12,1.00
2017.10.18 07:23:39.476,0.71454,0.71462,2.51,1.00
2017.10.18 07:23:39.985,0.71455,0.71462,1.88,1.00
2017.10.18 07:23:40.548,0.71455,0.71461,1.00,1.00
2017.10.18 07:23:41.098,0.71454,0.71461,2.14,1.00
2017.10.18 07:23:41.302,0.71455,0.71463,1.00,1.12
2017.10.18 07:23:41.911,0.71455,0.71462,1.50,1.00
2017.10.18 07:23:49.250,0.71455,0.71463,1.50,1.00
2017.10.18 07:23:49.761,0.71455,0.71462,1.44,1.00
2017.10.18 07:23:50.672,0.71456,0.71463,1.00,1.00
2017.10.18 07:23:51.181,0.71454,0.71462,3.07,1.00
2017.10.18 07:23:51.692,0.71454,0.71461,2.70,1.00
2017.10.18 07:23:52.207,0.71456,0.71461,1.00,1.00
2017.10.18 07:23:53.283,0.71456,0.71463,1.00,1.00
2017.10.18 07:23:53.793,0.71456,0.71462,1.25,1.00
2017.10.18 07:23:56.544,0.71455,0.71462,1.69,1.00
2017.10.18 07:23:57.048,0.71456,0.71462,1.00,1.00
2017.10.18 07:23:58.014,0.71455,0.71462,1.69,1.00
2017.10.18 07:23:58.116,0.71455,0.71463,1.88,1.00
2017.10.18 07:23:58.423,0.71455,0.71461,1.51,1.00
2017.10.18 07:23:58.930,0.71455,0.71461,2.26,1.00
2017.10.18 07:23:59.439,0.71455,0.71461,1.58,1.00
2017.10.18 07:23:59.948,0.71455,0.71462,2.26,1.00
2017.10.18 07:24:00.531,0.71455,0.71461,1.58,1.00
2017.10.18 07:24:01.034,0.71455,0.7146,1.51,1.00
2017.10.18 07:24:01.583,0.71455,0.71461,1.51,1.00
2017.10.18 07:24:01.635,0.71455,0.71461,1.50,1.00
2017.10.18 07:24:02.247,0.71455,0.7146,1.50,1.00
2017.10.18 07:24:02.552,0.71453,0.71459,1.00,1.00
2017.10.18 07:24:04.233,0.71453,0.7146,1.76,1.00
2017.10.18 07:24:04.386,0.71453,0.71458,1.69,1.00
2017.10.18 07:24:05.476,0.71454,0.71458,1.00,1.00
2017.10.18 07:24:12.969,0.71454,0.71459,1.01,1.00
2017.10.18 07:24:13.789,0.71454,0.71458,1.01,1.00
2017.10.18 07:24:14.550,0.71454,0.71459,1.01,1.00
2017.10.18 07:24:15.300,0.71454,0.71458,1.01,1.00
2017.10.18 07:24:17.222,0.71449,0.71457,3.07,1.00
2017.10.18 07:24:17.375,0.71448,0.71455,2.25,1.00
2017.10.18 07:24:17.934,0.71448,0.71454,1.00,1.00
2017.10.18 07:24:23.207,0.71448,0.71453,1.00,1.00
2017.10.18 07:24:23.412,0.71445,0.71452,2.70,1.00
2017.10.18 07:24:24.000,0.71446,0.71452,1.00,1.00
2017.10.18 07:24:24.562,0.71447,0.71452,1.00,1.00
2017.10.18 07:24:25.089,0.71446,0.71452,1.31,1.00
2017.10.18 07:24:25.421,0.71448,0.71452,1.00,1.00
2017.10.18 07:24:26.020,0.71446,0.71453,1.25,1.00
2017.10.18 07:24:26.550,0.71447,0.71453,1.00,1.00
2017.10.18 07:24:28.917,0.71447,0.71452,1.50,1.00
2017.10.18 07:24:29.524,0.71447,0.71453,1.50,1.00
2017.10.18 07:24:30.062,0.71447,0.71453,1.50,1.00
2017.10.18 07:24:30.993,0.71447,0.71452,1.50,1.00
2017.10.18 07:24:31.045,0.71447,0.71454,2.25,1.00
2017.10.18 07:24:31.567,0.71448,0.71455,1.00,1.00
2017.10.18 07:24:32.082,0.71447,0.71454,3.00,1.00
2017.10.18 07:24:32.235,0.71449,0.71454,1.00,1.00
2017.10.18 07:24:32.774,0.71448,0.71454,1.50,1.00
2017.10.18 07:24:37.352,0.71448,0.71455,1.00,1.00
2017.10.18 07:24:38.060,0.71448,0.71454,1.12,1.00
2017.10.18 07:24:38.620,0.71448,0.71453,1.00,1.00
2017.10.18 07:24:39.130,0.71448,0.71454,1.00,1.00
2017.10.18 07:24:39.664,0.71448,0.71453,1.00,1.00
2017.10.18 07:24:41.543,0.71447,0.71453,1.95,1.00
2017.10.18 07:24:42.215,0.71448,0.71453,1.00,1.00
2017.10.18 07:24:44.368,0.71446,0.71453,1.00,1.00
2017.10.18 07:24:44.935,0.71445,0.71452,1.87,1.00
2017.10.18 07:24:48.674,0.71445,0.71451,1.12,1.00
2017.10.18 07:24:58.003,0.71446,0.71453,1.25,1.00
2017.10.18 07:24:58.514,0.71447,0.71453,2.62,1.00
2017.10.18 07:24:58.989,0.71451,0.71456,1.00,1.00
2017.10.18 07:24:59.625,0.71451,0.71458,1.00,1.69
2017.10.18 07:25:01.160,0.71452,0.71459,1.00,3.75
2017.10.18 07:25:01.433,0.71453,0.71459,1.00,1.00
2017.10.18 07:25:01.990,0.71455,0.71459,1.00,1.00
2017.10.18 07:25:02.093,0.71456,0.71463,1.00,2.25
2017.10.18 07:25:02.225,0.71456,0.71464,1.00,1.31
2017.10.18 07:25:02.278,0.7146,0.71465,1.00,1.37
2017.10.18 07:25:02.784,0.7146,0.71465,1.00,1.00
2017.10.18 07:25:05.207,0.7146,0.71468,1.00,3.83
2017.10.18 07:25:05.720,0.71461,0.71468,1.00,2.06
2017.10.18 07:25:06.229,0.71462,0.71467,1.00,1.00
2017.10.18 07:25:06.878,0.71462,0.71469,1.00,1.50
2017.10.18 07:25:07.031,0.7146,0.71469,1.00,1.50
2017.10.18 07:25:08.325,0.7146,0.71469,1.00,2.81
2017.10.18 07:25:08.853,0.7146,0.71469,1.00,1.88
2017.10.18 07:25:08.904,0.71462,0.71469,1.00,1.88
2017.10.18 07:25:09.006,0.7146,0.71469,1.00,1.88
2017.10.18 07:25:10.164,0.7146,0.71468,1.00,1.44
2017.10.18 07:25:11.022,0.7146,0.71468,1.00,1.25
2017.10.18 07:25:11.970,0.7146,0.71468,1.00,1.44
2017.10.18 07:25:12.510,0.7146,0.71468,1.00,1.69
2017.10.18 07:25:13.030,0.7146,0.71468,1.00,1.44
2017.10.18 07:25:13.577,0.7146,0.71468,1.00,1.25
2017.10.18 07:25:14.544,0.71465,0.71472,1.00,2.51
2017.10.18 07:25:15.308,0.71465,0.71471,1.00,2.25
2017.10.18 07:25:15.869,0.71465,0.71471,1.00,1.50
2017.10.18 07:25:16.506,0.71463,0.7147,1.00,1.38
2017.10.18 07:25:16.964,0.71463,0.71471,1.00,4.13
2017.10.18 07:25:17.468,0.71463,0.7147,1.00,1.31
2017.10.18 07:25:18.173,0.71463,0.7147,1.00,1.69
2017.10.18 07:25:18.678,0.71463,0.7147,1.00,1.31
2017.10.18 07:25:21.866,0.71463,0.7147,1.00,3.56
2017.10.18 07:25:22.639,0.71463,0.7147,1.00,1.69
2017.10.18 07:25:24.248,0.71463,0.71469,1.00,1.63
2017.10.18 07:25:24.949,0.71463,0.71469,1.00,1.25
2017.10.18 07:25:25.251,0.71461,0.71468,1.00,1.00
2017.10.18 07:25:25.808,0.71461,0.71468,1.00,2.25
2017.10.18 07:25:26.440,0.71461,0.71468,1.00,2.06
2017.10.18 07:25:26.954,0.71461,0.71469,1.00,3.75
2017.10.18 07:25:27.814,0.71461,0.71469,1.00,1.38
2017.10.18 07:25:30.347,0.71461,0.71469,1.00,1.56
2017.10.18 07:25:30.882,0.71461,0.71469,1.00,2.63
2017.10.18 07:25:31.418,0.71461,0.71469,1.00,2.63
2017.10.18 07:25:32.516,0.71461,0.71468,1.00,2.44
2017.10.18 07:25:32.796,0.71461,0.71468,1.00,1.25
2017.10.18 07:25:33.189,0.71461,0.71468,1.00,2.81
2017.10.18 07:25:33.342,0.71461,0.71468,1.00,1.25
2017.10.18 07:25:33.873,0.71461,0.71468,1.00,1.44
2017.10.18 07:25:34.587,0.71461,0.71468,1.00,2.81
2017.10.18 07:25:35.145,0.71461,0.71468,1.00,3.00
2017.10.18 07:25:35.935,0.71461,0.71468,1.00,1.31
2017.10.18 07:25:36.352,0.71461,0.71468,1.00,1.69
2017.10.18 07:25:36.874,0.71461,0.71468,1.00,1.63
2017.10.18 07:25:37.401,0.71461,0.71468,1.00,1.63
2017.10.18 07:25:37.951,0.71461,0.71468,1.00,1.44
2017.10.18 07:25:38.624,0.71461,0.71468,1.00,1.63
2017.10.18 07:25:39.170,0.71461,0.71469,1.00,3.00
2017.10.18 07:25:42.452,0.71461,0.71469,1.00,2.81
2017.10.18 07:25:42.986,0.71461,0.71469,1.00,3.56
2017.10.18 07:25:45.106,0.71461,0.71469,1.00,2.81
2017.10.18 07:25:45.655,0.7146,0.71468,1.00,1.44
2017.10.18 07:25:46.254,0.7146,0.71468,1.00,1.63
2017.10.18 07:25:46.521,0.7146,0.71468,1.00,1.13
2017.10.18 07:25:49.276,0.71462,0.71469,1.00,2.63
2017.10.18 07:25:49.807,0.71462,0.7147,1.00,3.94
2017.10.18 07:25:50.360,0.71462,0.7147,1.00,6.19
2017.10.18 07:25:50.545,0.71462,0.7147,1.00,4.50
2017.10.18 07:25:51.148,0.71462,0.7147,1.00,5.44
2017.10.18 07:25:51.818,0.71462,0.7147,1.00,5.44
2017.10.18 07:25:52.401,0.71461,0.7147,1.00,5.81
2017.10.18 07:25:54.178,0.71461,0.71468,1.00,1.44
2017.10.18 07:25:54.788,0.71461,0.71468,1.00,1.13
2017.10.18 07:25:57.021,0.71461,0.71468,1.00,1.63
2017.10.18 07:25:58.932,0.71461,0.71468,1.00,1.13
2017.10.18 07:26:05.841,0.7146,0.71468,1.00,2.06
2017.10.18 07:26:06.385,0.7146,0.71467,1.00,1.25
2017.10.18 07:26:06.893,0.7146,0.71467,1.00,1.63
2017.10.18 07:26:07.922,0.71459,0.71467,1.00,2.25
2017.10.18 07:26:08.230,0.71457,0.71464,1.00,2.25
2017.10.18 07:26:08.445,0.71459,0.71466,1.00,1.00
2017.10.18 07:26:09.116,0.71459,0.71467,1.00,1.88
2017.10.18 07:26:09.707,0.71459,0.71467,1.00,3.00
2017.10.18 07:26:10.393,0.71459,0.71467,1.00,1.50
2017.10.18 07:26:11.739,0.71459,0.71467,1.00,3.00
2017.10.18 07:26:12.302,0.71459,0.71467,1.00,1.50
2017.10.18 07:26:12.810,0.71459,0.71467,1.00,3.75
2017.10.18 07:26:13.380,0.71458,0.71467,1.00,3.75
2017.10.18 07:26:14.644,0.71458,0.71467,1.00,4.20
2017.10.18 07:26:14.996,0.71458,0.71466,1.00,1.31
2017.10.18 07:26:15.735,0.71458,0.71467,1.00,4.95
2017.10.18 07:26:16.237,0.71458,0.71466,1.00,1.31
2017.10.18 07:26:16.502,0.71458,0.71466,1.00,1.50
2017.10.18 07:26:17.024,0.71458,0.71467,1.00,5.14
2017.10.18 07:26:17.542,0.71458,0.71467,1.00,3.26
2017.10.18 07:26:18.140,0.71458,0.71467,1.00,3.45
2017.10.18 07:26:18.484,0.71461,0.71467,1.00,1.31
2017.10.18 07:26:18.818,0.71463,0.71468,1.00,1.69
2017.10.18 07:26:19.826,0.71463,0.71468,1.00,3.56
2017.10.18 07:26:19.929,0.71463,0.71469,1.00,1.00
2017.10.18 07:26:20.438,0.71464,0.71469,1.00,1.00
2017.10.18 07:26:21.346,0.71464,0.71468,1.00,1.00
2017.10.18 07:26:21.885,0.71464,0.71469,1.00,1.00
2017.10.18 07:26:22.398,0.71464,0.7147,1.00,2.25
2017.10.18 07:26:22.552,0.71466,0.71471,1.00,1.00
2017.10.18 07:26:22.654,0.71466,0.71473,1.00,1.50
2017.10.18 07:26:22.807,0.71466,0.71472,1.00,2.63
2017.10.18 07:26:22.960,0.71465,0.71472,1.00,3.19
2017.10.18 07:26:23.270,0.71465,0.71472,1.00,2.25
2017.10.18 07:26:23.737,0.71465,0.71471,1.00,1.38
2017.10.18 07:26:23.790,0.71465,0.71472,1.00,2.25
2017.10.18 07:26:23.944,0.71465,0.71471,1.00,1.88
2017.10.18 07:26:24.097,0.71465,0.71471,1.00,1.25
2017.10.18 07:26:24.882,0.71465,0.71471,1.00,1.50
2017.10.18 07:26:25.408,0.71465,0.71471,1.00,1.69
2017.10.18 07:26:25.674,0.71467,0.71471,1.00,1.00
2017.10.18 07:26:27.923,0.71466,0.71471,1.00,1.00
2017.10.18 07:26:28.127,0.71467,0.71473,1.00,1.31
2017.10.18 07:26:28.324,0.71469,0.71475,1.00,1.38
2017.10.18 07:26:28.375,0.71469,0.71476,1.00,2.25
2017.10.18 07:26:29.135,0.71469,0.71476,1.00,2.06
2017.10.18 07:26:29.751,0.71469,0.71476,1.00,1.50
2017.10.18 07:26:30.274,0.7147,0.71476,1.00,1.00
2017.10.18 07:26:37.847,0.71472,0.71478,1.00,2.89
2017.10.18 07:26:38.151,0.71475,0.71482,1.00,2.44
2017.10.18 07:26:38.304,0.71477,0.71484,1.00,1.69
2017.10.18 07:26:39.615,0.71477,0.71485,1.00,3.56
2017.10.18 07:26:39.910,0.71479,0.71485,1.00,3.00
2017.10.18 07:26:40.369,0.7148,0.71486,1.00,1.25
2017.10.18 07:26:40.888,0.7148,0.71487,1.00,2.25
2017.10.18 07:26:41.434,0.7148,0.71487,1.00,2.25
2017.10.18 07:26:42.169,0.7148,0.71487,1.00,1.88
2017.10.18 07:26:43.236,0.7148,0.71487,1.00,1.50
2017.10.18 07:26:43.757,0.7148,0.71487,1.00,2.25
2017.10.18 07:26:44.010,0.71482,0.71487,1.00,1.38
2017.10.18 07:26:44.561,0.71482,0.71487,1.00,1.00
2017.10.18 07:26:45.140,0.71482,0.71488,1.00,3.94
2017.10.18 07:26:45.659,0.71482,0.71487,1.00,1.13
2017.10.18 07:26:46.202,0.71482,0.71488,1.00,2.44
2017.10.18 07:26:46.356,0.71482,0.71488,1.00,1.25
2017.10.18 07:26:46.887,0.71482,0.71488,1.00,1.69
2017.10.18 07:26:47.505,0.71482,0.71488,1.00,1.44
2017.10.18 07:26:48.670,0.71482,0.71488,1.00,1.25
2017.10.18 07:26:49.193,0.71482,0.71488,1.00,1.68
2017.10.18 07:26:49.746,0.71482,0.71488,1.00,1.68
2017.10.18 07:26:51.730,0.71484,0.71489,1.00,1.00
2017.10.18 07:26:52.038,0.71486,0.71492,1.00,1.00
2017.10.18 07:26:52.140,0.71488,0.71494,1.00,1.00
2017.10.18 07:26:53.509,0.71488,0.71494,1.00,1.37
2017.10.18 07:26:53.919,0.71486,0.71492,1.00,1.25
2017.10.18 07:26:53.971,0.71488,0.71492,1.00,1.00
2017.10.18 07:26:54.429,0.71488,0.71494,1.00,1.25
2017.10.18 07:26:54.959,0.71488,0.71494,1.00,1.19
2017.10.18 07:26:55.504,0.71488,0.71494,1.00,1.25
2017.10.18 07:26:56.368,0.71487,0.71493,1.00,1.56
2017.10.18 07:26:57.028,0.71486,0.71492,1.00,1.50
2017.10.18 07:26:57.192,0.71487,0.71492,1.00,1.12
2017.10.18 07:26:57.294,0.71486,0.71492,1.00,1.62
2017.10.18 07:26:57.396,0.71487,0.71492,1.00,1.00
2017.10.18 07:26:58.731,0.71487,0.71492,1.00,1.44
2017.10.18 07:26:59.258,0.71486,0.71492,1.00,1.62
2017.10.18 07:27:00.086,0.71485,0.71492,1.00,1.37
2017.10.18 07:27:00.606,0.71485,0.71493,1.00,1.95
2017.10.18 07:27:00.658,0.71485,0.71491,1.00,3.19
2017.10.18 07:27:01.203,0.71485,0.71491,1.00,2.44
2017.10.18 07:27:01.735,0.71483,0.71489,1.00,1.50
2017.10.18 07:27:02.244,0.71482,0.71489,1.00,3.19
2017.10.18 07:27:03.925,0.71481,0.71489,1.00,2.25
2017.10.18 07:27:04.452,0.71481,0.71489,1.00,3.38
2017.10.18 07:27:04.989,0.71481,0.71489,1.00,2.25
2017.10.18 07:27:05.600,0.71481,0.71488,1.00,1.50
2017.10.18 07:27:06.119,0.71481,0.71489,1.00,2.25
2017.10.18 07:27:06.650,0.71481,0.71488,1.00,1.50
2017.10.18 07:27:07.154,0.71481,0.71489,1.00,1.00
2017.10.18 07:27:07.739,0.71481,0.71488,1.00,1.00
2017.10.18 07:27:08.378,0.71481,0.71489,1.00,1.00
2017.10.18 07:27:09.494,0.71481,0.71488,1.00,1.00
2017.10.18 07:27:10.118,0.71481,0.71489,1.00,1.69
2017.10.18 07:27:10.868,0.71481,0.71488,1.00,1.50
2017.10.18 07:27:11.404,0.71481,0.71489,1.00,1.69
2017.10.18 07:27:12.147,0.71481,0.71488,1.00,1.50
2017.10.18 07:27:15.680,0.71481,0.71489,1.00,1.88
2017.10.18 07:27:16.429,0.71481,0.71488,1.00,1.50
2017.10.18 07:27:17.183,0.71481,0.71488,1.00,3.75
2017.10.18 07:27:17.734,0.71481,0.71488,1.00,2.81
2017.10.18 07:27:20.010,0.71481,0.71489,1.00,3.56
2017.10.18 07:27:23.696,0.71481,0.71489,1.00,3.94
2017.10.18 07:27:23.835,0.71479,0.71489,1.00,4.50
2017.10.18 07:27:25.264,0.71479,0.71489,1.00,5.44
2017.10.18 07:27:26.995,0.71479,0.71488,1.00,1.19
2017.10.18 07:27:28.776,0.71479,0.71488,1.87,1.13
2017.10.18 07:27:29.308,0.7148,0.71488,1.00,1.25
2017.10.18 07:27:29.763,0.7148,0.71489,1.00,3.00
2017.10.18 07:27:30.103,0.7148,0.71489,1.00,3.00
2017.10.18 07:27:30.612,0.71481,0.71488,1.00,1.31
2017.10.18 07:27:30.907,0.71484,0.7149,1.00,1.00
2017.10.18 07:27:31.163,0.71485,0.71492,1.00,2.06
2017.10.18 07:27:31.469,0.71485,0.71492,1.00,3.19
2017.10.18 07:27:32.003,0.71485,0.71492,1.00,2.44
2017.10.18 07:27:33.148,0.71485,0.71491,1.00,1.63
2017.10.18 07:27:34.298,0.71485,0.71492,1.00,2.06
2017.10.18 07:27:34.603,0.71483,0.71489,1.00,2.44
2017.10.18 07:27:35.112,0.71483,0.71489,1.00,1.25
2017.10.18 07:27:36.745,0.71483,0.71489,1.00,1.50
2017.10.18 07:27:37.270,0.71483,0.71489,1.00,1.25
2017.10.18 07:27:37.787,0.71483,0.71489,1.00,1.50
2017.10.18 07:27:38.399,0.71483,0.71489,1.00,1.25
2017.10.18 07:27:38.989,0.71483,0.71488,1.00,1.00
2017.10.18 07:27:39.598,0.71483,0.71489,1.00,1.25
2017.10.18 07:27:39.764,0.71486,0.71493,1.00,1.50
2017.10.18 07:27:39.952,0.71488,0.71493,1.00,1.00
2017.10.18 07:27:40.156,0.71488,0.71495,1.00,2.06
2017.10.18 07:27:40.208,0.7149,0.71496,1.00,1.13
2017.10.18 07:27:40.259,0.71491,0.71497,1.00,1.50
2017.10.18 07:27:40.768,0.71491,0.71497,1.00,1.13
2017.10.18 07:27:41.444,0.71491,0.71499,1.00,4.50
2017.10.18 07:27:42.130,0.71491,0.71498,1.00,2.06
2017.10.18 07:27:42.293,0.71491,0.71499,1.00,4.31
2017.10.18 07:27:46.018,0.71491,0.71498,1.00,1.38
2017.10.18 07:27:46.551,0.71491,0.71497,1.00,1.63
2017.10.18 07:27:47.124,0.71491,0.71498,1.00,1.63
2017.10.18 07:27:48.130,0.71491,0.71496,1.00,1.44
2017.10.18 07:27:48.753,0.7149,0.71497,1.00,2.07
2017.10.18 07:27:49.257,0.7149,0.71497,1.00,1.89
2017.10.18 07:27:49.801,0.7149,0.71497,1.50,1.45
2017.10.18 07:27:50.808,0.7149,0.71497,1.50,1.38
2017.10.18 07:27:51.342,0.7149,0.71497,1.50,1.45
2017.10.18 07:27:52.909,0.71491,0.71498,1.00,1.38
2017.10.18 07:27:54.744,0.71492,0.71498,1.00,2.07
2017.10.18 07:27:54.795,0.71492,0.71498,1.00,1.13
2017.10.18 07:27:55.154,0.71492,0.71498,1.00,2.63
2017.10.18 07:27:55.824,0.71492,0.71498,1.00,1.88
2017.10.18 07:27:56.899,0.71492,0.71498,1.00,1.13
2017.10.18 07:27:57.439,0.71492,0.71498,1.00,2.06
2017.10.18 07:27:58.030,0.71492,0.71498,1.00,1.13
2017.10.18 07:28:00.090,0.7149,0.71494,1.00,1.00
2017.10.18 07:28:00.294,0.71488,0.71494,1.57,1.00
2017.10.18 07:28:00.826,0.71487,0.71494,4.20,1.00
2017.10.18 07:28:03.733,0.71489,0.71493,1.00,1.00
2017.10.18 07:28:03.784,0.71487,0.71493,2.70,1.00
2017.10.18 07:28:04.358,0.71487,0.71493,2.51,1.00
2017.10.18 07:28:06.489,0.71487,0.71493,2.32,1.00
2017.10.18 07:28:06.541,0.71487,0.71493,1.95,1.00
2017.10.18 07:28:08.590,0.71487,0.71493,1.95,1.00
2017.10.18 07:28:08.744,0.71487,0.71493,1.95,1.00
2017.10.18 07:28:09.252,0.71488,0.71494,1.10,1.00
2017.10.18 07:28:15.542,0.71491,0.71495,1.50,1.00
2017.10.18 07:28:15.594,0.7149,0.71498,1.00,1.12
2017.10.18 07:28:15.645,0.71492,0.71498,1.50,1.00
2017.10.18 07:28:15.952,0.71494,0.71498,1.00,1.00
2017.10.18 07:28:19.751,0.71492,0.71498,1.57,1.00
2017.10.18 07:28:25.725,0.71492,0.71497,1.10,1.00
2017.10.18 07:28:26.298,0.71492,0.71497,1.20,1.00
2017.10.18 07:28:28.476,0.71492,0.71497,1.10,1.00
2017.10.18 07:28:34.190,0.71492,0.71498,1.57,1.00
2017.10.18 07:28:34.714,0.71492,0.71498,1.95,1.00
2017.10.18 07:28:35.771,0.71492,0.71498,1.57,1.00
2017.10.18 07:28:39.553,0.71492,0.71497,1.57,1.00
2017.10.18 07:28:39.983,0.71494,0.71501,1.00,1.32
2017.10.18 07:28:40.291,0.71496,0.71501,1.00,1.25
2017.10.18 07:28:40.936,0.71496,0.71502,1.00,1.12
2017.10.18 07:28:45.316,0.71496,0.71502,1.00,1.38
2017.10.18 07:28:46.068,0.71496,0.71502,1.00,1.13
2017.10.18 07:28:47.918,0.71496,0.71502,1.00,1.50
2017.10.18 07:28:50.149,0.71496,0.71502,1.00,1.44
2017.10.18 07:28:50.201,0.71497,0.71503,1.00,1.12
2017.10.18 07:28:52.360,0.71499,0.71503,1.00,1.00
2017.10.18 07:28:54.543,0.71498,0.71503,1.00,1.37
2017.10.18 07:28:55.355,0.71499,0.71503,1.00,1.31
2017.10.18 07:28:57.279,0.71496,0.71502,1.00,1.25
2017.10.18 07:28:57.331,0.71495,0.71502,1.10,2.81
2017.10.18 07:28:57.848,0.71495,0.71501,1.00,2.44
2017.10.18 07:29:01.349,0.71494,0.715,1.00,1.38
2017.10.18 07:29:01.603,0.71493,0.71499,1.00,1.44
2017.10.18 07:29:01.707,0.71491,0.71499,1.00,1.13
2017.10.18 07:29:01.958,0.71491,0.71497,1.00,1.00
2017.10.18 07:29:02.622,0.71491,0.71498,1.00,1.63
2017.10.18 07:29:02.724,0.71491,0.71498,1.00,1.25
2017.10.18 07:29:03.241,0.71491,0.71498,1.00,3.38
2017.10.18 07:29:04.107,0.71491,0.71499,1.00,6.00
2017.10.18 07:29:04.264,0.71491,0.71499,1.00,6.19
2017.10.18 07:29:04.910,0.71491,0.71498,1.00,3.38
2017.10.18 07:29:07.049,0.71491,0.71499,1.00,7.50
2017.10.18 07:29:07.560,0.71491,0.71499,1.00,6.19
2017.10.18 07:29:08.190,0.71491,0.71499,1.00,6.19
2017.10.18 07:29:08.519,0.71491,0.71499,1.00,6.00
2017.10.18 07:29:09.193,0.7149,0.71498,1.00,1.69
2017.10.18 07:29:10.764,0.7149,0.71497,1.00,2.06
2017.10.18 07:29:11.670,0.71491,0.71497,1.00,1.44
2017.10.18 07:29:12.186,0.71491,0.71497,1.00,1.25
2017.10.18 07:29:14.069,0.71491,0.71498,1.00,1.88
2017.10.18 07:29:14.748,0.71492,0.71498,1.00,1.31
2017.10.18 07:29:15.914,0.71491,0.71498,1.00,2.06
2017.10.18 07:29:17.699,0.71492,0.71498,1.00,3.19
2017.10.18 07:29:18.177,0.71493,0.71498,1.00,1.25
2017.10.18 07:29:18.333,0.7149,0.71498,1.00,3.57
2017.10.18 07:29:18.899,0.71491,0.71498,1.00,1.26
2017.10.18 07:29:19.447,0.7149,0.71498,1.00,1.31
2017.10.18 07:29:19.951,0.71491,0.71498,1.00,1.25
2017.10.18 07:29:21.365,0.71493,0.71498,1.00,1.31
2017.10.18 07:29:23.886,0.71493,0.71498,1.00,1.25
2017.10.18 07:29:24.449,0.71492,0.71498,1.00,1.63
2017.10.18 07:29:24.551,0.71493,0.71498,1.00,1.25
2017.10.18 07:29:24.809,0.71492,0.71498,1.00,2.06
2017.10.18 07:29:25.325,0.71493,0.71499,1.00,2.63
2017.10.18 07:29:26.954,0.71493,0.71499,1.00,2.63
2017.10.18 07:29:27.477,0.71493,0.71499,1.00,2.63
2017.10.18 07:29:28.010,0.71492,0.71499,1.00,3.75
2017.10.18 07:29:28.354,0.71493,0.71499,1.00,2.63
2017.10.18 07:29:28.904,0.71493,0.71498,1.00,1.88
2017.10.18 07:29:29.431,0.71493,0.71499,1.00,2.63
2017.10.18 07:29:30.275,0.71493,0.71499,1.00,3.75
2017.10.18 07:29:32.033,0.71493,0.71499,1.00,2.63
2017.10.18 07:29:33.911,0.71493,0.71499,1.00,2.63
2017.10.18 07:29:34.537,0.71493,0.71498,1.00,1.13
2017.10.18 07:29:35.579,0.71493,0.71499,1.00,1.88
2017.10.18 07:29:37.514,0.71492,0.71498,1.00,1.38
2017.10.18 07:29:38.049,0.71493,0.71498,1.00,1.88
2017.10.18 07:29:38.787,0.71492,0.71499,1.00,2.63
2017.10.18 07:29:39.621,0.71493,0.71499,1.00,2.63
2017.10.18 07:29:40.201,0.71492,0.71498,1.00,2.06
2017.10.18 07:29:40.818,0.71493,0.71498,1.00,1.88
2017.10.18 07:29:44.444,0.71493,0.71498,1.00,1.25
2017.10.18 07:29:44.950,0.71493,0.71498,1.00,1.88
2017.10.18 07:29:46.665,0.71492,0.71498,1.00,2.06
2017.10.18 07:29:47.252,0.71493,0.71498,1.00,1.44
2017.10.18 07:29:47.759,0.71492,0.71498,1.00,2.06
2017.10.18 07:29:48.017,0.71492,0.71498,1.00,1.25
2017.10.18 07:29:48.068,0.71492,0.71498,1.00,2.06
2017.10.18 07:29:49.105,0.71492,0.71498,1.00,2.63
2017.10.18 07:29:49.607,0.71492,0.71498,1.00,1.25
2017.10.18 07:29:52.169,0.71492,0.71498,1.00,2.06
2017.10.18 07:29:52.780,0.71492,0.71498,1.00,1.25
2017.10.18 07:29:54.703,0.71492,0.71498,1.00,2.63
2017.10.18 07:29:56.689,0.71492,0.71499,1.00,3.94
2017.10.18 07:29:57.208,0.71492,0.71499,1.00,3.94
2017.10.18 07:29:59.510,0.71492,0.71498,1.00,1.63
2017.10.18 07:30:00.184,0.71492,0.71499,1.00,4.69
2017.10.18 07:30:00.235,0.71487,0.71495,2.70,1.00
2017.10.18 07:30:05.871,0.71487,0.71495,3.07,1.00
2017.10.18 07:30:08.553,0.71487,0.71495,1.20,1.00
2017.10.18 07:30:09.223,0.71487,0.71496,1.07,1.00
2017.10.18 07:30:23.325,0.71488,0.71497,1.20,1.13
2017.10.18 07:30:23.479,0.7149,0.71497,1.00,1.00
2017.10.18 07:30:23.787,0.7149,0.71497,3.45,1.00
2017.10.18 07:30:23.984,0.71492,0.715,1.39,1.50
2017.10.18 07:30:24.138,0.71493,0.71501,1.95,1.00
2017.10.18 07:30:24.778,0.71493,0.71501,3.45,1.00
2017.10.18 07:30:25.590,0.71493,0.71502,2.70,1.50
2017.10.18 07:30:25.641,0.71493,0.71502,2.70,2.06
2017.10.18 07:30:27.092,0.71493,0.71502,3.07,1.50
2017.10.18 07:30:27.143,0.71493,0.715,1.57,1.44
2017.10.18 07:30:27.297,0.71492,0.71499,1.00,1.13
2017.10.18 07:30:29.600,0.7149,0.71498,1.20,1.00
2017.10.18 07:30:30.506,0.71493,0.71499,1.00,2.63
2017.10.18 07:30:32.047,0.71493,0.71499,1.00,2.81
2017.10.18 07:30:32.568,0.71493,0.71499,1.00,1.13
2017.10.18 07:30:33.505,0.71493,0.71499,1.00,1.38
2017.10.18 07:30:34.148,0.71493,0.71498,1.00,3.38
2017.10.18 07:30:34.759,0.71493,0.71499,1.00,2.63
2017.10.18 07:30:35.487,0.71493,0.71498,1.00,1.00
2017.10.18 07:30:36.037,0.71493,0.71499,1.00,2.06
2017.10.18 07:30:38.525,0.71493,0.71498,1.00,1.00
2017.10.18 07:30:39.106,0.71493,0.71499,1.00,1.50
2017.10.18 07:30:40.526,0.71493,0.71499,1.00,2.44
2017.10.18 07:30:41.033,0.71493,0.71499,1.00,2.25
2017.10.18 07:30:41.557,0.71493,0.71499,1.00,2.06
2017.10.18 07:30:44.018,0.71493,0.71499,1.00,2.06
2017.10.18 07:30:44.577,0.71493,0.71499,1.00,2.25
2017.10.18 07:30:45.340,0.71493,0.71499,1.00,2.06
2017.10.18 07:30:45.848,0.71493,0.71498,1.00,1.25
2017.10.18 07:30:46.772,0.71493,0.71499,1.00,1.31
2017.10.18 07:30:47.778,0.71495,0.71501,1.50,2.25
2017.10.18 07:30:48.126,0.71498,0.71502,1.00,1.12
2017.10.18 07:30:55.552,0.71497,0.71502,1.00,1.25
2017.10.18 07:30:59.819,0.71496,0.71502,1.00,1.00
2017.10.18 07:31:04.239,0.71496,0.71502,1.00,1.13
2017.10.18 07:31:04.758,0.71496,0.71502,1.00,1.06
2017.10.18 07:31:05.528,0.71496,0.71502,1.00,1.38
2017.10.18 07:31:06.100,0.71496,0.71502,1.00,1.06
2017.10.18 07:31:06.841,0.71496,0.71502,1.00,1.38
2017.10.18 07:31:07.395,0.71496,0.71502,1.00,1.06
2017.10.18 07:31:08.230,0.71496,0.71502,1.00,1.38
2017.10.18 07:31:08.788,0.71496,0.71502,1.00,1.06
2017.10.18 07:31:10.500,0.71496,0.71502,1.00,1.25
2017.10.18 07:31:11.808,0.71496,0.71502,1.00,1.06
2017.10.18 07:31:12.399,0.71496,0.71502,1.00,1.44
2017.10.18 07:31:12.903,0.71496,0.71502,1.00,1.25
2017.10.18 07:31:15.298,0.71496,0.71502,1.00,1.25
2017.10.18 07:31:15.909,0.71496,0.71502,1.00,1.25
2017.10.18 07:31:16.509,0.71496,0.71502,1.00,1.25
2017.10.18 07:31:17.042,0.71496,0.71502,1.00,1.17
2017.10.18 07:31:17.579,0.71496,0.71502,1.00,1.38
2017.10.18 07:31:18.616,0.71496,0.71502,1.00,1.25
2017.10.18 07:31:19.120,0.71495,0.71502,1.00,2.75
2017.10.18 07:31:20.008,0.71495,0.71502,1.00,1.75
2017.10.18 07:31:23.615,0.71495,0.71502,1.00,1.32
2017.10.18 07:31:24.167,0.71495,0.71502,1.00,2.57
2017.10.18 07:31:24.724,0.71495,0.71502,1.00,1.57
2017.10.18 07:31:26.354,0.71497,0.71502,1.00,1.57
2017.10.18 07:31:26.456,0.71495,0.71502,1.00,1.57
2017.10.18 07:31:26.952,0.71494,0.715,1.00,1.55
2017.10.18 07:31:27.258,0.71495,0.715,1.00,1.17
2017.10.18 07:31:32.734,0.71496,0.715,1.00,1.00
2017.10.18 07:31:33.244,0.71496,0.71503,1.00,3.69
2017.10.18 07:31:34.211,0.71496,0.71503,1.00,2.19
2017.10.18 07:31:34.573,0.71498,0.71503,1.00,1.25
2017.10.18 07:31:35.115,0.71499,0.71505,1.00,2.56
2017.10.18 07:31:35.422,0.715,0.71507,1.00,2.26
2017.10.18 07:31:36.011,0.71501,0.71507,1.00,1.88
2017.10.18 07:31:37.380,0.71501,0.71507,1.00,1.25
2017.10.18 07:31:37.431,0.71503,0.71507,1.00,1.25
2017.10.18 07:31:37.999,0.71502,0.71508,1.00,1.32
2017.10.18 07:31:38.535,0.71503,0.71509,1.00,3.13
2017.10.18 07:31:39.310,0.71502,0.71508,1.00,1.50
2017.10.18 07:31:39.832,0.71503,0.71508,1.00,1.38
2017.10.18 07:31:40.401,0.71503,0.71508,1.00,1.25
2017.10.18 07:31:40.987,0.71503,0.71508,1.00,1.25
2017.10.18 07:31:41.491,0.71503,0.71508,1.00,1.25
2017.10.18 07:31:42.010,0.71503,0.71508,1.00,1.44
2017.10.18 07:31:42.529,0.71503,0.71508,1.00,1.25
2017.10.18 07:31:44.250,0.71503,0.71508,1.00,1.25
2017.10.18 07:31:44.795,0.71503,0.71508,1.00,1.25
2017.10.18 07:31:45.383,0.71503,0.71508,1.00,1.44
2017.10.18 07:31:45.888,0.71503,0.71508,1.00,1.00
2017.10.18 07:31:46.194,0.71502,0.71508,1.00,2.75
2017.10.18 07:31:46.704,0.71502,0.71508,1.00,1.50
2017.10.18 07:31:47.221,0.71502,0.71508,1.00,1.25
2017.10.18 07:31:47.766,0.71502,0.71508,1.00,1.25
2017.10.18 07:31:48.449,0.71502,0.7151,1.00,5.00
2017.10.18 07:31:48.970,0.71502,0.7151,1.00,4.33
2017.10.18 07:31:49.590,0.71502,0.7151,1.00,4.33
2017.10.18 07:31:51.092,0.71502,0.71509,1.00,2.00
2017.10.18 07:31:51.917,0.71502,0.7151,1.00,4.89
2017.10.18 07:31:54.494,0.71502,0.71509,1.00,3.50
2017.10.18 07:31:54.850,0.715,0.71506,1.00,1.44
2017.10.18 07:31:55.367,0.71499,0.71507,1.00,3.32
2017.10.18 07:31:55.705,0.71499,0.71507,1.00,3.69
2017.10.18 07:31:56.493,0.71499,0.71506,1.00,1.51
2017.10.18 07:31:57.209,0.71499,0.71507,1.00,4.70
2017.10.18 07:31:59.183,0.71499,0.71507,1.00,2.57
2017.10.18 07:31:59.974,0.715,0.71507,1.00,2.57
2017.10.18 07:32:02.346,0.71497,0.71505,1.00,1.75
2017.10.18 07:32:02.726,0.71495,0.71502,1.00,2.81
2017.10.18 07:32:03.234,0.71494,0.71499,1.00,1.13
2017.10.18 07:32:03.732,0.71494,0.715,1.00,1.07
2017.10.18 07:32:04.294,0.71494,0.715,1.00,1.63
2017.10.18 07:32:04.868,0.71494,0.71501,1.00,1.63
2017.10.18 07:32:05.399,0.71494,0.71499,1.00,1.17
2017.10.18 07:32:06.023,0.71494,0.715,1.00,1.25
2017.10.18 07:32:06.636,0.71494,0.715,1.00,1.25
2017.10.18 07:32:08.600,0.71494,0.71499,1.00,1.13
2017.10.18 07:32:09.147,0.71494,0.715,1.00,2.00
2017.10.18 07:32:09.972,0.71494,0.71501,1.00,1.44
2017.10.18 07:32:10.329,0.71494,0.71501,1.00,1.63
2017.10.18 07:32:10.866,0.71494,0.71501,1.00,1.63
2017.10.18 07:32:11.477,0.71494,0.71501,1.00,4.07
2017.10.18 07:32:11.638,0.71494,0.71501,1.00,1.63
2017.10.18 07:32:11.741,0.71493,0.715,1.00,1.63
2017.10.18 07:32:11.844,0.71491,0.71497,1.00,1.19
2017.10.18 07:32:11.896,0.71491,0.71498,1.00,1.25
2017.10.18 07:32:11.998,0.71491,0.71497,1.00,2.44
2017.10.18 07:32:12.393,0.7149,0.71497,1.00,2.75
2017.10.18 07:32:13.857,0.71489,0.71496,1.00,1.57
2017.10.18 07:32:16.323,0.71489,0.71496,1.00,1.51
2017.10.18 07:32:16.906,0.71489,0.71497,1.00,1.76
2017.10.18 07:32:16.957,0.71487,0.71494,1.00,1.17
2017.10.18 07:32:17.435,0.71484,0.71491,3.00,1.25
2017.10.18 07:32:17.734,0.7148,0.71488,2.63,1.25
2017.10.18 07:32:18.771,0.71479,0.71487,1.87,1.00
2017.10.18 07:32:19.299,0.71479,0.71488,1.31,1.00
2017.10.18 07:32:19.839,0.7148,0.71488,1.00,1.00
2017.10.18 07:32:21.069,0.71484,0.7149,1.00,1.95
2017.10.18 07:32:21.619,0.71484,0.71489,1.00,1.00
2017.10.18 07:32:22.171,0.71484,0.7149,1.00,2.44
2017.10.18 07:32:23.342,0.71483,0.7149,1.00,3.19
2017.10.18 07:32:24.102,0.71483,0.71489,1.00,1.00
2017.10.18 07:32:24.840,0.71483,0.7149,1.00,4.13
2017.10.18 07:32:26.068,0.71484,0.71491,1.00,2.81
2017.10.18 07:32:26.588,0.71485,0.71492,1.00,1.20
2017.10.18 07:32:27.318,0.71485,0.71492,1.00,3.00
2017.10.18 07:32:27.825,0.71485,0.71491,1.00,1.63
2017.10.18 07:32:28.452,0.71485,0.71491,1.00,1.38
2017.10.18 07:32:29.161,0.71485,0.71491,1.00,1.63
2017.10.18 07:32:29.673,0.71485,0.71491,1.00,1.44
2017.10.18 07:32:30.217,0.71484,0.71491,1.00,1.63
2017.10.18 07:32:30.726,0.71484,0.7149,1.00,1.33
2017.10.18 07:32:31.281,0.71484,0.71491,1.00,1.89
2017.10.18 07:32:31.601,0.71485,0.71493,1.00,2.81
2017.10.18 07:32:31.808,0.71486,0.71494,1.00,4.31
2017.10.18 07:32:31.911,0.71486,0.71494,1.00,1.69
2017.10.18 07:32:32.178,0.71485,0.71491,1.00,1.00
2017.10.18 07:32:32.331,0.71483,0.71491,1.00,1.88
2017.10.18 07:32:32.535,0.71483,0.71489,1.00,1.44
2017.10.18 07:32:32.587,0.71483,0.7149,1.00,1.69
2017.10.18 07:32:33.175,0.71483,0.71489,1.00,1.00
2017.10.18 07:32:33.742,0.71483,0.7149,1.00,1.69
2017.10.18 07:32:34.326,0.71484,0.7149,1.00,1.88
2017.10.18 07:32:34.508,0.71481,0.71488,1.00,1.00
2017.10.18 07:32:35.030,0.71481,0.71487,1.00,1.00
2017.10.18 07:32:35.541,0.71481,0.71486,1.00,1.00
2017.10.18 07:32:36.621,0.71479,0.71486,1.50,1.00
2017.10.18 07:32:36.724,0.71479,0.71484,1.50,1.00
2017.10.18 07:32:43.520,0.71477,0.71484,1.50,1.00
2017.10.18 07:32:43.886,0.7148,0.71485,1.00,1.00
2017.10.18 07:32:44.391,0.7148,0.71484,1.00,1.00
2017.10.18 07:32:44.850,0.71477,0.71484,1.12,1.00
2017.10.18 07:32:47.432,0.71476,0.71484,4.31,1.00
2017.10.18 07:32:48.062,0.71476,0.71484,3.94,1.00
2017.10.18 07:32:52.357,0.71477,0.71484,2.25,1.00
2017.10.18 07:32:53.328,0.71477,0.71484,1.87,1.00
2017.10.18 07:32:57.529,0.71474,0.71478,1.12,1.12
2017.10.18 07:32:57.683,0.71462,0.71466,1.00,1.00
2017.10.18 07:32:57.736,0.7146,0.71466,2.62,1.00
2017.10.18 07:32:57.890,0.71455,0.71463,1.00,1.00
2017.10.18 07:32:57.942,0.71455,0.71461,1.50,1.00
2017.10.18 07:32:58.368,0.71462,0.71468,3.19,1.95
2017.10.18 07:32:58.471,0.71462,0.71471,1.88,1.12
2017.10.18 07:32:58.523,0.71463,0.71469,1.12,1.00
2017.10.18 07:32:58.575,0.71459,0.71466,1.12,1.00
2017.10.18 07:32:58.679,0.71458,0.71464,1.75,1.00
2017.10.18 07:32:58.730,0.71461,0.71469,1.00,1.12
2017.10.18 07:32:58.871,0.71462,0.71469,1.00,1.87
2017.10.18 07:32:58.923,0.71458,0.71465,3.37,1.00
2017.10.18 07:33:00.128,0.71459,0.71465,1.00,1.00
2017.10.18 07:33:00.859,0.71458,0.71465,2.62,1.00
2017.10.18 07:33:02.809,0.71459,0.71465,1.00,1.00
2017.10.18 07:33:03.368,0.71458,0.71465,3.00,1.00
2017.10.18 07:33:03.881,0.7146,0.71466,2.81,1.00
2017.10.18 07:33:04.471,0.7146,0.71467,1.25,1.00
2017.10.18 07:33:04.973,0.7146,0.71468,2.21,1.00
2017.10.18 07:33:06.526,0.7146,0.71466,1.62,1.00
2017.10.18 07:33:06.884,0.71458,0.7146,1.87,1.00
2017.10.18 07:33:06.938,0.71449,0.71455,1.00,1.00
2017.10.18 07:33:07.040,0.71447,0.71452,1.50,1.00
2017.10.18 07:33:07.142,0.71445,0.71451,1.25,1.00
2017.10.18 07:33:07.193,0.71444,0.71448,1.12,1.50
2017.10.18 07:33:07.245,0.71441,0.71449,2.25,1.95
2017.10.18 07:33:07.297,0.7144,0.71447,1.50,1.00
2017.10.18 07:33:07.349,0.71438,0.71446,1.25,1.00
2017.10.18 07:33:07.692,0.71437,0.71443,1.00,1.00
2017.10.18 07:33:08.052,0.71437,0.71441,1.00,1.00
2017.10.18 07:33:08.208,0.71435,0.7144,1.00,1.20
2017.10.18 07:33:08.712,0.71436,0.71442,1.00,1.95
2017.10.18 07:33:08.937,0.71436,0.71443,1.00,1.20
2017.10.18 07:33:10.043,0.71435,0.71443,1.69,1.95
2017.10.18 07:33:14.651,0.71433,0.7144,1.12,2.06
2017.10.18 07:33:14.957,0.71416,0.71423,1.62,2.32
2017.10.18 07:33:15.008,0.71412,0.7142,1.62,1.10
2017.10.18 07:33:15.059,0.7141,0.71417,1.31,1.10
2017.10.18 07:33:15.162,0.71408,0.71415,1.00,1.00
2017.10.18 07:33:15.336,0.71406,0.71414,1.13,2.70
2017.10.18 07:33:15.646,0.71412,0.71416,1.00,1.20
2017.10.18 07:33:15.699,0.71413,0.71418,1.12,1.00
2017.10.18 07:33:15.750,0.71414,0.7142,1.38,1.10
2017.10.18 07:33:15.802,0.71411,0.71418,1.69,1.00
2017.10.18 07:33:16.310,0.71411,0.71419,1.88,1.10
2017.10.18 07:33:16.669,0.71414,0.71419,1.00,1.00
2017.10.18 07:33:17.027,0.7141,0.71417,1.50,1.00
2017.10.18 07:33:17.128,0.71408,0.71415,1.00,1.00
2017.10.18 07:33:17.231,0.71403,0.71412,4.31,1.00
2017.10.18 07:33:17.813,0.71404,0.71411,1.00,1.00
2017.10.18 07:33:19.366,0.71404,0.71412,1.02,1.00
2017.10.18 07:33:20.084,0.71404,0.71411,1.14,1.00
2017.10.18 07:33:21.164,0.71404,0.71411,1.14,1.00
2017.10.18 07:33:21.793,0.71404,0.71411,1.02,1.00
2017.10.18 07:33:22.327,0.71404,0.7141,1.14,1.00
2017.10.18 07:33:22.624,0.71406,0.71412,1.00,1.95
2017.10.18 07:33:23.157,0.71406,0.71412,1.00,1.00
2017.10.18 07:33:23.823,0.71401,0.71409,7.84,2.10
2017.10.18 07:33:24.062,0.71387,0.71394,1.00,1.00
2017.10.18 07:33:24.114,0.71386,0.71392,1.00,1.00
2017.10.18 07:33:24.216,0.71383,0.71391,4.57,1.00
2017.10.18 07:33:24.318,0.71385,0.71392,1.00,1.00
2017.10.18 07:33:24.778,0.71387,0.71393,1.00,1.00
2017.10.18 07:33:25.326,0.71387,0.71393,1.00,1.37
2017.10.18 07:33:25.869,0.7139,0.71394,1.00,1.00
2017.10.18 07:33:26.128,0.71396,0.714,1.00,1.00
2017.10.18 07:33:26.257,0.71394,0.71401,1.00,1.50
2017.10.18 07:33:26.309,0.71398,0.71403,1.00,1.00
2017.10.18 07:33:26.836,0.714,0.71404,1.00,1.00
2017.10.18 07:33:27.091,0.71406,0.71411,1.00,1.00
2017.10.18 07:33:27.442,0.71404,0.71411,1.00,1.50
2017.10.18 07:33:28.341,0.71405,0.71411,1.00,1.50
2017.10.18 07:33:28.445,0.71404,0.71409,1.00,1.37
2017.10.18 07:33:28.498,0.71393,0.71399,1.12,1.69
2017.10.18 07:33:28.600,0.71388,0.71395,1.00,1.12
2017.10.18 07:33:28.703,0.71385,0.71391,1.25,1.00
2017.10.18 07:33:29.117,0.71383,0.7139,2.81,1.00
2017.10.18 07:33:29.525,0.71383,0.7139,2.44,1.00
2017.10.18 07:33:30.073,0.71383,0.7139,2.25,1.00
2017.10.18 07:33:30.430,0.71386,0.71394,1.00,3.07
2017.10.18 07:33:30.481,0.71386,0.71394,1.00,3.07
2017.10.18 07:33:30.990,0.71386,0.71393,1.00,1.00
2017.10.18 07:33:31.194,0.71389,0.71393,1.00,1.00
2017.10.18 07:33:31.703,0.7139,0.71395,1.00,1.07
2017.10.18 07:33:31.930,0.71387,0.71393,1.00,1.00
2017.10.18 07:33:32.032,0.71385,0.71393,1.20,1.00
2017.10.18 07:33:32.557,0.71386,0.71394,1.00,1.95
2017.10.18 07:33:33.064,0.71385,0.71393,1.20,1.00
2017.10.18 07:33:33.115,0.71382,0.71386,1.00,1.00
2017.10.18 07:33:33.319,0.71368,0.71376,1.00,1.00
2017.10.18 07:33:33.371,0.71366,0.71373,1.00,1.50
2017.10.18 07:33:33.678,0.71374,0.71378,1.00,1.00
2017.10.18 07:33:33.805,0.71374,0.7138,1.13,1.87
2017.10.18 07:33:33.857,0.71375,0.71383,1.00,1.95
2017.10.18 07:33:34.369,0.71376,0.71383,1.25,1.50
2017.10.18 07:33:36.373,0.71376,0.71383,1.00,1.50
2017.10.18 07:33:37.404,0.71375,0.71383,1.00,1.50
2017.10.18 07:33:37.928,0.71377,0.71384,1.88,1.10
2017.10.18 07:33:38.233,0.7138,0.71385,1.00,1.50
2017.10.18 07:33:38.776,0.71379,0.71384,1.00,1.87
2017.10.18 07:33:40.688,0.71381,0.71385,1.00,1.00
2017.10.18 07:33:40.995,0.71389,0.71393,1.00,1.00
2017.10.18 07:33:41.507,0.7139,0.71394,1.00,1.25
2017.10.18 07:33:41.826,0.7139,0.71394,1.00,1.00
2017.10.18 07:33:42.713,0.71389,0.71394,1.00,1.37
2017.10.18 07:33:43.257,0.7139,0.71394,1.00,1.00
2017.10.18 07:33:43.837,0.7139,0.71395,1.00,1.57
2017.10.18 07:33:43.889,0.71393,0.71399,1.00,1.20
2017.10.18 07:33:44.042,0.71395,0.71399,1.00,1.00
2017.10.18 07:33:44.093,0.71396,0.71401,1.00,1.00
2017.10.18 07:33:44.621,0.71396,0.71402,1.00,3.00
2017.10.18 07:33:44.723,0.71396,0.71402,1.00,2.62
2017.10.18 07:33:44.876,0.71396,0.71402,1.00,1.50
2017.10.18 07:33:45.194,0.71396,0.71402,1.00,1.87
2017.10.18 07:33:45.347,0.71396,0.71402,1.00,1.50
2017.10.18 07:33:46.410,0.71395,0.71402,1.00,2.25
2017.10.18 07:33:46.667,0.71396,0.71402,1.00,2.25
2017.10.18 07:33:47.199,0.71398,0.71403,1.00,1.00
2017.10.18 07:33:47.746,0.71399,0.71404,1.00,1.37
2017.10.18 07:33:48.883,0.71399,0.71404,1.00,1.12
2017.10.18 07:33:52.731,0.71399,0.71406,1.00,1.95
2017.10.18 07:33:54.298,0.71399,0.71405,1.00,1.00
2017.10.18 07:33:54.452,0.71403,0.71408,1.87,1.87
2017.10.18 07:33:54.707,0.71405,0.71412,1.00,1.87
2017.10.18 07:33:54.759,0.71404,0.71412,1.87,2.62
2017.10.18 07:33:54.978,0.71405,0.71412,1.00,1.31
2017.10.18 07:33:55.029,0.71405,0.71412,1.00,1.12
2017.10.18 07:33:55.080,0.71405,0.71413,1.00,3.75
2017.10.18 07:33:55.132,0.71405,0.71412,1.00,1.12
2017.10.18 07:33:56.108,0.71405,0.71412,1.00,1.87
2017.10.18 07:33:56.301,0.71405,0.71411,1.00,1.75
2017.10.18 07:33:56.454,0.71403,0.71411,1.00,4.01
2017.10.18 07:33:56.964,0.71403,0.7141,1.00,3.45
2017.10.18 07:33:58.094,0.71402,0.71408,1.00,1.00
2017.10.18 07:33:58.992,0.71401,0.71408,1.00,1.00
2017.10.18 07:33:59.349,0.71401,0.71407,1.00,1.50
2017.10.18 07:33:59.860,0.714,0.71408,1.00,2.70
2017.10.18 07:34:00.370,0.714,0.71408,1.00,3.00
2017.10.18 07:34:01.311,0.714,0.71408,1.00,3.00
2017.10.18 07:34:02.474,0.71402,0.71407,1.00,1.00
2017.10.18 07:34:03.188,0.71402,0.71409,1.00,3.00
2017.10.18 07:34:03.291,0.71401,0.71409,1.00,3.00
2017.10.18 07:34:03.495,0.71402,0.71409,1.00,3.94
2017.10.18 07:34:04.020,0.71402,0.71409,1.00,2.06
2017.10.18 07:34:04.173,0.71402,0.71409,1.00,2.62
2017.10.18 07:34:04.224,0.71402,0.71409,1.00,1.87
2017.10.18 07:34:04.326,0.71397,0.71406,1.95,3.00
2017.10.18 07:34:04.378,0.71397,0.71404,1.50,1.00
2017.10.18 07:34:04.429,0.71398,0.71404,1.50,1.50
2017.10.18 07:34:04.532,0.71397,0.71404,1.50,1.75
2017.10.18 07:34:04.583,0.71397,0.71404,1.50,1.00
2017.10.18 07:34:04.737,0.714,0.71405,1.00,1.25
2017.10.18 07:34:05.255,0.71399,0.71406,1.00,1.12
2017.10.18 07:34:06.095,0.71399,0.71406,1.00,1.50
2017.10.18 07:34:06.448,0.71399,0.71406,1.00,4.31
2017.10.18 07:34:06.980,0.71398,0.71406,1.00,5.44
2017.10.18 07:34:07.187,0.71398,0.71406,1.00,3.56
2017.10.18 07:34:07.984,0.71398,0.71406,1.00,3.37
2017.10.18 07:34:09.874,0.71398,0.71406,1.00,3.75
2017.10.18 07:34:10.233,0.71394,0.71399,1.50,1.87
2017.10.18 07:34:10.437,0.71391,0.71397,1.00,1.00
2017.10.18 07:34:10.540,0.7139,0.71397,1.00,1.37
2017.10.18 07:34:10.591,0.71394,0.714,1.00,2.51
2017.10.18 07:34:10.888,0.71396,0.71402,1.00,1.50
2017.10.18 07:34:12.077,0.71396,0.71403,1.00,1.87
2017.10.18 07:34:12.615,0.71396,0.71403,1.00,2.62
2017.10.18 07:34:12.769,0.71395,0.71403,1.00,1.75
2017.10.18 07:34:12.871,0.71396,0.71403,1.00,2.25
2017.10.18 07:34:13.472,0.71396,0.71402,1.00,1.00
2017.10.18 07:34:14.027,0.71395,0.71403,1.00,3.19
2017.10.18 07:34:14.745,0.71395,0.71403,1.00,3.00
2017.10.18 07:34:15.858,0.71397,0.71403,1.00,3.19
2017.10.18 07:34:15.971,0.71395,0.71403,1.12,3.19
2017.10.18 07:34:16.023,0.71397,0.71403,1.00,2.44
2017.10.18 07:34:16.778,0.71397,0.71404,1.00,2.44
2017.10.18 07:34:17.298,0.71397,0.71404,1.00,2.44
2017.10.18 07:34:17.349,0.71397,0.71404,1.00,1.69
2017.10.18 07:34:19.112,0.71399,0.71404,1.00,1.00
2017.10.18 07:34:19.423,0.71396,0.71404,1.12,1.50
2017.10.18 07:34:20.095,0.71399,0.71405,1.00,3.75
2017.10.18 07:34:20.402,0.71388,0.71395,1.50,2.06
2017.10.18 07:34:20.730,0.71386,0.71393,1.00,1.00
2017.10.18 07:34:20.781,0.71384,0.71392,1.25,3.38
2017.10.18 07:34:20.833,0.71384,0.71391,1.00,2.00
2017.10.18 07:34:20.988,0.71385,0.71391,1.00,1.25
2017.10.18 07:34:21.245,0.71384,0.7139,1.00,1.75
2017.10.18 07:34:21.296,0.71384,0.71392,1.00,1.69
2017.10.18 07:34:21.347,0.71383,0.71392,1.50,5.44
2017.10.18 07:34:21.450,0.71385,0.71391,1.00,1.12
2017.10.18 07:34:21.501,0.71384,0.7139,1.00,1.75
2017.10.18 07:34:21.620,0.7138,0.71388,1.75,1.50
2017.10.18 07:34:21.747,0.7138,0.71386,1.00,1.00
2017.10.18 07:34:22.266,0.71381,0.71386,1.00,1.00
2017.10.18 07:34:23.041,0.71381,0.71388,1.00,1.10
2017.10.18 07:34:23.156,0.71384,0.71389,1.00,1.00
2017.10.18 07:34:23.462,0.71386,0.71391,1.00,1.00
2017.10.18 07:34:23.801,0.71385,0.71391,1.00,1.37
2017.10.18 07:34:24.005,0.71386,0.71391,1.00,1.00
2017.10.18 07:34:24.525,0.71386,0.71392,1.00,1.00
2017.10.18 07:34:25.245,0.71386,0.71392,1.00,1.37
2017.10.18 07:34:25.506,0.71388,0.71392,1.00,1.00
2017.10.18 07:34:25.801,0.71394,0.71401,1.00,1.50
2017.10.18 07:34:25.904,0.71394,0.71398,1.00,1.00
2017.10.18 07:34:25.956,0.71394,0.714,1.00,1.00
2017.10.18 07:34:26.483,0.71395,0.71402,1.00,2.62
2017.10.18 07:34:27.049,0.71396,0.71403,1.00,2.81
2017.10.18 07:34:27.570,0.71396,0.71402,1.00,1.25
2017.10.18 07:34:28.094,0.71396,0.71403,1.00,2.06
2017.10.18 07:34:28.729,0.71396,0.71403,1.00,2.25
2017.10.18 07:34:29.432,0.71396,0.71403,1.00,2.63
2017.10.18 07:34:30.583,0.71396,0.71403,1.00,3.00
2017.10.18 07:34:31.151,0.71396,0.71403,1.00,2.62
2017.10.18 07:34:31.763,0.71396,0.71402,1.00,1.00
2017.10.18 07:34:32.403,0.71396,0.71403,1.00,2.62
2017.10.18 07:34:32.627,0.71396,0.71402,1.00,1.37
2017.10.18 07:34:32.678,0.71396,0.71403,1.00,1.87
2017.10.18 07:34:32.842,0.71398,0.71404,1.00,3.37
2017.10.18 07:34:34.349,0.71398,0.71404,1.00,1.50
2017.10.18 07:34:37.170,0.71398,0.71404,1.00,1.88
2017.10.18 07:34:37.672,0.71397,0.71404,1.00,1.69
2017.10.18 07:34:38.137,0.71397,0.71404,1.00,3.19
2017.10.18 07:34:38.188,0.71397,0.71403,1.00,1.00
2017.10.18 07:34:38.861,0.71397,0.71404,1.00,3.94
2017.10.18 07:34:38.912,0.71397,0.71403,1.00,1.12
2017.10.18 07:34:39.272,0.71397,0.71404,1.00,3.56
2017.10.18 07:34:39.374,0.71397,0.71403,1.00,1.00
2017.10.18 07:34:39.595,0.71391,0.71398,1.37,1.87
2017.10.18 07:34:39.699,0.71385,0.71392,1.12,1.00
2017.10.18 07:34:39.801,0.71382,0.7139,2.81,1.00
2017.10.18 07:34:39.955,0.71377,0.71385,1.69,1.12
2017.10.18 07:34:40.057,0.71377,0.71383,1.25,1.12
2017.10.18 07:34:40.590,0.71376,0.71382,1.00,1.00
2017.10.18 07:34:41.188,0.71376,0.71383,1.25,1.00
2017.10.18 07:34:41.728,0.71376,0.71383,1.88,1.00
2017.10.18 07:34:42.265,0.71376,0.71382,1.88,1.12
2017.10.18 07:34:42.419,0.71378,0.71386,3.38,1.50
2017.10.18 07:34:42.471,0.7138,0.71386,1.31,1.12
2017.10.18 07:34:43.078,0.7138,0.71387,1.13,1.00
2017.10.18 07:34:43.856,0.71378,0.71386,1.57,1.00
2017.10.18 07:34:46.106,0.71378,0.71385,1.00,1.00
2017.10.18 07:34:46.463,0.71378,0.71386,2.81,1.12
2017.10.18 07:34:47.001,0.71378,0.71387,1.88,1.50
2017.10.18 07:34:47.848,0.71378,0.71387,1.88,1.00
2017.10.18 07:34:48.307,0.71378,0.71387,2.82,1.00
2017.10.18 07:34:48.600,0.71381,0.71389,1.88,1.12
2017.10.18 07:34:49.762,0.71382,0.7139,1.88,1.00
2017.10.18 07:34:50.322,0.71383,0.71391,1.00,1.00
2017.10.18 07:34:51.071,0.71383,0.71392,1.00,1.50
2017.10.18 07:34:51.174,0.71383,0.71391,1.00,1.37
2017.10.18 07:34:51.530,0.71383,0.71391,1.00,1.00
2017.10.18 07:34:52.474,0.71384,0.71391,1.13,1.00
2017.10.18 07:34:53.244,0.71383,0.71391,2.63,1.00
2017.10.18 07:34:53.799,0.71383,0.71391,2.63,1.00
2017.10.18 07:34:54.355,0.71384,0.71391,1.44,1.00
2017.10.18 07:34:54.907,0.71384,0.71392,1.13,1.50
2017.10.18 07:34:55.936,0.71382,0.7139,2.51,1.00
2017.10.18 07:34:56.685,0.71382,0.7139,2.14,1.00
2017.10.18 07:34:57.392,0.71382,0.7139,2.14,1.00
2017.10.18 07:34:58.147,0.71382,0.71389,1.00,1.00
2017.10.18 07:34:58.198,0.71378,0.71386,2.25,1.00
2017.10.18 07:34:58.301,0.71378,0.71384,1.50,1.00
2017.10.18 07:34:58.812,0.71377,0.71385,3.00,1.00
2017.10.18 07:34:59.535,0.71377,0.71385,3.19,1.12
2017.10.18 07:35:00.071,0.71377,0.71385,1.25,1.12
2017.10.18 07:35:01.657,0.71377,0.71385,1.13,1.37
2017.10.18 07:35:01.708,0.71376,0.71382,1.31,1.00
2017.10.18 07:35:02.221,0.71375,0.71381,1.50,1.00
2017.10.18 07:35:03.075,0.71375,0.71381,1.00,1.37
2017.10.18 07:35:03.619,0.71374,0.71381,1.25,1.37
2017.10.18 07:35:04.624,0.71374,0.71381,1.00,1.00
2017.10.18 07:35:05.230,0.71373,0.7138,1.00,1.12
2017.10.18 07:35:05.537,0.71373,0.7138,1.00,1.50
2017.10.18 07:35:05.962,0.71373,0.7138,1.31,1.00
2017.10.18 07:35:06.269,0.71369,0.71377,3.37,1.69
2017.10.18 07:35:06.618,0.71363,0.71368,1.00,1.37
2017.10.18 07:35:06.670,0.71359,0.71365,1.12,1.00
2017.10.18 07:35:06.772,0.71358,0.71363,1.00,1.00
2017.10.18 07:35:06.875,0.71355,0.71363,1.13,1.00
2017.10.18 07:35:06.927,0.71355,0.71361,1.13,1.00
2017.10.18 07:35:07.493,0.71355,0.71361,1.38,1.12
2017.10.18 07:35:08.002,0.71355,0.71363,1.88,1.50
2017.10.18 07:35:08.236,0.71357,0.71364,1.13,1.87
2017.10.18 07:35:08.287,0.7136,0.71367,1.00,1.50
2017.10.18 07:35:08.595,0.71363,0.7137,1.00,5.51
2017.10.18 07:35:09.176,0.71361,0.71366,1.00,1.12
2017.10.18 07:35:09.361,0.71359,0.71366,1.00,1.00
2017.10.18 07:35:09.412,0.71359,0.71366,1.00,1.50
2017.10.18 07:35:09.617,0.71359,0.71366,1.00,1.00
2017.10.18 07:35:09.668,0.71359,0.71366,1.00,1.50
2017.10.18 07:35:09.720,0.71359,0.71366,1.00,1.50
2017.10.18 07:35:10.315,0.71363,0.7137,1.00,1.12
2017.10.18 07:35:10.621,0.71366,0.71373,1.00,2.25
2017.10.18 07:35:10.926,0.71368,0.71375,1.00,2.25
2017.10.18 07:35:11.485,0.71368,0.71375,1.00,1.25
2017.10.18 07:35:11.842,0.7137,0.71376,1.00,2.44
2017.10.18 07:35:12.781,0.7137,0.71375,1.00,1.25
2017.10.18 07:35:13.095,0.71376,0.71381,1.00,1.37
2017.10.18 07:35:13.147,0.71376,0.71383,1.00,2.44
2017.10.18 07:35:13.201,0.71376,0.71383,1.00,2.44
2017.10.18 07:35:13.252,0.71376,0.71383,1.00,1.50
2017.10.18 07:35:13.610,0.71375,0.71379,1.00,1.12
2017.10.18 07:35:13.662,0.71374,0.71379,1.00,1.00
2017.10.18 07:35:14.172,0.71374,0.7138,1.00,1.50
2017.10.18 07:35:14.453,0.71373,0.71378,1.00,1.00
2017.10.18 07:35:14.964,0.71372,0.71379,1.00,4.69
2017.10.18 07:35:15.283,0.71371,0.71376,1.00,1.37
2017.10.18 07:35:16.470,0.71372,0.71377,1.00,1.00
2017.10.18 07:35:16.977,0.71372,0.71379,1.00,1.50
2017.10.18 07:35:17.130,0.71368,0.71375,2.89,1.12
2017.10.18 07:35:17.181,0.7137,0.71374,1.00,1.00
2017.10.18 07:35:17.233,0.71368,0.71375,1.00,1.50
2017.10.18 07:35:17.335,0.7137,0.71375,1.00,1.00
2017.10.18 07:35:17.901,0.7137,0.71376,1.00,1.25
2017.10.18 07:35:18.445,0.71371,0.71377,1.00,1.69
2017.10.18 07:35:18.853,0.71373,0.71378,1.00,1.12
2017.10.18 07:35:19.961,0.71373,0.71377,1.00,1.00
2017.10.18 07:35:20.578,0.71372,0.71377,1.00,1.00
2017.10.18 07:35:22.748,0.71371,0.71375,1.00,1.00
2017.10.18 07:35:23.004,0.71369,0.71375,1.00,1.00
2017.10.18 07:35:23.680,0.71369,0.71373,1.00,1.00
2017.10.18 07:35:24.103,0.71367,0.71373,1.31,1.00
2017.10.18 07:35:24.308,0.71364,0.7137,1.53,1.00
2017.10.18 07:35:24.931,0.71367,0.71373,1.12,1.12
2017.10.18 07:35:25.481,0.71368,0.71373,1.50,1.00
2017.10.18 07:35:26.032,0.71367,0.71372,1.50,1.00
2017.10.18 07:35:26.085,0.71365,0.71372,1.15,1.00
2017.10.18 07:35:27.048,0.71365,0.71372,2.46,1.00
2017.10.18 07:35:27.202,0.71365,0.71372,1.12,1.00
2017.10.18 07:35:27.253,0.71363,0.71367,1.87,1.00
2017.10.18 07:35:27.419,0.71353,0.71362,1.12,1.00
2017.10.18 07:35:27.879,0.71354,0.71362,1.00,1.12
2017.10.18 07:35:29.320,0.71354,0.71363,1.00,1.00
2017.10.18 07:35:29.903,0.71355,0.71363,3.37,1.00
2017.10.18 07:35:30.536,0.71355,0.71363,1.69,1.00
2017.10.18 07:35:30.689,0.71353,0.71362,7.95,1.12
2017.10.18 07:35:30.876,0.71353,0.71359,1.50,1.00
2017.10.18 07:35:31.234,0.71351,0.71358,2.25,1.00
2017.10.18 07:35:31.622,0.71356,0.71362,1.00,1.50
2017.10.18 07:35:31.777,0.71362,0.71368,1.00,1.00
2017.10.18 07:35:31.884,0.71364,0.7137,1.00,1.37
2017.10.18 07:35:32.039,0.71365,0.71372,1.00,1.12
2017.10.18 07:35:33.038,0.71364,0.71372,1.00,1.00
2017.10.18 07:35:34.714,0.71367,0.71372,1.25,1.00
2017.10.18 07:35:34.766,0.71367,0.71374,1.87,1.00
2017.10.18 07:35:34.970,0.71369,0.71376,1.50,1.00
2017.10.18 07:35:35.385,0.71371,0.71375,1.25,1.00
2017.10.18 07:35:35.488,0.7137,0.71376,1.12,1.00
2017.10.18 07:35:36.016,0.71371,0.71377,2.25,1.00
2017.10.18 07:35:36.067,0.71372,0.71379,1.12,1.00
2017.10.18 07:35:36.188,0.71374,0.7138,1.00,1.00
2017.10.18 07:35:36.629,0.71375,0.71382,1.25,1.00
2017.10.18 07:35:37.352,0.71375,0.71383,1.12,1.00
2017.10.18 07:35:37.871,0.71376,0.71384,1.12,1.00
2017.10.18 07:35:38.419,0.71376,0.71384,1.88,1.00
2017.10.18 07:35:38.922,0.71376,0.71384,2.07,1.00
2017.10.18 07:35:39.462,0.71377,0.71383,1.12,1.00
2017.10.18 07:35:40.681,0.71377,0.71385,3.56,1.00
2017.10.18 07:35:41.192,0.71378,0.71385,1.00,1.00
2017.10.18 07:35:42.001,0.7138,0.71386,1.00,1.00
2017.10.18 07:35:44.570,0.71378,0.71385,1.00,1.00
2017.10.18 07:35:44.725,0.71377,0.71382,1.00,1.00
2017.10.18 07:35:45.035,0.71374,0.7138,1.11,1.00
2017.10.18 07:35:45.242,0.71374,0.7138,1.00,1.00
2017.10.18 07:35:45.431,0.7137,0.71377,3.00,1.00
2017.10.18 07:35:45.483,0.71368,0.71376,1.50,1.00
2017.10.18 07:35:46.083,0.71372,0.71378,1.00,1.00
2017.10.18 07:35:46.185,0.71372,0.7138,1.00,1.00
2017.10.18 07:35:46.288,0.71374,0.7138,1.00,1.00
2017.10.18 07:35:46.473,0.7137,0.71377,1.00,1.00
2017.10.18 07:35:47.651,0.71369,0.71375,1.25,1.00
2017.10.18 07:35:47.703,0.71365,0.71373,1.12,1.12
2017.10.18 07:35:48.213,0.71365,0.71372,1.00,1.00
2017.10.18 07:35:48.760,0.71366,0.71372,1.00,1.00
2017.10.18 07:35:49.485,0.71366,0.71373,1.00,1.12
2017.10.18 07:35:52.153,0.71365,0.71374,1.50,1.50
2017.10.18 07:35:52.850,0.71367,0.71375,1.50,1.00
2017.10.18 07:35:53.357,0.71368,0.71375,1.00,1.00
2017.10.18 07:35:54.388,0.71367,0.71374,1.50,1.00
2017.10.18 07:35:55.538,0.71366,0.71374,1.00,1.12
2017.10.18 07:35:56.872,0.71366,0.71374,2.06,1.37
2017.10.18 07:35:57.417,0.71366,0.71374,1.50,1.00
2017.10.18 07:35:57.793,0.71366,0.71372,1.50,1.00
2017.10.18 07:36:00.770,0.71364,0.71372,1.00,1.00
2017.10.18 07:36:02.419,0.71364,0.71373,1.00,1.00
2017.10.18 07:36:02.522,0.71366,0.71375,1.00,2.81
2017.10.18 07:36:03.449,0.71366,0.71374,1.00,1.00
2017.10.18 07:36:03.996,0.71366,0.71375,1.00,2.44
2017.10.18 07:36:04.498,0.71366,0.71374,1.00,1.50
2017.10.18 07:36:05.182,0.71364,0.71371,1.00,1.00
2017.10.18 07:36:05.883,0.71365,0.71371,1.00,1.00
2017.10.18 07:36:13.647,0.71366,0.71373,1.00,1.00
2017.10.18 07:36:16.209,0.71367,0.71373,1.00,1.00
2017.10.18 07:36:16.261,0.7137,0.71376,1.50,1.00
2017.10.18 07:36:16.313,0.71371,0.71378,1.00,1.12
2017.10.18 07:36:16.467,0.7137,0.71376,1.00,1.00
2017.10.18 07:36:19.933,0.7137,0.71377,1.50,1.00
2017.10.18 07:36:20.241,0.71366,0.71372,1.00,1.00
2017.10.18 07:36:21.194,0.71365,0.71372,1.00,1.00
2017.10.18 07:36:24.862,0.71365,0.71373,1.00,1.00
2017.10.18 07:36:29.979,0.71366,0.71374,1.69,1.00
2017.10.18 07:36:30.135,0.7137,0.71378,1.25,1.00
2017.10.18 07:36:30.527,0.71371,0.7138,1.69,1.87
2017.10.18 07:36:31.031,0.71371,0.7138,2.81,1.12
2017.10.18 07:36:31.581,0.71373,0.71381,1.12,1.37
2017.10.18 07:36:32.185,0.71374,0.71381,1.50,1.00
2017.10.18 07:36:34.403,0.7138,0.71384,3.19,1.12
2017.10.18 07:36:34.554,0.7138,0.71388,1.00,3.37
2017.10.18 07:36:34.708,0.71376,0.71384,3.07,1.00
2017.10.18 07:36:34.811,0.71375,0.71382,1.12,1.00
2017.10.18 07:36:35.398,0.71374,0.71382,1.12,1.00
2017.10.18 07:36:35.654,0.71372,0.71379,1.50,1.50
2017.10.18 07:36:35.859,0.71363,0.7137,4.76,1.00
2017.10.18 07:36:49.968,0.71363,0.71371,4.20,1.00
2017.10.18 07:36:51.495,0.71365,0.7137,1.00,1.00
2017.10.18 07:36:55.493,0.71364,0.7137,1.12,1.00
2017.10.18 07:37:03.181,0.71363,0.71372,2.70,1.00
2017.10.18 07:37:04.495,0.71364,0.71372,1.87,1.00
2017.10.18 07:37:05.005,0.71364,0.71372,1.31,1.00
2017.10.18 07:37:06.804,0.71364,0.71371,1.31,1.00
2017.10.18 07:37:07.321,0.71364,0.71371,1.31,1.00
2017.10.18 07:37:07.839,0.71364,0.7137,1.00,1.00
2017.10.18 07:37:11.407,0.71364,0.71371,1.00,1.00
2017.10.18 07:37:11.999,0.71365,0.71372,1.00,1.00
2017.10.18 07:37:12.683,0.71365,0.71371,1.12,1.00
2017.10.18 07:37:28.166,0.71365,0.71372,1.00,1.12
2017.10.18 07:37:32.722,0.71363,0.71367,1.00,1.00
2017.10.18 07:37:32.876,0.7135,0.71355,1.00,1.00
2017.10.18 07:37:33.026,0.71348,0.71355,1.31,1.00
2017.10.18 07:37:33.486,0.71346,0.71352,1.10,1.00
2017.10.18 07:37:33.589,0.71344,0.71352,1.50,1.12
2017.10.18 07:37:34.275,0.71347,0.71352,1.00,1.00
2017.10.18 07:37:34.377,0.71344,0.71352,1.69,1.00
2017.10.18 07:37:34.962,0.71344,0.71352,2.81,1.00
2017.10.18 07:37:35.479,0.71344,0.71352,1.69,1.00
2017.10.18 07:37:35.903,0.71345,0.71354,1.00,1.57
2017.10.18 07:37:40.049,0.71345,0.71353,1.00,1.00
2017.10.18 07:37:41.975,0.71344,0.71352,1.25,1.00
2017.10.18 07:37:42.613,0.71344,0.71352,1.44,1.00
2017.10.18 07:37:43.135,0.71344,0.71351,1.00,1.00
2017.10.18 07:37:46.036,0.71345,0.71351,1.19,1.00
2017.10.18 07:37:46.766,0.71344,0.71351,3.37,1.00
2017.10.18 07:37:47.443,0.71345,0.71351,1.69,1.00
2017.10.18 07:37:47.647,0.71344,0.71351,1.69,1.00
2017.10.18 07:37:48.161,0.71344,0.71351,1.87,1.00
2017.10.18 07:37:52.837,0.71345,0.71353,1.25,1.00
2017.10.18 07:37:53.504,0.71346,0.71353,1.00,1.00
2017.10.18 07:37:54.463,0.71347,0.71353,1.00,1.00
2017.10.18 07:37:56.384,0.71347,0.71352,1.00,1.00
2017.10.18 07:37:56.719,0.71347,0.71355,1.50,1.12
2017.10.18 07:37:58.338,0.71351,0.71356,1.00,1.37
2017.10.18 07:37:58.542,0.71351,0.7136,1.00,3.82
2017.10.18 07:37:58.696,0.71349,0.71357,1.50,1.00
2017.10.18 07:37:58.849,0.71348,0.71355,1.00,1.00
2017.10.18 07:37:59.386,0.71345,0.71349,1.00,1.00
2017.10.18 07:38:02.865,0.71344,0.71348,1.00,1.00
2017.10.18 07:38:03.172,0.71338,0.71343,1.25,1.00
2017.10.18 07:38:04.031,0.71338,0.71343,1.44,1.00
2017.10.18 07:38:04.665,0.71338,0.71343,1.00,1.00
2017.10.18 07:38:07.109,0.71337,0.71343,1.25,1.00
2017.10.18 07:38:07.415,0.71336,0.7134,1.00,1.00
2017.10.18 07:38:07.620,0.71333,0.71338,1.25,1.00
2017.10.18 07:38:08.169,0.71333,0.71339,1.33,1.00
2017.10.18 07:38:08.831,0.71333,0.7134,2.45,1.00
2017.10.18 07:38:09.508,0.71333,0.71339,1.33,1.00
2017.10.18 07:38:11.367,0.71333,0.7134,1.51,1.00
2017.10.18 07:38:12.194,0.71336,0.7134,1.02,1.00
2017.10.18 07:38:12.828,0.71337,0.71341,1.00,1.00
2017.10.18 07:38:13.683,0.71334,0.71341,1.26,1.00
2017.10.18 07:38:14.201,0.71334,0.71342,1.01,1.00
2017.10.18 07:38:14.761,0.71334,0.71342,1.70,1.00
2017.10.18 07:38:15.434,0.71334,0.71342,1.14,1.00
2017.10.18 07:38:16.885,0.71334,0.71343,2.26,1.00
2017.10.18 07:38:17.727,0.71334,0.71342,1.70,1.00
2017.10.18 07:38:19.426,0.71335,0.71342,2.10,1.00
2017.10.18 07:38:19.928,0.71335,0.71342,1.53,1.00
2017.10.18 07:38:21.632,0.71335,0.71342,1.91,1.00
2017.10.18 07:38:22.167,0.71335,0.71342,1.53,1.00
2017.10.18 07:38:22.731,0.71335,0.71342,1.91,1.00
2017.10.18 07:38:23.267,0.71335,0.71342,1.91,1.00
2017.10.18 07:38:23.926,0.71335,0.71342,1.91,1.00
2017.10.18 07:38:24.563,0.71335,0.71342,1.53,1.00
2017.10.18 07:38:25.181,0.71335,0.71342,1.53,1.00
2017.10.18 07:38:25.283,0.71335,0.71343,1.00,1.50
2017.10.18 07:38:26.415,0.71335,0.71342,1.00,1.00
2017.10.18 07:38:27.370,0.71335,0.71343,1.00,1.50
2017.10.18 07:38:27.624,0.71333,0.71341,1.69,1.00
2017.10.18 07:38:28.094,0.71335,0.71343,1.00,1.50
2017.10.18 07:38:29.313,0.71335,0.71341,1.00,1.00
2017.10.18 07:38:29.618,0.71335,0.71343,1.12,1.87
2017.10.18 07:38:30.254,0.71335,0.71342,1.00,1.00
2017.10.18 07:38:30.988,0.71334,0.71341,1.00,1.00
2017.10.18 07:38:31.992,0.71333,0.71341,1.55,1.00
2017.10.18 07:38:32.424,0.71335,0.71343,1.00,1.50
2017.10.18 07:38:32.729,0.71334,0.71341,1.31,1.00
2017.10.18 07:38:33.196,0.71333,0.71338,1.92,1.00
2017.10.18 07:38:33.707,0.71333,0.71338,1.23,1.00
2017.10.18 07:38:34.252,0.71332,0.71338,1.92,1.00
2017.10.18 07:38:34.969,0.7133,0.71335,6.15,1.00
2017.10.18 07:38:35.021,0.71326,0.71333,1.50,1.00
2017.10.18 07:38:35.073,0.71325,0.71329,1.12,1.00
2017.10.18 07:38:35.176,0.71324,0.71329,1.50,1.00
2017.10.18 07:38:35.687,0.71324,0.71328,1.00,1.00
2017.10.18 07:38:37.709,0.71323,0.71328,1.12,1.00
2017.10.18 07:38:38.068,0.71319,0.71323,2.62,1.00
2017.10.18 07:38:38.320,0.71316,0.71321,1.00,1.00
2017.10.18 07:38:38.371,0.71314,0.71319,1.25,1.00
2017.10.18 07:38:38.881,0.71313,0.71318,1.25,1.00
2017.10.18 07:38:39.733,0.71314,0.71318,1.00,1.00
2017.10.18 07:38:40.742,0.71312,0.71318,3.94,1.00
2017.10.18 07:38:41.253,0.71312,0.71318,1.12,1.00
2017.10.18 07:38:41.887,0.71312,0.71318,1.87,1.50
2017.10.18 07:38:42.408,0.71312,0.71318,1.12,1.00
2017.10.18 07:38:43.082,0.71312,0.71318,2.25,1.00
2017.10.18 07:38:43.134,0.71312,0.71318,1.31,1.00
2017.10.18 07:38:43.288,0.71313,0.71318,1.44,1.00
2017.10.18 07:38:43.729,0.71316,0.7132,1.00,1.00
2017.10.18 07:38:44.036,0.71318,0.71322,1.12,1.00
2017.10.18 07:38:44.088,0.71322,0.71327,1.69,1.50
2017.10.18 07:38:44.434,0.71324,0.71329,1.00,1.00
2017.10.18 07:38:44.950,0.71323,0.71327,1.00,1.00
2017.10.18 07:38:45.226,0.71313,0.71324,1.12,1.00
2017.10.18 07:38:45.329,0.71308,0.71312,2.25,1.00
2017.10.18 07:38:45.432,0.71306,0.71313,1.88,1.00
2017.10.18 07:38:45.483,0.71305,0.7131,1.01,1.00
2017.10.18 07:38:45.687,0.71303,0.71309,1.01,1.00
2017.10.18 07:38:45.935,0.71305,0.71309,1.00,1.00
2017.10.18 07:38:46.241,0.71303,0.7131,1.50,1.00
2017.10.18 07:38:46.597,0.71303,0.71309,2.44,1.00
2017.10.18 07:38:46.736,0.71303,0.71309,1.00,1.00
2017.10.18 07:38:47.270,0.71303,0.71309,1.69,1.00
2017.10.18 07:38:47.917,0.7131,0.71316,1.00,1.50
2017.10.18 07:38:48.274,0.71308,0.71315,3.37,1.00
2017.10.18 07:38:49.038,0.71308,0.71314,1.00,1.00
2017.10.18 07:38:51.109,0.71306,0.71313,1.39,1.00
2017.10.18 07:38:51.659,0.71306,0.71312,1.00,1.00
2017.10.18 07:38:52.082,0.71308,0.71314,1.00,1.00
2017.10.18 07:38:52.664,0.71308,0.71315,2.25,1.00
2017.10.18 07:38:53.020,0.71306,0.71312,1.25,1.00
2017.10.18 07:38:53.325,0.71305,0.7131,1.00,1.00
2017.10.18 07:38:56.867,0.71305,0.71311,1.00,1.00
2017.10.18 07:38:58.956,0.71305,0.7131,1.00,1.00
2017.10.18 07:38:59.475,0.71305,0.71311,1.00,1.00
2017.10.18 07:38:59.984,0.71305,0.7131,1.00,1.00
2017.10.18 07:39:00.495,0.71305,0.71309,1.00,1.00
2017.10.18 07:39:01.232,0.71305,0.71311,1.00,1.00
2017.10.18 07:39:01.387,0.71305,0.71309,1.00,1.00
2017.10.18 07:39:01.897,0.71303,0.71309,1.25,1.00
2017.10.18 07:39:03.004,0.71304,0.71313,1.00,1.50
2017.10.18 07:39:03.160,0.71307,0.71314,1.00,2.06
2017.10.18 07:39:03.216,0.71309,0.71316,1.00,1.87
2017.10.18 07:39:03.780,0.71309,0.71317,1.00,2.44
2017.10.18 07:39:04.289,0.71308,0.71316,1.00,1.12
2017.10.18 07:39:04.493,0.71313,0.71321,1.00,6.45
2017.10.18 07:39:04.595,0.71314,0.7132,1.00,1.37
2017.10.18 07:39:04.801,0.71311,0.71319,1.00,1.50
2017.10.18 07:39:05.351,0.71311,0.71318,1.00,1.00
2017.10.18 07:39:05.403,0.71309,0.71318,1.25,1.13
2017.10.18 07:39:05.913,0.71309,0.71317,1.25,1.00
2017.10.18 07:39:08.208,0.71309,0.71317,1.03,2.27
2017.10.18 07:39:08.413,0.71306,0.71315,1.39,1.57
2017.10.18 07:39:09.505,0.71309,0.71316,1.00,1.00
2017.10.18 07:39:09.829,0.71307,0.71316,1.00,1.50
2017.10.18 07:39:10.342,0.71308,0.71315,1.00,1.00
2017.10.18 07:39:10.890,0.71309,0.71316,1.00,1.69
2017.10.18 07:39:10.941,0.71307,0.71316,1.00,2.05
2017.10.18 07:39:11.451,0.71308,0.71316,1.00,1.44
2017.10.18 07:39:11.553,0.71306,0.71314,1.25,1.00
2017.10.18 07:39:11.707,0.71308,0.71314,1.00,1.00
2017.10.18 07:39:11.759,0.71309,0.71316,1.00,1.12
2017.10.18 07:39:12.309,0.71309,0.71313,1.00,1.00
2017.10.18 07:39:12.360,0.71309,0.71315,1.00,1.00
2017.10.18 07:39:12.870,0.71309,0.71316,1.00,1.12
2017.10.18 07:39:13.182,0.71307,0.71316,1.00,1.69
2017.10.18 07:39:13.776,0.71306,0.71315,1.00,1.00
2017.10.18 07:39:15.516,0.71306,0.71313,1.25,1.00
2017.10.18 07:39:18.069,0.71304,0.71313,2.14,1.50
2017.10.18 07:39:20.727,0.71304,0.71313,1.57,1.00
2017.10.18 07:39:21.119,0.71306,0.71315,1.00,1.87
2017.10.18 07:39:21.596,0.71306,0.71315,1.00,3.19
2017.10.18 07:39:21.648,0.71306,0.71315,1.00,2.62
2017.10.18 07:39:21.804,0.71306,0.71313,1.00,1.00
2017.10.18 07:39:21.962,0.71306,0.71315,1.00,2.81
2017.10.18 07:39:22.118,0.71306,0.71313,1.00,1.00
2017.10.18 07:39:22.425,0.713,0.71307,1.37,1.00
2017.10.18 07:39:22.476,0.71299,0.71306,1.12,1.12
2017.10.18 07:39:22.975,0.71303,0.71309,1.00,1.00
2017.10.18 07:39:23.078,0.71304,0.71312,1.00,2.25
2017.10.18 07:39:23.233,0.71305,0.71313,1.50,1.12
2017.10.18 07:39:23.491,0.71308,0.71315,1.00,1.00
2017.10.18 07:39:24.113,0.71307,0.71315,1.00,1.00
2017.10.18 07:39:24.622,0.71308,0.71315,1.00,1.00
2017.10.18 07:39:25.175,0.71306,0.71315,1.50,1.12
2017.10.18 07:39:25.381,0.71308,0.71315,1.00,1.00
2017.10.18 07:39:26.011,0.71308,0.71314,1.00,1.00
2017.10.18 07:39:26.862,0.71306,0.71314,1.50,1.00
2017.10.18 07:39:26.914,0.71308,0.71314,1.00,1.00
2017.10.18 07:39:27.652,0.71307,0.71314,1.00,1.00
2017.10.18 07:39:28.033,0.71312,0.71318,1.00,1.00
2017.10.18 07:39:28.084,0.7131,0.71318,1.50,1.00
2017.10.18 07:39:28.391,0.7131,0.71316,1.00,1.00
2017.10.18 07:39:28.638,0.71307,0.71316,1.50,1.87
2017.10.18 07:39:28.894,0.71307,0.71314,1.50,1.00
2017.10.18 07:39:29.200,0.7131,0.71317,1.50,1.50
2017.10.18 07:39:29.508,0.71307,0.71314,1.57,1.00
2017.10.18 07:39:29.659,0.71307,0.71316,1.50,2.25
2017.10.18 07:39:29.863,0.7131,0.71316,1.00,1.00
2017.10.18 07:39:30.118,0.71308,0.71316,1.00,1.25
2017.10.18 07:39:30.221,0.71306,0.71313,1.00,1.00
2017.10.18 07:39:30.527,0.71305,0.71311,1.00,1.00
2017.10.18 07:39:31.032,0.71304,0.71312,1.10,1.00
2017.10.18 07:39:31.567,0.71305,0.71312,1.00,1.00
2017.10.18 07:39:33.500,0.71302,0.71309,1.00,2.25
2017.10.18 07:39:33.808,0.71308,0.71317,1.50,3.00
2017.10.18 07:39:33.911,0.71311,0.71318,1.00,1.69
2017.10.18 07:39:34.607,0.71311,0.71317,1.00,1.00
2017.10.18 07:39:35.167,0.71311,0.71318,1.00,1.69
2017.10.18 07:39:35.717,0.71311,0.71317,1.00,1.00
2017.10.18 07:39:36.433,0.71311,0.71318,1.50,2.44
2017.10.18 07:39:36.969,0.71311,0.71318,1.00,2.63
2017.10.18 07:39:37.071,0.71309,0.71316,1.50,1.00
2017.10.18 07:39:39.335,0.71309,0.71317,1.00,1.69
2017.10.18 07:39:39.845,0.7131,0.71318,1.50,1.50
2017.10.18 07:39:40.831,0.7131,0.71317,1.00,1.00
2017.10.18 07:39:44.993,0.7131,0.71318,1.00,3.19
2017.10.18 07:39:45.095,0.7131,0.71316,1.00,1.00
2017.10.18 07:39:45.351,0.7131,0.71318,1.50,1.00
2017.10.18 07:39:45.504,0.71312,0.71318,1.00,1.00
2017.10.18 07:39:45.775,0.71316,0.71323,1.50,1.25
2017.10.18 07:39:45.830,0.71316,0.71323,1.00,1.81
2017.10.18 07:39:45.883,0.71314,0.71322,1.50,1.25
2017.10.18 07:39:45.937,0.71313,0.71321,1.00,1.44
2017.10.18 07:39:46.446,0.71312,0.7132,1.50,1.25
2017.10.18 07:39:46.963,0.71312,0.71319,1.50,1.00
2017.10.18 07:39:47.622,0.71312,0.7132,1.50,1.25
2017.10.18 07:39:48.349,0.71311,0.71318,1.50,1.00
2017.10.18 07:39:48.858,0.7131,0.71319,1.50,1.87
2017.10.18 07:39:49.368,0.7131,0.71318,1.50,1.50
2017.10.18 07:39:50.540,0.7131,0.71317,1.50,1.00
2017.10.18 07:39:51.796,0.7131,0.71319,1.50,3.38
2017.10.18 07:39:52.305,0.7131,0.71319,1.50,3.75
2017.10.18 07:39:52.810,0.7131,0.71318,2.25,1.00
2017.10.18 07:39:53.332,0.7131,0.71319,1.50,3.00
2017.10.18 07:39:53.911,0.7131,0.71318,2.25,1.00
2017.10.18 07:39:54.216,0.71316,0.71323,1.00,2.62
2017.10.18 07:39:54.741,0.71316,0.71323,1.00,1.50
2017.10.18 07:39:56.479,0.71317,0.71325,1.00,2.06
2017.10.18 07:39:56.582,0.71319,0.71328,1.50,2.25
2017.10.18 07:39:56.685,0.71319,0.71328,1.50,1.50
2017.10.18 07:39:57.194,0.7132,0.71328,1.00,1.00
2017.10.18 07:39:57.717,0.71321,0.71328,1.00,1.50
2017.10.18 07:40:00.093,0.7132,0.71329,1.50,2.44
2017.10.18 07:40:00.604,0.7132,0.71328,2.25,1.00
2017.10.18 07:40:01.118,0.7132,0.71329,1.50,2.25
2017.10.18 07:40:01.797,0.7132,0.71328,2.25,1.00
2017.10.18 07:40:02.562,0.71319,0.71328,1.51,2.06
2017.10.18 07:40:03.172,0.71319,0.71328,1.51,1.50
2017.10.18 07:40:03.325,0.71319,0.71326,1.00,1.00
2017.10.18 07:40:03.835,0.71318,0.71327,1.50,1.72
2017.10.18 07:40:04.157,0.7132,0.71327,1.00,1.12
2017.10.18 07:40:05.206,0.7132,0.71327,1.00,1.46
2017.10.18 07:40:05.512,0.71318,0.71327,1.00,2.02
2017.10.18 07:40:07.099,0.71317,0.71322,1.10,1.00
2017.10.18 07:40:07.404,0.71319,0.71324,1.00,1.00
2017.10.18 07:40:07.622,0.71319,0.71326,1.00,1.00
2017.10.18 07:40:08.131,0.7132,0.71327,1.00,1.00
2017.10.18 07:40:08.233,0.71323,0.71328,1.00,1.00
2017.10.18 07:40:08.285,0.71324,0.7133,1.00,1.00
2017.10.18 07:40:09.080,0.71324,0.71331,1.00,1.12
2017.10.18 07:40:09.589,0.71324,0.7133,1.00,1.00
2017.10.18 07:40:10.025,0.71322,0.71329,1.00,2.62
2017.10.18 07:40:10.078,0.7132,0.71328,1.00,1.00
2017.10.18 07:40:10.334,0.71319,0.71326,1.00,1.00
2017.10.18 07:40:13.630,0.7132,0.71326,1.00,1.00
2017.10.18 07:40:14.388,0.7132,0.71327,1.00,1.00
2017.10.18 07:40:16.570,0.7132,0.71328,1.00,1.31
2017.10.18 07:40:16.928,0.71322,0.71328,1.00,1.00
2017.10.18 07:40:17.301,0.71323,0.7133,1.00,1.00
2017.10.18 07:40:17.814,0.71322,0.71331,1.50,1.24
2017.10.18 07:40:17.916,0.71322,0.71329,1.00,1.00
2017.10.18 07:40:19.015,0.71323,0.71329,1.00,1.00
2017.10.18 07:40:19.169,0.7132,0.71328,1.12,1.50
2017.10.18 07:40:19.329,0.7132,0.71326,1.50,1.00
2017.10.18 07:40:19.839,0.71319,0.71327,1.00,1.50
2017.10.18 07:40:21.480,0.71321,0.71329,1.00,1.87
2017.10.18 07:40:21.988,0.71321,0.71329,1.00,1.24
2017.10.18 07:40:22.308,0.7132,0.71327,1.00,1.00
2017.10.18 07:40:25.308,0.7132,0.71326,1.00,1.00
2017.10.18 07:40:26.173,0.71319,0.71323,1.00,1.00
2017.10.18 07:40:26.529,0.71317,0.71322,1.00,1.00
2017.10.18 07:40:27.209,0.71316,0.71322,1.50,1.00
2017.10.18 07:40:28.120,0.71316,0.71323,1.50,1.00
2017.10.18 07:40:28.628,0.71315,0.71323,1.50,1.00
2017.10.18 07:40:29.139,0.71315,0.71322,1.50,1.00
2017.10.18 07:40:29.680,0.71317,0.71322,1.00,1.00
2017.10.18 07:40:31.305,0.71317,0.71321,1.00,1.00
2017.10.18 07:40:31.559,0.71317,0.71323,1.00,1.00
2017.10.18 07:40:32.092,0.71317,0.71322,1.00,1.00
2017.10.18 07:40:32.623,0.71317,0.71323,1.00,1.00
2017.10.18 07:40:33.144,0.71317,0.71322,1.00,1.00
2017.10.18 07:40:34.007,0.71316,0.71322,1.50,1.00
2017.10.18 07:40:34.613,0.71316,0.71323,1.00,1.00
2017.10.18 07:40:36.726,0.71316,0.71322,1.50,1.00
2017.10.18 07:40:37.636,0.71317,0.71322,1.00,1.00
2017.10.18 07:40:42.230,0.71316,0.71322,1.50,1.00
2017.10.18 07:40:53.637,0.71318,0.71323,1.00,1.37
2017.10.18 07:40:54.089,0.7132,0.71325,1.00,1.50
2017.10.18 07:40:54.394,0.71318,0.71323,1.50,1.00
2017.10.18 07:40:54.446,0.71316,0.71323,1.50,1.00
2017.10.18 07:40:54.950,0.71316,0.71322,1.00,1.00
2017.10.18 07:40:55.981,0.71317,0.71322,1.00,1.00
2017.10.18 07:40:56.693,0.71317,0.71321,1.00,1.00
2017.10.18 07:41:04.599,0.71317,0.71323,1.00,1.87
2017.10.18 07:41:07.621,0.71317,0.71322,1.00,1.00
2017.10.18 07:41:11.010,0.71316,0.71322,1.00,1.00
2017.10.18 07:41:11.613,0.71316,0.71322,1.00,1.50
2017.10.18 07:41:16.076,0.71312,0.71318,1.50,1.50
2017.10.18 07:41:16.230,0.71308,0.71316,1.50,1.87
2017.10.18 07:41:16.281,0.7131,0.71317,1.00,3.37
2017.10.18 07:41:16.476,0.71308,0.71315,1.00,1.00
2017.10.18 07:41:16.730,0.71308,0.71314,1.00,1.50
2017.10.18 07:41:17.144,0.71306,0.71314,1.00,1.50
2017.10.18 07:41:17.450,0.71308,0.71312,1.00,1.00
2017.10.18 07:41:18.396,0.71308,0.71314,1.00,1.50
2017.10.18 07:41:18.723,0.71316,0.71322,1.00,1.00
2017.10.18 07:41:18.827,0.71318,0.71323,1.00,1.12
2017.10.18 07:41:19.031,0.71319,0.71325,1.00,1.12
2017.10.18 07:41:19.547,0.71319,0.71326,1.00,1.00
2017.10.18 07:41:20.385,0.71319,0.71325,1.00,1.00
2017.10.18 07:41:20.487,0.71321,0.71328,1.00,2.44
2017.10.18 07:41:20.539,0.71321,0.71328,1.00,2.06
2017.10.18 07:41:21.049,0.71321,0.71327,1.00,1.00
2017.10.18 07:41:21.561,0.71321,0.71329,1.50,4.12
2017.10.18 07:41:22.071,0.71321,0.71327,1.50,1.00
2017.10.18 07:41:27.637,0.71322,0.71327,1.50,1.00
2017.10.18 07:41:27.688,0.71325,0.71332,1.00,2.62
2017.10.18 07:41:27.790,0.71325,0.71332,1.50,1.37
2017.10.18 07:41:28.332,0.71325,0.71332,1.50,1.00
2017.10.18 07:41:28.957,0.71326,0.71332,1.00,1.00
2017.10.18 07:41:29.504,0.71325,0.71331,1.00,1.00
2017.10.18 07:41:32.632,0.71325,0.7133,1.00,1.00
2017.10.18 07:41:33.177,0.71325,0.71331,1.00,1.00
2017.10.18 07:41:33.725,0.71325,0.71332,1.50,1.00
2017.10.18 07:41:36.320,0.71326,0.71332,1.00,1.00
2017.10.18 07:41:39.025,0.71325,0.7133,1.00,1.00
2017.10.18 07:41:39.128,0.71323,0.71329,1.00,1.00
2017.10.18 07:41:39.668,0.71322,0.71329,1.00,1.69
2017.10.18 07:41:40.169,0.71322,0.71328,1.00,1.00
2017.10.18 07:41:41.073,0.71321,0.71328,1.00,1.00
2017.10.18 07:41:43.718,0.71324,0.71329,1.00,1.12
2017.10.18 07:41:44.118,0.71324,0.71331,1.00,1.00
2017.10.18 07:41:48.438,0.71324,0.7133,1.00,1.00
2017.10.18 07:41:48.541,0.71322,0.7133,1.00,1.12
2017.10.18 07:41:48.694,0.71321,0.71327,1.00,1.00
2017.10.18 07:41:49.204,0.71323,0.71328,1.00,1.00
2017.10.18 07:41:52.783,0.71323,0.71329,1.00,1.87
2017.10.18 07:41:53.603,0.71323,0.71328,1.00,1.00
2017.10.18 07:41:54.288,0.71323,0.71329,1.00,1.87
2017.10.18 07:41:54.791,0.71324,0.7133,1.00,1.00
2017.10.18 07:41:55.124,0.71326,0.7133,1.00,1.00
2017.10.18 07:41:55.432,0.71322,0.7133,1.00,1.00
2017.10.18 07:41:55.838,0.71325,0.71332,1.50,1.00
2017.10.18 07:41:55.891,0.71326,0.71334,1.10,1.00
2017.10.18 07:41:56.044,0.71328,0.71335,1.00,1.00
2017.10.18 07:41:56.585,0.71327,0.71335,1.95,1.00
2017.10.18 07:41:57.108,0.71328,0.71335,1.00,1.00
2017.10.18 07:41:57.622,0.71327,0.71335,1.95,1.00
2017.10.18 07:41:58.159,0.71328,0.71335,1.00,1.00
2017.10.18 07:41:58.684,0.71327,0.71335,1.95,1.00
2017.10.18 07:41:59.214,0.71328,0.71335,1.50,1.00
2017.10.18 07:42:04.208,0.71329,0.71335,1.00,1.00
2017.10.18 07:42:05.179,0.71332,0.71336,1.00,1.00
2017.10.18 07:42:05.232,0.71332,0.71338,2.25,1.50
2017.10.18 07:42:05.284,0.71334,0.71338,1.00,1.00
2017.10.18 07:42:05.335,0.71336,0.71343,1.00,1.75
2017.10.18 07:42:05.437,0.71336,0.71343,1.50,1.00
2017.10.18 07:42:11.148,0.71335,0.71342,1.00,1.00
2017.10.18 07:42:11.250,0.71334,0.7134,1.00,1.25
2017.10.18 07:42:11.853,0.71331,0.71337,1.00,1.12
2017.10.18 07:42:12.396,0.71332,0.71338,1.10,1.00
2017.10.18 07:42:12.702,0.71334,0.71339,1.00,1.00
2017.10.18 07:42:13.044,0.71333,0.71337,1.00,1.00
2017.10.18 07:42:13.709,0.71332,0.71337,1.00,1.00
2017.10.18 07:42:16.885,0.71334,0.71338,1.00,1.00
2017.10.18 07:42:17.396,0.71334,0.71339,1.00,1.00
2017.10.18 07:42:17.709,0.71333,0.71337,1.00,1.00
2017.10.18 07:42:18.242,0.71334,0.71339,1.00,1.00
2017.10.18 07:42:18.751,0.71334,0.71338,1.00,1.25
2017.10.18 07:42:19.268,0.71333,0.71338,1.00,1.00
2017.10.18 07:42:19.782,0.71332,0.71338,1.00,1.00
2017.10.18 07:42:24.297,0.71333,0.71338,1.00,1.00
2017.10.18 07:42:26.211,0.71332,0.71338,1.00,1.00
2017.10.18 07:42:26.363,0.7133,0.71337,1.87,1.00
2017.10.18 07:42:27.230,0.71331,0.71337,1.00,1.00
2017.10.18 07:42:27.754,0.7133,0.71337,1.87,1.00
2017.10.18 07:42:27.856,0.71329,0.71335,1.00,1.00
2017.10.18 07:42:28.417,0.71328,0.71335,1.12,1.00
2017.10.18 07:42:28.958,0.71329,0.71335,1.00,1.00
2017.10.18 07:42:29.466,0.71327,0.71335,1.50,1.00
2017.10.18 07:42:29.569,0.71328,0.71337,2.32,1.00
2017.10.18 07:42:29.722,0.71329,0.71337,1.57,1.00
2017.10.18 07:42:31.040,0.71328,0.71337,3.45,1.00
2017.10.18 07:42:33.295,0.7133,0.71338,1.00,1.00
2017.10.18 07:42:34.018,0.71329,0.71338,1.87,1.00
2017.10.18 07:42:35.026,0.7133,0.71338,1.00,1.00
2017.10.18 07:42:35.566,0.71329,0.71338,1.87,1.00
2017.10.18 07:42:36.220,0.7133,0.71338,1.00,1.25
2017.10.18 07:42:36.826,0.71329,0.71338,1.87,1.25
2017.10.18 07:42:38.293,0.7133,0.71338,1.00,1.00
2017.10.18 07:42:38.925,0.71329,0.71338,2.32,1.00
2017.10.18 07:42:39.434,0.71331,0.71339,1.95,1.00
2017.10.18 07:42:39.486,0.71332,0.71341,2.70,1.50
2017.10.18 07:42:39.999,0.71332,0.71341,2.70,1.50
2017.10.18 07:42:40.548,0.71332,0.71341,2.32,1.12
2017.10.18 07:42:41.007,0.71332,0.71339,1.00,1.00
2017.10.18 07:42:42.327,0.71331,0.71339,1.10,1.00
2017.10.18 07:42:42.635,0.71341,0.71348,1.25,1.37
2017.10.18 07:42:42.766,0.71342,0.7135,1.50,1.69
2017.10.18 07:42:42.818,0.71344,0.7135,1.00,1.25
2017.10.18 07:42:42.971,0.71342,0.71351,1.57,2.62
2017.10.18 07:42:43.074,0.7134,0.71347,1.50,1.00
2017.10.18 07:42:43.583,0.7134,0.71348,1.00,1.50
2017.10.18 07:42:46.007,0.71341,0.71348,1.00,1.50
2017.10.18 07:42:46.817,0.71339,0.71348,1.00,1.87
2017.10.18 07:42:49.946,0.7134,0.71348,1.00,1.50
2017.10.18 07:42:50.766,0.71339,0.71348,1.50,1.50
2017.10.18 07:42:53.404,0.71339,0.71347,1.00,1.00
2017.10.18 07:42:56.148,0.7134,0.71347,1.00,1.00
2017.10.18 07:42:56.667,0.71339,0.71347,1.00,1.50
2017.10.18 07:42:57.110,0.71339,0.71345,1.50,1.00
2017.10.18 07:42:57.591,0.71336,0.71345,2.89,1.00
2017.10.18 07:42:58.106,0.71337,0.71344,1.50,1.00
2017.10.18 07:42:58.159,0.71339,0.71344,1.00,1.00
2017.10.18 07:42:58.701,0.71338,0.71344,1.10,1.00
2017.10.18 07:42:59.620,0.71337,0.71344,1.20,1.00
2017.10.18 07:42:59.926,0.71335,0.71344,1.50,4.87
2017.10.18 07:42:59.977,0.71339,0.71346,1.50,1.00
2017.10.18 07:43:00.442,0.71339,0.71344,1.25,1.00
2017.10.18 07:43:00.987,0.71338,0.71344,2.62,1.00
2017.10.18 07:43:01.503,0.71339,0.71344,1.00,1.00
2017.10.18 07:43:02.132,0.71338,0.71345,1.87,1.00
2017.10.18 07:43:03.102,0.71339,0.71345,1.00,1.00
2017.10.18 07:43:03.204,0.71337,0.71345,3.07,1.00
2017.10.18 07:43:03.256,0.71339,0.71343,1.00,1.00
2017.10.18 07:43:03.758,0.71338,0.71344,1.87,1.00
2017.10.18 07:43:04.207,0.71338,0.71346,1.87,1.50
2017.10.18 07:43:05.129,0.71339,0.71346,1.00,1.50
2017.10.18 07:43:05.632,0.71338,0.71346,1.00,1.50
2017.10.18 07:43:08.678,0.71337,0.71344,1.10,1.00
2017.10.18 07:43:09.227,0.71336,0.71343,1.50,1.00
2017.10.18 07:43:10.294,0.71335,0.71339,1.57,1.00
2017.10.18 07:43:10.662,0.71329,0.71334,2.62,1.50
2017.10.18 07:43:10.970,0.71326,0.71334,1.00,1.00
2017.10.18 07:43:11.508,0.71326,0.71335,2.89,1.00
2017.10.18 07:43:12.239,0.71327,0.71335,1.00,1.00
2017.10.18 07:43:12.747,0.71326,0.71335,2.89,1.00
2017.10.18 07:43:13.712,0.71327,0.71335,1.00,1.00
2017.10.18 07:43:14.351,0.71326,0.71335,2.89,1.00
2017.10.18 07:43:14.973,0.71326,0.71335,3.07,1.00
2017.10.18 07:43:15.496,0.71326,0.71335,2.89,1.00
2017.10.18 07:43:16.431,0.71327,0.71335,1.00,1.00
2017.10.18 07:43:16.970,0.71326,0.71335,3.07,1.00
2017.10.18 07:43:17.498,0.71326,0.71335,3.00,1.00
2017.10.18 07:43:18.194,0.71326,0.71335,2.62,1.00
2017.10.18 07:43:19.182,0.71327,0.71335,1.00,1.00
2017.10.18 07:43:19.713,0.71326,0.71335,1.87,1.00
2017.10.18 07:43:21.543,0.71326,0.71335,1.95,1.00
2017.10.18 07:43:22.079,0.71326,0.71335,2.89,1.00
2017.10.18 07:43:22.588,0.71326,0.71335,2.32,1.00
2017.10.18 07:43:23.125,0.71326,0.71335,2.32,1.00
2017.10.18 07:43:23.714,0.71326,0.71335,2.32,1.00
2017.10.18 07:43:24.219,0.71326,0.71335,2.14,1.00
2017.10.18 07:43:24.911,0.71326,0.71335,2.32,1.00
2017.10.18 07:43:25.869,0.71326,0.71335,2.06,1.00
2017.10.18 07:43:26.396,0.71327,0.71335,1.00,1.00
2017.10.18 07:43:27.206,0.71326,0.71333,1.10,1.00
2017.10.18 07:43:27.554,0.71324,0.7133,1.10,1.00
2017.10.18 07:43:29.069,0.71319,0.71328,5.14,1.00
2017.10.18 07:43:29.172,0.71318,0.71326,1.62,1.00
2017.10.18 07:43:29.223,0.71317,0.71326,2.89,1.00
2017.10.18 07:43:29.427,0.71317,0.71324,1.76,1.00
2017.10.18 07:43:32.365,0.71317,0.71326,1.50,1.00
2017.10.18 07:43:32.886,0.71317,0.71326,1.87,1.00
2017.10.18 07:43:33.506,0.71317,0.71326,1.50,1.00
2017.10.18 07:43:34.036,0.71316,0.71324,1.12,1.00
2017.10.18 07:43:34.566,0.71315,0.71324,1.00,1.50
2017.10.18 07:43:35.484,0.71315,0.71324,1.00,1.12
2017.10.18 07:43:36.025,0.71315,0.71324,1.00,1.50
2017.10.18 07:43:38.551,0.7132,0.71325,1.44,1.69
2017.10.18 07:43:38.602,0.7132,0.71328,1.87,1.20
2017.10.18 07:43:39.308,0.7132,0.71328,1.50,1.12
2017.10.18 07:43:40.106,0.71324,0.71332,1.00,1.12
2017.10.18 07:43:40.656,0.71324,0.71333,1.00,2.06
2017.10.18 07:43:41.311,0.71324,0.71332,1.00,1.00
2017.10.18 07:43:42.099,0.71323,0.71332,1.50,1.87
2017.10.18 07:43:42.406,0.7132,0.71329,1.00,1.00
2017.10.18 07:43:42.958,0.71321,0.71329,1.00,1.00
2017.10.18 07:43:43.462,0.7132,0.71329,2.25,1.25
2017.10.18 07:43:43.978,0.71321,0.71329,1.00,1.00
2017.10.18 07:43:44.559,0.71322,0.71329,1.00,1.00
2017.10.18 07:43:45.677,0.71324,0.7133,1.00,1.00
2017.10.18 07:43:47.502,0.71324,0.71329,1.00,1.25
2017.10.18 07:43:47.554,0.71321,0.71327,1.00,1.00
2017.10.18 07:43:48.151,0.7132,0.71327,1.00,1.00
2017.10.18 07:43:48.559,0.71319,0.71325,1.00,1.00
2017.10.18 07:43:48.661,0.71315,0.71324,1.37,1.00
2017.10.18 07:43:49.487,0.71316,0.71325,1.00,1.25
2017.10.18 07:43:50.746,0.71316,0.71325,1.00,1.44
2017.10.18 07:43:51.346,0.71316,0.71325,1.00,1.25
2017.10.18 07:43:51.941,0.71317,0.71326,1.00,1.50
2017.10.18 07:43:52.145,0.71319,0.71326,1.00,1.00
2017.10.18 07:43:53.029,0.7132,0.71327,1.00,1.00
2017.10.18 07:43:53.132,0.71323,0.71332,1.50,3.75
2017.10.18 07:43:53.234,0.71325,0.71332,1.50,1.00
2017.10.18 07:43:53.658,0.7133,0.71336,1.00,1.00
2017.10.18 07:43:54.875,0.71328,0.71336,1.00,1.00
2017.10.18 07:43:56.191,0.71328,0.71337,1.00,2.32
2017.10.18 07:44:00.197,0.71328,0.71337,1.00,4.12
2017.10.18 07:44:00.788,0.71328,0.71337,1.00,2.44
2017.10.18 07:44:01.583,0.71328,0.71337,1.00,3.38
2017.10.18 07:44:02.346,0.71328,0.71337,1.00,2.44
2017.10.18 07:44:03.108,0.71328,0.71337,1.00,2.63
2017.10.18 07:44:03.649,0.71328,0.71337,1.00,2.44
2017.10.18 07:44:03.902,0.7133,0.71337,1.00,1.69
2017.10.18 07:44:05.441,0.71327,0.71335,1.00,1.00
2017.10.18 07:44:08.577,0.71325,0.71334,2.70,1.00
2017.10.18 07:44:09.116,0.71325,0.71334,2.32,1.00
2017.10.18 07:44:09.847,0.71325,0.71333,1.20,1.00
2017.10.18 07:44:12.469,0.71326,0.71333,1.13,1.00
2017.10.18 07:44:12.572,0.71326,0.71335,3.45,1.12
2017.10.18 07:44:13.429,0.71326,0.71335,3.26,1.12
2017.10.18 07:44:14.068,0.71326,0.71335,4.39,1.12
2017.10.18 07:44:14.647,0.71326,0.71335,3.26,1.12
2017.10.18 07:44:15.171,0.71327,0.71335,1.00,1.12
2017.10.18 07:44:15.731,0.71326,0.71335,3.07,1.12
2017.10.18 07:44:16.836,0.71327,0.71335,1.00,1.00
2017.10.18 07:44:17.478,0.71326,0.71335,3.82,1.00
2017.10.18 07:44:19.616,0.71328,0.71336,1.25,1.50
2017.10.18 07:44:20.157,0.71328,0.71335,1.00,1.00
2017.10.18 07:44:24.695,0.71327,0.71335,1.57,1.44
2017.10.18 07:44:24.968,0.71324,0.71333,2.70,1.00
2017.10.18 07:44:25.376,0.71324,0.71328,1.76,1.00
2017.10.18 07:44:25.529,0.71322,0.71329,1.76,1.00
2017.10.18 07:44:25.580,0.71321,0.71326,3.26,1.00
2017.10.18 07:44:25.632,0.71324,0.7133,2.63,1.00
2017.10.18 07:44:25.683,0.71323,0.71329,1.20,1.00
2017.10.18 07:44:25.734,0.71323,0.71328,1.37,1.00
2017.10.18 07:44:25.787,0.71326,0.7133,1.00,1.00
2017.10.18 07:44:25.838,0.71326,0.71331,1.00,1.00
2017.10.18 07:44:25.890,0.71326,0.7133,1.00,1.00
2017.10.18 07:44:26.390,0.71321,0.71326,1.69,1.00
2017.10.18 07:44:26.442,0.71323,0.71332,1.00,1.12
2017.10.18 07:44:26.494,0.71327,0.71336,1.00,3.00
2017.10.18 07:44:26.801,0.71326,0.7133,1.87,1.00
2017.10.18 07:44:27.349,0.71324,0.7133,3.64,1.00
2017.10.18 07:44:27.555,0.71328,0.71335,1.25,1.00
2017.10.18 07:44:27.608,0.71327,0.71331,1.87,1.00
2017.10.18 07:44:28.118,0.71326,0.7133,1.50,1.00
2017.10.18 07:44:28.601,0.71327,0.71332,1.12,1.00
2017.10.18 07:44:30.103,0.71326,0.7133,1.12,1.00
2017.10.18 07:44:30.633,0.71327,0.71331,1.00,1.00
2017.10.18 07:44:32.055,0.71326,0.7133,1.31,1.00
2017.10.18 07:44:34.541,0.71326,0.7133,1.01,1.00
2017.10.18 07:44:36.520,0.71327,0.71331,1.25,1.00
2017.10.18 07:44:37.127,0.71326,0.7133,1.25,1.00
2017.10.18 07:44:38.290,0.71326,0.71331,1.44,1.00
2017.10.18 07:44:38.891,0.71326,0.7133,1.25,1.00
2017.10.18 07:44:41.276,0.71325,0.71331,3.19,1.00
2017.10.18 07:44:41.826,0.71326,0.7133,1.25,1.00
2017.10.18 07:44:47.763,0.71325,0.71329,1.12,1.00
2017.10.18 07:44:48.272,0.71326,0.71331,1.44,1.00
2017.10.18 07:44:48.904,0.71325,0.71329,1.12,1.00
2017.10.18 07:44:49.821,0.71325,0.71331,1.87,1.00
2017.10.18 07:44:50.498,0.71325,0.7133,2.62,1.00
2017.10.18 07:44:51.470,0.71325,0.71331,2.25,1.00
2017.10.18 07:44:52.052,0.71325,0.7133,1.87,1.00
2017.10.18 07:44:52.558,0.71326,0.71331,1.44,1.00
2017.10.18 07:44:53.052,0.71326,0.71331,1.44,1.00
2017.10.18 07:44:53.978,0.71326,0.71331,1.25,1.00
2017.10.18 07:44:54.295,0.71325,0.71332,3.75,1.00
2017.10.18 07:44:54.563,0.71325,0.7133,3.00,1.00
2017.10.18 07:44:55.100,0.71325,0.71331,3.38,1.00
2017.10.18 07:44:55.615,0.71325,0.7133,1.50,1.00
2017.10.18 07:44:56.137,0.71325,0.71331,2.25,1.00
2017.10.18 07:44:56.662,0.71325,0.7133,1.44,1.00
2017.10.18 07:44:57.318,0.71325,0.7133,1.25,1.00
2017.10.18 07:44:57.959,0.71325,0.7133,1.44,1.00
2017.10.18 07:44:58.957,0.71325,0.71331,2.62,1.00
2017.10.18 07:44:59.363,0.71326,0.71332,1.37,1.00
2017.10.18 07:44:59.515,0.71326,0.71331,1.25,1.00
2017.10.18 07:44:59.962,0.71326,0.71332,1.37,1.00
2017.10.18 07:45:00.064,0.71325,0.71331,2.25,1.00
2017.10.18 07:45:00.352,0.71325,0.71332,3.38,1.00
2017.10.18 07:45:00.404,0.71325,0.71331,2.25,1.00
2017.10.18 07:45:00.455,0.71325,0.71332,4.13,1.00
2017.10.18 07:45:00.608,0.71325,0.71331,2.62,1.00
2017.10.18 07:45:01.272,0.71326,0.71332,2.62,1.00
2017.10.18 07:45:01.425,0.71326,0.7133,1.25,1.00
2017.10.18 07:45:01.930,0.71326,0.71331,1.44,1.00
2017.10.18 07:45:02.456,0.71325,0.7133,3.00,1.00
2017.10.18 07:45:02.970,0.71325,0.71331,5.06,1.00
2017.10.18 07:45:03.512,0.71325,0.71332,4.31,1.00
2017.10.18 07:45:03.614,0.71326,0.71331,1.25,1.00
2017.10.18 07:45:04.148,0.71325,0.7133,3.37,1.00
2017.10.18 07:45:04.686,0.71325,0.71329,2.62,1.00
2017.10.18 07:45:06.920,0.71325,0.7133,1.50,1.00
2017.10.18 07:45:07.577,0.71325,0.7133,3.00,1.00
2017.10.18 07:45:08.124,0.71325,0.7133,1.31,1.00
2017.10.18 07:45:08.756,0.71325,0.7133,2.63,1.00
2017.10.18 07:45:09.462,0.71325,0.7133,1.50,1.00
2017.10.18 07:45:10.001,0.71325,0.7133,2.63,1.00
2017.10.18 07:45:10.633,0.71325,0.7133,1.31,1.00
2017.10.18 07:45:11.779,0.71326,0.71331,1.44,1.00
2017.10.18 07:45:14.300,0.71325,0.7133,1.87,1.00
2017.10.18 07:45:16.326,0.71325,0.7133,3.00,1.00
2017.10.18 07:45:16.899,0.71325,0.7133,1.87,1.00
2017.10.18 07:45:17.526,0.71325,0.7133,2.81,1.00
2017.10.18 07:45:18.074,0.71325,0.7133,1.87,1.00
2017.10.18 07:45:19.595,0.71325,0.7133,3.00,1.00
2017.10.18 07:45:20.144,0.71325,0.7133,1.87,1.00
2017.10.18 07:45:20.646,0.71325,0.7133,1.87,1.00
2017.10.18 07:45:21.283,0.71325,0.71331,3.00,1.00
2017.10.18 07:45:21.825,0.71325,0.7133,1.87,1.00
2017.10.18 07:45:22.336,0.71325,0.7133,1.69,1.00
2017.10.18 07:45:23.248,0.71325,0.7133,3.00,1.00
2017.10.18 07:45:23.781,0.71325,0.7133,1.69,1.00
2017.10.18 07:45:24.324,0.71328,0.71334,1.00,1.50
2017.10.18 07:45:24.375,0.71328,0.71332,1.00,1.50
2017.10.18 07:45:24.885,0.71325,0.7133,3.19,1.00
2017.10.18 07:45:25.214,0.71322,0.71326,1.25,1.00
2017.10.18 07:45:25.758,0.71327,0.71332,1.87,1.12
2017.10.18 07:45:26.114,0.71325,0.7133,1.69,1.00
2017.10.18 07:45:27.468,0.71325,0.7133,1.00,1.00
2017.10.18 07:45:28.996,0.71323,0.71327,1.00,1.00
2017.10.18 07:45:29.099,0.71324,0.71331,1.31,1.00
2017.10.18 07:45:29.151,0.71327,0.71335,1.12,3.00
2017.10.18 07:45:29.497,0.71334,0.71338,1.00,1.00
2017.10.18 07:45:29.549,0.71335,0.7134,1.12,1.50
2017.10.18 07:45:29.652,0.71335,0.71341,1.50,1.00
2017.10.18 07:45:29.907,0.71338,0.71342,1.00,1.00
2017.10.18 07:45:30.641,0.71338,0.71343,1.00,1.00
2017.10.18 07:45:33.883,0.7134,0.71344,1.00,1.00
2017.10.18 07:45:34.040,0.71343,0.71347,1.00,1.00
2017.10.18 07:45:34.093,0.71342,0.71346,1.00,1.00
2017.10.18 07:45:34.145,0.7134,0.71344,1.87,1.00
2017.10.18 07:45:34.485,0.71338,0.71343,1.00,1.00
2017.10.18 07:45:35.668,0.71337,0.71341,1.00,1.00
2017.10.18 07:45:35.720,0.71336,0.7134,1.00,1.00
2017.10.18 07:45:37.510,0.71337,0.71343,1.00,1.50
2017.10.18 07:45:37.562,0.71339,0.71344,1.00,1.50
2017.10.18 07:45:37.871,0.71343,0.71348,1.69,1.00
2017.10.18 07:45:37.974,0.71345,0.7135,1.69,1.00
2017.10.18 07:45:38.357,0.71343,0.71347,1.00,1.00
2017.10.18 07:45:38.978,0.71343,0.71347,1.50,1.00
2017.10.18 07:45:39.479,0.71342,0.71346,1.69,1.00
2017.10.18 07:45:40.478,0.71343,0.71348,1.25,1.00
2017.10.18 07:45:40.675,0.71344,0.71349,1.19,1.00
2017.10.18 07:45:40.778,0.71342,0.71348,1.69,1.00
2017.10.18 07:45:41.758,0.71342,0.71348,1.87,1.00
2017.10.18 07:45:42.268,0.71342,0.71347,1.25,1.00
2017.10.18 07:45:43.279,0.71342,0.71346,1.25,1.00
2017.10.18 07:45:45.014,0.7134,0.71345,1.00,1.00
2017.10.18 07:45:45.116,0.71339,0.71344,3.37,1.00
2017.10.18 07:45:45.647,0.71338,0.71343,4.31,1.00
2017.10.18 07:45:46.181,0.71338,0.71343,1.00,1.00
2017.10.18 07:45:46.491,0.71336,0.7134,1.12,1.00
2017.10.18 07:45:49.067,0.71334,0.7134,1.87,1.50
2017.10.18 07:45:49.119,0.71332,0.71336,1.50,1.00
2017.10.18 07:45:49.323,0.7133,0.71335,1.12,1.00
2017.10.18 07:45:50.003,0.71331,0.71335,1.25,1.00
2017.10.18 07:45:51.666,0.71331,0.71338,1.00,1.00
2017.10.18 07:45:52.042,0.71331,0.71335,1.25,1.00
2017.10.18 07:45:52.145,0.71329,0.71334,1.87,1.00
2017.10.18 07:45:52.198,0.71328,0.71332,3.56,1.00
2017.10.18 07:45:52.555,0.71327,0.71332,1.87,1.00
2017.10.18 07:45:52.724,0.71326,0.7133,1.87,1.00
2017.10.18 07:45:52.980,0.71327,0.71332,2.25,1.00
2017.10.18 07:45:53.541,0.71326,0.7133,1.00,1.00
2017.10.18 07:45:54.086,0.71325,0.7133,2.06,1.00
2017.10.18 07:45:54.623,0.71325,0.71329,1.69,1.00
2017.10.18 07:45:56.577,0.71325,0.7133,1.19,1.00
2017.10.18 07:45:57.180,0.71324,0.71329,2.44,1.00
2017.10.18 07:45:57.710,0.71324,0.7133,3.56,1.00
2017.10.18 07:45:58.067,0.71326,0.7133,1.50,1.00
2017.10.18 07:45:58.934,0.71325,0.7133,1.31,1.00
2017.10.18 07:46:00.119,0.71321,0.71326,4.57,1.00
2017.10.18 07:46:00.425,0.71319,0.71324,3.37,1.00
2017.10.18 07:46:02.100,0.71318,0.71323,2.51,1.00
2017.10.18 07:46:02.415,0.71315,0.7132,2.06,1.00
2017.10.18 07:46:02.924,0.71315,0.71321,2.44,1.00
2017.10.18 07:46:03.926,0.71315,0.71321,2.06,1.00
2017.10.18 07:46:04.485,0.71315,0.71321,1.87,1.00
2017.10.18 07:46:05.303,0.71315,0.7132,1.25,1.00
2017.10.18 07:46:06.762,0.71315,0.71321,2.25,1.00
2017.10.18 07:46:07.623,0.71321,0.71326,1.19,1.00
2017.10.18 07:46:07.828,0.7132,0.71327,2.63,1.00
2017.10.18 07:46:08.837,0.7132,0.71327,2.06,1.00
2017.10.18 07:46:09.363,0.7132,0.71326,1.50,1.00
2017.10.18 07:46:10.184,0.71321,0.71326,1.13,1.00
2017.10.18 07:46:10.701,0.7132,0.71326,2.25,1.00
2017.10.18 07:46:11.624,0.71319,0.71326,3.38,1.00
2017.10.18 07:46:12.224,0.7132,0.71326,1.00,1.00
2017.10.18 07:46:12.760,0.71319,0.71326,3.56,1.00
2017.10.18 07:46:13.270,0.7132,0.71326,1.88,1.00
2017.10.18 07:46:14.239,0.71321,0.71326,1.00,1.00
2017.10.18 07:46:15.226,0.7132,0.71326,1.00,1.00
2017.10.18 07:46:15.841,0.71321,0.71326,1.00,1.00
2017.10.18 07:46:16.359,0.7132,0.71326,1.00,1.00
2017.10.18 07:46:17.291,0.71321,0.71326,1.00,1.00
2017.10.18 07:46:17.850,0.71319,0.71326,1.69,1.00
2017.10.18 07:46:18.359,0.71319,0.71325,1.13,1.00
2017.10.18 07:46:18.861,0.71319,0.71325,1.50,1.00
2017.10.18 07:46:19.377,0.71319,0.71325,2.44,1.00
2017.10.18 07:46:19.918,0.71319,0.71325,1.50,1.00
2017.10.18 07:46:20.530,0.71319,0.71325,2.25,1.00
2017.10.18 07:46:21.156,0.71319,0.71325,1.50,1.00
2017.10.18 07:46:21.621,0.71322,0.71328,1.25,1.00
2017.10.18 07:46:21.726,0.71322,0.7133,1.69,1.00
2017.10.18 07:46:21.876,0.71322,0.71328,1.69,1.00
2017.10.18 07:46:22.385,0.71322,0.71329,1.31,1.00
2017.10.18 07:46:22.893,0.71322,0.71328,1.00,1.00
2017.10.18 07:46:23.464,0.71321,0.71328,1.31,1.00
2017.10.18 07:46:24.726,0.71321,0.71328,2.06,1.00
2017.10.18 07:46:25.307,0.71321,0.71328,1.31,1.00
2017.10.18 07:46:26.704,0.7132,0.71328,3.19,1.00
2017.10.18 07:46:27.506,0.71321,0.71328,1.00,1.00
2017.10.18 07:46:28.029,0.7132,0.71326,1.69,1.00
2017.10.18 07:46:28.567,0.7132,0.71326,2.81,1.00
2017.10.18 07:46:29.110,0.7132,0.71326,1.69,1.00
2017.10.18 07:46:29.628,0.7132,0.71326,2.81,1.00
2017.10.18 07:46:30.133,0.7132,0.71326,1.69,1.00
2017.10.18 07:46:30.743,0.7132,0.71326,2.06,1.00
2017.10.18 07:46:31.333,0.7132,0.71326,1.69,1.00
2017.10.18 07:46:31.847,0.7132,0.71327,1.88,1.00
2017.10.18 07:46:32.365,0.7132,0.71327,3.19,1.00
2017.10.18 07:46:32.906,0.7132,0.71327,2.25,1.00
2017.10.18 07:46:33.433,0.71321,0.71327,1.13,1.00
2017.10.18 07:46:34.005,0.71321,0.71328,3.19,1.00
2017.10.18 07:46:34.870,0.71321,0.71328,1.25,1.00
2017.10.18 07:46:37.199,0.71321,0.71328,1.31,1.00
2017.10.18 07:46:37.816,0.71321,0.71328,1.25,1.00
2017.10.18 07:46:38.490,0.71321,0.71328,1.44,1.00
2017.10.18 07:46:39.208,0.71321,0.71328,1.69,1.00
2017.10.18 07:46:39.768,0.71321,0.71328,1.44,1.00
2017.10.18 07:46:40.276,0.71321,0.71328,1.00,1.00
2017.10.18 07:46:43.117,0.7132,0.71328,2.44,1.00
2017.10.18 07:46:43.680,0.71321,0.71328,1.00,1.00
2017.10.18 07:46:44.201,0.7132,0.71327,1.69,1.00
2017.10.18 07:46:45.191,0.71318,0.71327,4.13,1.00
2017.10.18 07:46:45.497,0.71318,0.71324,3.75,1.00
2017.10.18 07:46:46.142,0.71319,0.71326,1.88,1.00
2017.10.18 07:46:46.663,0.7132,0.71326,1.00,1.00
2017.10.18 07:46:47.166,0.71319,0.71326,1.88,1.00
2017.10.18 07:46:47.716,0.7132,0.71326,1.00,1.00
2017.10.18 07:46:48.227,0.71319,0.71326,2.25,1.00
2017.10.18 07:46:49.101,0.71319,0.71326,2.63,1.00
2017.10.18 07:46:49.711,0.71319,0.71326,1.88,1.00
2017.10.18 07:46:50.068,0.7132,0.71326,1.38,1.00
2017.10.18 07:46:50.120,0.71321,0.71329,2.06,1.50
2017.10.18 07:46:50.171,0.71322,0.71331,1.69,3.00
2017.10.18 07:46:50.325,0.71324,0.71332,1.25,1.00
2017.10.18 07:46:50.828,0.71325,0.71332,1.87,1.00
2017.10.18 07:46:51.661,0.71325,0.71333,1.00,1.00
2017.10.18 07:46:52.171,0.71326,0.71333,1.00,1.00
2017.10.18 07:46:52.488,0.71327,0.71334,1.37,1.00
2017.10.18 07:46:53.795,0.71327,0.71334,1.00,1.00
2017.10.18 07:46:54.001,0.71328,0.71337,1.00,1.00
2017.10.18 07:46:57.038,0.71328,0.71337,1.50,1.00
2017.10.18 07:46:58.512,0.71328,0.71337,3.56,1.25
2017.10.18 07:46:59.673,0.71328,0.71335,2.25,1.00
2017.10.18 07:46:59.981,0.71326,0.71333,1.50,1.00
2017.10.18 07:47:00.783,0.71326,0.71333,1.00,1.00
2017.10.18 07:47:01.088,0.71326,0.71331,1.25,1.00
2017.10.18 07:47:01.866,0.71325,0.71331,1.12,1.00
2017.10.18 07:47:02.472,0.71324,0.71328,1.00,1.00
2017.10.18 07:47:02.707,0.7132,0.71327,1.31,1.00
2017.10.18 07:47:02.911,0.71322,0.71327,1.00,1.00
2017.10.18 07:47:03.448,0.71321,0.71327,1.00,1.00
2017.10.18 07:47:04.308,0.71321,0.71328,1.50,1.00
2017.10.18 07:47:10.460,0.71321,0.71329,1.00,1.00
2017.10.18 07:47:11.966,0.71321,0.71329,1.44,1.00
2017.10.18 07:47:12.751,0.71321,0.71329,1.69,1.00
2017.10.18 07:47:15.899,0.71321,0.71329,1.31,1.00
2017.10.18 07:47:16.417,0.71321,0.71329,1.25,1.00
2017.10.18 07:47:21.413,0.71322,0.71329,1.00,1.00
2017.10.18 07:47:22.004,0.71321,0.71329,1.50,1.00
2017.10.18 07:47:22.427,0.71322,0.71331,1.00,1.00
2017.10.18 07:47:22.683,0.71325,0.71332,1.00,1.00
2017.10.18 07:47:22.788,0.71325,0.71334,1.87,1.00
2017.10.18 07:47:23.657,0.71325,0.71334,2.06,1.00
2017.10.18 07:47:24.124,0.71325,0.71332,1.00,1.00
2017.10.18 07:47:24.663,0.71323,0.71332,1.69,1.00
2017.10.18 07:47:25.184,0.71324,0.71333,4.69,1.00
2017.10.18 07:47:25.687,0.71324,0.71333,1.31,1.00
2017.10.18 07:47:26.702,0.71324,0.71333,2.63,1.00
2017.10.18 07:47:27.239,0.71324,0.71333,2.00,1.00
2017.10.18 07:47:27.755,0.71325,0.71334,2.62,1.00
2017.10.18 07:47:29.727,0.71325,0.71334,3.37,1.00
2017.10.18 07:47:30.289,0.71325,0.71334,1.50,1.00
2017.10.18 07:47:33.094,0.71325,0.71334,1.50,1.00
2017.10.18 07:47:38.075,0.71325,0.71334,1.50,1.00
2017.10.18 07:47:38.878,0.71325,0.71335,4.12,1.00
2017.10.18 07:47:39.211,0.71326,0.71335,2.44,1.25
2017.10.18 07:47:40.507,0.71325,0.71335,3.75,1.00
2017.10.18 07:47:44.463,0.71325,0.71335,2.63,1.63
2017.10.18 07:47:45.046,0.71324,0.71334,1.87,1.88
2017.10.18 07:47:45.098,0.71323,0.71332,1.00,1.00
2017.10.18 07:47:45.633,0.7132,0.71328,1.75,1.00
2017.10.18 07:47:45.736,0.71319,0.71328,3.75,1.00
2017.10.18 07:47:46.267,0.71319,0.71328,3.00,1.00
2017.10.18 07:47:47.000,0.71319,0.71328,2.62,1.00
2017.10.18 07:47:53.998,0.71322,0.71332,2.81,1.63
2017.10.18 07:47:54.049,0.71322,0.71332,2.44,1.00
2017.10.18 07:47:54.253,0.71322,0.71332,2.81,1.00
2017.10.18 07:47:54.981,0.71322,0.71332,2.44,1.00
2017.10.18 07:47:55.531,0.71324,0.71333,1.00,1.50
2017.10.18 07:47:58.212,0.71325,0.71333,1.00,1.50
2017.10.18 07:47:59.458,0.71323,0.71332,1.25,1.00
2017.10.18 07:48:01.263,0.71322,0.71332,2.81,1.00
2017.10.18 07:48:01.483,0.71324,0.71333,1.13,1.00
2017.10.18 07:48:02.237,0.71323,0.71333,3.00,1.00
2017.10.18 07:48:04.655,0.71324,0.71334,1.25,1.00
2017.10.18 07:48:06.533,0.71326,0.71335,1.13,1.00
2017.10.18 07:48:10.229,0.71326,0.71336,1.00,1.88
2017.10.18 07:48:11.624,0.71326,0.71334,1.00,1.00
2017.10.18 07:48:12.126,0.71325,0.71334,1.25,1.00
2017.10.18 07:48:18.275,0.71325,0.71336,3.00,2.25
2017.10.18 07:48:18.980,0.71325,0.71336,2.06,1.87
2017.10.18 07:48:19.734,0.71325,0.71336,2.14,1.87
2017.10.18 07:48:20.356,0.71325,0.71336,2.51,2.25
2017.10.18 07:48:20.887,0.71325,0.71336,1.47,1.25
2017.10.18 07:48:21.607,0.71325,0.71336,2.51,1.31
2017.10.18 07:48:22.600,0.71325,0.71336,1.47,1.12
2017.10.18 07:48:23.197,0.71325,0.71336,1.12,1.76
2017.10.18 07:48:26.087,0.71325,0.71336,2.44,1.50
2017.10.18 07:48:26.681,0.71325,0.71336,1.12,1.25
2017.10.18 07:48:27.811,0.71324,0.71334,2.25,1.00
2017.10.18 07:48:27.913,0.71323,0.71333,1.50,2.25
2017.10.18 07:48:28.639,0.7132,0.71329,1.75,3.00
2017.10.18 07:48:28.742,0.7132,0.71329,1.00,3.00
2017.10.18 07:48:29.203,0.71322,0.71331,1.00,1.87
2017.10.18 07:48:29.542,0.71324,0.71332,1.87,1.00
2017.10.18 07:48:34.988,0.71324,0.71334,1.12,1.00
2017.10.18 07:48:35.580,0.71324,0.71334,1.37,1.00
2017.10.18 07:48:36.703,0.71324,0.71334,1.12,1.00
2017.10.18 07:48:37.419,0.71323,0.71332,1.10,1.00
2017.10.18 07:48:37.959,0.71321,0.71331,1.57,1.50
2017.10.18 07:48:38.487,0.71321,0.71332,1.50,1.00
2017.10.18 07:48:39.028,0.71321,0.71332,2.06,1.00
2017.10.18 07:48:40.199,0.71321,0.71332,2.63,1.44
2017.10.18 07:48:40.726,0.71321,0.71332,1.12,1.25
2017.10.18 07:48:41.428,0.71321,0.71332,2.25,1.44
2017.10.18 07:48:42.104,0.71321,0.7133,1.87,1.00
2017.10.18 07:48:42.999,0.7132,0.71329,1.87,1.00
2017.10.18 07:48:43.153,0.71319,0.71329,1.12,1.00
2017.10.18 07:48:44.152,0.71318,0.71328,1.25,1.00
2017.10.18 07:48:44.690,0.71317,0.71328,2.62,1.25
2017.10.18 07:48:48.533,0.71317,0.71327,2.06,1.00
2017.10.18 07:48:49.187,0.71317,0.71328,1.87,1.50
2017.10.18 07:48:49.768,0.71317,0.71327,3.38,1.00
2017.10.18 07:48:50.092,0.71318,0.7133,4.13,3.07
2017.10.18 07:48:50.608,0.7132,0.7133,1.00,1.87
2017.10.18 07:48:51.134,0.71321,0.7133,1.00,1.50
2017.10.18 07:48:51.643,0.7132,0.71329,1.12,1.50
2017.10.18 07:48:53.121,0.71321,0.71329,1.00,1.69
2017.10.18 07:48:55.787,0.7132,0.71329,1.87,1.87
2017.10.18 07:49:00.275,0.71321,0.71329,1.00,1.27
2017.10.18 07:49:00.820,0.7132,0.71329,1.12,1.14
2017.10.18 07:49:02.299,0.7132,0.71328,1.00,1.00
2017.10.18 07:49:02.706,0.71316,0.71327,2.62,2.44
2017.10.18 07:49:03.198,0.71316,0.71326,1.88,1.37
2017.10.18 07:49:03.402,0.71318,0.71327,1.50,1.50
2017.10.18 07:49:03.936,0.71318,0.71327,1.37,1.87
2017.10.18 07:49:04.386,0.7132,0.71329,1.00,1.52
2017.10.18 07:49:04.902,0.7132,0.71329,1.37,1.03
2017.10.18 07:49:05.635,0.7132,0.71329,1.12,1.03
2017.10.18 07:49:07.006,0.7132,0.71329,2.06,1.02
2017.10.18 07:49:07.536,0.71321,0.71329,1.25,1.02
2017.10.18 07:49:08.049,0.7132,0.71329,1.31,1.03
2017.10.18 07:49:08.649,0.71322,0.71331,1.44,1.87
2017.10.18 07:49:09.160,0.71321,0.71332,2.51,1.12
2017.10.18 07:49:09.699,0.71321,0.71331,1.25,1.00
2017.10.18 07:49:10.677,0.71321,0.71329,1.00,1.00
2017.10.18 07:49:12.915,0.71322,0.71329,1.00,1.00
2017.10.18 07:49:13.137,0.7132,0.71329,1.00,2.06
2017.10.18 07:49:13.650,0.71319,0.71329,2.62,1.12
2017.10.18 07:49:17.251,0.71321,0.71331,2.81,2.25
2017.10.18 07:49:17.419,0.71323,0.71334,1.00,1.12
2017.10.18 07:49:17.775,0.71323,0.71333,1.00,2.25
2017.10.18 07:49:18.299,0.71323,0.71331,1.31,1.00
2017.10.18 07:49:19.344,0.71322,0.71332,2.62,1.00
2017.10.18 07:49:19.879,0.71322,0.71332,1.00,2.63
2017.10.18 07:49:20.186,0.71324,0.71333,1.25,1.69
2017.10.18 07:49:20.645,0.71322,0.71333,1.87,2.63
2017.10.18 07:49:20.697,0.71323,0.71331,1.00,1.25
2017.10.18 07:49:21.249,0.71322,0.71331,1.87,1.00
2017.10.18 07:49:21.793,0.71322,0.71332,1.87,1.00
2017.10.18 07:49:22.116,0.71322,0.71331,1.50,1.44
2017.10.18 07:49:22.321,0.71319,0.71329,3.64,1.00
2017.10.18 07:49:23.421,0.71319,0.71329,1.00,4.13
2017.10.18 07:49:23.930,0.71318,0.71328,1.00,2.44
2017.10.18 07:49:24.485,0.71316,0.71327,6.00,1.87
2017.10.18 07:49:29.571,0.71318,0.71328,1.00,4.31
2017.10.18 07:49:29.743,0.71317,0.71322,1.00,1.25
2017.10.18 07:49:29.949,0.71313,0.71323,2.06,1.12
2017.10.18 07:49:30.154,0.71313,0.71322,1.69,1.63
2017.10.18 07:49:30.817,0.7131,0.71319,2.25,1.00
2017.10.18 07:49:30.967,0.71308,0.71316,3.00,1.00
2017.10.18 07:49:31.759,0.71308,0.71318,2.81,1.00
2017.10.18 07:49:33.213,0.71308,0.71318,3.38,1.13
2017.10.18 07:49:33.759,0.71308,0.71318,1.69,1.50
2017.10.18 07:49:34.339,0.71308,0.71317,1.00,1.00
2017.10.18 07:49:34.848,0.71309,0.71317,1.00,1.00
2017.10.18 07:49:35.436,0.71308,0.71317,1.87,1.12
2017.10.18 07:49:36.347,0.71308,0.71317,4.13,1.00
2017.10.18 07:49:36.402,0.71311,0.71319,1.13,1.00
2017.10.18 07:49:36.556,0.71312,0.71321,1.13,1.00
2017.10.18 07:49:37.686,0.71313,0.71322,1.00,1.00
2017.10.18 07:49:38.288,0.71313,0.71322,1.76,1.00
2017.10.18 07:49:38.917,0.71313,0.71322,1.01,1.00
2017.10.18 07:49:39.427,0.71312,0.71322,2.25,1.00
2017.10.18 07:49:39.988,0.71313,0.71322,1.25,2.44
2017.10.18 07:49:40.525,0.71312,0.71322,1.31,1.50
2017.10.18 07:49:41.135,0.71313,0.71322,1.13,1.69
2017.10.18 07:49:41.684,0.71313,0.71321,1.00,1.00
2017.10.18 07:49:42.200,0.71312,0.71321,2.25,1.00
2017.10.18 07:49:42.705,0.71313,0.71321,1.00,1.00
2017.10.18 07:49:43.285,0.71312,0.71322,1.00,2.63
2017.10.18 07:49:44.649,0.71313,0.71322,1.00,3.56
2017.10.18 07:49:45.199,0.71312,0.71321,1.00,1.00
2017.10.18 07:49:45.947,0.71313,0.71321,1.00,1.25
2017.10.18 07:49:46.477,0.71312,0.71321,1.00,1.00
2017.10.18 07:49:47.088,0.71312,0.71323,2.63,3.00
2017.10.18 07:49:47.637,0.71312,0.71322,1.88,1.00
2017.10.18 07:49:50.279,0.71313,0.71322,1.25,2.25
2017.10.18 07:49:50.869,0.71312,0.71322,1.25,2.25
2017.10.18 07:49:53.695,0.71313,0.71322,1.25,1.53
2017.10.18 07:49:54.225,0.71312,0.71322,1.25,1.53
2017.10.18 07:49:54.974,0.71312,0.71321,1.00,1.00
2017.10.18 07:49:55.488,0.71312,0.7132,1.00,1.00
2017.10.18 07:50:05.183,0.71312,0.71321,1.00,1.12
2017.10.18 07:50:05.748,0.71314,0.71322,1.25,1.00
2017.10.18 07:50:06.296,0.71314,0.71324,2.25,2.62
2017.10.18 07:50:06.808,0.71314,0.71324,2.44,2.25
2017.10.18 07:50:08.672,0.71314,0.71324,1.69,3.75
2017.10.18 07:50:09.231,0.71314,0.71324,1.25,2.62
2017.10.18 07:50:09.765,0.71314,0.71324,1.69,3.56
2017.10.18 07:50:10.288,0.71314,0.71325,1.50,2.81
2017.10.18 07:50:10.720,0.71313,0.71322,2.06,1.00
2017.10.18 07:50:11.229,0.71313,0.71321,1.00,1.00
2017.10.18 07:50:12.084,0.71313,0.71322,1.00,1.00
2017.10.18 07:50:12.668,0.71314,0.71322,1.00,1.00
2017.10.18 07:50:12.822,0.71311,0.71321,4.57,1.00
2017.10.18 07:50:13.333,0.71311,0.71321,2.14,1.87
2017.10.18 07:50:13.994,0.71311,0.71321,3.26,1.00
2017.10.18 07:50:15.871,0.71311,0.71321,1.87,1.50
2017.10.18 07:50:16.382,0.71311,0.71321,2.62,1.12
2017.10.18 07:50:16.915,0.71312,0.71322,3.19,1.50
2017.10.18 07:50:18.086,0.71312,0.71322,2.25,2.62
2017.10.18 07:50:19.000,0.71312,0.71322,2.25,3.00
2017.10.18 07:50:19.208,0.71311,0.71321,3.00,1.00
2017.10.18 07:50:20.488,0.71311,0.71321,3.94,1.25
2017.10.18 07:50:21.000,0.71311,0.71321,2.89,1.00
2017.10.18 07:50:21.650,0.71311,0.7132,3.19,1.00
2017.10.18 07:50:22.842,0.71311,0.7132,4.31,1.00
2017.10.18 07:50:23.368,0.71311,0.7132,3.00,1.00
2017.10.18 07:50:25.113,0.71311,0.7132,2.62,1.00
2017.10.18 07:50:26.556,0.71314,0.71321,1.00,1.12
2017.10.18 07:50:26.890,0.71319,0.71324,1.00,1.50
2017.10.18 07:50:27.070,0.71321,0.71329,1.00,1.76
2017.10.18 07:50:27.628,0.71321,0.71328,1.00,1.13
2017.10.18 07:50:28.778,0.7132,0.71326,1.00,1.31
2017.10.18 07:50:29.290,0.71319,0.71325,1.00,1.00
2017.10.18 07:50:29.863,0.71319,0.71326,1.00,1.00
2017.10.18 07:50:31.706,0.7132,0.71327,1.00,1.00
2017.10.18 07:50:31.810,0.7132,0.71329,1.87,1.50
2017.10.18 07:50:31.862,0.71324,0.71332,1.00,1.75
2017.10.18 07:50:32.168,0.71327,0.71332,1.00,1.00
2017.10.18 07:50:32.641,0.71328,0.71335,1.00,1.31
2017.10.18 07:50:33.345,0.71328,0.71336,1.00,1.69
2017.10.18 07:50:33.942,0.7133,0.71336,1.00,1.69
2017.10.18 07:50:34.092,0.71331,0.71339,1.00,1.00
2017.10.18 07:50:34.194,0.71333,0.7134,1.00,1.00
2017.10.18 07:50:35.304,0.71333,0.71341,1.00,1.31
2017.10.18 07:50:36.673,0.71333,0.71341,1.00,1.44
2017.10.18 07:50:37.210,0.71333,0.71341,1.00,1.13
2017.10.18 07:50:37.731,0.71333,0.71342,1.00,1.01
2017.10.18 07:50:39.543,0.71333,0.71342,1.00,2.14
2017.10.18 07:50:40.238,0.71333,0.71342,1.00,1.01
2017.10.18 07:50:42.152,0.71332,0.71339,1.00,3.38
2017.10.18 07:50:42.307,0.71329,0.71338,1.00,1.88
2017.10.18 07:50:42.858,0.71329,0.71338,1.00,3.00
2017.10.18 07:50:43.302,0.71329,0.71336,1.00,1.00
2017.10.18 07:50:43.813,0.71328,0.71336,1.00,1.69
2017.10.18 07:50:47.121,0.71329,0.71336,1.50,1.00
2017.10.18 07:50:47.368,0.7133,0.71338,1.00,1.00
2017.10.18 07:50:49.051,0.71333,0.7134,1.00,2.32
2017.10.18 07:50:49.204,0.71334,0.71341,1.00,1.12
2017.10.18 07:50:50.277,0.71335,0.71341,1.00,1.00
2017.10.18 07:50:52.243,0.71335,0.71343,1.00,1.12
2017.10.18 07:51:00.384,0.71335,0.71343,1.00,2.44
2017.10.18 07:51:00.845,0.71333,0.71341,1.00,1.00
2017.10.18 07:51:01.599,0.71331,0.71338,1.12,1.00
2017.10.18 07:51:01.855,0.71331,0.7134,1.12,1.12
2017.10.18 07:51:02.400,0.71332,0.7134,1.00,1.00
2017.10.18 07:51:04.472,0.71333,0.7134,1.00,1.12
2017.10.18 07:51:05.859,0.71333,0.71341,1.00,1.12
2017.10.18 07:51:08.362,0.71333,0.71341,1.00,1.50
2017.10.18 07:51:10.006,0.71333,0.71341,1.00,1.12
2017.10.18 07:51:12.969,0.71333,0.71341,1.00,1.87
2017.10.18 07:51:15.429,0.71332,0.7134,1.12,2.25
2017.10.18 07:51:15.481,0.71332,0.71339,1.12,2.44
2017.10.18 07:51:15.585,0.7133,0.71339,1.12,3.19
2017.10.18 07:51:19.222,0.71333,0.71339,1.00,1.00
2017.10.18 07:51:19.726,0.71334,0.7134,1.00,1.00
2017.10.18 07:51:20.311,0.71334,0.71341,1.00,2.25
2017.10.18 07:51:25.944,0.71334,0.71341,1.00,2.25
2017.10.18 07:51:28.620,0.71334,0.71341,1.00,2.81
2017.10.18 07:51:32.691,0.71332,0.71341,1.12,2.62
2017.10.18 07:51:37.633,0.71332,0.71341,1.00,1.87
2017.10.18 07:51:38.170,0.71332,0.71341,1.48,2.44
2017.10.18 07:51:39.177,0.71332,0.71341,1.00,1.87
2017.10.18 07:51:43.116,0.71333,0.71341,1.00,1.00
2017.10.18 07:51:43.613,0.71335,0.71343,1.00,1.12
2017.10.18 07:51:45.205,0.71334,0.71341,1.00,1.00
2017.10.18 07:51:52.037,0.71333,0.7134,1.12,1.00
2017.10.18 07:51:52.192,0.7133,0.71338,1.00,1.50
2017.10.18 07:51:57.829,0.7133,0.71337,1.00,1.00
2017.10.18 07:52:01.853,0.71332,0.71338,1.00,1.00
2017.10.18 07:52:02.498,0.71333,0.71338,1.00,1.00
2017.10.18 07:52:04.176,0.71335,0.71341,1.00,1.12
2017.10.18 07:52:04.798,0.71335,0.71342,1.00,1.00
2017.10.18 07:52:05.379,0.71335,0.71343,1.00,1.87
2017.10.18 07:52:08.336,0.71336,0.71345,1.00,3.19
2017.10.18 07:52:08.489,0.71339,0.71346,1.25,2.62
2017.10.18 07:52:08.693,0.71339,0.71347,1.00,1.50
2017.10.18 07:52:09.791,0.71338,0.71347,2.44,1.50
2017.10.18 07:52:10.296,0.71338,0.71347,3.19,1.50
2017.10.18 07:52:10.504,0.71337,0.71345,1.50,1.00
2017.10.18 07:52:10.606,0.71337,0.71345,1.00,1.00
2017.10.18 07:52:12.355,0.71336,0.71346,1.12,2.06
2017.10.18 07:52:12.891,0.71336,0.71345,1.12,1.00
2017.10.18 07:52:13.460,0.71336,0.71346,1.12,2.06
2017.10.18 07:52:15.379,0.71336,0.71345,1.12,1.00
2017.10.18 07:52:16.356,0.71336,0.71346,1.12,2.06
2017.10.18 07:52:19.221,0.71336,0.71345,1.12,1.00
2017.10.18 07:52:19.731,0.71336,0.71346,1.50,1.87
2017.10.18 07:52:20.401,0.71336,0.71345,1.50,1.00
2017.10.18 07:52:20.925,0.71336,0.71346,1.50,1.12
2017.10.18 07:52:22.102,0.71336,0.71345,1.12,1.13
2017.10.18 07:52:23.288,0.71336,0.71345,1.00,1.44
2017.10.18 07:52:23.822,0.71336,0.71345,1.00,2.06
2017.10.18 07:52:24.370,0.71336,0.71345,1.12,1.69
2017.10.18 07:52:26.775,0.71335,0.71344,1.12,1.13
2017.10.18 07:52:26.827,0.71333,0.71341,1.50,1.25
2017.10.18 07:52:27.082,0.7133,0.71338,1.12,1.50
2017.10.18 07:52:29.323,0.7133,0.71338,1.00,1.69
2017.10.18 07:52:29.880,0.7133,0.71338,1.00,1.50
2017.10.18 07:52:32.115,0.71329,0.71338,1.12,1.88
2017.10.18 07:52:32.166,0.71328,0.71336,1.50,1.00
2017.10.18 07:52:32.523,0.71326,0.71335,2.44,1.00
2017.10.18 07:52:35.534,0.71327,0.71336,1.00,1.50
2017.10.18 07:52:35.739,0.7133,0.71337,1.00,1.10
2017.10.18 07:52:36.442,0.71329,0.71337,1.12,1.00
2017.10.18 07:52:36.784,0.71328,0.71335,1.50,1.00
2017.10.18 07:52:37.127,0.71329,0.71338,1.31,1.50
2017.10.18 07:52:37.775,0.7133,0.71338,1.12,1.13
2017.10.18 07:52:38.290,0.71331,0.71338,1.12,1.25
2017.10.18 07:52:42.415,0.71331,0.71337,1.00,1.00
2017.10.18 07:52:45.218,0.71328,0.71337,1.50,1.69
2017.10.18 07:52:45.372,0.71326,0.71335,2.25,1.00
2017.10.18 07:52:45.475,0.71326,0.71336,1.50,2.51
2017.10.18 07:52:47.069,0.71326,0.71335,1.87,1.00
2017.10.18 07:52:47.612,0.71326,0.71336,1.87,2.89
2017.10.18 07:52:48.260,0.71326,0.71335,1.12,1.00
2017.10.18 07:52:49.199,0.71326,0.71336,1.12,3.64
2017.10.18 07:52:50.471,0.71326,0.71336,1.12,3.45
2017.10.18 07:52:50.978,0.71326,0.71336,1.00,2.44
2017.10.18 07:52:51.636,0.71326,0.71336,1.00,2.81
2017.10.18 07:52:52.652,0.71326,0.71336,1.25,2.44
2017.10.18 07:52:54.301,0.71326,0.71335,1.00,1.00
2017.10.18 07:52:54.888,0.71326,0.71336,1.00,2.25
2017.10.18 07:52:56.199,0.71326,0.71335,1.00,1.00
2017.10.18 07:52:56.866,0.71326,0.71336,1.00,2.25
2017.10.18 07:52:57.735,0.71326,0.71336,2.44,2.06
2017.10.18 07:52:58.285,0.71326,0.71336,1.31,1.00
2017.10.18 07:53:05.499,0.71325,0.71336,2.25,1.50
2017.10.18 07:53:06.120,0.71326,0.71336,1.25,1.31
2017.10.18 07:53:06.762,0.71325,0.71336,2.81,1.87
2017.10.18 07:53:11.986,0.71325,0.71336,3.37,1.00
2017.10.18 07:53:12.502,0.71325,0.71336,2.81,1.37
2017.10.18 07:53:15.365,0.71325,0.71336,1.50,2.51
2017.10.18 07:53:15.467,0.71322,0.71332,2.70,2.44
2017.10.18 07:53:15.632,0.71321,0.7133,2.25,1.00
2017.10.18 07:53:15.939,0.7132,0.7133,1.00,3.94
2017.10.18 07:53:16.500,0.71319,0.71329,1.87,1.87
2017.10.18 07:53:18.745,0.71318,0.71327,2.62,1.00
2017.10.18 07:53:31.626,0.71318,0.71327,2.81,1.00
2017.10.18 07:53:36.149,0.71318,0.71327,2.25,1.00
2017.10.18 07:53:37.004,0.71319,0.71329,3.56,1.20
2017.10.18 07:53:37.106,0.7132,0.71328,1.19,1.00
2017.10.18 07:53:37.651,0.71319,0.71328,4.31,1.00
2017.10.18 07:53:38.122,0.71322,0.71331,1.25,2.62
2017.10.18 07:53:38.174,0.71322,0.71332,3.38,1.87
2017.10.18 07:53:38.277,0.71324,0.71333,1.00,1.50
2017.10.18 07:53:38.787,0.71324,0.71335,2.62,2.44
2017.10.18 07:53:38.941,0.71324,0.71335,3.00,1.69
2017.10.18 07:53:40.954,0.71324,0.71335,3.38,2.89
2017.10.18 07:53:41.261,0.7132,0.71329,1.87,1.00
2017.10.18 07:53:41.806,0.7132,0.71328,1.12,1.12
2017.10.18 07:53:43.014,0.7132,0.71329,1.00,3.75
2017.10.18 07:53:43.552,0.7132,0.71329,1.00,4.12
2017.10.18 07:53:44.124,0.71319,0.71326,1.12,1.31
2017.10.18 07:53:44.176,0.71317,0.71327,3.56,1.00
2017.10.18 07:53:44.228,0.71318,0.71325,1.50,1.00
2017.10.18 07:53:44.279,0.71317,0.71326,1.87,1.31
2017.10.18 07:53:44.886,0.71317,0.71327,1.00,1.87
2017.10.18 07:53:45.608,0.71317,0.71326,1.50,1.00
2017.10.18 07:53:46.247,0.71317,0.71327,1.00,1.95
2017.10.18 07:53:47.215,0.71317,0.71326,1.50,1.00
2017.10.18 07:53:47.739,0.71317,0.71327,1.00,1.87
2017.10.18 07:53:48.415,0.71317,0.71326,1.50,1.00
2017.10.18 07:53:48.927,0.71317,0.71327,1.00,1.87
2017.10.18 07:53:49.448,0.71317,0.71326,1.50,1.00
2017.10.18 07:53:50.201,0.71317,0.71327,1.00,1.87
2017.10.18 07:53:50.725,0.71316,0.71327,1.50,1.87
2017.10.18 07:53:51.910,0.71317,0.71327,1.12,2.25
2017.10.18 07:54:02.987,0.71316,0.71326,1.12,1.00
2017.10.18 07:54:04.010,0.71316,0.71326,1.37,1.12
2017.10.18 07:54:05.918,0.71315,0.71326,3.19,1.50
2017.10.18 07:54:06.076,0.71315,0.71323,1.12,1.00
2017.10.18 07:54:06.229,0.71311,0.71321,2.81,1.88
2017.10.18 07:54:06.784,0.71312,0.71321,1.12,1.37
2017.10.18 07:54:07.245,0.71311,0.7132,4.31,1.00
2017.10.18 07:54:07.840,0.71311,0.71321,3.37,1.00
2017.10.18 07:54:08.392,0.71311,0.7132,3.37,1.00
2017.10.18 07:54:08.545,0.71311,0.71321,1.12,1.87
2017.10.18 07:54:09.200,0.71311,0.71321,1.31,1.87
2017.10.18 07:54:11.233,0.71313,0.71322,2.63,1.37
2017.10.18 07:54:11.335,0.71315,0.71324,1.12,1.50
2017.10.18 07:54:11.439,0.71315,0.71325,2.81,1.25
2017.10.18 07:54:12.044,0.71316,0.71326,2.44,2.06
2017.10.18 07:54:12.147,0.71319,0.71327,1.00,1.12
2017.10.18 07:54:12.455,0.71322,0.71331,1.50,1.12
2017.10.18 07:54:12.710,0.7132,0.71329,1.50,2.14
2017.10.18 07:54:12.866,0.71318,0.71328,1.50,1.87
2017.10.18 07:54:15.491,0.71318,0.71327,1.12,1.25
2017.10.18 07:54:16.384,0.71318,0.71326,1.12,1.25
2017.10.18 07:54:16.640,0.71316,0.71326,1.12,1.57
2017.10.18 07:54:17.185,0.71316,0.71325,1.00,1.00
2017.10.18 07:54:17.767,0.71316,0.71326,1.00,1.50
2017.10.18 07:54:18.281,0.71316,0.71325,1.00,1.00
2017.10.18 07:54:18.891,0.71316,0.71326,1.00,1.88
2017.10.18 07:54:19.499,0.71316,0.71326,1.00,3.00
2017.10.18 07:54:20.232,0.71316,0.71326,1.00,1.69
2017.10.18 07:54:20.751,0.71315,0.71325,1.12,2.44
2017.10.18 07:54:20.869,0.71313,0.71324,1.00,3.83
2017.10.18 07:54:21.420,0.71311,0.71322,1.87,2.63
2017.10.18 07:54:21.760,0.71308,0.71313,1.50,1.00
2017.10.18 07:54:22.018,0.71268,0.71275,1.37,1.00
2017.10.18 07:54:22.071,0.7127,0.71278,1.00,1.00
2017.10.18 07:54:22.123,0.71272,0.71281,1.00,2.05
2017.10.18 07:54:22.661,0.71271,0.71281,1.69,1.00
2017.10.18 07:54:22.763,0.71274,0.71285,1.00,2.02
2017.10.18 07:54:23.069,0.71274,0.71285,1.00,1.87
2017.10.18 07:54:23.121,0.7127,0.71279,1.00,1.09
2017.10.18 07:54:23.445,0.71277,0.71285,1.00,1.00
2017.10.18 07:54:23.902,0.71275,0.71285,1.20,1.00
2017.10.18 07:54:25.749,0.71275,0.71285,2.51,1.25
2017.10.18 07:54:25.851,0.71278,0.71285,1.00,1.00
2017.10.18 07:54:25.954,0.71279,0.71289,1.76,1.50
2017.10.18 07:54:26.462,0.71279,0.71289,1.57,1.87
2017.10.18 07:54:27.269,0.71284,0.71292,1.20,1.00
2017.10.18 07:54:27.949,0.71285,0.71292,1.00,1.00
2017.10.18 07:54:28.051,0.71285,0.71294,1.00,2.44
2017.10.18 07:54:28.595,0.71285,0.71295,1.20,1.31
2017.10.18 07:54:29.106,0.71285,0.71295,1.95,1.50
2017.10.18 07:54:30.249,0.71286,0.71295,1.20,1.12
2017.10.18 07:54:30.562,0.71288,0.71297,1.00,1.87
2017.10.18 07:54:30.904,0.7129,0.71298,1.00,1.88
2017.10.18 07:54:30.955,0.7129,0.71298,1.00,1.31
2017.10.18 07:54:31.852,0.7129,0.71297,1.00,1.00
2017.10.18 07:54:32.241,0.71292,0.71301,1.00,1.63
2017.10.18 07:54:32.343,0.71293,0.71303,1.00,1.87
2017.10.18 07:54:32.394,0.71295,0.71303,1.00,1.87
2017.10.18 07:54:33.004,0.71295,0.71303,1.00,2.25
2017.10.18 07:54:33.340,0.71298,0.71307,1.00,1.63
2017.10.18 07:54:33.853,0.71299,0.71307,1.00,1.63
2017.10.18 07:54:34.392,0.71297,0.71306,1.76,1.25
2017.10.18 07:54:34.547,0.71296,0.71305,1.01,1.00
2017.10.18 07:54:34.600,0.71298,0.71307,1.00,1.00
2017.10.18 07:54:34.963,0.71301,0.71309,1.12,1.63
2017.10.18 07:54:35.252,0.71302,0.71311,1.00,1.25
2017.10.18 07:54:35.558,0.71302,0.7131,1.39,1.44
2017.10.18 07:54:36.100,0.71302,0.7131,1.20,1.25
2017.10.18 07:54:37.014,0.71301,0.7131,1.10,1.44
2017.10.18 07:54:37.515,0.713,0.71309,4.01,1.44
2017.10.18 07:54:38.030,0.713,0.71309,3.45,1.25
2017.10.18 07:54:38.337,0.713,0.71309,1.57,1.69
2017.10.18 07:54:38.389,0.713,0.71309,1.57,2.25
2017.10.18 07:54:39.497,0.713,0.71309,1.57,3.75
2017.10.18 07:54:39.600,0.713,0.71309,1.57,1.88
2017.10.18 07:54:40.117,0.713,0.71309,1.20,2.63
2017.10.18 07:54:40.994,0.713,0.71309,1.20,2.63
2017.10.18 07:54:41.874,0.713,0.71309,1.10,2.63
2017.10.18 07:54:42.536,0.713,0.71309,1.10,2.63
2017.10.18 07:54:43.003,0.713,0.71309,2.70,1.13
2017.10.18 07:54:44.026,0.713,0.71309,1.57,1.13
2017.10.18 07:54:44.587,0.713,0.71309,2.32,1.00
2017.10.18 07:54:45.872,0.71301,0.7131,1.39,1.00
2017.10.18 07:54:47.004,0.71301,0.71308,1.12,1.00
2017.10.18 07:54:48.813,0.71301,0.71308,1.50,1.00
2017.10.18 07:54:49.441,0.71301,0.71308,1.00,1.00
2017.10.18 07:54:49.724,0.71301,0.7131,2.70,1.25
2017.10.18 07:54:50.243,0.71301,0.7131,3.07,1.00
2017.10.18 07:54:50.398,0.71301,0.7131,1.57,1.37
2017.10.18 07:54:51.000,0.71301,0.7131,3.07,1.37
2017.10.18 07:54:51.102,0.71301,0.7131,2.32,1.00
2017.10.18 07:54:53.107,0.71301,0.7131,1.95,1.44
2017.10.18 07:54:53.616,0.71301,0.7131,1.95,1.00
2017.10.18 07:54:54.693,0.71301,0.7131,3.64,1.38
2017.10.18 07:54:55.277,0.71301,0.7131,3.45,1.00
2017.10.18 07:54:56.788,0.71301,0.7131,3.45,1.88
2017.10.18 07:54:58.039,0.71301,0.71308,2.32,1.13
2017.10.18 07:54:58.811,0.71301,0.7131,1.57,2.25
2017.10.18 07:54:59.350,0.713,0.7131,1.95,2.63
2017.10.18 07:55:00.080,0.713,0.7131,3.07,2.63
2017.10.18 07:55:00.636,0.713,0.71307,1.95,1.00
2017.10.18 07:55:01.177,0.713,0.71306,1.12,1.00
2017.10.18 07:55:01.628,0.713,0.71309,3.45,1.00
2017.10.18 07:55:01.767,0.71301,0.7131,5.89,1.12
2017.10.18 07:55:02.277,0.71301,0.71309,2.51,1.00
2017.10.18 07:55:02.533,0.713,0.71309,2.33,1.50
2017.10.18 07:55:03.081,0.713,0.71309,2.70,1.50
2017.10.18 07:55:03.746,0.71301,0.7131,1.57,1.87
2017.10.18 07:55:04.542,0.71301,0.71307,1.07,1.00
2017.10.18 07:55:04.695,0.713,0.71307,1.20,1.00
2017.10.18 07:55:04.898,0.713,0.71307,3.07,1.00
2017.10.18 07:55:05.001,0.713,0.71307,2.70,1.00
2017.10.18 07:55:08.827,0.71299,0.71307,5.70,1.00
2017.10.18 07:55:09.363,0.713,0.71307,1.10,1.00
2017.10.18 07:55:09.871,0.71299,0.71307,1.95,1.50
2017.10.18 07:55:10.481,0.713,0.71307,1.00,1.00
2017.10.18 07:55:12.806,0.71298,0.71307,5.70,1.00
2017.10.18 07:55:13.468,0.713,0.71307,1.10,1.00
2017.10.18 07:55:14.458,0.71301,0.71309,1.13,1.87
2017.10.18 07:55:14.865,0.71302,0.7131,1.20,2.25
2017.10.18 07:55:15.431,0.71301,0.7131,1.95,3.00
2017.10.18 07:55:17.651,0.71302,0.71309,1.10,1.00
2017.10.18 07:55:18.169,0.71301,0.71308,1.20,1.00
2017.10.18 07:55:20.637,0.713,0.71308,1.95,1.00
2017.10.18 07:55:21.135,0.713,0.71308,2.70,1.00
2017.10.18 07:55:21.339,0.713,0.71308,1.10,1.00
2017.10.18 07:55:21.865,0.713,0.71308,1.20,1.00
2017.10.18 07:55:22.462,0.713,0.71308,3.07,1.00
2017.10.18 07:55:23.071,0.713,0.71308,3.07,1.00
2017.10.18 07:55:25.282,0.71301,0.71308,1.20,1.00
2017.10.18 07:55:25.384,0.713,0.71308,1.10,1.00
2017.10.18 07:55:25.927,0.713,0.71308,1.47,1.00
2017.10.18 07:55:28.585,0.713,0.71308,1.10,1.00
2017.10.18 07:55:32.489,0.713,0.71306,1.10,1.00
2017.10.18 07:55:32.973,0.71298,0.71304,1.57,1.00
2017.10.18 07:55:33.524,0.71298,0.71304,1.20,1.00
2017.10.18 07:55:34.564,0.71298,0.71306,1.20,1.12
2017.10.18 07:55:37.628,0.71298,0.71305,1.57,1.00
2017.10.18 07:55:38.147,0.71296,0.71305,1.95,1.50
2017.10.18 07:55:38.658,0.71297,0.71305,1.00,1.50
2017.10.18 07:55:39.200,0.71296,0.71305,1.20,1.88
2017.10.18 07:55:39.815,0.71296,0.71305,1.01,1.88
2017.10.18 07:55:40.679,0.71296,0.71305,1.20,1.88
2017.10.18 07:55:42.790,0.71295,0.71303,2.70,1.00
2017.10.18 07:55:43.467,0.71295,0.71303,2.25,1.00
2017.10.18 07:55:44.995,0.71292,0.713,2.70,2.44
2017.10.18 07:55:45.301,0.71292,0.71296,1.00,1.00
2017.10.18 07:55:45.708,0.71289,0.71296,1.12,1.00
2017.10.18 07:55:47.920,0.71289,0.71298,1.31,1.00
2017.10.18 07:55:48.468,0.7129,0.71298,1.00,1.00
2017.10.18 07:55:51.159,0.71291,0.71298,1.00,1.00
2017.10.18 07:55:54.008,0.71291,0.71298,1.00,1.37
2017.10.18 07:55:54.768,0.71292,0.71299,1.44,1.50
2017.10.18 07:55:54.820,0.71293,0.71299,1.44,1.12
2017.10.18 07:55:54.922,0.71293,0.71302,1.50,1.37
2017.10.18 07:55:55.177,0.7129,0.71296,1.75,1.00
2017.10.18 07:55:55.229,0.71289,0.71296,1.87,1.00
2017.10.18 07:55:55.749,0.71291,0.71296,1.00,1.00
2017.10.18 07:55:55.802,0.71291,0.71299,1.50,1.12
2017.10.18 07:55:55.904,0.71293,0.71301,1.00,3.00
2017.10.18 07:55:56.059,0.71291,0.71298,1.10,1.00
2017.10.18 07:55:56.678,0.7129,0.71298,1.00,1.00
2017.10.18 07:56:03.182,0.7129,0.71298,1.87,1.50
2017.10.18 07:56:03.234,0.71292,0.713,1.00,1.50
2017.10.18 07:56:03.694,0.71291,0.71298,1.00,1.50
2017.10.18 07:56:04.238,0.7129,0.71298,1.00,1.87
2017.10.18 07:56:05.585,0.7129,0.71298,1.00,1.87
2017.10.18 07:56:06.089,0.7129,0.71298,1.25,3.00
2017.10.18 07:56:06.651,0.7129,0.71297,1.00,1.00
2017.10.18 07:56:10.014,0.7129,0.71296,1.00,1.00
2017.10.18 07:56:10.066,0.71288,0.71297,1.50,1.31
2017.10.18 07:56:10.169,0.71288,0.71294,1.00,1.00
2017.10.18 07:56:10.739,0.71287,0.71294,1.00,1.50
2017.10.18 07:56:12.080,0.71286,0.71294,1.00,1.00
2017.10.18 07:56:15.087,0.71287,0.71294,1.00,1.12
2017.10.18 07:56:15.393,0.71289,0.71294,1.00,1.00
2017.10.18 07:56:17.664,0.71288,0.71294,1.00,1.00
2017.10.18 07:56:18.176,0.71287,0.71294,1.00,1.00
2017.10.18 07:56:21.182,0.71289,0.71294,1.00,1.12
2017.10.18 07:56:21.285,0.71289,0.71296,1.00,2.62
2017.10.18 07:56:22.919,0.71288,0.71296,1.50,3.00
2017.10.18 07:56:24.103,0.71288,0.71295,1.50,1.00
2017.10.18 07:56:24.702,0.71288,0.71294,1.50,1.00
2017.10.18 07:56:24.958,0.71288,0.71296,1.50,1.50
2017.10.18 07:56:25.011,0.7129,0.71296,1.00,1.00
2017.10.18 07:56:25.597,0.7129,0.71296,1.00,1.50
2017.10.18 07:56:25.701,0.7129,0.71296,1.00,1.12
2017.10.18 07:56:26.244,0.7129,0.71296,1.00,2.62
2017.10.18 07:56:26.616,0.71288,0.71296,1.00,1.50
2017.10.18 07:56:27.125,0.71288,0.71296,1.00,3.00
2017.10.18 07:56:28.251,0.71287,0.71295,1.00,1.50
2017.10.18 07:56:28.796,0.71288,0.71295,1.00,1.00
2017.10.18 07:56:31.144,0.71287,0.71295,1.00,1.12
2017.10.18 07:56:32.640,0.71288,0.71295,1.00,1.12
2017.10.18 07:56:33.128,0.7129,0.71295,1.00,1.12
2017.10.18 07:56:34.673,0.71289,0.71295,1.00,1.50
2017.10.18 07:56:35.370,0.71289,0.71295,1.00,4.88
2017.10.18 07:56:35.920,0.71287,0.71295,1.00,4.50
2017.10.18 07:56:37.747,0.71287,0.71295,1.00,4.50
2017.10.18 07:56:38.044,0.71287,0.71295,1.00,4.50
2017.10.18 07:56:38.882,0.71287,0.71295,1.00,4.31
2017.10.18 07:56:39.391,0.71283,0.71287,1.00,1.00
2017.10.18 07:56:39.544,0.71281,0.71286,1.00,1.00
2017.10.18 07:56:40.050,0.71281,0.71287,1.00,1.50
2017.10.18 07:56:40.573,0.71281,0.71287,1.00,1.87
2017.10.18 07:56:41.450,0.71281,0.71287,1.00,1.87
2017.10.18 07:56:42.874,0.7128,0.71288,1.00,2.44
2017.10.18 07:56:43.183,0.71283,0.7129,1.13,1.37
2017.10.18 07:56:43.449,0.71286,0.71294,1.00,4.12
2017.10.18 07:56:44.313,0.71287,0.71294,1.00,2.25
2017.10.18 07:56:44.854,0.71287,0.71295,1.00,1.63
2017.10.18 07:56:45.444,0.71287,0.71295,1.00,1.00
2017.10.18 07:56:47.911,0.71287,0.71296,1.00,4.12
2017.10.18 07:56:48.014,0.71286,0.71294,1.00,1.00
2017.10.18 07:56:48.371,0.71286,0.71293,1.00,1.50
2017.10.18 07:56:48.922,0.71286,0.71294,1.00,3.19
2017.10.18 07:56:49.212,0.71281,0.71289,1.50,1.00
2017.10.18 07:56:50.967,0.71282,0.71289,1.00,1.12
2017.10.18 07:56:52.161,0.71283,0.71289,1.00,1.50
2017.10.18 07:56:52.365,0.71284,0.71293,1.50,2.81
2017.10.18 07:56:53.331,0.71284,0.71292,1.00,1.12
2017.10.18 07:56:54.143,0.71283,0.71292,1.69,2.23
2017.10.18 07:56:55.286,0.71285,0.71292,1.00,1.87
2017.10.18 07:56:56.107,0.71284,0.71291,1.00,4.88
2017.10.18 07:56:56.158,0.71281,0.7129,2.32,4.67
2017.10.18 07:56:56.414,0.71281,0.7129,1.00,3.75
2017.10.18 07:56:58.504,0.71281,0.71289,1.00,1.50
2017.10.18 07:56:59.576,0.71282,0.71289,1.25,1.00
2017.10.18 07:56:59.781,0.71284,0.71292,1.00,1.12
2017.10.18 07:57:00.615,0.71283,0.71292,1.00,1.87
2017.10.18 07:57:02.594,0.71284,0.71293,1.00,4.50
2017.10.18 07:57:02.696,0.71284,0.71293,1.00,3.19
2017.10.18 07:57:03.106,0.71281,0.71291,2.14,5.06
2017.10.18 07:57:03.206,0.71281,0.71289,1.76,1.00
2017.10.18 07:57:03.715,0.7128,0.71289,1.00,1.87
2017.10.18 07:57:04.097,0.71277,0.71285,1.57,1.00
2017.10.18 07:57:04.617,0.71277,0.71285,1.00,1.87
2017.10.18 07:57:06.416,0.71278,0.71286,1.00,1.12
2017.10.18 07:57:10.155,0.71278,0.71286,1.00,2.44
2017.10.18 07:57:14.642,0.71276,0.71285,1.58,1.00
2017.10.18 07:57:15.346,0.71276,0.71285,1.00,1.50
2017.10.18 07:57:17.543,0.71276,0.71285,1.25,1.12
2017.10.18 07:57:18.084,0.71276,0.71284,1.25,1.50
2017.10.18 07:57:18.255,0.71276,0.71284,1.44,1.50
2017.10.18 07:57:18.906,0.71276,0.71284,1.26,1.50
2017.10.18 07:57:19.881,0.71277,0.71285,1.88,1.37
2017.10.18 07:57:20.089,0.7128,0.71289,1.00,3.00
2017.10.18 07:57:20.141,0.71282,0.7129,1.00,1.87
2017.10.18 07:57:20.346,0.71285,0.71292,1.00,1.31
2017.10.18 07:57:21.457,0.71286,0.71294,1.00,1.75
2017.10.18 07:57:21.559,0.71286,0.71294,1.50,1.00
2017.10.18 07:57:21.865,0.71286,0.71291,1.00,1.00
2017.10.18 07:57:22.070,0.71286,0.71294,1.00,1.50
2017.10.18 07:57:22.614,0.71285,0.71293,1.00,1.00
2017.10.18 07:57:23.254,0.71284,0.71294,1.00,2.63
2017.10.18 07:57:23.458,0.71283,0.71291,1.00,1.00
2017.10.18 07:57:23.766,0.71282,0.71289,1.00,1.00
2017.10.18 07:57:24.177,0.7128,0.71289,2.44,3.38
2017.10.18 07:57:24.742,0.71279,0.71289,2.06,3.56
2017.10.18 07:57:25.979,0.71279,0.71289,1.87,2.81
2017.10.18 07:57:27.573,0.71279,0.71289,1.69,3.94
2017.10.18 07:57:28.164,0.71278,0.71285,1.57,1.00
2017.10.18 07:57:28.267,0.71276,0.71284,1.50,1.00
2017.10.18 07:57:28.372,0.71279,0.71285,1.00,1.50
2017.10.18 07:57:30.095,0.7128,0.71285,1.00,1.87
2017.10.18 07:57:30.299,0.71277,0.71285,1.00,3.00
2017.10.18 07:57:31.300,0.7128,0.71285,1.00,2.25
2017.10.18 07:57:31.402,0.7128,0.71285,1.00,1.50
2017.10.18 07:57:31.861,0.71278,0.71284,1.00,1.00
2017.10.18 07:57:32.375,0.71275,0.71281,1.00,1.00
2017.10.18 07:57:32.426,0.71273,0.71281,1.50,3.19
2017.10.18 07:57:32.478,0.71272,0.71277,1.00,1.00
2017.10.18 07:57:32.641,0.71272,0.71281,1.69,2.25
2017.10.18 07:57:32.745,0.71275,0.71283,1.00,2.44
2017.10.18 07:57:32.797,0.71275,0.71283,1.00,3.00
2017.10.18 07:57:32.900,0.71275,0.71283,1.00,2.25
2017.10.18 07:57:33.918,0.71275,0.71284,1.00,1.12
2017.10.18 07:57:34.630,0.71275,0.71284,1.00,2.25
2017.10.18 07:57:37.045,0.71276,0.71284,1.00,2.25
2017.10.18 07:57:37.596,0.71276,0.71284,1.00,1.31
2017.10.18 07:57:37.648,0.71279,0.71284,1.00,1.87
2017.10.18 07:57:37.925,0.71279,0.71286,1.00,1.12
2017.10.18 07:57:40.841,0.71278,0.71286,1.00,1.87
2017.10.18 07:57:41.461,0.71277,0.71283,1.00,1.00
2017.10.18 07:57:43.784,0.71275,0.71283,2.14,1.00
2017.10.18 07:57:44.303,0.71275,0.71283,1.58,1.00
2017.10.18 07:57:44.867,0.71275,0.71283,2.14,1.00
2017.10.18 07:57:46.046,0.71275,0.71283,1.20,1.00
2017.10.18 07:57:47.156,0.71276,0.71283,1.13,1.00
2017.10.18 07:57:48.151,0.71275,0.71283,2.14,1.00
2017.10.18 07:57:48.203,0.71275,0.71283,1.89,1.00
2017.10.18 07:57:50.169,0.71275,0.71284,1.89,1.00
2017.10.18 07:57:51.169,0.71275,0.71284,2.72,1.00
2017.10.18 07:57:51.680,0.71275,0.71284,2.34,1.00
2017.10.18 07:57:52.464,0.71274,0.71283,2.14,1.00
2017.10.18 07:57:52.516,0.71274,0.71279,1.00,1.00
2017.10.18 07:57:52.669,0.71269,0.71278,2.63,1.00
2017.10.18 07:57:53.182,0.71269,0.71279,1.88,1.87
2017.10.18 07:57:54.415,0.71271,0.71281,3.26,1.75
2017.10.18 07:57:54.570,0.71273,0.71282,1.01,1.50
2017.10.18 07:57:54.672,0.71273,0.71284,1.87,2.05
2017.10.18 07:57:54.775,0.71272,0.71282,3.45,1.00
2017.10.18 07:57:55.326,0.71272,0.71282,2.25,2.25
2017.10.18 07:57:55.926,0.71272,0.71282,1.13,1.87
2017.10.18 07:57:56.232,0.7127,0.71278,1.00,1.25
2017.10.18 07:57:56.539,0.71264,0.71275,2.70,2.44
2017.10.18 07:57:56.730,0.71267,0.71277,1.00,1.50
2017.10.18 07:58:00.889,0.71267,0.71276,1.25,1.00
2017.10.18 07:58:03.208,0.71266,0.71276,1.00,1.50
2017.10.18 07:58:03.743,0.71267,0.71276,1.00,2.25
2017.10.18 07:58:05.178,0.71267,0.71276,1.00,1.88
2017.10.18 07:58:05.726,0.71266,0.71276,1.00,1.88
2017.10.18 07:58:06.488,0.71265,0.71276,1.95,2.63
2017.10.18 07:58:08.685,0.71266,0.71276,1.00,1.31
2017.10.18 07:58:09.197,0.71267,0.71277,1.00,3.00
2017.10.18 07:58:11.073,0.71267,0.71277,1.00,2.06
2017.10.18 07:58:11.331,0.7127,0.71277,1.00,1.00
2017.10.18 07:58:11.839,0.7127,0.71278,1.57,1.00
2017.10.18 07:58:12.130,0.71274,0.71283,1.00,3.75
2017.10.18 07:58:12.642,0.71273,0.71283,1.69,2.25
2017.10.18 07:58:12.694,0.71276,0.71284,1.00,1.50
2017.10.18 07:58:13.216,0.71279,0.71286,1.50,1.50
2017.10.18 07:58:13.321,0.71279,0.71287,3.94,1.00
2017.10.18 07:58:13.627,0.71278,0.71288,1.69,2.06
2017.10.18 07:58:14.133,0.71278,0.71288,1.00,1.69
2017.10.18 07:58:14.743,0.71278,0.71288,1.00,2.25
2017.10.18 07:58:15.263,0.71278,0.71286,1.50,1.00
2017.10.18 07:58:15.619,0.71278,0.71288,1.50,3.37
2017.10.18 07:58:16.047,0.71284,0.71288,1.00,2.62
2017.10.18 07:58:16.099,0.71282,0.71288,2.25,1.12
2017.10.18 07:58:16.297,0.71285,0.71292,1.00,1.00
2017.10.18 07:58:16.399,0.71285,0.71294,1.00,3.19
2017.10.18 07:58:20.589,0.71281,0.71289,1.75,1.00
2017.10.18 07:58:20.742,0.7128,0.71289,1.69,1.00
2017.10.18 07:58:21.260,0.7128,0.7129,1.50,2.25
2017.10.18 07:58:21.580,0.7128,0.7129,1.50,3.38
2017.10.18 07:58:22.007,0.71278,0.71288,1.00,2.44
2017.10.18 07:58:22.109,0.71278,0.71288,1.00,3.37
2017.10.18 07:58:23.333,0.71277,0.71288,1.50,3.00
2017.10.18 07:58:23.639,0.71283,0.71289,1.50,2.25
2017.10.18 07:58:23.741,0.71283,0.71292,1.50,2.62
2017.10.18 07:58:24.103,0.71281,0.7129,1.00,1.88
2017.10.18 07:58:24.307,0.71279,0.71289,1.50,2.06
2017.10.18 07:58:24.820,0.71279,0.71289,1.50,2.06
2017.10.18 07:58:25.323,0.7128,0.71289,1.00,1.69
2017.10.18 07:58:25.865,0.7128,0.71288,1.00,1.00
2017.10.18 07:58:26.809,0.71281,0.71288,1.00,1.00
2017.10.18 07:58:29.225,0.7128,0.71288,1.00,1.00
2017.10.18 07:58:29.328,0.71279,0.71288,1.20,1.50
2017.10.18 07:58:29.886,0.71278,0.71287,1.12,2.62
2017.10.18 07:58:36.063,0.71275,0.71284,1.95,1.00
2017.10.18 07:58:36.545,0.71274,0.71284,2.70,1.37
2017.10.18 07:58:37.631,0.71274,0.71284,1.69,1.25
2017.10.18 07:58:37.733,0.71275,0.71284,1.19,1.50
2017.10.18 07:58:38.246,0.71274,0.71285,3.26,2.62
2017.10.18 07:58:39.007,0.71275,0.71285,1.19,3.00
2017.10.18 07:58:39.551,0.71274,0.71285,4.39,3.00
2017.10.18 07:58:40.234,0.71274,0.71285,2.89,1.12
2017.10.18 07:58:40.539,0.71276,0.71285,1.00,1.00
2017.10.18 07:58:41.287,0.71276,0.71286,1.00,2.25
2017.10.18 07:58:41.607,0.71275,0.71284,1.25,1.00
2017.10.18 07:58:42.267,0.71275,0.71282,1.00,1.00
2017.10.18 07:58:42.947,0.71275,0.71284,1.00,1.37
2017.10.18 07:58:43.579,0.71275,0.71284,1.00,2.25
2017.10.18 07:58:44.653,0.71275,0.71284,1.00,2.25
2017.10.18 07:58:45.159,0.71275,0.71284,1.00,1.87
2017.10.18 07:58:45.856,0.71275,0.71286,3.56,5.25
2017.10.18 07:58:46.009,0.71276,0.71286,1.88,1.31
2017.10.18 07:58:46.370,0.71275,0.71286,2.89,2.62
2017.10.18 07:58:47.389,0.71275,0.71286,2.63,1.50
2017.10.18 07:58:47.903,0.71276,0.71286,1.00,3.75
2017.10.18 07:58:48.482,0.71275,0.71286,3.08,2.62
2017.10.18 07:58:49.005,0.71275,0.71286,2.89,3.00
2017.10.18 07:58:50.500,0.71275,0.71286,2.06,3.94
2017.10.18 07:58:51.010,0.71275,0.71286,1.57,3.00
2017.10.18 07:58:51.520,0.71274,0.71286,2.70,1.12
2017.10.18 07:58:51.571,0.71274,0.71284,3.45,1.00
2017.10.18 07:58:52.158,0.71275,0.71286,1.00,3.00
2017.10.18 07:58:52.669,0.71274,0.71284,3.26,1.00
2017.10.18 07:58:52.977,0.71273,0.71282,4.01,1.00
2017.10.18 07:58:53.911,0.71273,0.71282,4.01,1.00
2017.10.18 07:58:54.414,0.71274,0.71282,1.00,1.00
2017.10.18 07:58:55.005,0.71274,0.71284,1.00,1.12
2017.10.18 07:58:55.362,0.71274,0.71282,1.00,1.00
2017.10.18 07:58:55.832,0.71275,0.71284,1.25,1.12
2017.10.18 07:58:56.431,0.71275,0.71285,1.39,1.00
2017.10.18 07:58:56.710,0.71277,0.71286,1.00,1.87
2017.10.18 07:58:57.016,0.71283,0.71289,1.20,1.00
2017.10.18 07:58:57.536,0.71284,0.71289,1.00,1.00
2017.10.18 07:58:58.236,0.71285,0.71294,1.00,2.25
2017.10.18 07:58:58.339,0.71288,0.71294,1.00,1.12
2017.10.18 07:59:01.650,0.71288,0.71296,1.00,2.06
2017.10.18 07:59:02.132,0.71286,0.71296,1.00,2.25
2017.10.18 07:59:02.440,0.71288,0.71296,1.00,1.12
2017.10.18 07:59:03.187,0.71288,0.71297,1.00,1.00
2017.10.18 07:59:03.494,0.71296,0.71306,1.00,5.44
2017.10.18 07:59:03.647,0.71296,0.71306,1.00,4.69
2017.10.18 07:59:04.382,0.71296,0.71306,1.00,3.19
2017.10.18 07:59:05.120,0.71296,0.71306,1.00,2.81
2017.10.18 07:59:08.266,0.71296,0.71307,1.00,3.19
2017.10.18 07:59:08.896,0.71296,0.71306,1.00,1.25
2017.10.18 07:59:09.630,0.71296,0.71305,1.00,1.12
2017.10.18 07:59:09.783,0.71296,0.71303,1.00,1.00
2017.10.18 07:59:10.735,0.71294,0.71302,1.00,1.50
2017.10.18 07:59:10.837,0.71291,0.71299,1.20,1.00
2017.10.18 07:59:11.525,0.7129,0.713,1.37,2.81
2017.10.18 07:59:12.185,0.7129,0.713,1.00,2.06
2017.10.18 07:59:12.538,0.71292,0.713,1.00,2.06
2017.10.18 07:59:12.844,0.71294,0.71302,1.00,1.87
2017.10.18 07:59:16.163,0.71292,0.71301,1.31,1.00
2017.10.18 07:59:16.265,0.71294,0.71301,1.00,1.00
2017.10.18 07:59:16.775,0.71294,0.71303,1.00,3.00
2017.10.18 07:59:20.098,0.71292,0.71301,1.00,1.12
2017.10.18 07:59:20.251,0.71292,0.71299,1.00,1.00
2017.10.18 07:59:20.303,0.71292,0.71301,1.00,1.12
2017.10.18 07:59:20.979,0.71291,0.71302,1.00,1.00
2017.10.18 07:59:22.137,0.71294,0.71301,1.10,1.00
2017.10.18 07:59:22.287,0.71294,0.71303,1.58,1.00
2017.10.18 07:59:22.983,0.71292,0.71302,1.50,1.25
2017.10.18 07:59:23.498,0.71291,0.71302,1.95,1.00
2017.10.18 07:59:24.634,0.71291,0.71301,2.70,1.00
2017.10.18 07:59:28.444,0.71291,0.71301,1.95,2.44
2017.10.18 07:59:28.548,0.71291,0.71299,1.00,1.00
2017.10.18 07:59:28.752,0.71291,0.71301,1.87,1.87
2017.10.18 07:59:29.294,0.71291,0.71301,2.32,1.00
2017.10.18 07:59:30.253,0.71291,0.71301,1.95,1.00
2017.10.18 07:59:30.763,0.7129,0.713,1.00,2.25
2017.10.18 07:59:31.285,0.7129,0.713,1.00,2.25
2017.10.18 07:59:32.116,0.7129,0.713,1.00,4.13
2017.10.18 07:59:33.039,0.7129,0.71299,1.50,1.00
2017.10.18 07:59:33.091,0.7129,0.71297,1.12,1.00
2017.10.18 07:59:38.931,0.71289,0.71298,1.12,2.25
2017.10.18 07:59:39.455,0.71289,0.71297,1.00,1.00
2017.10.18 07:59:40.242,0.71289,0.71298,1.00,2.25
2017.10.18 07:59:40.808,0.71289,0.71298,1.00,2.25
2017.10.18 07:59:41.398,0.71289,0.71298,1.00,2.25
2017.10.18 07:59:42.034,0.71289,0.71298,1.00,1.88
2017.10.18 07:59:43.271,0.71289,0.71298,1.00,1.69
2017.10.18 07:59:43.830,0.71289,0.71298,1.00,2.81
2017.10.18 07:59:45.210,0.71289,0.71298,1.00,1.88
2017.10.18 07:59:46.020,0.71289,0.71298,1.00,1.88
2017.10.18 07:59:46.542,0.71289,0.71298,1.00,1.87
2017.10.18 07:59:47.072,0.71289,0.71297,1.00,1.00
2017.10.18 07:59:47.578,0.71289,0.71298,1.00,2.25
2017.10.18 07:59:49.004,0.71289,0.71297,1.00,1.00
2017.10.18 07:59:49.738,0.71289,0.71298,1.00,2.44
2017.10.18 07:59:50.271,0.7129,0.71298,1.00,1.87
2017.10.18 07:59:50.579,0.71295,0.71301,1.00,1.75
2017.10.18 07:59:50.773,0.71294,0.71303,1.25,2.06
2017.10.18 07:59:51.314,0.71294,0.71301,1.00,1.00
2017.10.18 07:59:52.229,0.71295,0.71303,1.00,1.31
2017.10.18 07:59:52.382,0.71294,0.71301,1.12,1.88
2017.10.18 07:59:52.535,0.71292,0.713,1.12,1.69
2017.10.18 07:59:53.045,0.71294,0.71302,1.00,1.69
2017.10.18 07:59:53.581,0.71294,0.71303,1.00,3.38
2017.10.18 07:59:54.130,0.71294,0.71303,1.00,1.88
2017.10.18 07:59:56.278,0.71294,0.71303,1.00,2.63
2017.10.18 07:59:56.883,0.71294,0.71303,1.00,1.88
2017.10.18 07:59:57.955,0.71294,0.71303,1.50,2.44
2017.10.18 07:59:58.205,0.71292,0.71301,1.12,1.00
2017.10.18 07:59:59.193,0.71292,0.71299,1.00,1.00
2017.10.18 07:59:59.938,0.71291,0.71299,1.50,1.00
