2009.03.05 02:00:37.092,0.50295,0.50335,17.60,2.60
2009.03.05 02:00:37.672,0.503,0.5034,1.80,3.80
2009.03.05 02:00:38.962,0.50295,0.50335,17.60,2.60
2009.03.05 02:00:39.652,0.50295,0.50335,16.20,2.60
2009.03.05 02:01:01.516,0.503,0.5033,6.60,2.60
2009.03.05 02:01:01.816,0.503,0.5033,6.60,1.20
2009.03.05 02:01:30.209,0.503,0.5033,3.40,1.20
2009.03.05 02:01:30.439,0.50295,0.50335,21.40,3.80
2009.03.05 02:01:30.559,0.50295,0.50335,17.80,3.80
2009.03.05 02:01:30.729,0.50295,0.50335,16.20,3.80
2009.03.05 02:02:09.230,0.503,0.5034,1.80,5.40
2009.03.05 02:02:09.510,0.503,0.5034,1.80,3.80
2009.03.05 02:02:10.650,0.50295,0.50335,17.60,2.60
2009.03.05 02:02:11.450,0.50295,0.50335,16.20,2.60
2009.03.05 02:02:25.796,0.50295,0.50335,16.20,3.80
2009.03.05 02:03:11.112,0.50247,0.50297,2.20,2.60
2009.03.05 02:03:11.341,0.50247,0.50297,1.00,7.00
2009.03.05 02:03:11.801,0.50243,0.50303,7.20,2.60
2009.03.05 02:03:15.700,0.50248,0.50298,1.60,2.60
2009.03.05 02:03:15.880,0.5025,0.503,2.00,2.60
2009.03.05 02:03:16.100,0.50245,0.50305,2.00,2.60
2009.03.05 02:03:17.290,0.50245,0.50305,1.00,9.40
2009.03.05 02:03:17.580,0.50249,0.50304,2.00,5.40
2009.03.05 02:03:20.619,0.50248,0.50298,2.00,2.60
2009.03.05 02:03:20.899,0.50241,0.50296,2.00,2.60
2009.03.05 02:03:35.825,0.50246,0.50286,2.00,2.60
2009.03.05 02:03:36.175,0.5025,0.50285,2.00,5.40
2009.03.05 02:03:39.535,0.5025,0.5029,2.00,2.60
2009.03.05 02:03:40.055,0.50251,0.50291,3.20,2.60
2009.03.05 02:03:43.384,0.50253,0.50293,2.20,2.60
2009.03.05 02:03:43.844,0.50256,0.50291,3.20,2.60
2009.03.05 02:03:54.221,0.50254,0.50294,2.00,2.60
2009.03.05 02:03:57.320,0.50253,0.50293,1.00,9.40
2009.03.05 02:03:57.560,0.50254,0.50294,1.00,9.40
2009.03.05 02:03:57.800,0.50259,0.50299,2.00,2.60
2009.03.05 02:03:58.200,0.50267,0.50301,1.00,9.40
2009.03.05 02:04:52.510,0.503,0.5033,1.00,2.60
2009.03.05 02:04:52.701,0.503,0.5033,6.60,2.60
2009.03.05 02:04:52.811,0.503,0.5033,6.60,1.20
2009.03.05 02:05:25.632,0.50305,0.50335,5.00,2.60
2009.03.05 02:05:25.812,0.50305,0.50335,16.20,2.60
2009.03.05 02:05:25.982,0.50305,0.50335,16.20,1.20
2009.03.05 02:05:58.304,0.50305,0.5034,15.80,3.80
2009.03.05 02:05:58.684,0.50305,0.5034,12.60,3.80
2009.03.05 02:05:58.845,0.503,0.5034,1.80,3.80
2009.03.05 02:06:04.453,0.50295,0.50335,19.80,3.80
2009.03.05 02:06:04.633,0.503,0.5033,1.80,2.60
2009.03.05 02:06:04.863,0.503,0.5033,1.80,1.20
2009.03.05 02:06:05.043,0.50295,0.50335,18.00,3.80
2009.03.05 02:06:05.403,0.503,0.5034,1.80,5.40
2009.03.05 02:06:05.623,0.503,0.5034,1.80,3.80
2009.03.05 02:06:16.780,0.50295,0.50335,17.60,3.80
2009.03.05 02:06:17.190,0.50295,0.50335,16.20,3.80
2009.03.05 02:06:24.798,0.50295,0.5033,15.80,2.60
2009.03.05 02:06:24.908,0.50295,0.5033,17.20,5.00
2009.03.05 02:06:25.028,0.5029,0.5033,13.00,5.00
2009.03.05 02:06:25.898,0.50295,0.50325,5.00,2.40
2009.03.05 02:06:26.478,0.50295,0.50335,16.20,3.80
2009.03.05 02:06:29.427,0.503,0.5033,1.00,2.60
2009.03.05 02:06:29.597,0.503,0.5034,1.00,7.00
2009.03.05 02:06:29.767,0.503,0.5034,1.00,3.80
2009.03.05 02:06:30.607,0.50295,0.50335,16.20,3.80
2009.03.05 02:06:31.586,0.50295,0.5033,17.20,2.60
2009.03.05 02:06:31.916,0.50295,0.5033,17.20,5.00
2009.03.05 02:06:32.276,0.5029,0.5033,13.00,5.00
2009.03.05 02:06:33.917,0.50295,0.5033,3.20,5.00
2009.03.05 02:06:34.036,0.50295,0.5033,3.20,4.20
2009.03.05 02:06:34.136,0.50295,0.50335,3.60,18.00
2009.03.05 02:06:34.596,0.50295,0.50335,16.20,3.80
2009.03.05 02:06:36.415,0.50295,0.5033,17.20,6.80
2009.03.05 02:06:36.635,0.5029,0.5033,13.00,6.80
2009.03.05 02:06:36.915,0.5029,0.5033,13.00,8.40
2009.03.05 02:06:39.654,0.50295,0.50325,5.00,2.40
2009.03.05 02:06:39.834,0.50295,0.50325,5.00,1.60
2009.03.05 02:06:39.955,0.50295,0.50325,3.60,1.60
2009.03.05 02:06:40.074,0.50295,0.50335,5.00,19.20
2009.03.05 02:06:40.254,0.50295,0.50335,17.60,3.80
2009.03.05 02:06:40.544,0.503,0.5033,1.40,2.60
2009.03.05 02:06:40.954,0.5029,0.5033,18.80,5.00
2009.03.05 02:06:41.114,0.50295,0.50325,3.60,1.60
2009.03.05 02:06:41.454,0.50295,0.50335,5.00,16.40
2009.03.05 02:06:41.574,0.50295,0.50335,17.60,3.80
2009.03.05 02:06:44.713,0.50295,0.5033,17.20,4.20
2009.03.05 02:06:44.933,0.50295,0.5033,17.20,5.00
2009.03.05 02:06:45.053,0.5029,0.5033,13.00,5.00
2009.03.05 02:06:52.771,0.50295,0.50325,5.00,2.40
2009.03.05 02:06:52.881,0.50295,0.50325,3.60,3.40
2009.03.05 02:06:53.001,0.50295,0.50325,3.60,1.80
2009.03.05 02:06:53.111,0.50295,0.50325,3.60,1.20
2009.03.05 02:06:53.171,0.50295,0.50325,16.20,1.20
2009.03.05 02:06:55.471,0.50295,0.5033,17.20,4.60
2009.03.05 02:06:55.751,0.50295,0.5033,17.20,6.20
2009.03.05 02:06:56.040,0.5029,0.5033,13.00,6.20
2009.03.05 02:06:56.570,0.5029,0.5033,13.00,7.80
2009.03.05 02:06:57.571,0.5029,0.5033,13.00,7.80
2009.03.05 02:06:57.850,0.5029,0.5033,13.00,6.20
2009.03.05 02:06:58.950,0.50295,0.50325,3.60,1.20
2009.03.05 02:06:59.000,0.50295,0.50325,16.20,1.20
2009.03.05 02:07:00.380,0.50295,0.5033,17.20,6.20
2009.03.05 02:07:00.669,0.50295,0.5033,17.20,6.20
2009.03.05 02:07:00.890,0.5029,0.5033,13.00,7.80
2009.03.05 02:07:15.296,0.5029,0.5033,11.40,7.80
2009.03.05 02:07:15.986,0.5029,0.5033,9.80,7.80
2009.03.05 02:07:16.556,0.5029,0.5033,9.80,9.40
2009.03.05 02:07:17.035,0.50295,0.5032,1.60,3.60
2009.03.05 02:07:17.215,0.5029,0.5032,1.00,2.60
2009.03.05 02:07:17.795,0.5029,0.5033,1.00,10.20
2009.03.05 02:07:18.005,0.5029,0.5031,1.00,1.60
2009.03.05 02:07:18.235,0.5029,0.50305,1.00,1.00
2009.03.05 02:07:18.415,0.5029,0.50305,1.00,2.40
2009.03.05 02:07:27.223,0.50275,0.50305,6.20,2.40
2009.03.05 02:07:27.903,0.50275,0.5031,6.20,5.00
2009.03.05 02:07:29.992,0.5028,0.50305,3.20,2.40
2009.03.05 02:07:30.113,0.5028,0.50305,4.80,2.40
2009.03.05 02:07:30.232,0.5028,0.50305,6.20,2.40
2009.03.05 02:07:40.860,0.5029,0.50305,1.00,1.60
2009.03.05 02:07:41.150,0.50285,0.5031,4.40,1.20
2009.03.05 02:07:41.439,0.5029,0.50325,1.20,17.00
2009.03.05 02:07:41.949,0.50285,0.5032,4.40,4.20
2009.03.05 02:07:42.109,0.50285,0.5032,4.40,5.20
2009.03.05 02:07:42.279,0.50285,0.5032,4.40,6.80
2009.03.05 02:07:42.399,0.50285,0.5032,3.20,8.40
2009.03.05 02:07:42.579,0.50285,0.5032,3.20,8.20
2009.03.05 02:07:42.749,0.50285,0.5032,3.20,5.00
2009.03.05 02:07:43.689,0.50285,0.5032,3.20,6.60
2009.03.05 02:07:43.739,0.50285,0.5032,3.20,6.80
2009.03.05 02:07:47.808,0.5028,0.5031,1.00,7.00
2009.03.05 02:07:48.748,0.50245,0.5031,7.80,7.00
2009.03.05 02:07:50.837,0.5026,0.5031,5.80,7.00
2009.03.05 02:07:52.397,0.50255,0.5031,7.80,7.00
2009.03.05 02:07:58.576,0.5025,0.503,12.60,2.60
2009.03.05 02:07:59.505,0.5025,0.503,11.00,2.60
2009.03.05 02:08:08.603,0.5025,0.5029,4.60,2.60
2009.03.05 02:08:09.583,0.5025,0.5029,3.20,2.60
2009.03.05 02:08:19.990,0.5026,0.5029,3.20,2.60
2009.03.05 02:08:20.170,0.5026,0.50295,3.20,2.60
2009.03.05 02:08:21.220,0.5026,0.50295,3.20,5.60
2009.03.05 02:08:21.460,0.50255,0.5029,15.80,5.00
2009.03.05 02:08:21.861,0.50255,0.5029,3.20,5.00
2009.03.05 02:08:46.344,0.5025,0.50285,3.20,2.60
2009.03.05 02:08:46.884,0.5025,0.5029,3.20,3.80
2009.03.05 02:09:04.270,0.5025,0.5028,3.20,2.60
2009.03.05 02:09:04.390,0.50245,0.5028,17.80,2.60
2009.03.05 02:09:04.729,0.50245,0.5028,15.80,3.60
2009.03.05 02:09:04.900,0.50245,0.50275,3.60,1.00
2009.03.05 02:09:06.210,0.50245,0.50275,3.20,1.00
2009.03.05 02:09:06.429,0.50245,0.50275,3.20,2.40
2009.03.05 02:09:07.129,0.50245,0.50275,3.60,2.40
2009.03.05 02:09:07.649,0.50245,0.50275,5.00,1.00
2009.03.05 02:09:07.929,0.50235,0.50275,17.80,1.00
2009.03.05 02:09:08.099,0.5023,0.50275,3.60,4.20
2009.03.05 02:09:11.118,0.5023,0.50275,5.60,1.00
2009.03.05 02:09:11.548,0.50245,0.50275,3.60,1.00
2009.03.05 02:09:13.807,0.50245,0.50275,3.20,1.00
2009.03.05 02:09:14.037,0.50245,0.5028,3.20,6.20
2009.03.05 02:09:14.277,0.50245,0.50265,3.20,1.00
2009.03.05 02:09:14.617,0.50225,0.50265,5.20,1.00
2009.03.05 02:09:23.655,0.50225,0.50255,4.40,1.00
2009.03.05 02:09:26.824,0.5023,0.5026,3.20,1.60
2009.03.05 02:09:27.174,0.5023,0.50265,3.20,13.60
2009.03.05 02:09:27.644,0.5023,0.50265,3.20,1.20
2009.03.05 02:09:38.201,0.5023,0.50275,3.20,6.60
2009.03.05 02:09:38.431,0.50245,0.5027,3.60,1.80
2009.03.05 02:10:02.515,0.50245,0.50275,3.20,4.60
2009.03.05 02:10:02.685,0.50235,0.50255,1.80,1.00
2009.03.05 02:10:02.915,0.50235,0.50255,5.00,1.00
2009.03.05 02:10:03.615,0.5024,0.50255,3.20,1.00
2009.03.05 02:10:03.725,0.5024,0.5026,3.20,3.20
2009.03.05 02:10:03.965,0.5024,0.5027,3.20,1.20
2009.03.05 02:10:05.614,0.5024,0.5027,3.20,1.80
2009.03.05 02:10:09.294,0.5024,0.5027,4.60,1.20
2009.03.05 02:10:09.634,0.50245,0.5027,3.60,1.20
2009.03.05 02:10:30.619,0.50245,0.5027,3.20,1.20
2009.03.05 02:11:25.135,0.50245,0.5027,3.60,1.20
2009.03.05 02:11:26.275,0.50245,0.5027,5.00,1.20
2009.03.05 02:11:53.228,0.5024,0.50265,7.80,1.00
2009.03.05 02:12:00.527,0.50245,0.50265,5.00,1.00
2009.03.05 02:12:00.647,0.50245,0.5027,5.00,4.20
2009.03.05 02:12:00.767,0.50245,0.5027,5.00,1.20
2009.03.05 02:12:06.945,0.50255,0.50285,1.00,15.60
2009.03.05 02:12:07.285,0.50255,0.50275,2.00,1.60
2009.03.05 02:12:07.455,0.50255,0.50295,2.00,2.00
2009.03.05 02:12:10.784,0.50255,0.503,2.00,3.20
2009.03.05 02:12:10.844,0.5025,0.503,2.00,9.20
2009.03.05 02:12:15.823,0.5025,0.50285,2.00,2.60
2009.03.05 02:12:16.063,0.5025,0.50285,1.60,2.60
2009.03.05 02:12:16.123,0.50245,0.50285,23.40,2.60
2009.03.05 02:12:17.813,0.5025,0.5029,5.20,11.00
2009.03.05 02:12:18.153,0.5025,0.5029,6.60,6.60
2009.03.05 02:12:18.262,0.5025,0.5029,6.60,5.00
2009.03.05 02:12:20.842,0.5025,0.5029,6.60,6.80
2009.03.05 02:12:35.548,0.5025,0.5029,6.60,5.00
2009.03.05 02:12:36.748,0.50255,0.50285,1.40,2.60
2009.03.05 02:12:36.978,0.50245,0.50285,23.40,2.60
2009.03.05 02:12:42.417,0.50245,0.5029,23.40,8.20
2009.03.05 02:12:42.687,0.50255,0.50295,2.00,14.20
2009.03.05 02:12:42.967,0.50255,0.50295,2.00,1.60
2009.03.05 02:12:44.466,0.50255,0.503,2.00,2.00
2009.03.05 02:12:44.756,0.50255,0.503,2.00,4.20
2009.03.05 02:12:44.866,0.5025,0.503,2.00,8.60
2009.03.05 02:12:50.115,0.50255,0.503,3.20,8.60
2009.03.05 02:12:50.385,0.5026,0.503,1.00,4.20
2009.03.05 02:12:50.795,0.5026,0.503,1.00,2.60
2009.03.05 02:12:51.434,0.50255,0.50295,18.20,2.60
2009.03.05 02:12:51.544,0.50255,0.50295,16.20,2.60
2009.03.05 02:12:53.374,0.50255,0.50295,16.20,3.80
2009.03.05 02:12:53.604,0.50255,0.5029,17.20,3.40
2009.03.05 02:12:53.774,0.5025,0.5029,6.60,5.00
2009.03.05 02:13:00.602,0.5025,0.5029,6.60,6.80
2009.03.05 02:13:20.808,0.5025,0.50285,6.20,2.60
2009.03.05 02:13:21.097,0.5025,0.50275,6.20,1.00
2009.03.05 02:13:21.327,0.5025,0.50275,6.20,2.40
2009.03.05 02:13:29.915,0.5025,0.50275,6.60,2.40
2009.03.05 02:13:30.135,0.5025,0.5028,6.60,1.20
2009.03.05 02:13:39.043,0.50255,0.50285,3.20,3.80
2009.03.05 02:13:39.383,0.50245,0.50285,19.40,3.80
2009.03.05 02:13:39.713,0.50245,0.50285,16.20,3.80
2009.03.05 02:13:40.423,0.50245,0.5028,17.20,3.40
2009.03.05 02:13:40.762,0.5024,0.5028,6.60,5.00
2009.03.05 02:13:58.898,0.5024,0.5028,1.60,6.20
2009.03.05 02:13:59.238,0.50235,0.5028,16.20,8.00
2009.03.05 02:13:59.748,0.50235,0.5028,16.40,5.20
2009.03.05 02:14:00.028,0.50235,0.5027,17.20,5.00
2009.03.05 02:14:00.188,0.5023,0.5027,6.60,5.00
2009.03.05 02:14:01.757,0.5023,0.5027,6.60,6.80
2009.03.05 02:14:03.647,0.5024,0.50265,3.20,4.00
2009.03.05 02:14:03.807,0.5024,0.50265,6.20,2.40
2009.03.05 02:14:06.267,0.5024,0.50265,6.20,2.40
2009.03.05 02:14:08.746,0.50245,0.5027,4.60,5.00
2009.03.05 02:14:09.076,0.50245,0.50255,1.60,1.00
2009.03.05 02:14:09.806,0.5023,0.50255,7.80,2.40
2009.03.05 02:14:12.675,0.5023,0.50255,8.20,2.40
2009.03.05 02:14:13.005,0.5023,0.50255,8.20,1.60
2009.03.05 02:14:13.475,0.5023,0.5027,8.20,5.00
2009.03.05 02:14:21.003,0.50235,0.5027,3.20,5.00
2009.03.05 02:14:21.293,0.50235,0.5028,19.80,3.80
2009.03.05 02:14:25.302,0.50235,0.50275,19.80,2.60
2009.03.05 02:14:25.472,0.50235,0.50275,16.20,2.60
2009.03.05 02:14:43.517,0.50235,0.5027,15.80,2.60
2009.03.05 02:14:43.627,0.50235,0.5027,17.20,2.60
2009.03.05 02:14:43.737,0.50235,0.5027,17.20,4.20
2009.03.05 02:14:43.857,0.50235,0.5027,17.20,5.00
2009.03.05 02:14:43.977,0.5023,0.5027,8.20,5.00
2009.03.05 02:14:45.067,0.5023,0.5027,8.20,8.40
2009.03.05 02:14:57.414,0.5023,0.5026,3.60,1.00
2009.03.05 02:14:57.644,0.50225,0.50265,17.80,3.60
2009.03.05 02:14:57.864,0.50225,0.50265,16.20,3.60
2009.03.05 02:14:58.494,0.50225,0.5026,17.20,5.00
2009.03.05 02:14:58.774,0.5022,0.5026,6.60,5.00
2009.03.05 02:15:01.033,0.5023,0.50255,4.80,2.40
2009.03.05 02:15:01.373,0.50235,0.5026,3.20,5.00
2009.03.05 02:15:01.653,0.5023,0.5026,1.00,5.00
2009.03.05 02:15:05.452,0.5023,0.50245,1.00,1.00
2009.03.05 02:15:05.852,0.50215,0.5023,14.00,1.60
2009.03.05 02:15:06.152,0.50195,0.5023,23.40,1.60
2009.03.05 02:15:06.822,0.50195,0.5024,17.60,11.40
2009.03.05 02:15:14.250,0.50195,0.5024,17.60,14.20
2009.03.05 02:15:15.390,0.50195,0.50235,17.60,2.60
2009.03.05 02:15:26.497,0.502,0.5023,1.40,2.60
2009.03.05 02:15:26.787,0.5019,0.5023,13.00,6.60
2009.03.05 02:15:27.367,0.5019,0.5023,13.00,6.80
2009.03.05 02:15:27.607,0.5019,0.5023,13.00,8.40
2009.03.05 02:15:30.416,0.5019,0.5023,8.20,8.40
2009.03.05 02:15:31.276,0.5019,0.5023,5.00,8.40
2009.03.05 02:15:31.386,0.50195,0.5022,3.20,2.60
2009.03.05 02:15:31.656,0.5018,0.5022,3.60,4.20
2009.03.05 02:15:31.776,0.5018,0.5022,1.00,4.20
2009.03.05 02:15:32.276,0.50175,0.502,17.20,2.60
2009.03.05 02:15:32.556,0.50175,0.502,3.20,2.60
2009.03.05 02:15:33.365,0.50175,0.5021,3.20,10.00
2009.03.05 02:15:33.545,0.50175,0.502,3.60,1.60
2009.03.05 02:15:33.895,0.50175,0.502,13.00,1.60
2009.03.05 02:15:34.115,0.50175,0.502,3.20,2.60
2009.03.05 02:15:35.685,0.50175,0.5021,3.20,6.60
2009.03.05 02:15:35.785,0.5017,0.5021,8.20,5.00
2009.03.05 02:15:36.644,0.5017,0.502,1.80,1.20
2009.03.05 02:15:36.994,0.50175,0.502,3.20,1.20
2009.03.05 02:15:37.454,0.50175,0.502,3.20,2.60
2009.03.05 02:15:41.863,0.50165,0.502,17.80,2.60
2009.03.05 02:15:42.143,0.50165,0.502,14.00,2.60
2009.03.05 02:15:42.423,0.5016,0.502,1.80,2.60
2009.03.05 02:15:43.163,0.50155,0.50195,17.60,2.60
2009.03.05 02:15:44.893,0.5016,0.502,1.80,8.20
2009.03.05 02:15:45.513,0.50165,0.5021,2.00,2.00
2009.03.05 02:15:45.802,0.50165,0.5021,2.00,3.20
2009.03.05 02:15:46.192,0.50165,0.5021,2.00,4.80
2009.03.05 02:15:46.432,0.5016,0.5021,2.40,9.20
2009.03.05 02:15:46.653,0.50175,0.5021,3.60,6.40
2009.03.05 02:15:47.002,0.50175,0.50215,3.60,3.60
2009.03.05 02:15:47.532,0.50175,0.5021,15.80,2.60
2009.03.05 02:15:48.092,0.5017,0.5021,6.60,6.80
2009.03.05 02:15:52.641,0.5017,0.5021,6.60,8.40
2009.03.05 02:15:53.220,0.5017,0.5021,6.60,6.80
2009.03.05 02:15:53.661,0.50175,0.50205,4.60,2.60
2009.03.05 02:15:53.940,0.50175,0.50195,4.60,1.00
2009.03.05 02:15:54.240,0.50175,0.50195,4.60,2.40
2009.03.05 02:15:56.430,0.50175,0.5019,4.60,1.20
2009.03.05 02:15:56.780,0.5016,0.502,1.00,10.20
2009.03.05 02:15:57.470,0.5016,0.502,1.00,2.60
2009.03.05 02:15:57.580,0.50155,0.50195,16.20,3.80
2009.03.05 02:16:04.428,0.50155,0.5019,17.20,5.00
2009.03.05 02:16:04.778,0.5015,0.5019,6.60,5.00
2009.03.05 02:16:05.967,0.50165,0.50185,3.20,2.40
2009.03.05 02:16:06.198,0.50175,0.50185,1.40,1.60
2009.03.05 02:16:06.417,0.50165,0.50205,12.60,3.80
2009.03.05 02:16:06.777,0.50155,0.50205,5.80,5.20
2009.03.05 02:16:07.357,0.50165,0.50205,1.40,5.20
2009.03.05 02:16:08.847,0.50155,0.50205,17.80,6.00
2009.03.05 02:16:13.046,0.50155,0.50205,18.20,6.00
2009.03.05 02:16:14.325,0.50155,0.50205,18.20,8.80
2009.03.05 02:16:15.905,0.50155,0.502,18.20,2.60
2009.03.05 02:16:16.075,0.5016,0.502,1.00,2.60
2009.03.05 02:16:17.205,0.50155,0.50195,16.20,2.60
2009.03.05 02:16:21.594,0.5016,0.502,1.00,7.60
2009.03.05 02:16:21.943,0.5016,0.502,1.80,3.80
2009.03.05 02:16:24.553,0.5017,0.50205,5.20,5.20
2009.03.05 02:16:24.713,0.5017,0.502,5.20,1.20
2009.03.05 02:16:25.063,0.5017,0.502,6.60,1.20
2009.03.05 02:16:28.602,0.50175,0.502,4.60,2.60
2009.03.05 02:16:28.882,0.5016,0.502,1.80,2.60
2009.03.05 02:16:35.640,0.5016,0.502,1.00,2.60
2009.03.05 02:16:37.730,0.5016,0.502,1.80,2.60
2009.03.05 02:16:40.019,0.5017,0.502,1.00,1.20
2009.03.05 02:16:40.139,0.5017,0.502,3.60,1.20
2009.03.05 02:16:40.539,0.5017,0.502,6.60,1.20
2009.03.05 02:16:53.566,0.5017,0.50195,6.20,1.00
2009.03.05 02:16:53.786,0.50175,0.50195,4.60,1.00
2009.03.05 02:16:54.016,0.50175,0.50195,4.60,2.40
2009.03.05 02:16:55.906,0.5017,0.50195,6.20,2.40
2009.03.05 02:17:15.440,0.50175,0.50195,4.60,2.40
2009.03.05 02:17:15.551,0.50175,0.50195,4.60,2.60
2009.03.05 02:17:15.841,0.50175,0.50195,3.20,2.60
2009.03.05 02:17:15.960,0.50155,0.50195,17.80,2.60
2009.03.05 02:17:17.840,0.50155,0.50195,14.60,2.60
2009.03.05 02:17:18.060,0.5015,0.5019,11.40,5.00
2009.03.05 02:17:19.240,0.5015,0.5019,11.40,6.80
2009.03.05 02:17:19.530,0.5015,0.5019,11.40,8.40
2009.03.05 02:17:20.449,0.5016,0.50185,6.20,2.40
2009.03.05 02:17:20.739,0.50165,0.5019,3.20,8.40
2009.03.05 02:17:21.079,0.50155,0.5019,18.80,8.40
2009.03.05 02:17:21.199,0.5015,0.5019,11.40,6.80
2009.03.05 02:17:22.069,0.5015,0.5019,11.40,8.40
2009.03.05 02:17:33.666,0.5015,0.5019,11.40,9.00
2009.03.05 02:17:34.126,0.50145,0.50185,20.80,2.60
2009.03.05 02:17:34.306,0.50145,0.50185,19.20,2.60
2009.03.05 02:17:34.766,0.50145,0.50185,17.80,2.60
2009.03.05 02:17:36.835,0.5015,0.5019,6.80,8.40
2009.03.05 02:17:36.995,0.5015,0.5019,8.20,8.40
2009.03.05 02:17:37.385,0.5015,0.5019,8.20,6.80
2009.03.05 02:17:37.665,0.5015,0.5019,8.20,8.40
2009.03.05 02:17:38.006,0.50155,0.5019,4.60,9.00
2009.03.05 02:17:38.235,0.50155,0.50175,4.60,1.00
2009.03.05 02:17:38.295,0.50155,0.5017,4.60,1.20
2009.03.05 02:17:38.515,0.50155,0.50165,1.60,1.00
2009.03.05 02:17:38.625,0.5015,0.50165,3.20,1.00
2009.03.05 02:17:38.965,0.5015,0.50165,1.60,1.00
2009.03.05 02:17:39.415,0.50145,0.50165,4.60,2.40
2009.03.05 02:17:40.025,0.50145,0.50165,1.60,8.00
2009.03.05 02:17:40.135,0.5011,0.50165,3.40,9.60
2009.03.05 02:17:40.545,0.50105,0.50155,21.40,3.80
2009.03.05 02:17:40.724,0.50105,0.50155,19.60,3.80
2009.03.05 02:17:40.884,0.50105,0.50155,19.20,2.60
2009.03.05 02:17:41.334,0.50115,0.50155,17.80,2.60
2009.03.05 02:17:42.254,0.5012,0.50145,1.60,1.00
2009.03.05 02:17:42.494,0.5011,0.50145,11.40,4.00
2009.03.05 02:17:42.794,0.5011,0.50145,11.40,4.00
2009.03.05 02:17:44.923,0.5011,0.50145,11.40,4.00
2009.03.05 02:17:45.203,0.5011,0.50145,9.80,4.00
2009.03.05 02:17:45.423,0.5011,0.50145,9.80,3.20
2009.03.05 02:17:45.643,0.50115,0.5015,3.60,2.40
2009.03.05 02:17:45.763,0.50115,0.5015,16.20,2.40
2009.03.05 02:17:45.923,0.5012,0.5015,3.20,2.40
2009.03.05 02:17:46.313,0.5012,0.5015,3.60,2.40
2009.03.05 02:17:46.423,0.5012,0.50155,8.20,2.40
2009.03.05 02:17:52.022,0.5012,0.50155,9.00,2.40
2009.03.05 02:17:52.312,0.5013,0.50155,2.40,2.40
2009.03.05 02:18:02.539,0.5012,0.50155,8.20,2.40
2009.03.05 02:18:02.769,0.5012,0.5016,8.20,6.80
2009.03.05 02:18:03.119,0.5013,0.50155,4.60,2.40
2009.03.05 02:18:03.359,0.5013,0.50155,6.20,2.40
2009.03.05 02:18:04.059,0.5014,0.50155,1.00,2.40
2009.03.05 02:18:04.349,0.50135,0.5016,4.60,6.80
2009.03.05 02:18:04.529,0.5012,0.5016,9.80,5.00
2009.03.05 02:18:04.709,0.5012,0.5016,8.20,5.00
2009.03.05 02:18:04.829,0.5012,0.5016,6.60,5.00
2009.03.05 02:18:08.778,0.50125,0.50155,3.60,2.40
2009.03.05 02:18:09.228,0.50125,0.50165,16.20,6.00
2009.03.05 02:18:09.467,0.50125,0.50165,16.20,4.60
2009.03.05 02:18:17.056,0.5013,0.50165,3.20,4.60
2009.03.05 02:18:34.082,0.5015,0.50165,3.20,1.60
2009.03.05 02:18:34.492,0.5015,0.5021,3.20,2.60
2009.03.05 02:18:36.711,0.5016,0.50205,3.20,4.60
2009.03.05 02:18:37.111,0.5016,0.502,3.20,2.60
2009.03.05 02:18:43.719,0.5016,0.502,3.60,2.60
2009.03.05 02:18:58.576,0.5016,0.5021,3.60,5.60
2009.03.05 02:18:58.916,0.5016,0.5021,3.80,1.80
2009.03.05 02:18:59.145,0.5017,0.5021,2.00,1.20
2009.03.05 02:18:59.416,0.5016,0.5021,5.00,5.00
2009.03.05 02:18:59.766,0.5016,0.5021,5.00,6.60
2009.03.05 02:19:00.905,0.5016,0.5021,5.00,8.20
2009.03.05 02:19:01.815,0.5016,0.5021,10.80,8.20
2009.03.05 02:19:01.995,0.5017,0.50205,2.00,1.60
2009.03.05 02:19:02.455,0.5017,0.5022,2.00,1.00
2009.03.05 02:19:04.384,0.5017,0.50225,7.80,4.80
2009.03.05 02:19:08.863,0.50205,0.5023,2.40,2.60
2009.03.05 02:19:09.103,0.5021,0.50245,12.60,2.40
2009.03.05 02:19:09.503,0.50185,0.50245,5.20,2.40
2009.03.05 02:19:09.723,0.502,0.50245,2.00,2.40
2009.03.05 02:19:10.083,0.502,0.50255,2.00,4.80
2009.03.05 02:19:10.293,0.502,0.5025,2.00,4.20
2009.03.05 02:19:10.753,0.502,0.5025,2.00,4.80
2009.03.05 02:19:10.973,0.50195,0.50245,2.00,4.20
2009.03.05 02:19:11.382,0.50195,0.50245,1.00,4.20
2009.03.05 02:19:11.663,0.5019,0.50245,7.80,4.20
2009.03.05 02:19:16.361,0.5019,0.5024,2.00,1.00
2009.03.05 02:19:16.581,0.5018,0.5023,5.80,4.20
2009.03.05 02:19:17.911,0.50175,0.5023,2.00,4.20
2009.03.05 02:19:23.180,0.5017,0.50225,2.00,4.20
2009.03.05 02:19:24.339,0.50175,0.50225,1.00,4.20
2009.03.05 02:19:24.519,0.5018,0.50225,1.00,4.20
2009.03.05 02:19:33.177,0.50175,0.50225,2.60,4.20
2009.03.05 02:19:35.257,0.5018,0.5023,5.60,4.20
2009.03.05 02:19:35.667,0.5018,0.5023,5.60,2.80
2009.03.05 02:19:36.077,0.5018,0.50235,5.60,4.20
2009.03.05 02:19:38.096,0.50185,0.5024,2.00,9.40
2009.03.05 02:19:38.326,0.50185,0.5024,2.00,7.00
2009.03.05 02:19:39.096,0.5019,0.5024,7.20,7.00
2009.03.05 02:19:42.945,0.5019,0.5024,5.60,7.00
2009.03.05 02:19:43.225,0.502,0.5024,3.20,7.00
2009.03.05 02:19:43.395,0.502,0.5024,3.60,7.00
2009.03.05 02:19:43.745,0.502,0.5024,3.20,2.60
2009.03.05 02:19:48.234,0.5021,0.50245,3.20,2.60
2009.03.05 02:19:51.433,0.50215,0.50245,3.20,2.60
2009.03.05 02:19:51.703,0.50215,0.5025,3.20,12.20
2009.03.05 02:19:51.993,0.50215,0.5025,3.20,9.40
2009.03.05 02:19:52.163,0.50215,0.5025,5.60,9.40
2009.03.05 02:20:16.757,0.50215,0.5025,5.60,7.80
2009.03.05 02:20:25.735,0.50215,0.5025,5.60,6.20
2009.03.05 02:20:31.173,0.50215,0.5025,5.60,5.00
2009.03.05 02:20:31.233,0.5022,0.50245,3.20,1.60
2009.03.05 02:20:31.353,0.5022,0.50255,3.20,20.80
2009.03.05 02:20:31.415,0.5022,0.50255,3.20,18.00
2009.03.05 02:20:31.533,0.5022,0.50255,3.20,16.40
2009.03.05 02:20:31.753,0.5022,0.50255,3.20,3.80
2009.03.05 02:20:41.961,0.50215,0.5025,18.20,4.20
2009.03.05 02:20:42.130,0.50215,0.5025,5.60,5.00
2009.03.05 02:21:15.332,0.5022,0.5025,3.20,5.00
2009.03.05 02:21:15.512,0.5022,0.50255,3.20,20.60
2009.03.05 02:21:15.912,0.5022,0.50255,3.20,16.40
2009.03.05 02:21:16.132,0.5022,0.50255,3.20,3.80
2009.03.05 02:21:24.230,0.5022,0.5026,3.20,3.40
2009.03.05 02:21:24.350,0.5022,0.5026,3.20,5.60
2009.03.05 02:21:24.470,0.5022,0.5026,3.20,7.00
2009.03.05 02:21:24.640,0.5022,0.5026,3.20,5.60
2009.03.05 02:21:24.760,0.5022,0.5026,3.20,2.60
2009.03.05 02:21:25.620,0.5022,0.50255,3.20,2.60
2009.03.05 02:22:26.345,0.5022,0.5024,3.20,1.20
2009.03.05 02:22:33.953,0.50215,0.5024,19.60,1.20
2009.03.05 02:22:34.243,0.50215,0.5024,18.20,1.20
2009.03.05 02:22:34.473,0.5022,0.5024,3.20,1.20
2009.03.05 02:22:40.152,0.50215,0.5024,18.20,1.20
2009.03.05 02:22:40.442,0.50215,0.5024,5.60,1.20
2009.03.05 02:22:48.450,0.50215,0.5024,3.20,1.20
2009.03.05 02:22:48.960,0.5021,0.50245,4.80,3.80
2009.03.05 02:22:49.250,0.5021,0.50245,3.20,3.80
2009.03.05 02:22:52.759,0.50205,0.50245,1.00,3.80
2009.03.05 02:22:52.879,0.5021,0.50245,3.20,3.80
2009.03.05 02:22:53.479,0.5021,0.5024,3.60,1.20
2009.03.05 02:22:55.278,0.50205,0.5024,15.80,5.00
2009.03.05 02:22:55.458,0.50205,0.5024,3.20,5.00
2009.03.05 02:22:56.098,0.50205,0.5024,3.20,6.80
2009.03.05 02:22:56.918,0.50205,0.5024,3.20,6.60
2009.03.05 02:22:57.038,0.50205,0.5024,3.20,5.00
2009.03.05 02:23:04.926,0.50205,0.5024,3.20,6.80
2009.03.05 02:23:06.106,0.502,0.50235,6.20,2.60
2009.03.05 02:23:06.276,0.502,0.50235,3.20,2.60
2009.03.05 02:23:18.263,0.502,0.5024,3.60,5.00
2009.03.05 02:23:18.664,0.502,0.5024,3.60,2.60
2009.03.05 02:23:26.051,0.5021,0.50245,3.20,3.80
2009.03.05 02:23:30.110,0.50205,0.5024,12.60,2.60
2009.03.05 02:23:30.560,0.502,0.5024,3.60,2.60
2009.03.05 02:23:34.539,0.5021,0.50245,3.20,3.80
2009.03.05 02:23:34.889,0.5021,0.5024,3.60,1.20
2009.03.05 02:23:35.419,0.5021,0.50245,3.20,3.80
2009.03.05 02:23:36.909,0.5021,0.5024,3.20,2.60
2009.03.05 02:23:37.568,0.502,0.5024,3.60,2.60
2009.03.05 02:23:44.336,0.50195,0.5023,17.60,4.20
2009.03.05 02:23:44.497,0.50195,0.5023,4.60,5.00
2009.03.05 02:23:46.526,0.50195,0.50225,5.00,1.00
2009.03.05 02:23:51.195,0.50195,0.50225,4.60,1.00
2009.03.05 02:23:51.315,0.50195,0.50225,5.00,1.00
2009.03.05 02:23:58.673,0.50195,0.5023,4.60,5.00
2009.03.05 02:23:58.963,0.50195,0.50225,5.00,1.00
2009.03.05 02:24:00.582,0.502,0.50235,3.20,15.40
2009.03.05 02:24:01.003,0.502,0.5024,3.60,2.60
2009.03.05 02:24:02.663,0.5021,0.50245,3.20,3.80
2009.03.05 02:24:04.902,0.50205,0.5024,15.80,7.40
2009.03.05 02:24:05.252,0.50205,0.5024,3.20,8.40
2009.03.05 02:24:05.662,0.502,0.5024,6.80,9.80
2009.03.05 02:24:06.031,0.502,0.50235,3.20,2.60
2009.03.05 02:24:07.031,0.50195,0.50235,16.20,2.60
2009.03.05 02:24:07.191,0.50195,0.5023,15.80,5.00
2009.03.05 02:24:07.741,0.50195,0.5023,3.20,5.00
2009.03.05 02:24:09.001,0.502,0.50235,3.20,18.00
2009.03.05 02:24:09.300,0.502,0.50235,3.20,3.80
2009.03.05 02:24:11.030,0.50195,0.5023,15.80,3.40
2009.03.05 02:24:11.140,0.50195,0.5023,3.20,5.00
2009.03.05 02:24:11.840,0.50195,0.5023,3.20,5.20
2009.03.05 02:24:11.950,0.50195,0.5023,3.20,6.80
2009.03.05 02:24:19.348,0.50195,0.5023,3.20,8.40
2009.03.05 02:24:23.447,0.50195,0.50225,3.20,2.60
2009.03.05 02:24:23.507,0.5019,0.50225,4.60,2.60
2009.03.05 02:24:23.617,0.5019,0.50225,3.20,3.60
2009.03.05 02:24:24.767,0.50185,0.5022,15.80,5.00
2009.03.05 02:24:25.217,0.50185,0.5022,3.20,5.00
2009.03.05 02:24:25.847,0.5018,0.50215,4.60,2.60
2009.03.05 02:24:26.016,0.5018,0.50215,3.20,2.60
2009.03.05 02:24:27.606,0.5018,0.5022,3.60,5.00
2009.03.05 02:24:27.726,0.5018,0.5022,3.60,3.40
2009.03.05 02:24:28.066,0.5018,0.5022,3.60,2.60
2009.03.05 02:24:28.566,0.50175,0.5021,16.00,4.20
2009.03.05 02:24:29.096,0.50175,0.5021,3.80,5.00
2009.03.05 02:24:29.516,0.50175,0.50205,4.20,9.60
2009.03.05 02:24:29.956,0.50175,0.50205,4.20,8.00
2009.03.05 02:24:30.805,0.50175,0.5021,3.80,6.60
2009.03.05 02:24:31.925,0.50175,0.50205,4.20,9.60
2009.03.05 02:24:32.265,0.50175,0.50205,4.20,8.00
2009.03.05 02:24:32.735,0.50175,0.5021,3.80,5.00
2009.03.05 02:24:32.905,0.50175,0.5021,3.80,6.60
2009.03.05 02:24:34.734,0.50175,0.5021,3.80,9.80
2009.03.05 02:24:35.204,0.50175,0.5021,3.80,6.60
2009.03.05 02:24:35.774,0.50175,0.5021,3.80,8.20
2009.03.05 02:24:38.723,0.50175,0.5021,3.40,8.20
2009.03.05 02:24:39.123,0.50175,0.5021,3.20,8.20
2009.03.05 02:24:54.320,0.5019,0.50205,4.60,8.80
2009.03.05 02:24:54.659,0.50195,0.50225,3.20,9.80
2009.03.05 02:24:55.229,0.50195,0.5023,3.20,11.00
2009.03.05 02:24:57.399,0.50195,0.5023,3.20,6.20
2009.03.05 02:24:58.949,0.502,0.50225,3.20,2.40
2009.03.05 02:24:59.238,0.502,0.50235,3.20,3.80
2009.03.05 02:24:59.468,0.502,0.5023,3.20,1.20
2009.03.05 02:25:04.327,0.502,0.5023,3.60,1.20
2009.03.05 02:25:30.301,0.502,0.5023,5.60,1.20
2009.03.05 02:25:31.611,0.50205,0.5023,2.00,1.20
2009.03.05 02:25:32.360,0.5021,0.5023,5.80,1.20
2009.03.05 02:25:32.590,0.5021,0.5023,7.60,1.20
2009.03.05 02:25:32.770,0.50215,0.5023,8.00,1.20
2009.03.05 02:25:32.880,0.5022,0.5023,2.00,1.20
2009.03.05 02:25:33.170,0.5023,0.5027,2.00,1.50
2009.03.05 02:25:33.510,0.5021,0.5023,4.90,1.20
2009.03.05 02:25:33.630,0.502,0.5023,5.80,1.20
2009.03.05 02:25:40.489,0.5021,0.5023,7.80,1.20
2009.03.05 02:25:41.019,0.5022,0.5023,1.60,1.20
2009.03.05 02:25:41.298,0.5022,0.5023,2.00,1.20
2009.03.05 02:25:43.648,0.50225,0.5023,1.00,1.20
2009.03.05 02:25:43.708,0.50225,0.5023,2.00,1.20
2009.03.05 02:25:52.306,0.50225,0.5029,2.00,4.20
2009.03.05 02:26:00.533,0.50225,0.5026,2.00,1.20
2009.03.05 02:26:03.093,0.50225,0.5026,1.00,1.20
2009.03.05 02:26:03.433,0.5022,0.5026,2.00,1.20
2009.03.05 02:26:05.372,0.50225,0.5026,5.80,1.20
2009.03.05 02:26:05.542,0.5024,0.5026,3.20,1.20
2009.03.05 02:26:05.772,0.5025,0.5026,3.20,1.20
2009.03.05 02:26:09.582,0.50245,0.5026,1.60,1.20
2009.03.05 02:26:09.931,0.5021,0.5026,2.00,1.20
2009.03.05 02:26:14.040,0.50225,0.5026,2.00,1.20
2009.03.05 02:26:18.979,0.50225,0.5026,1.00,1.20
2009.03.05 02:26:19.099,0.5022,0.5026,2.00,1.20
2009.03.05 02:26:19.319,0.5022,0.5026,5.20,1.20
2009.03.05 02:26:19.539,0.5023,0.5026,2.00,1.20
2009.03.05 02:26:20.869,0.5022,0.5026,3.20,1.20
2009.03.05 02:26:23.238,0.5022,0.5026,5.20,1.20
2009.03.05 02:26:23.578,0.50225,0.5026,2.00,1.20
2009.03.05 02:26:24.968,0.5023,0.5026,2.00,1.20
2009.03.05 02:26:33.546,0.5023,0.5026,1.00,1.20
2009.03.05 02:26:33.956,0.5022,0.5026,2.00,1.20
2009.03.05 02:26:43.903,0.5022,0.50255,1.60,2.80
2009.03.05 02:26:44.013,0.50225,0.5026,2.00,1.20
2009.03.05 02:27:35.610,0.5021,0.5026,5.60,4.20
2009.03.05 02:27:37.031,0.50215,0.50265,2.00,5.20
2009.03.05 02:27:37.660,0.5022,0.5026,2.00,1.20
2009.03.05 02:27:37.890,0.5021,0.50255,3.60,4.20
2009.03.05 02:27:39.110,0.502,0.5025,5.60,4.20
2009.03.05 02:27:42.749,0.502,0.5024,3.80,2.20
2009.03.05 02:27:43.149,0.502,0.5024,3.60,6.60
2009.03.05 02:27:43.379,0.502,0.5024,3.20,6.60
2009.03.05 02:27:45.188,0.502,0.50245,3.60,16.80
2009.03.05 02:27:45.348,0.502,0.5025,5.60,7.00
2009.03.05 02:27:52.496,0.502,0.5025,5.60,4.20
2009.03.05 02:27:52.997,0.5021,0.5025,1.60,2.80
2009.03.05 02:27:53.356,0.5021,0.5026,2.00,4.20
2009.03.05 02:28:23.339,0.5021,0.50265,2.00,5.20
2009.03.05 02:28:36.896,0.50215,0.5026,2.00,1.20
2009.03.05 02:28:37.136,0.5022,0.5026,2.00,1.20
2009.03.05 02:28:39.395,0.5023,0.5026,1.60,1.20
2009.03.05 02:28:39.615,0.5023,0.5026,2.00,1.20
2009.03.05 02:28:40.545,0.50235,0.5026,1.60,1.20
2009.03.05 02:28:40.895,0.5024,0.5026,2.00,1.20
2009.03.05 02:28:43.594,0.5023,0.5026,2.00,1.20
2009.03.05 02:28:44.055,0.5025,0.5026,2.00,1.20
2009.03.05 02:28:46.323,0.50235,0.5026,2.00,1.20
2009.03.05 02:28:49.663,0.50225,0.5026,2.00,1.20
2009.03.05 02:28:55.361,0.5023,0.5026,2.00,1.20
2009.03.05 02:28:57.171,0.50235,0.5026,1.60,1.20
2009.03.05 02:28:57.641,0.50235,0.5026,2.00,1.20
2009.03.05 02:29:00.240,0.5023,0.5026,2.00,1.20
2009.03.05 02:29:28.753,0.5023,0.5026,1.60,1.20
2009.03.05 02:29:28.813,0.5022,0.5026,5.60,1.20
2009.03.05 02:29:43.350,0.50225,0.5026,2.40,1.20
2009.03.05 02:29:43.779,0.5023,0.5026,3.20,1.20
2009.03.05 02:29:44.559,0.50245,0.5026,3.20,1.20
2009.03.05 02:29:57.676,0.5025,0.5026,3.20,1.20
2009.03.05 02:30:01.855,0.50245,0.5026,12.80,1.20
2009.03.05 02:30:02.205,0.50235,0.5026,2.00,1.20
2009.03.05 02:30:06.404,0.50255,0.50295,3.20,4.20
2009.03.05 02:30:06.734,0.50225,0.5027,2.00,1.20
2009.03.05 02:30:07.324,0.50225,0.5027,1.00,1.20
2009.03.05 02:30:07.824,0.5023,0.5026,2.00,1.20
2009.03.05 02:30:19.141,0.5022,0.5026,5.60,1.20
2009.03.05 02:30:22.240,0.50225,0.5026,2.00,1.20
2009.03.05 02:30:23.920,0.5023,0.5026,3.20,1.20
2009.03.05 02:30:24.370,0.5023,0.5026,5.60,1.20
2009.03.05 02:30:27.079,0.50235,0.5026,1.00,1.20
2009.03.05 02:30:27.240,0.50235,0.5026,2.00,1.20
2009.03.05 02:30:27.299,0.50245,0.5026,1.00,1.20
2009.03.05 02:30:27.619,0.50245,0.5026,2.00,1.20
2009.03.05 02:30:27.849,0.50245,0.5026,1.60,1.20
2009.03.05 02:30:28.189,0.50235,0.5026,2.00,1.20
2009.03.05 02:30:28.869,0.50245,0.5026,2.00,1.20
2009.03.05 02:30:33.897,0.50245,0.5026,1.00,1.20
2009.03.05 02:30:34.008,0.50235,0.5026,2.00,1.20
2009.03.05 02:30:36.487,0.50235,0.5026,1.00,1.20
2009.03.05 02:30:36.767,0.50235,0.5026,1.60,1.20
2009.03.05 02:30:36.827,0.50235,0.5026,2.00,1.20
2009.03.05 02:30:59.141,0.50225,0.5026,14.00,1.20
2009.03.05 02:30:59.442,0.5024,0.5026,2.00,1.20
2009.03.05 02:31:02.131,0.50235,0.5026,12.60,1.20
2009.03.05 02:31:02.480,0.5023,0.5026,2.00,1.20
2009.03.05 02:31:05.360,0.5023,0.5026,1.00,1.20
2009.03.05 02:31:05.640,0.50225,0.5026,3.20,1.20
2009.03.05 02:31:05.870,0.50235,0.5026,2.00,1.20
2009.03.05 02:31:08.879,0.50225,0.5026,14.20,1.20
2009.03.05 02:31:09.101,0.50225,0.5026,2.00,1.20
2009.03.05 02:31:11.988,0.50225,0.5026,1.60,1.20
2009.03.05 02:31:12.048,0.50225,0.5026,3.20,1.20
2009.03.05 02:31:12.158,0.50225,0.5026,15.80,1.20
2009.03.05 02:31:12.208,0.50235,0.5026,2.00,1.20
2009.03.05 02:31:15.667,0.5024,0.5026,2.00,1.20
2009.03.05 02:31:18.487,0.50235,0.5026,12.60,1.20
2009.03.05 02:31:18.707,0.50225,0.5026,3.20,1.20
2009.03.05 02:31:18.827,0.50235,0.5026,2.00,1.20
2009.03.05 02:31:25.055,0.5023,0.5026,2.00,1.20
2009.03.05 02:31:28.524,0.5023,0.5026,2.40,1.20
2009.03.05 02:31:31.234,0.5023,0.5026,1.00,1.20
2009.03.05 02:31:31.574,0.50225,0.5026,17.20,1.20
2009.03.05 02:31:32.043,0.5022,0.5026,2.00,1.20
2009.03.05 02:31:34.503,0.50225,0.5026,3.20,1.20
2009.03.05 02:31:35.033,0.5023,0.5026,2.00,1.20
2009.03.05 02:31:43.441,0.50225,0.5026,15.80,1.20
2009.03.05 02:31:43.611,0.50215,0.5026,3.60,1.20
2009.03.05 02:31:43.961,0.50215,0.5026,5.20,1.20
2009.03.05 02:31:44.190,0.50225,0.5026,2.00,1.20
2009.03.05 02:31:50.489,0.50225,0.5026,15.80,1.20
2009.03.05 02:31:50.879,0.5023,0.5026,2.00,1.20
2009.03.05 02:31:53.388,0.50235,0.5026,2.00,1.20
2009.03.05 02:31:55.258,0.5023,0.5026,2.00,1.20
2009.03.05 02:32:00.426,0.5023,0.5026,2.40,1.20
2009.03.05 02:32:09.524,0.5023,0.5026,2.00,1.20
2009.03.05 02:32:09.634,0.5023,0.50265,1.00,2.40
2009.03.05 02:32:09.694,0.50215,0.50265,6.80,5.20
2009.03.05 02:32:09.864,0.50215,0.50265,5.20,5.20
2009.03.05 02:32:09.924,0.50225,0.50265,1.60,3.80
2009.03.05 02:32:10.274,0.50225,0.5026,2.00,1.20
2009.03.05 02:32:12.803,0.50225,0.50265,3.20,5.20
2009.03.05 02:32:13.383,0.5023,0.5026,2.00,1.20
2009.03.05 02:32:15.543,0.5023,0.5026,1.00,1.20
2009.03.05 02:32:15.933,0.50225,0.5026,17.80,1.20
2009.03.05 02:32:20.072,0.50225,0.5026,16.00,1.20
2009.03.05 02:32:20.252,0.50225,0.5026,15.80,2.60
2009.03.05 02:32:20.831,0.50225,0.50265,15.80,3.80
2009.03.05 02:32:22.871,0.50225,0.50265,16.20,3.80
2009.03.05 02:32:38.167,0.50225,0.5026,16.20,2.60
2009.03.05 02:32:38.397,0.5023,0.5026,1.00,2.60
2009.03.05 02:32:38.787,0.5023,0.5026,1.00,1.20
2009.03.05 02:33:15.349,0.50225,0.5026,18.20,1.20
2009.03.05 02:33:15.758,0.5023,0.5026,2.00,1.20
2009.03.05 02:33:16.098,0.5021,0.50265,2.00,5.20
2009.03.05 02:33:16.488,0.5022,0.5026,2.00,1.20
2009.03.05 02:33:19.677,0.50225,0.5026,15.80,4.20
2009.03.05 02:33:19.907,0.5023,0.5026,2.00,1.20
2009.03.05 02:33:29.655,0.5023,0.5026,2.40,1.20
2009.03.05 02:33:36.793,0.5023,0.5026,1.00,1.20
2009.03.05 02:33:46.211,0.50225,0.5026,18.20,1.20
2009.03.05 02:33:46.781,0.50225,0.5026,18.00,1.20
2009.03.05 02:33:47.011,0.50225,0.5026,18.20,1.20
2009.03.05 02:34:30.520,0.50225,0.5025,14.60,1.60
2009.03.05 02:34:30.750,0.50225,0.5026,3.20,5.80
2009.03.05 02:34:30.990,0.5021,0.5026,2.00,5.80
2009.03.05 02:34:34.219,0.5021,0.5026,2.00,4.20
2009.03.05 02:34:55.524,0.502,0.5025,2.00,4.20
2009.03.05 02:34:57.024,0.50205,0.50255,2.00,4.20
2009.03.05 02:34:57.823,0.50205,0.5025,1.00,1.40
2009.03.05 02:34:57.934,0.502,0.5025,2.00,4.20
2009.03.05 02:34:58.813,0.502,0.5025,2.40,4.20
2009.03.05 02:34:58.934,0.50205,0.5025,1.60,2.80
2009.03.05 02:34:59.213,0.50205,0.50255,2.00,4.20
2009.03.05 02:35:04.762,0.50205,0.5025,2.00,2.60
2009.03.05 02:35:04.922,0.502,0.5025,2.40,7.00
2009.03.05 02:35:13.180,0.502,0.50255,2.00,4.20
2009.03.05 02:35:13.760,0.50205,0.50255,2.00,4.20
2009.03.05 02:35:19.868,0.50205,0.5025,1.00,1.40
2009.03.05 02:35:19.928,0.502,0.5025,2.00,4.20
2009.03.05 02:35:23.247,0.50195,0.50245,2.00,4.20
2009.03.05 02:35:27.526,0.502,0.50245,3.60,4.20
2009.03.05 02:35:27.916,0.502,0.5025,5.60,7.00
2009.03.05 02:35:46.952,0.5021,0.50255,3.60,4.20
2009.03.05 02:35:47.302,0.5021,0.50255,3.80,1.40
2009.03.05 02:35:47.412,0.5021,0.5026,5.60,7.00
2009.03.05 02:36:01.228,0.5021,0.5025,5.60,1.20
2009.03.05 02:36:43.758,0.5021,0.5025,5.20,1.20
2009.03.05 02:36:43.938,0.5021,0.5025,2.00,1.20
2009.03.05 02:36:44.118,0.5021,0.50255,1.60,3.80
2009.03.05 02:36:44.168,0.50205,0.50255,14.60,5.20
2009.03.05 02:36:44.568,0.50205,0.50255,2.00,5.20
2009.03.05 02:36:45.248,0.50205,0.5025,2.00,1.20
2009.03.05 02:36:45.417,0.5021,0.5025,1.00,1.20
2009.03.05 02:36:45.647,0.5021,0.5025,2.00,1.20
2009.03.05 02:36:46.497,0.5021,0.5025,5.60,1.20
2009.03.05 02:36:46.787,0.50215,0.5025,2.00,1.20
2009.03.05 02:36:49.877,0.5021,0.5025,2.00,1.20
2009.03.05 02:36:52.646,0.5021,0.5025,5.60,1.20
2009.03.05 02:36:52.926,0.50215,0.5025,2.00,1.20
2009.03.05 02:36:55.525,0.5021,0.5025,2.00,1.20
2009.03.05 02:36:58.464,0.5021,0.5025,5.60,1.20
2009.03.05 02:36:58.764,0.50215,0.5025,2.00,1.20
2009.03.05 02:37:01.144,0.50215,0.5025,1.60,1.20
2009.03.05 02:37:01.484,0.5021,0.5025,2.00,1.20
2009.03.05 02:37:02.743,0.50205,0.50255,2.00,5.20
2009.03.05 02:37:04.673,0.5021,0.50255,3.60,5.20
2009.03.05 02:37:04.783,0.5021,0.5025,5.60,1.20
2009.03.05 02:37:09.542,0.5021,0.5025,2.00,1.20
2009.03.05 02:37:09.722,0.50205,0.50255,2.00,5.20
2009.03.05 02:37:12.781,0.5021,0.5025,5.60,1.20
2009.03.05 02:37:15.241,0.5021,0.5025,2.40,1.20
2009.03.05 02:37:15.300,0.5021,0.5025,2.00,1.20
2009.03.05 02:37:15.470,0.5021,0.50255,1.00,2.40
2009.03.05 02:37:15.580,0.50205,0.50255,14.60,5.20
2009.03.05 02:37:15.830,0.50205,0.50255,2.00,5.20
2009.03.05 02:37:36.575,0.5021,0.50255,1.00,5.20
2009.03.05 02:37:36.855,0.5021,0.5025,5.60,1.20
2009.03.05 02:37:39.015,0.5021,0.5025,5.20,1.20
2009.03.05 02:37:39.225,0.50205,0.50255,14.60,5.20
2009.03.05 02:37:39.284,0.50205,0.50255,2.00,5.20
2009.03.05 02:37:43.583,0.502,0.50255,5.60,5.20
2009.03.05 02:37:46.713,0.5021,0.5025,3.60,1.20
2009.03.05 02:37:50.332,0.502,0.50255,5.60,5.20
2009.03.05 02:38:00.599,0.5021,0.50255,1.00,5.20
2009.03.05 02:38:00.819,0.5021,0.50255,3.60,5.20
2009.03.05 02:38:01.059,0.5021,0.50255,3.60,2.40
2009.03.05 02:38:01.239,0.5021,0.5025,3.60,1.20
2009.03.05 02:38:02.719,0.5021,0.5025,5.60,1.20
2009.03.05 02:38:03.169,0.5021,0.5025,2.00,1.20
2009.03.05 02:38:03.389,0.5021,0.50255,1.60,3.80
2009.03.05 02:38:03.558,0.50205,0.50255,2.00,5.20
2009.03.05 02:38:18.915,0.5021,0.50255,3.60,5.20
2009.03.05 02:38:19.425,0.5021,0.5025,5.60,1.20
2009.03.05 02:38:21.924,0.50205,0.50255,16.20,5.20
2009.03.05 02:38:22.164,0.50205,0.50255,14.60,5.20
2009.03.05 02:38:22.404,0.50205,0.50255,2.00,5.20
2009.03.05 02:38:23.844,0.502,0.50255,7.20,5.20
2009.03.05 02:38:24.574,0.50205,0.50255,1.80,2.40
2009.03.05 02:38:25.034,0.5021,0.5025,3.60,1.20
2009.03.05 02:38:41.010,0.5021,0.5025,3.20,1.20
2009.03.05 02:38:41.179,0.50205,0.50255,12.80,2.40
2009.03.05 02:38:41.779,0.502,0.50255,5.60,5.20
2009.03.05 02:38:44.628,0.5021,0.50255,3.60,5.20
2009.03.05 02:38:44.799,0.5021,0.50255,3.60,3.80
2009.03.05 02:38:44.858,0.5021,0.5025,3.60,1.20
2009.03.05 02:38:49.997,0.5021,0.5025,1.00,1.20
2009.03.05 02:38:50.417,0.50205,0.50255,14.00,5.20
2009.03.05 02:38:50.477,0.502,0.50255,7.20,5.20
2009.03.05 02:38:52.897,0.5021,0.50255,3.20,5.20
2009.03.05 02:38:53.187,0.5021,0.5025,3.60,1.20
2009.03.05 02:38:55.096,0.5021,0.5025,1.80,1.20
2009.03.05 02:38:55.496,0.502,0.50255,7.20,5.20
2009.03.05 02:38:58.685,0.5021,0.50255,3.60,5.20
2009.03.05 02:38:58.855,0.5021,0.5025,3.60,1.20
2009.03.05 02:39:02.864,0.50205,0.5025,2.00,1.20
2009.03.05 02:39:03.144,0.502,0.50255,7.20,5.20
2009.03.05 02:39:04.734,0.5021,0.50255,3.60,5.20
2009.03.05 02:39:04.854,0.5021,0.5025,3.60,1.20
2009.03.05 02:39:10.952,0.5021,0.5025,1.00,1.20
2009.03.05 02:39:11.122,0.50205,0.50255,15.80,5.20
2009.03.05 02:39:11.462,0.502,0.50255,5.60,5.20
2009.03.05 02:39:15.171,0.502,0.5024,5.60,1.20
2009.03.05 02:39:15.231,0.502,0.5024,2.00,1.20
2009.03.05 02:39:15.341,0.502,0.5023,2.00,1.60
2009.03.05 02:39:15.451,0.50195,0.50225,15.80,6.40
2009.03.05 02:39:15.572,0.50195,0.50225,3.20,6.40
2009.03.05 02:39:16.481,0.502,0.50225,3.20,6.40
2009.03.05 02:39:16.881,0.502,0.50235,3.60,23.20
2009.03.05 02:39:17.111,0.502,0.50255,5.60,5.20
2009.03.05 02:39:23.729,0.50205,0.50255,2.00,5.20
2009.03.05 02:39:44.474,0.502,0.50255,5.60,5.20
2009.03.05 02:40:35.722,0.502,0.5025,5.60,2.60
2009.03.05 02:40:35.942,0.502,0.5025,5.60,4.20
2009.03.05 02:40:36.061,0.502,0.5025,5.60,7.00
2009.03.05 02:41:07.474,0.502,0.5025,2.00,7.00
2009.03.05 02:41:07.704,0.5019,0.5024,2.00,4.20
2009.03.05 02:41:08.004,0.5019,0.5024,1.00,4.20
2009.03.05 02:41:08.274,0.50185,0.5024,2.00,4.20
2009.03.05 02:41:32.998,0.50185,0.5024,2.00,7.00
2009.03.05 02:41:33.288,0.50185,0.50235,2.00,2.80
2009.03.05 02:41:33.398,0.50185,0.50235,2.00,4.20
2009.03.05 02:41:34.778,0.50175,0.50215,16.00,1.00
2009.03.05 02:41:34.888,0.50175,0.50215,16.40,7.20
2009.03.05 02:41:34.997,0.50175,0.50215,3.80,7.20
2009.03.05 02:41:39.217,0.50165,0.50205,16.00,8.60
2009.03.05 02:41:39.327,0.5015,0.502,5.60,4.20
2009.03.05 02:41:42.515,0.5016,0.50205,3.20,6.60
2009.03.05 02:41:42.875,0.5016,0.50205,3.60,6.60
2009.03.05 02:41:46.145,0.5015,0.50195,3.60,9.40
2009.03.05 02:41:46.725,0.5016,0.50195,3.60,5.20
2009.03.05 02:41:47.064,0.5016,0.5019,3.60,1.60
2009.03.05 02:41:47.295,0.50155,0.5019,12.60,1.80
2009.03.05 02:41:47.525,0.5012,0.50185,2.00,4.20
2009.03.05 02:41:48.054,0.5011,0.5017,3.20,4.20
2009.03.05 02:41:50.514,0.50125,0.5017,3.20,4.20
2009.03.05 02:41:50.574,0.50125,0.50155,3.20,1.00
2009.03.05 02:41:51.014,0.5013,0.50155,3.20,2.40
2009.03.05 02:41:51.483,0.50135,0.50155,1.60,1.60
2009.03.05 02:41:51.703,0.50135,0.50195,2.00,4.20
2009.03.05 02:41:54.233,0.50135,0.5017,2.00,1.60
2009.03.05 02:41:54.523,0.50135,0.5017,2.00,2.60
2009.03.05 02:41:54.583,0.5012,0.5017,5.60,6.60
2009.03.05 02:41:54.702,0.5012,0.5017,5.20,6.60
2009.03.05 02:41:54.762,0.5012,0.5017,3.60,6.60
2009.03.05 02:41:56.532,0.5013,0.5017,3.20,6.60
2009.03.05 02:41:57.342,0.50125,0.5017,15.80,6.60
2009.03.05 02:41:57.462,0.50125,0.50155,15.80,1.00
2009.03.05 02:41:57.632,0.50125,0.50155,3.20,1.00
2009.03.05 02:41:57.752,0.50125,0.50155,3.20,2.40
2009.03.05 02:41:59.791,0.5013,0.50165,3.20,16.80
2009.03.05 02:41:59.901,0.5013,0.50165,3.20,13.40
2009.03.05 02:42:00.021,0.5013,0.50165,3.20,15.00
2009.03.05 02:42:00.191,0.5013,0.5017,3.20,6.60
2009.03.05 02:42:01.781,0.50125,0.5017,15.80,6.60
2009.03.05 02:42:02.281,0.50125,0.50155,3.20,2.40
2009.03.05 02:42:04.570,0.5013,0.50165,3.20,18.20
2009.03.05 02:42:04.630,0.5013,0.50165,3.20,15.40
2009.03.05 02:42:04.860,0.5013,0.50165,3.20,2.60
2009.03.05 02:42:12.548,0.5013,0.5017,3.20,9.40
2009.03.05 02:42:18.337,0.50135,0.5017,3.20,9.40
2009.03.05 02:42:23.685,0.50135,0.5017,3.20,5.00
2009.03.05 02:42:25.935,0.5013,0.5018,1.60,4.20
2009.03.05 02:42:26.225,0.50125,0.5018,5.20,4.20
2009.03.05 02:42:31.184,0.50125,0.5018,5.20,7.00
2009.03.05 02:42:31.354,0.50125,0.50175,3.40,1.40
2009.03.05 02:42:31.464,0.50125,0.50175,3.20,4.20
2009.03.05 02:42:32.743,0.50125,0.50175,3.20,7.00
2009.03.05 02:42:34.053,0.50135,0.50175,3.20,7.00
2009.03.05 02:42:39.692,0.50125,0.50175,17.80,7.00
2009.03.05 02:42:39.803,0.50125,0.50175,3.20,7.00
2009.03.05 02:42:41.581,0.5013,0.50175,1.00,7.00
2009.03.05 02:42:42.041,0.50135,0.50175,3.20,7.00
2009.03.05 02:43:15.633,0.50135,0.50175,3.20,8.00
2009.03.05 02:43:15.693,0.50125,0.50175,17.80,8.00
2009.03.05 02:43:15.803,0.50125,0.50175,15.80,8.00
2009.03.05 02:43:15.863,0.50125,0.50175,3.20,8.00
2009.03.05 02:43:23.441,0.50135,0.50175,3.20,8.00
2009.03.05 02:43:26.131,0.50125,0.50175,15.80,8.00
2009.03.05 02:43:26.370,0.50125,0.50175,3.20,8.00
2009.03.05 02:43:31.699,0.50135,0.50175,3.20,8.00
2009.03.05 02:43:34.089,0.50125,0.50175,17.80,8.00
2009.03.05 02:43:34.328,0.50125,0.50175,3.20,8.00
2009.03.05 02:43:37.548,0.5012,0.50175,2.00,11.20
2009.03.05 02:43:37.838,0.50115,0.50165,5.20,4.20
2009.03.05 02:43:38.588,0.50115,0.5017,5.20,4.20
2009.03.05 02:43:39.747,0.5012,0.5017,1.00,4.20
2009.03.05 02:43:39.857,0.50125,0.5017,3.20,4.20
2009.03.05 02:43:51.724,0.50135,0.5017,3.20,4.20
2009.03.05 02:43:51.784,0.50135,0.50175,3.20,11.20
2009.03.05 02:44:01.982,0.5013,0.50175,3.60,11.20
2009.03.05 02:44:02.792,0.50135,0.50175,3.20,11.20
2009.03.05 02:44:03.002,0.50145,0.50175,3.20,3.80
2009.03.05 02:44:05.121,0.5015,0.5017,3.20,1.20
2009.03.05 02:44:05.222,0.5015,0.5018,3.20,7.80
2009.03.05 02:44:05.391,0.5015,0.50175,3.20,2.60
2009.03.05 02:44:06.201,0.5015,0.5018,3.20,7.80
2009.03.05 02:44:06.501,0.5015,0.5018,3.20,6.80
2009.03.05 02:44:06.671,0.5016,0.50185,1.00,15.60
2009.03.05 02:44:06.991,0.5016,0.50175,2.00,1.60
2009.03.05 02:44:07.111,0.5016,0.50215,2.00,4.00
2009.03.05 02:44:09.350,0.50165,0.50205,5.20,4.00
2009.03.05 02:44:09.640,0.50165,0.50215,5.20,4.20
2009.03.05 02:44:09.820,0.50165,0.50215,5.20,1.40
2009.03.05 02:44:09.880,0.50165,0.5022,5.20,7.00
2009.03.05 02:44:10.390,0.50165,0.50195,5.20,1.00
2009.03.05 02:44:10.510,0.50165,0.50195,3.20,1.00
2009.03.05 02:44:10.670,0.50165,0.50205,3.20,12.60
2009.03.05 02:44:10.730,0.50165,0.50205,5.20,12.60
2009.03.05 02:44:10.840,0.50165,0.5023,5.20,7.00
2009.03.05 02:44:11.710,0.50165,0.5022,3.40,3.80
2009.03.05 02:44:11.879,0.50165,0.5021,3.20,6.60
2009.03.05 02:44:18.448,0.5016,0.5019,1.00,1.20
2009.03.05 02:44:18.628,0.50155,0.50175,17.80,1.00
2009.03.05 02:44:18.848,0.50155,0.5019,1.00,1.40
2009.03.05 02:44:18.958,0.5015,0.5021,2.00,7.00
2009.03.05 02:44:19.258,0.5015,0.50195,1.00,1.40
2009.03.05 02:44:19.368,0.5014,0.50195,3.20,4.20
2009.03.05 02:44:19.598,0.50145,0.50205,2.00,4.20
2009.03.05 02:44:21.927,0.5015,0.50195,3.20,4.20
2009.03.05 02:44:22.217,0.5015,0.50195,4.80,2.80
2009.03.05 02:44:22.397,0.5015,0.502,5.20,7.00
2009.03.05 02:44:22.877,0.5015,0.5019,3.20,2.60
2009.03.05 02:44:25.386,0.5016,0.5019,3.20,2.60
2009.03.05 02:44:25.506,0.5016,0.50195,3.20,2.60
2009.03.05 02:44:27.605,0.5017,0.50195,8.00,2.60
2009.03.05 02:44:27.965,0.50175,0.50195,4.60,2.40
2009.03.05 02:44:28.355,0.5017,0.50195,12.60,2.40
2009.03.05 02:44:29.925,0.50175,0.50195,3.20,2.40
2009.03.05 02:44:30.035,0.50175,0.50195,3.20,1.60
2009.03.05 02:44:30.495,0.50175,0.502,3.20,1.20
2009.03.05 02:44:31.175,0.5017,0.50205,6.20,3.80
2009.03.05 02:44:31.295,0.5017,0.50205,4.80,3.80
2009.03.05 02:44:31.415,0.5017,0.50205,3.20,3.80
2009.03.05 02:44:31.525,0.50175,0.502,3.20,2.60
2009.03.05 02:44:31.695,0.50165,0.502,15.80,2.60
2009.03.05 02:44:31.805,0.5016,0.502,3.60,2.60
2009.03.05 02:44:32.144,0.5018,0.50205,2.00,5.20
2009.03.05 02:44:32.315,0.5019,0.50205,3.20,5.20
2009.03.05 02:44:32.485,0.502,0.50205,3.20,2.00
2009.03.05 02:44:33.784,0.50195,0.502,14.60,1.20
2009.03.05 02:44:34.544,0.50185,0.502,2.00,1.20
2009.03.05 02:44:35.864,0.50175,0.50205,3.20,5.20
2009.03.05 02:44:36.044,0.5016,0.50205,3.60,5.20
2009.03.05 02:44:40.743,0.5016,0.50205,3.20,5.20
2009.03.05 02:44:40.972,0.5016,0.502,3.20,6.60
2009.03.05 02:44:41.312,0.5016,0.50195,3.20,2.40
2009.03.05 02:44:41.543,0.5017,0.50205,3.20,19.40
2009.03.05 02:44:41.772,0.5017,0.50205,3.20,17.80
2009.03.05 02:44:41.992,0.5017,0.502,3.20,1.20
2009.03.05 02:44:43.922,0.50165,0.50195,16.20,1.00
2009.03.05 02:44:44.261,0.50165,0.50195,3.20,1.00
2009.03.05 02:44:44.381,0.50165,0.50195,3.20,2.40
2009.03.05 02:44:45.641,0.50165,0.502,3.20,5.00
2009.03.05 02:44:56.919,0.5017,0.502,3.20,5.00
2009.03.05 02:44:57.089,0.5017,0.50205,3.20,22.20
2009.03.05 02:44:57.258,0.5017,0.50205,3.20,8.00
2009.03.05 02:44:57.378,0.5017,0.50205,3.20,3.80
2009.03.05 02:44:59.498,0.50165,0.502,15.80,3.60
2009.03.05 02:44:59.828,0.50165,0.502,3.20,6.80
2009.03.05 02:45:02.467,0.5016,0.50195,4.80,2.60
2009.03.05 02:45:02.697,0.5016,0.50195,3.20,2.60
2009.03.05 02:45:03.587,0.5016,0.502,3.60,10.20
2009.03.05 02:45:03.867,0.5016,0.502,3.60,2.60
2009.03.05 02:45:06.476,0.50165,0.502,3.20,2.60
2009.03.05 02:45:09.345,0.50175,0.502,3.20,2.60
2009.03.05 02:45:09.646,0.50175,0.50205,3.20,8.00
2009.03.05 02:45:09.705,0.50175,0.50205,3.20,3.80
2009.03.05 02:45:12.625,0.50175,0.502,3.20,1.20
2009.03.05 02:45:13.195,0.50185,0.502,2.00,1.20
2009.03.05 02:45:13.724,0.5019,0.502,2.00,1.20
2009.03.05 02:45:22.832,0.50175,0.502,3.20,1.20
2009.03.05 02:46:41.783,0.5017,0.502,5.60,1.20
2009.03.05 02:46:42.923,0.5017,0.502,1.60,1.20
2009.03.05 02:46:43.143,0.50165,0.502,2.00,1.20
2009.03.05 02:47:11.156,0.50185,0.502,3.20,1.20
2009.03.05 02:47:19.344,0.50195,0.502,4.60,1.20
2009.03.05 02:47:19.644,0.50195,0.502,1.60,1.20
2009.03.05 02:47:19.754,0.50185,0.502,12.60,1.20
2009.03.05 02:47:19.874,0.50165,0.502,2.00,1.20
2009.03.05 02:47:20.204,0.5017,0.502,2.00,1.20
2009.03.05 02:48:08.652,0.5016,0.50205,1.00,5.20
2009.03.05 02:48:16.930,0.5016,0.50205,1.00,8.00
2009.03.05 02:48:17.730,0.5016,0.502,1.00,2.60
2009.03.05 02:48:18.170,0.5017,0.50205,5.20,5.20
2009.03.05 02:48:18.280,0.5017,0.502,6.60,1.20
2009.03.05 02:48:21.039,0.5017,0.502,6.20,2.60
2009.03.05 02:48:21.279,0.50175,0.502,4.60,2.60
2009.03.05 02:48:21.399,0.50165,0.502,14.00,2.60
2009.03.05 02:48:21.509,0.50165,0.502,12.60,2.60
2009.03.05 02:48:21.669,0.5016,0.502,3.60,2.60
2009.03.05 02:48:21.909,0.5016,0.502,1.00,2.60
2009.03.05 02:48:33.596,0.5013,0.50185,2.00,4.20
2009.03.05 02:48:35.556,0.50145,0.50185,3.20,4.20
2009.03.05 02:48:35.786,0.50145,0.502,5.20,7.00
2009.03.05 02:48:35.906,0.50145,0.502,17.80,7.00
2009.03.05 02:48:45.313,0.50145,0.502,18.20,7.00
2009.03.05 02:48:45.673,0.5015,0.502,1.00,7.00
2009.03.05 02:49:12.157,0.50145,0.502,17.80,7.00
2009.03.05 02:49:12.267,0.50145,0.50195,12.80,1.40
2009.03.05 02:49:12.387,0.5014,0.50195,2.00,4.20
2009.03.05 02:49:16.086,0.5014,0.50195,2.40,4.20
2009.03.05 02:49:16.366,0.5014,0.50185,2.40,1.00
2009.03.05 02:49:16.426,0.5014,0.50185,1.00,5.20
2009.03.05 02:49:17.706,0.5014,0.5019,2.40,4.20
2009.03.05 02:49:20.175,0.50125,0.5018,2.00,4.20
2009.03.05 02:49:20.405,0.5013,0.5018,1.00,4.20
2009.03.05 02:49:20.735,0.50125,0.5018,2.00,4.20
2009.03.05 02:49:23.534,0.5013,0.5018,2.00,4.20
2009.03.05 02:49:27.283,0.50125,0.5018,2.00,4.20
2009.03.05 02:49:28.273,0.50135,0.50185,2.00,4.20
2009.03.05 02:49:32.942,0.5013,0.50185,2.00,4.20
2009.03.05 02:49:33.802,0.5013,0.50185,5.20,4.20
2009.03.05 02:49:34.272,0.5013,0.5017,3.20,9.80
2009.03.05 02:49:40.660,0.50125,0.50165,17.20,5.60
2009.03.05 02:49:40.840,0.50125,0.5016,12.60,4.20
2009.03.05 02:49:40.960,0.5011,0.5016,5.60,4.20
2009.03.05 02:49:41.990,0.5011,0.50165,5.60,4.20
2009.03.05 02:49:42.270,0.50115,0.50165,1.60,2.80
2009.03.05 02:49:42.500,0.50115,0.5017,2.00,7.00
2009.03.05 02:49:43.099,0.50115,0.5017,2.00,4.20
2009.03.05 02:49:43.569,0.5013,0.50185,2.00,8.20
2009.03.05 02:49:44.079,0.5013,0.50185,2.00,4.20
2009.03.05 02:49:46.988,0.50135,0.50185,1.00,4.20
2009.03.05 02:49:47.158,0.50135,0.50185,2.00,4.20
2009.03.05 02:49:49.958,0.50125,0.50175,2.00,4.20
2009.03.05 02:49:51.228,0.5013,0.50175,1.60,2.80
2009.03.05 02:49:51.397,0.5013,0.5018,2.00,4.20
2009.03.05 02:49:51.797,0.5013,0.5018,2.00,1.40
2009.03.05 02:49:52.077,0.5012,0.50165,3.60,4.20
2009.03.05 02:50:00.875,0.5012,0.50165,3.60,7.00
2009.03.05 02:50:03.874,0.5012,0.50155,3.20,2.60
2009.03.05 02:50:33.567,0.50115,0.50155,13.00,2.60
2009.03.05 02:50:33.917,0.50115,0.5015,15.80,2.60
2009.03.05 02:50:34.317,0.5011,0.5015,3.60,2.60
2009.03.05 02:50:38.556,0.5012,0.50155,3.20,2.60
2009.03.05 02:50:40.295,0.5012,0.5015,3.20,2.60
2009.03.05 02:50:40.466,0.50115,0.5015,12.60,2.60
2009.03.05 02:50:40.705,0.5011,0.5015,3.60,2.60
2009.03.05 02:50:58.691,0.5012,0.5015,3.20,2.60
2009.03.05 02:50:58.911,0.5012,0.50155,3.20,5.20
2009.03.05 02:50:59.151,0.5012,0.50155,3.20,3.80
2009.03.05 02:51:01.910,0.5012,0.5015,3.20,2.60
2009.03.05 02:51:01.970,0.50115,0.5015,17.20,2.60
2009.03.05 02:51:02.190,0.50115,0.5015,15.80,2.60
2009.03.05 02:51:02.420,0.5011,0.5015,3.60,2.60
2009.03.05 02:52:03.702,0.50065,0.50135,2.00,1.20
2009.03.05 02:52:04.052,0.50059,0.50144,5.80,4.20
2009.03.05 02:52:04.292,0.50072,0.50132,2.00,7.40
2009.03.05 02:52:04.592,0.50071,0.50136,9.40,4.20
2009.03.05 02:52:04.942,0.50072,0.50142,5.80,4.20
2009.03.05 02:52:05.122,0.50085,0.50125,2.00,7.40
2009.03.05 02:52:05.402,0.50076,0.50126,2.00,4.20
2009.03.05 02:52:07.021,0.50069,0.50129,2.00,4.20
2009.03.05 02:52:07.691,0.50063,0.50133,2.00,1.00
2009.03.05 02:52:07.861,0.50063,0.50133,2.00,7.00
2009.03.05 02:52:08.080,0.50056,0.50136,5.80,4.20
2009.03.05 02:52:08.301,0.50054,0.50134,1.60,2.80
2009.03.05 02:52:08.421,0.50055,0.50135,2.00,3.20
2009.03.05 02:52:08.601,0.50052,0.50132,1.60,2.80
2009.03.05 02:52:08.761,0.50069,0.50114,5.20,4.20
2009.03.05 02:52:08.881,0.50066,0.50116,2.00,4.20
2009.03.05 02:52:10.679,0.50062,0.50127,2.00,4.20
2009.03.05 02:52:10.901,0.50066,0.50131,5.20,4.20
2009.03.05 02:52:11.290,0.50068,0.50133,2.00,4.20
2009.03.05 02:52:11.870,0.50067,0.50132,5.80,4.20
2009.03.05 02:52:12.050,0.50067,0.50127,2.00,7.40
2009.03.05 02:52:12.800,0.50066,0.50131,2.00,7.40
2009.03.05 02:52:12.970,0.50072,0.50132,2.00,4.20
2009.03.05 02:52:13.140,0.50076,0.50141,2.00,4.20
2009.03.05 02:52:13.610,0.50079,0.50144,1.60,2.80
2009.03.05 02:52:13.780,0.50083,0.50143,2.00,4.20
2009.03.05 02:52:13.960,0.50084,0.50144,2.00,1.00
2009.03.05 02:52:14.130,0.50084,0.50144,2.00,4.20
2009.03.05 02:52:14.709,0.50072,0.50152,2.00,1.20
2009.03.05 02:52:14.820,0.50078,0.50153,1.60,1.60
2009.03.05 02:52:14.989,0.50089,0.50154,2.00,7.40
2009.03.05 02:52:15.339,0.50091,0.50151,2.00,7.00
2009.03.05 02:52:15.449,0.50104,0.50129,2.00,1.20
2009.03.05 02:52:20.648,0.50084,0.50144,2.00,4.20
2009.03.05 02:52:21.658,0.50085,0.50145,2.00,4.20
2009.03.05 02:52:22.358,0.50085,0.50145,1.60,2.80
2009.03.05 02:52:22.536,0.50081,0.50146,2.00,4.20
2009.03.05 02:52:24.947,0.5008,0.50145,1.60,1.60
2009.03.05 02:52:28.876,0.50077,0.50142,1.60,2.80
2009.03.05 02:52:33.645,0.50075,0.5014,2.00,4.20
2009.03.05 02:52:33.765,0.50076,0.50136,2.00,4.20
2009.03.05 02:52:38.724,0.50072,0.50137,2.00,1.20
2009.03.05 02:52:39.183,0.50072,0.50132,1.60,2.80
2009.03.05 02:52:44.033,0.50069,0.50134,5.20,4.20
2009.03.05 02:52:44.153,0.50074,0.50134,1.60,2.80
2009.03.05 02:52:44.213,0.50074,0.50139,2.00,4.20
2009.03.05 02:52:48.032,0.50079,0.50144,2.00,1.20
2009.03.05 02:52:48.562,0.50082,0.50147,2.00,7.40
2009.03.05 02:52:51.691,0.50081,0.50146,1.60,1.60
2009.03.05 02:52:54.070,0.5008,0.50145,2.00,4.20
2009.03.05 02:52:54.240,0.50078,0.50144,1.60,2.80
2009.03.05 02:53:16.018,0.5012,0.50155,3.20,8.80
2009.03.05 02:53:20.467,0.5012,0.5014,3.20,1.20
2009.03.05 02:53:23.486,0.5012,0.50155,3.20,8.80
2009.03.05 02:53:23.716,0.5012,0.50155,3.20,6.00
2009.03.05 02:53:23.886,0.5012,0.50155,3.20,4.60
2009.03.05 02:53:38.522,0.50115,0.50155,16.20,5.20
2009.03.05 02:53:38.742,0.50115,0.5015,15.80,6.80
2009.03.05 02:53:38.912,0.50115,0.5015,3.20,6.80
2009.03.05 02:53:40.172,0.50115,0.5015,3.20,12.60
2009.03.05 02:53:40.822,0.5011,0.50145,4.60,2.60
2009.03.05 02:53:40.882,0.5011,0.50145,3.20,2.60
2009.03.05 02:53:42.521,0.5011,0.5015,3.60,11.00
2009.03.05 02:53:42.622,0.5011,0.5015,3.60,7.80
2009.03.05 02:53:42.741,0.5011,0.5015,3.60,7.00
2009.03.05 02:53:42.861,0.5011,0.5015,3.60,2.80
2009.03.05 02:53:43.253,0.5011,0.50155,3.60,5.20
2009.03.05 02:53:43.981,0.5012,0.50155,3.20,8.00
2009.03.05 02:53:44.151,0.5012,0.50155,3.20,3.80
2009.03.05 02:53:45.601,0.50115,0.5015,17.20,2.60
2009.03.05 02:53:46.120,0.5011,0.5015,3.60,2.60
2009.03.05 02:53:47.730,0.5012,0.50155,3.20,8.00
2009.03.05 02:53:47.910,0.5012,0.50155,3.20,3.80
2009.03.05 02:53:49.800,0.5012,0.50155,3.20,8.00
2009.03.05 02:53:51.639,0.50115,0.5015,15.80,2.60
2009.03.05 02:53:51.699,0.5011,0.5015,3.60,2.60
2009.03.05 02:53:55.708,0.5012,0.50155,3.20,8.00
2009.03.05 02:54:06.615,0.5012,0.50155,3.20,3.80
2009.03.05 02:54:09.185,0.5012,0.5015,3.20,1.20
2009.03.05 02:54:19.182,0.5012,0.50155,3.20,3.80
2009.03.05 02:54:20.072,0.5012,0.5015,3.20,1.20
2009.03.05 02:54:23.151,0.5014,0.5016,3.20,6.60
2009.03.05 02:54:23.272,0.5014,0.5017,3.20,1.20
2009.03.05 02:54:25.701,0.50145,0.5017,14.60,1.20
2009.03.05 02:54:26.041,0.50145,0.5017,12.60,1.20
2009.03.05 02:54:26.151,0.50135,0.5017,5.80,1.20
2009.03.05 02:54:29.150,0.5013,0.50175,5.80,5.20
2009.03.05 02:54:37.308,0.50145,0.5017,14.60,1.20
2009.03.05 02:54:37.479,0.50145,0.5017,14.20,1.20
2009.03.05 02:54:37.588,0.50145,0.5017,12.60,1.20
2009.03.05 02:54:37.708,0.50135,0.5017,5.80,1.20
2009.03.05 02:54:55.734,0.5013,0.5017,2.00,1.20
2009.03.05 02:55:37.393,0.5013,0.5017,1.00,1.20
2009.03.05 02:55:37.514,0.5012,0.5017,3.20,1.20
2009.03.05 02:56:07.886,0.50077,0.50162,3.20,2.60
2009.03.05 02:56:08.295,0.5008,0.5016,3.00,4.20
2009.03.05 02:56:08.685,0.50095,0.5015,2.00,4.20
2009.03.05 02:56:33.799,0.50101,0.50156,2.00,4.20
2009.03.05 02:56:37.438,0.50111,0.50166,5.20,2.60
2009.03.05 02:56:37.846,0.50111,0.50171,3.00,4.20
2009.03.05 02:56:38.328,0.50111,0.50161,2.00,4.20
2009.03.05 02:56:39.648,0.50101,0.50161,2.00,4.20
2009.03.05 02:56:43.907,0.50086,0.50161,1.00,2.60
2009.03.05 02:56:46.576,0.50085,0.50145,5.60,2.60
2009.03.05 02:56:46.746,0.50079,0.50145,3.00,4.20
2009.03.05 02:56:46.926,0.5009,0.50145,1.00,2.60
2009.03.05 02:56:51.265,0.50079,0.50159,2.00,4.20
2009.03.05 02:56:51.375,0.50076,0.50156,3.00,4.20
2009.03.05 02:56:51.495,0.50075,0.5014,2.00,4.20
2009.03.05 02:56:53.644,0.50104,0.50109,5.60,2.60
2009.03.05 02:56:53.824,0.50107,0.50117,2.00,4.20
2009.03.05 02:56:54.285,0.50107,0.50127,2.00,3.60
2009.03.05 02:56:56.784,0.50102,0.50142,2.00,4.20
2009.03.05 02:56:57.264,0.50107,0.50143,2.00,2.60
2009.03.05 02:57:15.080,0.50135,0.5017,1.00,1.20
2009.03.05 02:57:15.320,0.5014,0.5017,3.20,1.20
2009.03.05 02:57:25.428,0.5015,0.5017,3.60,1.20
2009.03.05 02:57:25.767,0.50145,0.5017,14.60,1.20
2009.03.05 02:57:25.947,0.50145,0.5017,12.80,1.20
2009.03.05 02:57:26.057,0.50145,0.5017,12.60,1.20
2009.03.05 02:57:26.337,0.5013,0.5017,2.00,1.20
2009.03.05 02:58:22.403,0.5015,0.5017,3.60,1.20
2009.03.05 02:58:24.623,0.5015,0.5017,3.20,1.20
2009.03.05 02:58:28.762,0.5015,0.5017,3.60,1.20
2009.03.05 02:58:32.491,0.5015,0.5017,3.20,1.20
2009.03.05 02:58:34.531,0.5015,0.5017,3.60,1.20
2009.03.05 02:58:36.490,0.5015,0.5017,3.20,1.20
2009.03.05 02:58:38.850,0.5015,0.5017,3.60,1.20
2009.03.05 02:58:40.999,0.5015,0.5017,3.20,1.20
2009.03.05 02:58:44.338,0.5015,0.5017,3.60,1.20
2009.03.05 02:58:46.588,0.5015,0.5017,3.20,1.20
2009.03.05 02:59:10.542,0.5015,0.5017,3.60,1.20
2009.03.05 02:59:11.302,0.5015,0.5017,3.20,1.20
2009.03.05 02:59:19.070,0.50145,0.5017,17.20,1.20
2009.03.05 02:59:19.480,0.50145,0.5017,14.20,1.20
2009.03.05 02:59:19.660,0.5014,0.5017,3.60,1.20
2009.03.05 02:59:22.339,0.5014,0.5017,3.20,1.20
2009.03.05 02:59:22.399,0.50135,0.5017,17.20,1.20
2009.03.05 02:59:22.459,0.50135,0.50175,17.20,5.20
2009.03.05 02:59:22.519,0.50135,0.50175,15.60,5.20
2009.03.05 02:59:22.569,0.50135,0.50175,12.60,5.20
2009.03.05 02:59:22.749,0.5012,0.50175,5.60,5.20
2009.03.05 02:59:27.038,0.5013,0.50175,3.20,2.40
2009.03.05 02:59:27.258,0.5013,0.5017,3.20,1.20
