2015.02.25 18:00:00.206,0.75403,0.7541,1.20,1.00
2015.02.25 18:00:01.032,0.754,0.75411,1.15,1.00
2015.02.25 18:00:01.082,0.754,0.75415,1.15,1.00
2015.02.25 18:00:01.619,0.75404,0.75415,1.00,1.00
2015.02.25 18:00:02.451,0.754,0.75415,1.15,1.00
2015.02.25 18:00:02.603,0.75398,0.75413,4.57,1.00
2015.02.25 18:00:02.806,0.75399,0.75415,1.15,1.00
2015.02.25 18:00:02.857,0.75399,0.75415,1.07,1.07
2015.02.25 18:00:02.908,0.75399,0.75415,1.00,1.15
2015.02.25 18:00:04.641,0.75397,0.75415,1.27,1.15
2015.02.25 18:00:04.971,0.75395,0.75415,1.15,1.17
2015.02.25 18:00:05.073,0.75395,0.75414,1.10,2.32
2015.02.25 18:00:05.997,0.75395,0.75412,1.00,1.15
2015.02.25 18:00:06.719,0.75392,0.75412,1.15,1.15
2015.02.25 18:00:07.078,0.75392,0.7541,1.15,1.95
2015.02.25 18:00:10.142,0.75395,0.7541,1.00,1.95
2015.02.25 18:00:11.589,0.75401,0.7541,1.00,1.85
2015.02.25 18:00:11.741,0.75405,0.75418,1.00,2.77
2015.02.25 18:00:11.792,0.75405,0.75418,1.00,2.77
2015.02.25 18:00:11.843,0.75406,0.75418,1.10,1.20
2015.02.25 18:00:12.147,0.75406,0.75414,1.87,1.00
2015.02.25 18:00:13.040,0.75407,0.75419,1.87,1.00
2015.02.25 18:00:13.141,0.7541,0.75421,1.00,1.17
2015.02.25 18:00:13.445,0.75412,0.75421,1.00,1.17
2015.02.25 18:00:13.954,0.75412,0.75419,1.00,1.00
2015.02.25 18:00:14.277,0.75408,0.75419,1.87,1.00
2015.02.25 18:00:14.479,0.75411,0.75421,1.12,1.17
2015.02.25 18:00:15.023,0.75411,0.75419,1.12,1.00
2015.02.25 18:00:18.102,0.75412,0.75426,1.07,2.70
2015.02.25 18:00:18.203,0.75415,0.75427,1.12,2.70
2015.02.25 18:00:18.406,0.75419,0.75436,3.00,1.15
2015.02.25 18:00:18.457,0.75419,0.75432,3.00,1.12
2015.02.25 18:00:18.801,0.75419,0.75431,3.00,3.37
2015.02.25 18:00:19.872,0.75423,0.75431,1.00,1.12
2015.02.25 18:00:19.922,0.75423,0.75431,1.00,1.05
2015.02.25 18:00:19.973,0.75429,0.75435,3.07,1.05
2015.02.25 18:00:20.025,0.75432,0.75441,1.00,1.16
2015.02.25 18:00:20.077,0.75432,0.75439,1.00,1.10
2015.02.25 18:00:20.383,0.75421,0.75433,1.20,2.32
2015.02.25 18:00:20.895,0.75421,0.75433,1.20,2.25
2015.02.25 18:00:20.946,0.75431,0.75441,1.00,2.32
2015.02.25 18:00:20.997,0.75428,0.75441,2.32,2.25
2015.02.25 18:00:21.048,0.75428,0.75444,1.25,1.00
2015.02.25 18:00:21.100,0.75425,0.75435,3.22,2.25
2015.02.25 18:00:21.252,0.75426,0.75441,1.12,1.17
2015.02.25 18:00:21.303,0.75422,0.75436,1.95,1.00
2015.02.25 18:00:21.844,0.75422,0.75438,1.87,1.15
2015.02.25 18:00:21.946,0.75422,0.75438,2.62,1.17
2015.02.25 18:00:21.997,0.75428,0.75442,1.00,3.30
2015.02.25 18:00:22.048,0.75428,0.75442,1.10,1.45
2015.02.25 18:00:22.302,0.7543,0.75444,1.00,2.25
2015.02.25 18:00:22.354,0.7543,0.75448,1.10,1.15
2015.02.25 18:00:22.408,0.75432,0.75449,1.00,2.32
2015.02.25 18:00:22.459,0.75432,0.7545,1.00,1.15
2015.02.25 18:00:22.917,0.75435,0.75451,1.00,1.15
2015.02.25 18:00:24.173,0.75435,0.75451,1.00,1.15
2015.02.25 18:00:25.412,0.7544,0.75454,1.00,3.11
2015.02.25 18:00:25.463,0.7544,0.75456,1.00,5.66
2015.02.25 18:00:25.919,0.75442,0.75455,1.00,2.74
2015.02.25 18:00:26.020,0.75439,0.75454,1.00,2.74
2015.02.25 18:00:26.447,0.75439,0.75452,1.00,2.74
2015.02.25 18:00:27.028,0.75439,0.75453,1.00,2.74
2015.02.25 18:00:27.332,0.75434,0.75442,1.00,1.00
2015.02.25 18:00:27.383,0.75434,0.7545,1.00,1.15
2015.02.25 18:00:27.434,0.75436,0.75451,1.00,2.70
2015.02.25 18:00:27.739,0.75436,0.75449,1.00,2.32
2015.02.25 18:00:27.942,0.75438,0.75453,1.00,2.70
2015.02.25 18:00:28.044,0.75436,0.75453,1.00,2.70
2015.02.25 18:00:29.169,0.75436,0.75451,1.00,2.32
2015.02.25 18:00:29.678,0.75437,0.7545,1.00,2.32
2015.02.25 18:00:30.238,0.75439,0.7545,1.00,2.32
2015.02.25 18:00:30.289,0.75439,0.75452,1.00,2.70
2015.02.25 18:00:30.340,0.75439,0.75454,1.00,4.87
2015.02.25 18:00:30.442,0.75437,0.75454,1.00,5.62
2015.02.25 18:00:30.493,0.75437,0.75449,1.00,2.32
2015.02.25 18:00:30.645,0.75435,0.75449,1.00,2.32
2015.02.25 18:00:31.147,0.75439,0.75449,1.00,2.32
2015.02.25 18:00:31.198,0.75439,0.75451,1.00,2.70
2015.02.25 18:00:31.249,0.75439,0.75454,1.00,2.70
2015.02.25 18:00:31.350,0.75441,0.75454,1.00,2.70
2015.02.25 18:00:31.553,0.75436,0.7545,1.20,1.17
2015.02.25 18:00:31.604,0.75436,0.7545,1.20,1.17
2015.02.25 18:00:31.908,0.75436,0.75445,1.00,1.10
2015.02.25 18:00:31.959,0.75432,0.75444,1.50,1.00
2015.02.25 18:00:32.060,0.75434,0.75445,1.50,1.57
2015.02.25 18:00:32.162,0.75432,0.75448,1.50,1.27
2015.02.25 18:00:32.465,0.75434,0.75447,1.00,1.25
2015.02.25 18:00:32.870,0.75434,0.75443,1.00,1.00
2015.02.25 18:00:33.173,0.75432,0.75443,1.00,1.57
2015.02.25 18:00:33.378,0.75429,0.75441,1.87,1.07
2015.02.25 18:00:33.479,0.75429,0.75442,1.10,1.42
2015.02.25 18:00:33.581,0.75432,0.75442,1.00,1.27
2015.02.25 18:00:33.682,0.75429,0.75444,1.00,4.76
2015.02.25 18:00:33.884,0.75428,0.75441,1.00,1.10
2015.02.25 18:00:34.390,0.75428,0.75443,1.87,1.80
2015.02.25 18:00:34.593,0.75428,0.75443,2.25,1.55
2015.02.25 18:00:34.897,0.75424,0.7544,1.20,1.65
2015.02.25 18:00:35.901,0.75424,0.75439,1.10,1.15
2015.02.25 18:00:39.016,0.75423,0.75436,1.07,1.45
2015.02.25 18:00:39.118,0.75423,0.75437,1.95,1.17
2015.02.25 18:00:39.625,0.75423,0.75438,1.57,1.15
2015.02.25 18:00:41.273,0.75427,0.75438,1.00,1.27
2015.02.25 18:00:41.426,0.7543,0.75442,1.00,1.12
2015.02.25 18:00:42.623,0.75431,0.75445,1.00,1.05
2015.02.25 18:00:42.725,0.75434,0.75448,1.00,2.40
2015.02.25 18:00:43.298,0.75431,0.75447,1.20,1.35
2015.02.25 18:00:43.879,0.7543,0.75443,2.02,1.00
2015.02.25 18:00:44.407,0.75432,0.75443,1.00,1.00
2015.02.25 18:00:46.168,0.75428,0.75443,1.10,1.20
2015.02.25 18:00:46.720,0.75428,0.75443,1.20,1.20
2015.02.25 18:00:47.615,0.75428,0.75443,1.20,1.17
2015.02.25 18:00:48.125,0.75428,0.75443,1.10,1.27
2015.02.25 18:00:48.380,0.75427,0.75441,1.12,1.37
2015.02.25 18:00:48.584,0.75424,0.75436,1.00,1.00
2015.02.25 18:00:49.568,0.75426,0.75436,1.00,1.00
2015.02.25 18:00:49.618,0.75426,0.75438,1.00,1.00
2015.02.25 18:00:49.720,0.75427,0.75436,1.00,1.00
2015.02.25 18:00:49.913,0.75423,0.75436,1.95,1.10
2015.02.25 18:00:50.419,0.75423,0.75435,1.87,1.00
2015.02.25 18:00:53.928,0.75423,0.75429,1.12,1.00
2015.02.25 18:00:54.232,0.75422,0.75434,1.37,1.65
2015.02.25 18:00:54.334,0.75422,0.75434,1.37,1.10
2015.02.25 18:00:57.173,0.75422,0.75434,1.37,1.65
2015.02.25 18:00:57.477,0.75419,0.75428,1.95,1.10
2015.02.25 18:00:59.834,0.75419,0.75431,1.87,1.07
2015.02.25 18:01:00.296,0.75422,0.75432,4.12,1.87
2015.02.25 18:01:01.061,0.75423,0.75434,1.37,1.10
2015.02.25 18:01:01.163,0.75423,0.75437,1.85,1.00
2015.02.25 18:01:01.214,0.75428,0.75439,1.00,1.10
2015.02.25 18:01:01.315,0.75429,0.75441,1.00,1.10
2015.02.25 18:01:01.856,0.75428,0.7544,1.00,1.00
2015.02.25 18:01:02.059,0.7543,0.7544,1.00,1.07
2015.02.25 18:01:02.161,0.75431,0.75443,1.00,1.00
2015.02.25 18:01:02.414,0.75427,0.75441,1.10,1.00
2015.02.25 18:01:02.566,0.75425,0.7544,2.32,1.17
2015.02.25 18:01:02.870,0.75425,0.75439,1.37,1.15
2015.02.25 18:01:03.375,0.75425,0.75435,1.00,1.00
2015.02.25 18:01:04.164,0.75425,0.75437,1.00,1.10
2015.02.25 18:01:04.570,0.75425,0.75438,1.50,1.15
2015.02.25 18:01:04.916,0.75424,0.75434,1.12,1.52
2015.02.25 18:01:06.403,0.75427,0.75434,1.00,1.52
2015.02.25 18:01:06.555,0.75427,0.75434,1.00,1.10
2015.02.25 18:01:06.860,0.75429,0.75441,1.00,2.70
2015.02.25 18:01:07.366,0.75433,0.75443,1.00,2.81
2015.02.25 18:01:07.569,0.75435,0.7545,1.00,2.32
2015.02.25 18:01:07.973,0.75433,0.75448,1.00,2.32
2015.02.25 18:01:08.554,0.75433,0.75447,1.00,2.62
2015.02.25 18:01:08.605,0.75426,0.75444,2.10,1.45
2015.02.25 18:01:08.707,0.75426,0.75441,1.37,2.32
2015.02.25 18:01:09.216,0.75428,0.75442,1.37,2.62
2015.02.25 18:01:10.300,0.7543,0.75442,1.00,2.62
2015.02.25 18:01:10.865,0.7543,0.75443,1.00,2.62
2015.02.25 18:01:11.490,0.75432,0.75443,1.00,2.62
2015.02.25 18:01:13.016,0.75425,0.75443,1.87,3.37
2015.02.25 18:01:13.067,0.75425,0.75443,1.95,1.45
2015.02.25 18:01:13.421,0.75433,0.75446,1.00,2.62
2015.02.25 18:01:14.139,0.75431,0.75446,1.00,2.62
2015.02.25 18:01:14.241,0.75427,0.75443,1.37,1.45
2015.02.25 18:01:15.113,0.75433,0.75446,1.00,2.62
2015.02.25 18:01:15.418,0.7543,0.75437,1.00,1.00
2015.02.25 18:01:16.398,0.7543,0.75437,1.00,1.37
2015.02.25 18:01:16.449,0.75427,0.75434,1.00,1.00
2015.02.25 18:01:16.703,0.75425,0.75434,1.00,1.50
2015.02.25 18:01:17.219,0.75425,0.75434,1.00,1.12
2015.02.25 18:01:17.372,0.7542,0.75428,1.15,1.00
2015.02.25 18:01:17.423,0.75418,0.75428,1.15,1.00
2015.02.25 18:01:17.474,0.75418,0.75428,1.00,1.37
2015.02.25 18:01:17.576,0.75415,0.75425,1.00,1.37
2015.02.25 18:01:17.678,0.75412,0.75425,1.07,1.75
2015.02.25 18:01:17.729,0.75413,0.75425,1.10,1.75
2015.02.25 18:01:17.780,0.75413,0.75425,1.00,1.50
2015.02.25 18:01:17.932,0.75416,0.75425,1.00,1.45
2015.02.25 18:01:18.185,0.75416,0.75426,1.00,1.27
2015.02.25 18:01:18.337,0.75416,0.75423,1.00,1.00
2015.02.25 18:01:18.540,0.75413,0.75423,1.00,1.00
2015.02.25 18:01:18.845,0.75415,0.75423,1.00,1.00
2015.02.25 18:01:18.896,0.75415,0.75425,1.00,1.00
2015.02.25 18:01:19.285,0.75415,0.75425,1.00,1.57
2015.02.25 18:01:19.337,0.7541,0.75425,1.07,3.52
2015.02.25 18:01:19.388,0.7541,0.75423,1.00,2.70
2015.02.25 18:01:19.440,0.75407,0.75423,1.00,2.70
2015.02.25 18:01:19.492,0.75407,0.75424,1.00,1.27
2015.02.25 18:01:19.644,0.75409,0.75424,1.00,1.27
2015.02.25 18:01:20.106,0.75409,0.75422,1.00,1.20
2015.02.25 18:01:20.309,0.75409,0.75422,1.00,1.27
2015.02.25 18:01:20.360,0.75404,0.75422,1.10,2.02
2015.02.25 18:01:20.411,0.75404,0.75418,1.10,2.62
2015.02.25 18:01:20.462,0.75402,0.75418,1.00,4.87
2015.02.25 18:01:20.563,0.75404,0.75419,1.00,5.25
2015.02.25 18:01:20.867,0.75404,0.75416,1.00,1.27
2015.02.25 18:01:21.098,0.75406,0.7542,1.00,1.27
2015.02.25 18:01:21.148,0.75408,0.75421,1.00,3.45
2015.02.25 18:01:21.199,0.75408,0.75421,1.00,1.27
2015.02.25 18:01:21.742,0.75412,0.75422,1.00,1.62
2015.02.25 18:01:21.844,0.75413,0.75423,1.00,1.15
2015.02.25 18:01:21.945,0.75413,0.75423,1.00,1.55
2015.02.25 18:01:22.047,0.75416,0.75424,1.00,1.00
2015.02.25 18:01:22.148,0.75414,0.75424,1.00,1.00
2015.02.25 18:01:22.401,0.75408,0.75417,1.15,1.00
2015.02.25 18:01:22.658,0.75413,0.75422,1.00,1.37
2015.02.25 18:01:23.837,0.75413,0.75425,1.07,1.87
2015.02.25 18:01:23.888,0.75418,0.75425,1.00,1.50
2015.02.25 18:01:23.990,0.75421,0.75425,1.00,1.00
2015.02.25 18:01:24.395,0.75418,0.75428,1.00,1.37
2015.02.25 18:01:24.496,0.75422,0.75428,1.00,1.00
2015.02.25 18:01:24.671,0.75416,0.75428,1.07,1.37
2015.02.25 18:01:24.722,0.75416,0.7542,1.00,1.00
2015.02.25 18:01:25.229,0.75416,0.7542,1.00,1.00
2015.02.25 18:01:25.381,0.75412,0.75418,1.17,1.00
2015.02.25 18:01:25.483,0.75416,0.75427,1.00,1.07
2015.02.25 18:01:26.100,0.75416,0.75428,1.00,1.95
2015.02.25 18:01:27.124,0.75417,0.75422,1.00,1.37
2015.02.25 18:01:27.479,0.75414,0.75422,1.00,1.37
2015.02.25 18:01:27.580,0.75416,0.75422,1.00,1.37
2015.02.25 18:01:27.682,0.75413,0.75422,1.10,1.37
2015.02.25 18:01:27.986,0.75416,0.75422,1.00,1.37
2015.02.25 18:01:28.341,0.75416,0.75425,1.07,1.37
2015.02.25 18:01:28.392,0.75421,0.75428,1.00,2.92
2015.02.25 18:01:28.697,0.75424,0.75431,1.00,1.50
2015.02.25 18:01:28.798,0.75426,0.75432,1.00,1.00
2015.02.25 18:01:29.305,0.75427,0.75432,1.00,1.00
2015.02.25 18:01:29.710,0.75429,0.75435,1.00,1.00
2015.02.25 18:01:30.057,0.75421,0.75429,1.15,1.00
2015.02.25 18:01:30.209,0.75427,0.75434,1.00,1.00
2015.02.25 18:01:31.424,0.75425,0.7543,1.00,1.00
2015.02.25 18:01:31.528,0.75422,0.7543,1.00,1.00
2015.02.25 18:01:31.630,0.75425,0.7543,1.00,1.00
2015.02.25 18:01:31.934,0.75426,0.75435,1.00,1.00
2015.02.25 18:01:32.486,0.75423,0.7543,1.00,1.00
2015.02.25 18:01:32.588,0.75421,0.7543,1.00,1.00
2015.02.25 18:01:32.894,0.75418,0.7543,1.00,1.27
2015.02.25 18:01:33.603,0.75424,0.7543,1.00,1.00
2015.02.25 18:01:33.908,0.75427,0.75431,1.00,1.00
2015.02.25 18:01:34.427,0.75421,0.7543,1.15,1.00
2015.02.25 18:01:34.741,0.75421,0.75428,1.15,1.00
2015.02.25 18:01:35.348,0.75427,0.75437,1.07,1.00
2015.02.25 18:01:35.399,0.75431,0.75437,1.00,1.95
2015.02.25 18:01:35.602,0.75432,0.7544,1.00,1.00
2015.02.25 18:01:35.704,0.75433,0.75446,1.00,2.55
2015.02.25 18:01:36.011,0.75439,0.75451,1.00,3.45
2015.02.25 18:01:36.112,0.75433,0.75451,1.00,3.45
2015.02.25 18:01:36.316,0.75437,0.75455,1.00,2.70
2015.02.25 18:01:36.620,0.75441,0.7546,1.07,2.70
2015.02.25 18:01:36.925,0.75443,0.75451,1.00,1.00
2015.02.25 18:01:37.637,0.75443,0.75456,1.00,1.52
2015.02.25 18:01:38.144,0.75437,0.75446,1.15,1.00
2015.02.25 18:01:38.655,0.75442,0.75446,1.00,1.00
2015.02.25 18:01:38.808,0.75442,0.75452,1.00,1.37
2015.02.25 18:01:38.859,0.75442,0.75452,1.00,1.00
2015.02.25 18:01:38.961,0.75442,0.7546,1.00,3.45
2015.02.25 18:01:39.532,0.75443,0.7546,1.00,2.32
2015.02.25 18:01:43.619,0.75437,0.75446,1.15,1.00
2015.02.25 18:01:44.410,0.75443,0.75448,1.00,1.37
2015.02.25 18:01:44.461,0.75441,0.75449,1.00,1.75
2015.02.25 18:01:44.563,0.75438,0.75443,1.17,1.00
2015.02.25 18:01:44.665,0.75435,0.75443,1.00,1.37
2015.02.25 18:01:45.111,0.75434,0.75438,1.00,1.00
2015.02.25 18:01:45.415,0.75428,0.75436,1.15,1.00
2015.02.25 18:01:45.466,0.7543,0.75436,1.00,1.00
2015.02.25 18:01:45.568,0.75426,0.75436,1.00,1.15
2015.02.25 18:01:45.669,0.75426,0.75434,1.00,1.17
2015.02.25 18:01:45.872,0.75424,0.75435,1.00,1.27
2015.02.25 18:01:46.380,0.75419,0.75436,1.00,1.25
2015.02.25 18:01:46.483,0.75419,0.75434,1.00,2.32
2015.02.25 18:01:46.789,0.75424,0.75436,1.00,1.65
2015.02.25 18:01:47.093,0.75426,0.75436,1.00,1.27
2015.02.25 18:01:47.407,0.75428,0.75436,1.00,1.00
2015.02.25 18:01:47.837,0.75428,0.75433,1.00,1.00
2015.02.25 18:01:48.091,0.75424,0.75433,1.00,1.20
2015.02.25 18:01:48.348,0.75424,0.75429,1.00,1.00
2015.02.25 18:01:48.608,0.75424,0.75432,1.00,1.15
2015.02.25 18:01:48.912,0.75422,0.75432,1.00,1.15
2015.02.25 18:01:49.014,0.75427,0.75432,1.00,1.00
2015.02.25 18:01:49.166,0.75427,0.75437,1.00,1.65
2015.02.25 18:01:49.217,0.75429,0.75437,1.00,1.65
2015.02.25 18:01:49.268,0.75429,0.75437,1.00,1.57
2015.02.25 18:01:49.320,0.75431,0.75437,1.00,1.57
2015.02.25 18:01:49.421,0.75433,0.7544,1.00,1.00
2015.02.25 18:01:49.473,0.75436,0.7544,1.00,1.00
2015.02.25 18:01:50.022,0.75436,0.75441,1.00,1.00
2015.02.25 18:01:51.357,0.75436,0.75442,1.00,1.00
2015.02.25 18:01:52.167,0.75436,0.75445,1.00,1.20
2015.02.25 18:01:52.320,0.75438,0.75445,1.00,1.00
2015.02.25 18:01:52.825,0.75438,0.75446,1.00,1.00
2015.02.25 18:01:54.200,0.75433,0.75446,1.47,1.52
2015.02.25 18:01:54.606,0.75429,0.75441,1.00,1.00
2015.02.25 18:01:54.707,0.75432,0.75441,1.00,1.65
2015.02.25 18:01:55.011,0.75435,0.75443,1.00,1.15
2015.02.25 18:01:55.112,0.75435,0.75444,1.00,1.65
2015.02.25 18:01:55.517,0.75437,0.75444,1.00,1.65
2015.02.25 18:01:55.619,0.75432,0.75442,1.00,1.00
2015.02.25 18:01:55.669,0.75432,0.7544,1.00,1.00
2015.02.25 18:01:55.973,0.75433,0.75439,1.00,1.00
2015.02.25 18:01:57.247,0.7543,0.75439,1.00,1.50
2015.02.25 18:01:57.613,0.75432,0.75439,1.00,1.50
2015.02.25 18:01:57.920,0.7543,0.75439,1.00,1.10
2015.02.25 18:01:58.439,0.7543,0.75438,1.00,1.00
2015.02.25 18:01:58.556,0.75433,0.75438,1.00,1.00
2015.02.25 18:01:58.658,0.75432,0.75443,1.00,1.65
2015.02.25 18:01:59.176,0.75433,0.75439,1.00,1.00
2015.02.25 18:01:59.531,0.75435,0.75443,1.00,1.15
2015.02.25 18:02:00.154,0.75431,0.7544,1.00,1.00
2015.02.25 18:02:00.306,0.75431,0.75437,1.00,1.00
2015.02.25 18:02:00.812,0.75431,0.75438,1.00,1.00
2015.02.25 18:02:00.914,0.75433,0.75441,1.00,1.50
2015.02.25 18:02:00.965,0.75433,0.75438,1.00,1.00
2015.02.25 18:02:01.067,0.7543,0.75438,1.00,1.00
2015.02.25 18:02:01.587,0.7543,0.75437,1.00,1.00
2015.02.25 18:02:01.689,0.7543,0.75434,1.00,1.00
2015.02.25 18:02:02.574,0.75428,0.75434,1.00,1.00
2015.02.25 18:02:02.726,0.75428,0.75437,1.00,1.00
2015.02.25 18:02:02.878,0.75431,0.75437,1.00,1.00
2015.02.25 18:02:02.930,0.75432,0.75439,1.00,1.10
2015.02.25 18:02:03.032,0.75433,0.75441,1.00,1.00
2015.02.25 18:02:05.127,0.75433,0.75443,1.00,1.65
2015.02.25 18:02:05.690,0.75433,0.75441,1.00,1.00
2015.02.25 18:02:05.847,0.75435,0.75441,1.00,1.00
2015.02.25 18:02:06.353,0.75435,0.75443,1.00,1.65
2015.02.25 18:02:07.777,0.75437,0.75443,1.00,1.15
2015.02.25 18:02:08.290,0.75437,0.75443,1.00,1.00
2015.02.25 18:02:09.640,0.75437,0.75445,1.00,1.17
2015.02.25 18:02:10.154,0.75437,0.75445,1.00,1.10
2015.02.25 18:02:10.686,0.75437,0.75445,1.00,1.17
2015.02.25 18:02:11.498,0.75433,0.75442,1.37,1.20
2015.02.25 18:02:12.020,0.75435,0.75442,1.00,1.12
2015.02.25 18:02:12.325,0.75434,0.7544,1.00,1.00
2015.02.25 18:02:12.731,0.75434,0.75438,1.00,1.00
2015.02.25 18:02:12.934,0.75434,0.7544,1.00,1.10
2015.02.25 18:02:13.440,0.75433,0.7544,1.00,1.10
2015.02.25 18:02:13.491,0.75436,0.75443,1.00,1.52
2015.02.25 18:02:13.592,0.75433,0.75441,1.00,1.17
2015.02.25 18:02:13.896,0.75435,0.75441,1.00,1.25
2015.02.25 18:02:14.150,0.75437,0.75446,1.10,1.00
2015.02.25 18:02:14.200,0.75441,0.75446,1.00,1.00
2015.02.25 18:02:14.403,0.75439,0.75446,1.00,1.00
2015.02.25 18:02:15.114,0.75434,0.7544,1.10,1.07
2015.02.25 18:02:15.417,0.75433,0.75437,1.00,1.10
2015.02.25 18:02:15.720,0.75428,0.75437,1.50,1.27
2015.02.25 18:02:17.865,0.75428,0.75434,1.00,1.00
2015.02.25 18:02:18.418,0.75429,0.75434,1.00,1.12
2015.02.25 18:02:21.350,0.75426,0.75434,1.00,1.37
2015.02.25 18:02:21.401,0.75424,0.75433,1.00,1.45
2015.02.25 18:02:24.899,0.75424,0.75433,1.00,1.47
2015.02.25 18:02:25.339,0.75426,0.75434,1.00,1.55
2015.02.25 18:02:25.448,0.75424,0.75434,1.00,1.55
2015.02.25 18:02:26.953,0.75424,0.75432,1.00,1.20
2015.02.25 18:02:27.562,0.75423,0.75432,1.00,1.57
2015.02.25 18:02:28.037,0.75426,0.75434,1.00,1.55
2015.02.25 18:02:28.556,0.75425,0.75434,1.00,1.52
2015.02.25 18:02:33.074,0.75422,0.75431,1.00,1.20
2015.02.25 18:02:33.686,0.75421,0.75431,1.00,1.20
2015.02.25 18:02:34.584,0.75423,0.75432,1.00,1.17
2015.02.25 18:02:36.547,0.75422,0.75432,1.00,1.17
2015.02.25 18:02:36.850,0.75424,0.75432,1.00,1.00
2015.02.25 18:02:38.099,0.75424,0.75431,1.00,1.00
2015.02.25 18:02:38.646,0.75424,0.75432,1.00,1.00
2015.02.25 18:02:39.192,0.75425,0.75432,1.00,1.10
2015.02.25 18:02:41.401,0.75424,0.75432,1.00,1.12
2015.02.25 18:02:41.717,0.75424,0.75432,1.00,1.27
2015.02.25 18:02:42.788,0.75424,0.75432,1.00,1.20
2015.02.25 18:02:43.836,0.75424,0.7543,1.00,1.00
2015.02.25 18:02:43.887,0.75422,0.7543,1.00,1.00
2015.02.25 18:02:43.989,0.7542,0.75429,1.00,1.00
2015.02.25 18:02:44.191,0.75416,0.75426,1.00,1.10
2015.02.25 18:02:44.293,0.75416,0.75426,1.00,1.17
2015.02.25 18:02:44.496,0.75414,0.75424,1.00,1.00
2015.02.25 18:02:44.597,0.75412,0.7542,1.00,1.00
2015.02.25 18:02:44.699,0.75412,0.75422,1.00,1.00
2015.02.25 18:02:45.383,0.75412,0.7542,1.00,1.00
2015.02.25 18:02:45.793,0.75407,0.7542,1.65,1.00
2015.02.25 18:02:45.844,0.75407,0.75417,1.15,1.00
2015.02.25 18:02:46.214,0.75407,0.75415,1.00,1.00
2015.02.25 18:02:46.366,0.75407,0.75417,1.00,1.10
2015.02.25 18:02:46.623,0.75405,0.75417,1.00,1.10
2015.02.25 18:02:47.313,0.75405,0.75417,1.00,1.07
2015.02.25 18:02:48.671,0.75405,0.75415,1.00,1.00
2015.02.25 18:02:48.925,0.75407,0.7542,1.00,1.10
2015.02.25 18:02:49.026,0.75407,0.75418,1.00,1.00
2015.02.25 18:02:49.330,0.7541,0.75424,1.00,1.25
2015.02.25 18:02:49.533,0.75407,0.75423,1.00,1.52
2015.02.25 18:02:50.083,0.75407,0.75423,1.00,2.85
2015.02.25 18:02:50.185,0.75406,0.75421,1.00,2.32
2015.02.25 18:02:50.692,0.75406,0.7542,1.00,2.70
2015.02.25 18:02:50.845,0.75403,0.7542,1.50,2.32
2015.02.25 18:02:51.098,0.75403,0.75408,1.00,1.00
2015.02.25 18:02:51.251,0.75398,0.75408,1.10,1.00
2015.02.25 18:02:51.352,0.75394,0.75408,1.20,1.00
2015.02.25 18:02:51.454,0.75396,0.75408,1.00,1.00
2015.02.25 18:02:51.556,0.75394,0.75408,1.10,1.10
2015.02.25 18:02:51.708,0.75397,0.75408,1.00,1.10
2015.02.25 18:02:52.315,0.75395,0.75408,1.00,1.00
2015.02.25 18:02:52.418,0.75397,0.75408,1.00,1.00
2015.02.25 18:02:52.925,0.75398,0.75408,1.00,1.00
2015.02.25 18:02:53.261,0.754,0.75408,1.00,1.00
2015.02.25 18:02:53.820,0.75402,0.75408,1.00,1.00
2015.02.25 18:02:54.321,0.754,0.75407,1.00,1.00
2015.02.25 18:02:55.963,0.75398,0.75407,1.00,1.00
2015.02.25 18:02:56.427,0.754,0.75407,1.00,1.00
2015.02.25 18:02:56.842,0.75396,0.75407,1.00,1.00
2015.02.25 18:02:57.045,0.75398,0.75407,1.00,1.10
2015.02.25 18:02:57.653,0.75399,0.75407,1.00,1.00
2015.02.25 18:02:58.163,0.75398,0.75407,1.00,1.00
2015.02.25 18:02:58.770,0.75399,0.75407,1.00,1.00
2015.02.25 18:02:59.287,0.754,0.75407,1.00,1.00
2015.02.25 18:03:03.078,0.75402,0.75407,1.00,1.00
2015.02.25 18:03:08.600,0.75402,0.75416,1.00,2.70
2015.02.25 18:03:09.108,0.75403,0.75417,1.00,2.32
2015.02.25 18:03:09.796,0.75406,0.75419,1.00,2.70
2015.02.25 18:03:10.100,0.75407,0.75421,1.00,2.70
2015.02.25 18:03:10.648,0.75407,0.75422,1.00,2.70
2015.02.25 18:03:10.699,0.75409,0.75422,1.00,2.70
2015.02.25 18:03:11.241,0.75409,0.75423,1.00,4.87
2015.02.25 18:03:12.618,0.75413,0.7542,1.00,1.00
2015.02.25 18:03:12.954,0.75412,0.75425,1.00,1.17
2015.02.25 18:03:13.055,0.75421,0.75428,1.00,1.15
2015.02.25 18:03:13.310,0.75416,0.75422,1.05,1.00
2015.02.25 18:03:13.512,0.75416,0.75421,1.00,1.00
2015.02.25 18:03:13.563,0.75416,0.75423,1.00,1.00
2015.02.25 18:03:13.614,0.75413,0.75423,1.37,1.00
2015.02.25 18:03:14.120,0.75417,0.75428,1.07,1.15
2015.02.25 18:03:15.857,0.75417,0.75428,1.07,3.07
2015.02.25 18:03:15.958,0.75423,0.75428,1.00,1.10
2015.02.25 18:03:16.072,0.75423,0.75431,1.00,1.10
2015.02.25 18:03:16.173,0.75423,0.75431,1.00,1.27
2015.02.25 18:03:16.224,0.75421,0.75431,1.00,1.27
2015.02.25 18:03:17.154,0.75423,0.75431,1.00,1.65
2015.02.25 18:03:17.660,0.75422,0.75429,1.00,1.20
2015.02.25 18:03:17.711,0.75419,0.75427,1.00,1.00
2015.02.25 18:03:17.762,0.75419,0.75427,1.00,1.17
2015.02.25 18:03:17.814,0.75417,0.75427,1.00,1.17
2015.02.25 18:03:18.843,0.75417,0.75421,1.00,1.00
2015.02.25 18:03:18.944,0.75415,0.75421,1.00,1.00
2015.02.25 18:03:19.601,0.75415,0.75426,1.00,1.27
2015.02.25 18:03:22.849,0.75415,0.75426,1.00,1.20
2015.02.25 18:03:23.051,0.75415,0.75426,1.00,1.65
2015.02.25 18:03:24.379,0.75415,0.75426,1.00,1.20
2015.02.25 18:03:24.480,0.75417,0.75427,1.00,1.15
2015.02.25 18:03:24.785,0.75417,0.75428,1.00,1.20
2015.02.25 18:03:25.042,0.75419,0.75428,1.00,1.20
2015.02.25 18:03:26.562,0.75416,0.75428,1.00,1.20
2015.02.25 18:03:26.613,0.75416,0.75425,1.00,1.00
2015.02.25 18:03:27.080,0.75416,0.7543,1.37,1.15
2015.02.25 18:03:27.385,0.75428,0.75438,1.12,1.27
2015.02.25 18:03:27.910,0.75428,0.75436,1.50,1.17
2015.02.25 18:03:29.138,0.75428,0.75436,1.50,1.17
2015.02.25 18:03:29.495,0.75427,0.75437,1.12,1.15
2015.02.25 18:03:31.919,0.75423,0.7543,1.82,2.17
2015.02.25 18:03:31.971,0.75421,0.7543,3.37,2.32
2015.02.25 18:03:32.073,0.75425,0.75436,1.00,1.15
2015.02.25 18:03:32.302,0.75423,0.75432,1.12,2.66
2015.02.25 18:03:32.456,0.75421,0.75429,1.87,1.17
2015.02.25 18:03:32.712,0.75421,0.75428,1.12,1.00
2015.02.25 18:03:33.220,0.7542,0.75431,1.05,2.32
2015.02.25 18:03:33.371,0.75418,0.75431,1.57,2.32
2015.02.25 18:03:34.003,0.75416,0.75428,1.05,2.70
2015.02.25 18:03:34.358,0.75417,0.7543,1.12,2.32
2015.02.25 18:03:35.551,0.75419,0.7543,1.10,2.32
2015.02.25 18:03:35.704,0.75421,0.7543,1.00,2.32
2015.02.25 18:03:36.387,0.75421,0.75427,1.00,1.57
2015.02.25 18:03:36.438,0.75419,0.75427,1.10,1.10
2015.02.25 18:03:36.691,0.75419,0.75427,1.00,1.07
2015.02.25 18:03:36.742,0.75417,0.75427,1.00,2.32
2015.02.25 18:03:37.148,0.75417,0.75425,1.00,1.57
2015.02.25 18:03:37.301,0.75413,0.75421,1.00,1.17
2015.02.25 18:03:37.352,0.75413,0.75421,1.00,1.55
2015.02.25 18:03:37.403,0.75407,0.75416,1.12,1.00
2015.02.25 18:03:37.916,0.75407,0.75416,1.00,1.27
2015.02.25 18:03:38.426,0.75407,0.75416,1.00,1.10
2015.02.25 18:03:38.528,0.75401,0.75416,1.00,1.10
2015.02.25 18:03:38.579,0.75401,0.75416,1.00,1.85
2015.02.25 18:03:38.883,0.75403,0.75412,1.00,1.00
2015.02.25 18:03:39.405,0.75405,0.75412,1.00,1.00
2015.02.25 18:03:39.507,0.75405,0.75414,1.00,1.00
2015.02.25 18:03:40.615,0.75407,0.75414,1.00,1.00
2015.02.25 18:03:40.717,0.75407,0.75416,1.00,1.00
2015.02.25 18:03:41.042,0.75409,0.75416,1.00,1.12
2015.02.25 18:03:41.346,0.75409,0.75419,1.00,1.20
2015.02.25 18:03:41.866,0.75409,0.75421,1.00,2.02
2015.02.25 18:03:42.018,0.75412,0.75421,1.00,1.15
2015.02.25 18:03:42.227,0.75409,0.75419,1.00,1.15
2015.02.25 18:03:43.617,0.75409,0.75419,1.37,1.07
2015.02.25 18:03:43.719,0.75411,0.75423,1.00,1.15
2015.02.25 18:03:44.125,0.75413,0.75426,1.00,1.15
2015.02.25 18:03:44.227,0.75411,0.75424,1.00,1.17
2015.02.25 18:03:44.735,0.75411,0.7542,1.00,1.00
2015.02.25 18:03:44.887,0.75411,0.75429,1.00,3.07
2015.02.25 18:03:45.141,0.7541,0.75427,1.00,2.32
2015.02.25 18:03:46.949,0.75407,0.75424,1.00,2.32
2015.02.25 18:03:47.101,0.75407,0.75426,1.10,2.32
2015.02.25 18:03:49.030,0.75407,0.75428,1.10,4.50
2015.02.25 18:03:51.326,0.75407,0.75426,1.00,2.32
2015.02.25 18:03:52.958,0.75406,0.75424,1.00,2.70
2015.02.25 18:03:53.315,0.75406,0.75426,1.00,2.70
2015.02.25 18:03:53.468,0.75408,0.75426,1.00,2.70
2015.02.25 18:03:54.862,0.75406,0.75426,1.00,3.07
2015.02.25 18:03:54.964,0.75407,0.75424,1.00,2.32
2015.02.25 18:03:55.371,0.75409,0.75426,1.00,3.07
2015.02.25 18:03:55.676,0.75411,0.75427,1.00,2.70
2015.02.25 18:03:56.291,0.75409,0.75427,1.00,3.45
2015.02.25 18:03:56.495,0.75412,0.75427,1.00,3.07
2015.02.25 18:03:56.597,0.75412,0.75428,1.00,1.52
2015.02.25 18:03:56.902,0.75416,0.75429,1.00,2.70
2015.02.25 18:03:56.953,0.75416,0.75433,1.00,3.07
2015.02.25 18:03:57.004,0.75418,0.75433,1.00,3.07
2015.02.25 18:03:58.520,0.75418,0.75432,1.00,2.70
2015.02.25 18:04:02.490,0.75419,0.75432,1.00,2.70
2015.02.25 18:04:06.003,0.75419,0.75431,1.00,2.55
2015.02.25 18:04:07.447,0.75417,0.75431,1.00,5.10
2015.02.25 18:04:07.498,0.75417,0.75429,1.00,2.32
2015.02.25 18:04:07.549,0.75412,0.75428,1.00,1.15
2015.02.25 18:04:07.600,0.75412,0.75427,1.00,2.70
2015.02.25 18:04:08.107,0.75413,0.75427,1.00,2.32
2015.02.25 18:04:08.651,0.75412,0.75428,1.50,4.87
2015.02.25 18:04:09.692,0.75414,0.7543,1.00,2.70
2015.02.25 18:04:10.308,0.75414,0.75431,1.00,2.70
2015.02.25 18:04:11.684,0.75414,0.75429,1.00,2.70
2015.02.25 18:04:11.785,0.75412,0.75429,1.50,4.87
2015.02.25 18:04:17.084,0.75414,0.75429,1.00,4.87
2015.02.25 18:04:17.842,0.75414,0.7543,1.50,2.32
2015.02.25 18:04:18.538,0.75414,0.75428,1.00,2.70
2015.02.25 18:04:23.146,0.75412,0.75427,1.00,1.27
2015.02.25 18:04:23.197,0.75415,0.75427,1.00,2.02
2015.02.25 18:04:23.502,0.75415,0.75427,1.00,4.20
2015.02.25 18:04:23.706,0.75404,0.75422,3.07,1.50
2015.02.25 18:04:23.757,0.75404,0.75421,1.07,2.62
2015.02.25 18:04:23.808,0.75403,0.75419,1.00,1.52
2015.02.25 18:04:23.859,0.75403,0.75419,1.00,3.45
2015.02.25 18:04:24.011,0.754,0.75418,1.12,1.65
2015.02.25 18:04:24.542,0.75399,0.75415,1.00,1.52
2015.02.25 18:04:25.045,0.75399,0.75415,1.00,1.15
2015.02.25 18:04:25.637,0.75399,0.75415,1.00,1.15
2015.02.25 18:04:26.325,0.75396,0.75414,1.10,1.65
2015.02.25 18:04:27.504,0.75396,0.75414,1.00,1.52
2015.02.25 18:04:32.762,0.75396,0.75412,1.00,2.70
2015.02.25 18:04:32.864,0.75392,0.7541,1.00,1.52
2015.02.25 18:04:34.370,0.7539,0.75408,1.10,1.15
2015.02.25 18:04:34.573,0.7539,0.75408,1.00,1.52
2015.02.25 18:04:36.176,0.75393,0.75409,1.00,5.62
2015.02.25 18:04:36.278,0.75393,0.75409,1.00,1.52
2015.02.25 18:04:40.453,0.75388,0.7541,1.15,1.52
2015.02.25 18:04:40.971,0.75394,0.7541,1.00,1.27
2015.02.25 18:04:41.494,0.75395,0.75413,1.10,1.52
2015.02.25 18:04:49.254,0.75395,0.75413,1.00,3.82
2015.02.25 18:04:49.305,0.75393,0.75411,1.00,1.52
2015.02.25 18:04:49.407,0.75391,0.75409,1.10,1.27
2015.02.25 18:04:50.066,0.75391,0.75409,1.17,1.17
2015.02.25 18:04:50.218,0.75394,0.75412,1.00,1.27
2015.02.25 18:04:50.533,0.75396,0.75412,1.00,1.27
2015.02.25 18:04:50.837,0.75396,0.75412,1.00,3.45
2015.02.25 18:04:51.069,0.75393,0.75411,1.10,1.25
2015.02.25 18:04:57.590,0.75394,0.75411,1.00,1.62
2015.02.25 18:04:57.641,0.75397,0.75412,1.00,3.45
2015.02.25 18:04:57.793,0.754,0.75412,1.00,1.15
2015.02.25 18:04:58.046,0.754,0.75414,1.00,1.35
2015.02.25 18:04:58.571,0.754,0.75414,1.50,1.35
2015.02.25 18:04:59.077,0.754,0.75414,1.50,1.35
2015.02.25 18:05:02.405,0.75401,0.75411,1.00,1.27
2015.02.25 18:05:02.506,0.75401,0.75411,1.00,2.02
2015.02.25 18:05:02.810,0.754,0.75406,1.00,1.10
2015.02.25 18:05:03.114,0.75392,0.75406,1.57,1.87
2015.02.25 18:05:06.482,0.75395,0.75405,1.00,1.47
2015.02.25 18:05:06.705,0.75395,0.75404,1.00,2.40
2015.02.25 18:05:06.908,0.75393,0.75402,1.00,1.27
2015.02.25 18:05:07.009,0.75393,0.75402,1.00,1.27
2015.02.25 18:05:48.755,0.75393,0.75402,1.00,1.20
2015.02.25 18:06:00.266,0.75393,0.75403,1.00,2.10
2015.02.25 18:06:00.368,0.75391,0.75398,1.00,1.00
2015.02.25 18:06:00.419,0.75391,0.75403,1.00,1.72
2015.02.25 18:06:00.470,0.75394,0.75403,1.00,1.17
2015.02.25 18:06:00.789,0.75396,0.75404,1.00,1.00
2015.02.25 18:06:00.840,0.75398,0.75407,1.00,1.00
2015.02.25 18:06:02.083,0.75398,0.75405,1.00,1.00
2015.02.25 18:06:13.082,0.75398,0.75406,1.00,1.00
2015.02.25 18:06:13.183,0.75398,0.75409,1.00,1.12
2015.02.25 18:06:13.486,0.75401,0.7541,1.00,1.00
2015.02.25 18:06:14.151,0.75401,0.75407,1.00,1.00
2015.02.25 18:06:15.257,0.75399,0.75407,1.00,1.00
2015.02.25 18:06:16.651,0.75401,0.75407,1.00,1.00
2015.02.25 18:06:16.805,0.75405,0.75413,1.00,2.44
2015.02.25 18:06:16.906,0.75404,0.75413,1.00,1.12
2015.02.25 18:06:19.215,0.75405,0.75412,1.00,1.00
2015.02.25 18:06:19.317,0.75402,0.75411,1.00,1.00
2015.02.25 18:06:20.210,0.75402,0.75412,1.00,1.12
2015.02.25 18:06:20.312,0.75406,0.75413,1.00,1.12
2015.02.25 18:06:20.819,0.75404,0.75413,1.00,1.12
2015.02.25 18:06:21.375,0.75409,0.75415,1.00,1.00
2015.02.25 18:06:21.425,0.7541,0.75416,1.00,1.12
2015.02.25 18:06:21.527,0.75407,0.75416,1.50,1.12
2015.02.25 18:06:22.001,0.75407,0.75422,1.00,1.15
2015.02.25 18:06:22.508,0.75407,0.75423,1.00,1.52
2015.02.25 18:06:23.009,0.75406,0.75424,1.00,1.52
2015.02.25 18:06:26.629,0.75405,0.75425,1.00,3.45
2015.02.25 18:06:32.582,0.75409,0.75422,2.25,1.07
2015.02.25 18:06:32.634,0.75419,0.75429,1.00,4.50
2015.02.25 18:06:32.686,0.75424,0.75429,2.17,4.27
2015.02.25 18:06:32.738,0.75425,0.75439,1.65,3.24
2015.02.25 18:06:32.789,0.75425,0.75439,1.57,3.32
2015.02.25 18:06:32.840,0.75425,0.75439,2.25,3.39
2015.02.25 18:06:33.044,0.75427,0.75439,1.00,2.87
2015.02.25 18:06:33.562,0.75427,0.75445,1.00,3.07
2015.02.25 18:06:38.687,0.75425,0.75439,1.00,1.50
2015.02.25 18:06:38.739,0.75425,0.75438,1.00,1.87
2015.02.25 18:06:38.790,0.75421,0.75438,1.65,2.62
2015.02.25 18:06:38.891,0.75421,0.75438,1.57,2.77
2015.02.25 18:06:38.993,0.75426,0.75439,1.00,3.52
2015.02.25 18:06:39.095,0.75422,0.75437,1.00,1.27
2015.02.25 18:06:39.464,0.75422,0.75437,2.25,4.87
2015.02.25 18:06:40.996,0.7543,0.75441,1.00,4.87
2015.02.25 18:06:41.097,0.75428,0.75445,1.00,3.82
2015.02.25 18:06:41.249,0.75428,0.75438,1.00,2.62
2015.02.25 18:06:41.300,0.75425,0.75437,1.00,2.70
2015.02.25 18:06:41.402,0.75422,0.75437,1.00,2.70
2015.02.25 18:06:43.699,0.75421,0.75437,1.00,3.82
2015.02.25 18:06:43.902,0.75418,0.75439,1.10,5.32
2015.02.25 18:06:43.953,0.75415,0.75435,1.07,3.07
2015.02.25 18:06:44.004,0.75413,0.75435,1.15,5.25
2015.02.25 18:06:44.106,0.75408,0.75429,1.27,1.65
2015.02.25 18:06:44.410,0.75404,0.75424,1.07,2.32
2015.02.25 18:06:44.512,0.754,0.75424,1.15,2.32
2015.02.25 18:06:45.682,0.75403,0.75411,1.10,1.00
2015.02.25 18:06:48.197,0.75397,0.75411,1.15,1.00
2015.02.25 18:06:48.704,0.75397,0.75411,1.17,1.00
2015.02.25 18:06:51.570,0.75397,0.75411,1.07,1.37
2015.02.25 18:06:51.723,0.75388,0.75399,1.17,1.00
2015.02.25 18:06:51.825,0.75386,0.75399,1.07,1.00
2015.02.25 18:06:52.974,0.75386,0.75399,1.07,1.20
2015.02.25 18:06:53.507,0.75386,0.75399,1.00,1.20
2015.02.25 18:06:53.609,0.75384,0.75399,1.10,1.20
2015.02.25 18:06:53.813,0.75382,0.75397,1.00,1.15
2015.02.25 18:06:53.915,0.75379,0.75397,1.10,2.40
2015.02.25 18:06:55.684,0.75379,0.7539,1.10,1.00
2015.02.25 18:06:55.735,0.75375,0.7539,1.07,1.10
2015.02.25 18:06:56.151,0.75371,0.75389,1.15,2.10
2015.02.25 18:06:56.253,0.75369,0.75387,1.00,1.35
2015.02.25 18:06:57.754,0.7537,0.75387,1.00,1.27
2015.02.25 18:06:58.068,0.75373,0.75387,1.00,2.02
2015.02.25 18:06:58.375,0.75383,0.75392,1.00,1.50
2015.02.25 18:06:58.426,0.75379,0.75392,1.00,1.50
2015.02.25 18:06:58.477,0.75379,0.75392,1.00,1.20
2015.02.25 18:06:58.629,0.75383,0.75394,1.00,1.84
2015.02.25 18:06:59.794,0.75383,0.75396,1.00,1.25
2015.02.25 18:07:00.099,0.7539,0.75401,1.00,1.75
2015.02.25 18:07:00.150,0.7539,0.75401,1.00,1.00
2015.02.25 18:07:00.667,0.7539,0.75402,1.50,1.10
2015.02.25 18:07:00.971,0.75392,0.75402,1.00,1.00
2015.02.25 18:07:02.540,0.75392,0.75405,1.50,1.10
2015.02.25 18:07:03.976,0.75395,0.75406,1.00,1.00
2015.02.25 18:07:04.489,0.75396,0.75411,1.00,1.52
2015.02.25 18:07:05.102,0.75395,0.75406,1.00,1.00
2015.02.25 18:07:05.406,0.75401,0.75421,1.37,2.70
2015.02.25 18:07:05.722,0.75416,0.75422,1.00,2.17
2015.02.25 18:07:05.824,0.75416,0.7543,1.00,2.70
2015.02.25 18:07:05.977,0.75412,0.75425,1.00,2.32
2015.02.25 18:07:07.567,0.75412,0.75427,1.00,2.70
2015.02.25 18:07:08.244,0.75411,0.75428,1.00,3.45
2015.02.25 18:07:08.932,0.75412,0.75428,1.00,3.45
2015.02.25 18:07:09.539,0.75411,0.75425,1.00,1.15
2015.02.25 18:07:09.831,0.75412,0.75417,1.00,1.00
2015.02.25 18:07:09.983,0.75407,0.75417,1.50,1.15
2015.02.25 18:07:10.034,0.75408,0.75417,1.07,1.07
2015.02.25 18:07:10.186,0.7541,0.75423,1.50,1.00
2015.02.25 18:07:10.288,0.7541,0.75428,1.50,1.15
2015.02.25 18:07:10.810,0.7541,0.75424,1.50,1.00
2015.02.25 18:07:10.861,0.7541,0.75418,1.57,1.00
2015.02.25 18:07:11.016,0.75402,0.75417,2.77,1.00
2015.02.25 18:07:11.169,0.75402,0.75415,1.95,1.00
2015.02.25 18:07:12.333,0.75402,0.75415,1.27,1.00
2015.02.25 18:07:12.846,0.75402,0.75415,1.27,1.37
2015.02.25 18:07:13.336,0.75399,0.75413,1.20,1.95
2015.02.25 18:07:13.387,0.75399,0.75408,1.20,1.00
2015.02.25 18:07:13.540,0.75395,0.75408,1.12,1.65
2015.02.25 18:07:14.733,0.75394,0.75408,1.00,1.65
2015.02.25 18:07:15.400,0.75393,0.75408,1.00,2.77
2015.02.25 18:07:15.502,0.75395,0.75405,1.00,1.10
2015.02.25 18:07:16.262,0.75393,0.75405,1.00,1.10
2015.02.25 18:07:17.217,0.75393,0.75404,1.00,1.10
2015.02.25 18:07:17.626,0.75392,0.75402,1.00,1.00
2015.02.25 18:07:17.935,0.75393,0.75398,1.00,1.00
2015.02.25 18:07:18.578,0.75388,0.75398,1.00,1.00
2015.02.25 18:07:19.084,0.75388,0.75397,1.00,1.00
2015.02.25 18:07:19.352,0.75382,0.75396,1.00,1.57
2015.02.25 18:07:19.403,0.75382,0.75391,1.00,1.00
2015.02.25 18:07:19.707,0.75385,0.75392,1.00,1.10
2015.02.25 18:07:19.809,0.75382,0.75392,1.00,1.65
2015.02.25 18:07:19.860,0.75382,0.75389,1.00,1.00
2015.02.25 18:07:19.911,0.75375,0.75389,1.17,1.00
2015.02.25 18:07:20.114,0.75369,0.75387,1.15,1.10
2015.02.25 18:07:21.125,0.75373,0.75387,1.15,1.00
2015.02.25 18:07:21.227,0.75373,0.75387,1.20,1.00
2015.02.25 18:07:21.585,0.75376,0.75387,1.00,1.00
2015.02.25 18:07:21.788,0.75385,0.75397,1.00,1.00
2015.02.25 18:07:21.839,0.75385,0.75394,1.00,1.00
2015.02.25 18:07:21.889,0.75382,0.75394,1.65,1.00
2015.02.25 18:07:21.940,0.75382,0.75392,1.65,1.00
2015.02.25 18:07:22.143,0.75384,0.75394,1.50,1.00
2015.02.25 18:07:22.194,0.75384,0.75396,1.50,1.10
2015.02.25 18:07:22.245,0.75388,0.75399,1.00,1.95
2015.02.25 18:07:22.346,0.75384,0.75397,1.50,1.00
2015.02.25 18:07:22.397,0.75384,0.75394,1.50,1.00
2015.02.25 18:07:22.549,0.75381,0.75392,1.00,1.10
2015.02.25 18:07:22.600,0.75381,0.7539,1.00,1.00
2015.02.25 18:07:22.651,0.75378,0.7539,1.00,1.00
2015.02.25 18:07:22.753,0.75371,0.75389,2.02,1.00
2015.02.25 18:07:22.855,0.75371,0.75389,1.17,1.17
2015.02.25 18:07:23.372,0.75373,0.7539,1.00,1.25
2015.02.25 18:07:23.829,0.75376,0.75391,1.00,1.35
2015.02.25 18:07:24.134,0.75384,0.75396,1.00,1.72
2015.02.25 18:07:24.693,0.75384,0.75393,1.00,1.00
2015.02.25 18:07:24.744,0.75381,0.75393,1.00,1.00
2015.02.25 18:07:24.947,0.75378,0.75387,1.37,1.00
2015.02.25 18:07:24.998,0.75378,0.75387,1.00,1.00
2015.02.25 18:07:25.356,0.75382,0.75394,1.00,1.65
2015.02.25 18:07:25.508,0.75385,0.75394,1.00,1.37
2015.02.25 18:07:25.559,0.75385,0.75396,1.00,1.00
2015.02.25 18:07:25.712,0.75386,0.75395,1.00,1.07
2015.02.25 18:07:25.763,0.75382,0.75392,1.00,1.00
2015.02.25 18:07:26.159,0.75385,0.75395,1.00,1.00
2015.02.25 18:07:26.311,0.75385,0.75398,1.57,1.19
2015.02.25 18:07:26.831,0.75385,0.75398,1.50,1.15
2015.02.25 18:07:27.084,0.7538,0.75394,1.12,1.17
2015.02.25 18:07:27.135,0.7538,0.75389,1.12,1.00
2015.02.25 18:07:27.186,0.75375,0.75389,1.15,1.00
2015.02.25 18:07:27.237,0.75375,0.75389,1.00,1.00
2015.02.25 18:07:27.338,0.75375,0.75389,1.00,1.27
2015.02.25 18:07:27.389,0.75373,0.75389,1.10,1.27
2015.02.25 18:07:27.845,0.75375,0.75388,1.00,1.00
2015.02.25 18:07:28.149,0.75384,0.75394,1.00,1.07
2015.02.25 18:07:31.033,0.75384,0.75394,1.00,1.00
2015.02.25 18:07:31.987,0.75387,0.75394,1.00,1.00
2015.02.25 18:07:32.393,0.75387,0.75396,1.00,1.00
2015.02.25 18:07:32.904,0.75387,0.75395,1.00,1.00
2015.02.25 18:07:33.775,0.75388,0.75395,1.00,1.00
2015.02.25 18:07:33.826,0.75388,0.75398,1.00,1.20
2015.02.25 18:07:35.314,0.75389,0.75398,1.00,1.00
2015.02.25 18:07:35.365,0.75389,0.754,1.00,1.20
2015.02.25 18:07:35.875,0.75392,0.75402,1.00,1.00
2015.02.25 18:07:37.863,0.75395,0.75402,1.00,1.10
2015.02.25 18:07:38.040,0.75392,0.75402,1.00,1.10
2015.02.25 18:07:38.293,0.75394,0.75402,1.00,1.10
2015.02.25 18:07:38.597,0.75396,0.75403,1.00,1.00
2015.02.25 18:07:38.648,0.75396,0.75406,1.00,1.00
2015.02.25 18:07:39.670,0.75396,0.75404,1.00,1.00
2015.02.25 18:07:39.721,0.75394,0.75404,1.10,1.00
2015.02.25 18:07:40.436,0.75394,0.75407,1.57,1.50
2015.02.25 18:07:42.664,0.75396,0.75407,1.00,1.00
2015.02.25 18:07:43.070,0.75396,0.7541,1.50,2.14
2015.02.25 18:07:44.451,0.75401,0.75411,1.00,1.00
2015.02.25 18:07:44.552,0.75399,0.75411,1.00,1.00
2015.02.25 18:07:44.755,0.75401,0.75416,1.00,1.15
2015.02.25 18:07:45.363,0.75401,0.75411,1.00,1.00
2015.02.25 18:07:45.414,0.75398,0.75411,1.50,1.00
2015.02.25 18:07:45.465,0.75398,0.75411,1.50,1.87
2015.02.25 18:07:45.770,0.75411,0.75422,1.50,2.70
2015.02.25 18:07:46.125,0.75408,0.75413,1.50,1.00
2015.02.25 18:07:46.378,0.75405,0.75412,1.50,1.00
2015.02.25 18:07:46.430,0.75412,0.75423,1.00,2.32
2015.02.25 18:07:46.481,0.75412,0.75426,1.00,5.25
2015.02.25 18:07:47.078,0.75409,0.75423,1.00,1.52
2015.02.25 18:07:47.130,0.75409,0.7542,1.00,1.07
2015.02.25 18:07:47.181,0.75406,0.7542,1.50,1.15
2015.02.25 18:07:47.232,0.75406,0.7542,1.50,1.15
2015.02.25 18:07:48.640,0.75406,0.75413,1.50,1.00
2015.02.25 18:07:48.895,0.75406,0.7542,1.00,4.20
2015.02.25 18:07:49.150,0.75406,0.75414,1.00,1.00
2015.02.25 18:07:49.316,0.75401,0.75406,1.00,1.00
2015.02.25 18:07:49.822,0.754,0.75405,1.00,1.00
2015.02.25 18:07:50.466,0.75398,0.75405,1.00,1.00
2015.02.25 18:07:51.325,0.75398,0.7541,1.00,1.45
2015.02.25 18:07:52.095,0.75398,0.75407,1.00,1.00
2015.02.25 18:07:53.268,0.75395,0.75405,1.00,1.00
2015.02.25 18:07:54.788,0.75392,0.75405,1.00,2.02
2015.02.25 18:07:54.839,0.75392,0.75401,1.00,1.12
2015.02.25 18:07:55.354,0.75392,0.75401,1.00,1.20
2015.02.25 18:07:57.447,0.75392,0.75399,1.00,1.00
2015.02.25 18:07:59.178,0.75391,0.75401,1.00,2.70
2015.02.25 18:07:59.280,0.75389,0.75401,1.00,2.40
2015.02.25 18:07:59.381,0.75389,0.75397,1.00,1.10
2015.02.25 18:08:00.170,0.75387,0.75397,1.00,1.57
2015.02.25 18:08:00.272,0.75387,0.75396,1.00,1.17
2015.02.25 18:08:03.586,0.75387,0.75396,1.00,1.27
2015.02.25 18:08:05.069,0.75386,0.75391,1.00,1.12
2015.02.25 18:08:05.222,0.75383,0.75391,1.00,1.12
2015.02.25 18:08:05.273,0.75376,0.75385,1.46,1.50
2015.02.25 18:08:05.323,0.75376,0.75385,1.37,1.50
2015.02.25 18:08:05.476,0.75373,0.75384,1.15,1.00
2015.02.25 18:08:05.527,0.75373,0.75384,1.17,1.00
2015.02.25 18:08:05.628,0.75369,0.75382,1.65,1.00
2015.02.25 18:08:06.130,0.75369,0.75382,1.15,1.59
2015.02.25 18:08:06.362,0.75367,0.75382,1.15,1.00
2015.02.25 18:08:06.666,0.75377,0.75384,1.00,2.09
2015.02.25 18:08:06.717,0.75377,0.75385,1.00,1.50
2015.02.25 18:08:06.920,0.75375,0.75385,1.20,1.50
2015.02.25 18:08:07.022,0.75375,0.75389,1.17,2.09
2015.02.25 18:08:07.427,0.75381,0.75387,1.00,1.00
2015.02.25 18:08:07.529,0.75381,0.75393,1.00,1.87
2015.02.25 18:08:07.681,0.75381,0.75394,1.00,1.65
2015.02.25 18:08:08.355,0.75381,0.75391,1.00,1.00
2015.02.25 18:08:08.406,0.75378,0.75391,1.57,1.00
2015.02.25 18:08:08.456,0.75378,0.75386,1.10,1.00
2015.02.25 18:08:09.065,0.75379,0.75385,1.00,1.00
2015.02.25 18:08:09.612,0.75379,0.75386,1.00,1.00
2015.02.25 18:08:10.356,0.75379,0.75392,1.57,2.77
2015.02.25 18:08:10.407,0.75384,0.75392,1.00,2.70
2015.02.25 18:08:10.508,0.75384,0.75396,1.00,1.00
2015.02.25 18:08:10.610,0.75384,0.7539,1.00,1.50
2015.02.25 18:08:10.711,0.75382,0.75395,1.00,1.65
2015.02.25 18:08:10.762,0.75382,0.75391,1.00,1.00
2015.02.25 18:08:10.964,0.75379,0.75391,1.00,1.17
2015.02.25 18:08:11.218,0.75379,0.75387,1.00,1.00
2015.02.25 18:08:12.715,0.75379,0.75391,1.00,1.10
2015.02.25 18:08:13.019,0.75382,0.75391,1.00,1.10
2015.02.25 18:08:13.221,0.75385,0.75398,1.10,1.37
2015.02.25 18:08:13.272,0.75385,0.754,1.10,1.50
2015.02.25 18:08:13.373,0.75386,0.75401,1.00,1.84
2015.02.25 18:08:13.475,0.75387,0.75399,1.00,1.00
2015.02.25 18:08:14.082,0.75387,0.75397,1.00,1.00
2015.02.25 18:08:14.386,0.75388,0.75393,1.00,1.00
2015.02.25 18:08:14.487,0.75385,0.75393,1.00,1.00
2015.02.25 18:08:14.841,0.75385,0.75395,1.00,1.20
2015.02.25 18:08:15.348,0.75386,0.75395,1.00,1.00
2015.02.25 18:08:15.702,0.7539,0.75396,1.00,1.10
2015.02.25 18:08:16.410,0.7539,0.75396,1.00,1.57
2015.02.25 18:08:16.563,0.75387,0.75396,1.00,1.65
2015.02.25 18:08:16.664,0.75382,0.75395,1.00,1.10
2015.02.25 18:08:17.003,0.75384,0.75394,1.00,1.00
2015.02.25 18:08:17.307,0.75389,0.75395,1.00,1.20
2015.02.25 18:08:17.938,0.75389,0.75396,1.00,1.57
2015.02.25 18:08:18.245,0.7539,0.75396,1.00,1.00
2015.02.25 18:08:21.617,0.75391,0.75398,1.00,1.65
2015.02.25 18:08:23.141,0.75392,0.754,1.00,1.20
2015.02.25 18:08:23.648,0.75393,0.75402,1.00,1.17
2015.02.25 18:08:25.424,0.75395,0.75403,1.00,1.15
2015.02.25 18:08:25.475,0.75395,0.75403,1.00,1.00
2015.02.25 18:08:27.370,0.75395,0.75405,1.00,1.57
2015.02.25 18:08:27.421,0.75398,0.75405,1.00,2.32
2015.02.25 18:08:28.766,0.75398,0.75405,1.00,1.17
2015.02.25 18:08:31.271,0.75398,0.75405,1.00,1.00
2015.02.25 18:08:32.312,0.75398,0.75406,1.00,1.20
2015.02.25 18:08:32.616,0.75401,0.75408,1.37,1.15
2015.02.25 18:08:32.769,0.75405,0.75415,1.00,1.15
2015.02.25 18:08:33.283,0.75404,0.75412,1.00,1.10
2015.02.25 18:08:33.334,0.75404,0.75409,1.00,1.00
2015.02.25 18:08:33.879,0.75403,0.75409,1.00,1.57
2015.02.25 18:08:34.554,0.75394,0.75409,1.55,1.57
2015.02.25 18:08:34.656,0.75397,0.75404,1.00,1.50
2015.02.25 18:08:34.859,0.75397,0.75403,1.00,1.10
2015.02.25 18:08:34.960,0.75403,0.75411,1.00,1.76
2015.02.25 18:08:35.011,0.75406,0.75411,1.00,1.50
2015.02.25 18:08:35.316,0.75411,0.75421,1.00,1.65
2015.02.25 18:08:35.570,0.75408,0.75421,1.00,1.15
2015.02.25 18:08:35.877,0.75403,0.75421,1.20,1.15
2015.02.25 18:08:35.928,0.75403,0.75421,1.57,1.15
2015.02.25 18:08:36.235,0.75404,0.7541,1.00,1.10
2015.02.25 18:08:38.320,0.75403,0.7541,1.00,1.10
2015.02.25 18:08:38.809,0.75402,0.75407,1.00,1.10
2015.02.25 18:08:38.861,0.754,0.75407,1.00,1.10
2015.02.25 18:08:39.368,0.754,0.75406,1.00,1.00
2015.02.25 18:08:39.969,0.75396,0.75405,1.12,1.45
2015.02.25 18:08:40.273,0.75399,0.75405,1.00,1.50
2015.02.25 18:08:40.477,0.754,0.7541,1.12,1.17
2015.02.25 18:08:40.629,0.75405,0.75415,1.00,2.32
2015.02.25 18:08:40.680,0.75405,0.75418,1.00,1.17
2015.02.25 18:08:40.731,0.75408,0.75418,1.00,1.17
2015.02.25 18:08:41.035,0.75406,0.75415,1.00,1.17
2015.02.25 18:08:41.136,0.75404,0.75415,1.00,1.15
2015.02.25 18:08:41.495,0.75406,0.75415,1.00,1.07
2015.02.25 18:08:42.001,0.75407,0.75415,1.00,1.17
2015.02.25 18:08:42.377,0.75402,0.75415,1.00,1.20
2015.02.25 18:08:42.428,0.75402,0.75413,1.00,1.00
2015.02.25 18:08:43.200,0.75402,0.7541,1.00,1.00
2015.02.25 18:08:43.251,0.754,0.7541,1.00,1.00
2015.02.25 18:08:43.301,0.754,0.75408,1.00,1.00
2015.02.25 18:08:43.403,0.75397,0.75408,1.00,1.17
2015.02.25 18:08:43.932,0.75397,0.75406,1.00,1.00
2015.02.25 18:08:45.305,0.75397,0.75404,1.00,1.00
2015.02.25 18:08:45.608,0.75399,0.75404,1.00,1.00
2015.02.25 18:08:45.764,0.75397,0.75404,1.00,1.00
2015.02.25 18:08:46.678,0.75396,0.75404,1.00,1.00
2015.02.25 18:08:46.831,0.75389,0.754,1.10,1.00
2015.02.25 18:08:46.983,0.75391,0.754,1.00,1.00
2015.02.25 18:08:47.834,0.75391,0.75398,1.00,1.00
2015.02.25 18:08:48.441,0.7539,0.75397,1.00,1.50
2015.02.25 18:08:48.696,0.75389,0.75399,1.00,1.00
2015.02.25 18:08:48.950,0.75391,0.75399,1.00,1.00
2015.02.25 18:08:49.309,0.75394,0.75399,1.00,1.00
2015.02.25 18:08:49.360,0.75394,0.75402,1.00,1.00
2015.02.25 18:08:49.411,0.75396,0.75405,1.00,1.20
2015.02.25 18:08:49.715,0.75401,0.75409,1.00,1.00
2015.02.25 18:08:50.230,0.754,0.7541,1.00,1.65
2015.02.25 18:08:50.585,0.75391,0.75401,1.07,1.00
2015.02.25 18:08:50.636,0.75396,0.75401,1.00,1.00
2015.02.25 18:08:50.738,0.75394,0.754,1.00,1.00
2015.02.25 18:08:51.833,0.75387,0.754,1.65,1.00
2015.02.25 18:08:51.884,0.75387,0.75402,1.65,1.00
2015.02.25 18:08:51.935,0.75387,0.75404,1.17,1.10
2015.02.25 18:08:52.037,0.75387,0.75404,1.00,1.15
2015.02.25 18:08:52.444,0.75389,0.75407,1.10,1.15
2015.02.25 18:08:52.545,0.75389,0.75407,1.25,1.20
2015.02.25 18:08:53.177,0.75392,0.7541,1.00,1.27
2015.02.25 18:08:54.109,0.75392,0.75402,1.00,1.00
2015.02.25 18:08:54.262,0.75387,0.75398,1.50,1.00
2015.02.25 18:08:55.151,0.75389,0.75398,1.00,1.00
2015.02.25 18:08:55.656,0.75389,0.75401,1.00,1.20
2015.02.25 18:08:55.808,0.75393,0.75405,1.00,1.15
2015.02.25 18:08:55.859,0.75393,0.75405,1.00,1.17
2015.02.25 18:08:56.012,0.75396,0.75408,1.00,1.17
2015.02.25 18:08:56.063,0.75396,0.75408,1.00,1.10
2015.02.25 18:08:58.817,0.75396,0.75404,1.00,1.00
2015.02.25 18:08:58.867,0.75394,0.75404,1.00,1.00
2015.02.25 18:08:58.919,0.75394,0.75402,1.00,1.00
2015.02.25 18:08:58.969,0.75391,0.75402,1.10,1.00
2015.02.25 18:08:59.071,0.75389,0.754,1.10,1.00
2015.02.25 18:08:59.375,0.75389,0.75397,1.00,1.00
2015.02.25 18:08:59.477,0.75387,0.75397,1.00,1.00
2015.02.25 18:09:00.287,0.75385,0.75397,1.00,1.00
2015.02.25 18:09:00.439,0.75387,0.75397,1.00,1.00
2015.02.25 18:09:00.591,0.75389,0.75401,1.10,1.00
2015.02.25 18:09:01.097,0.7539,0.75401,1.00,1.00
2015.02.25 18:09:01.566,0.7539,0.75407,1.00,1.65
2015.02.25 18:09:02.089,0.75387,0.7541,1.15,2.70
2015.02.25 18:09:04.073,0.75392,0.75413,1.10,2.70
2015.02.25 18:09:04.581,0.75393,0.75414,1.15,2.32
2015.02.25 18:09:05.518,0.75393,0.75406,1.15,1.00
2015.02.25 18:09:05.822,0.75395,0.75404,1.10,1.50
2015.02.25 18:09:06.350,0.75394,0.75404,1.00,1.50
2015.02.25 18:09:06.553,0.75392,0.75404,1.10,1.50
2015.02.25 18:09:25.428,0.75393,0.75404,1.00,1.00
2015.02.25 18:09:25.580,0.75396,0.75404,1.00,1.00
2015.02.25 18:09:36.668,0.75396,0.75406,1.00,1.00
2015.02.25 18:09:36.719,0.75399,0.75406,1.00,1.00
2015.02.25 18:09:44.598,0.75399,0.75408,1.00,1.00
2015.02.25 18:09:44.750,0.75401,0.75408,1.00,1.00
2015.02.25 18:10:16.267,0.75401,0.75407,1.00,1.00
2015.02.25 18:10:26.533,0.75399,0.75407,1.00,1.00
2015.02.25 18:10:32.376,0.75398,0.75402,1.00,1.00
2015.02.25 18:10:32.679,0.75396,0.754,1.00,1.50
2015.02.25 18:10:38.284,0.75395,0.75399,1.00,1.00
2015.02.25 18:10:44.108,0.75395,0.754,1.00,1.50
2015.02.25 18:10:44.260,0.75397,0.75403,1.00,1.00
2015.02.25 18:10:44.463,0.75395,0.75402,1.00,1.15
2015.02.25 18:10:44.767,0.75384,0.75393,1.12,1.17
2015.02.25 18:10:44.818,0.75387,0.75393,1.00,1.17
2015.02.25 18:10:45.071,0.75383,0.75399,1.95,1.65
2015.02.25 18:10:45.122,0.75383,0.75399,1.95,1.65
2015.02.25 18:10:45.223,0.75392,0.75399,1.00,1.65
2015.02.25 18:10:46.340,0.75394,0.75399,1.00,1.10
2015.02.25 18:10:46.848,0.75394,0.75401,1.00,1.17
2015.02.25 18:10:49.555,0.75394,0.75401,1.00,1.15
2015.02.25 18:10:49.656,0.75394,0.75401,1.00,1.15
2015.02.25 18:10:53.111,0.75393,0.75399,1.00,1.00
2015.02.25 18:10:53.365,0.75392,0.75403,1.00,1.72
2015.02.25 18:10:53.467,0.75396,0.75404,1.00,1.12
2015.02.25 18:10:53.771,0.75399,0.75404,1.00,1.00
2015.02.25 18:10:54.076,0.754,0.75411,1.00,2.32
2015.02.25 18:10:54.188,0.754,0.75412,1.00,1.15
2015.02.25 18:10:54.595,0.75393,0.75414,1.20,2.70
2015.02.25 18:10:55.001,0.75391,0.75411,1.57,1.15
2015.02.25 18:10:55.305,0.75391,0.75407,1.00,1.15
2015.02.25 18:10:55.356,0.75386,0.75409,1.27,2.32
2015.02.25 18:10:55.458,0.75386,0.7541,1.52,2.32
2015.02.25 18:10:55.509,0.75386,0.75412,2.70,2.32
2015.02.25 18:10:55.612,0.75388,0.75414,2.32,2.32
2015.02.25 18:10:55.917,0.75395,0.75413,1.17,1.17
2015.02.25 18:10:56.222,0.75396,0.75415,1.55,1.15
2015.02.25 18:10:56.477,0.75405,0.75423,1.55,1.65
2015.02.25 18:10:56.882,0.75411,0.7542,1.00,1.10
2015.02.25 18:10:57.136,0.75403,0.75421,2.10,2.02
2015.02.25 18:10:57.187,0.75406,0.75421,1.10,1.52
2015.02.25 18:10:57.440,0.75401,0.75427,3.45,2.70
2015.02.25 18:10:57.592,0.75401,0.75425,2.32,2.32
2015.02.25 18:10:57.998,0.75403,0.75421,1.10,1.15
2015.02.25 18:10:58.100,0.75399,0.75422,1.15,2.32
2015.02.25 18:10:58.410,0.75398,0.75416,1.15,1.07
2015.02.25 18:10:58.513,0.754,0.75418,1.17,1.17
2015.02.25 18:10:58.716,0.75404,0.75418,1.00,1.17
2015.02.25 18:10:59.122,0.754,0.75418,1.17,1.17
2015.02.25 18:10:59.224,0.754,0.75418,1.15,1.07
2015.02.25 18:10:59.527,0.75409,0.75418,1.00,1.57
2015.02.25 18:10:59.629,0.75403,0.75419,1.10,1.17
2015.02.25 18:10:59.882,0.75408,0.75425,1.00,2.32
2015.02.25 18:11:00.034,0.7541,0.75428,1.10,1.15
2015.02.25 18:11:00.237,0.75409,0.75426,1.27,1.00
2015.02.25 18:11:00.440,0.75406,0.75424,1.15,1.10
2015.02.25 18:11:00.541,0.75406,0.75424,1.15,1.10
2015.02.25 18:11:00.643,0.75406,0.75424,1.17,1.17
2015.02.25 18:11:00.694,0.75402,0.75419,2.32,1.00
2015.02.25 18:11:00.745,0.75401,0.75419,1.15,1.00
2015.02.25 18:11:00.847,0.75401,0.75419,1.10,1.15
2015.02.25 18:11:01.050,0.75394,0.7542,2.32,2.32
2015.02.25 18:11:01.506,0.754,0.75418,1.17,1.17
2015.02.25 18:11:01.964,0.75404,0.75418,1.00,1.17
2015.02.25 18:11:02.390,0.75409,0.7542,1.00,2.02
2015.02.25 18:11:02.644,0.75407,0.75419,1.00,1.27
2015.02.25 18:11:02.745,0.75409,0.7542,1.00,1.57
2015.02.25 18:11:02.796,0.75409,0.75422,1.00,1.35
2015.02.25 18:11:02.847,0.75407,0.75422,1.00,1.35
2015.02.25 18:11:02.899,0.75407,0.75424,1.47,1.35
2015.02.25 18:11:03.051,0.75411,0.75424,1.00,1.00
2015.02.25 18:11:03.153,0.75406,0.75422,1.25,1.00
2015.02.25 18:11:03.406,0.75398,0.75416,1.15,1.00
2015.02.25 18:11:03.457,0.75398,0.75416,1.15,1.10
2015.02.25 18:11:03.559,0.75398,0.75416,1.10,1.15
2015.02.25 18:11:03.863,0.75402,0.75416,1.00,1.15
2015.02.25 18:11:03.914,0.75402,0.75418,1.50,2.40
2015.02.25 18:11:04.066,0.75402,0.75418,2.25,1.72
2015.02.25 18:11:04.219,0.754,0.75418,1.10,1.15
2015.02.25 18:11:04.321,0.754,0.75412,1.10,1.00
2015.02.25 18:11:04.624,0.75397,0.75408,1.00,1.00
2015.02.25 18:11:04.931,0.75401,0.75409,1.00,1.17
2015.02.25 18:11:16.638,0.75401,0.75408,1.00,1.07
2015.02.25 18:11:16.689,0.75398,0.75408,1.00,1.07
2015.02.25 18:11:20.095,0.75394,0.75405,1.12,1.00
2015.02.25 18:11:20.147,0.75388,0.75401,1.27,1.00
2015.02.25 18:11:20.198,0.75388,0.75401,1.27,1.37
2015.02.25 18:11:20.249,0.75381,0.75397,2.32,1.37
2015.02.25 18:11:20.300,0.75381,0.75397,2.32,1.75
2015.02.25 18:11:20.351,0.75377,0.75395,1.00,1.90
2015.02.25 18:11:20.401,0.75377,0.75395,1.00,1.90
2015.02.25 18:11:20.554,0.75372,0.7539,1.15,1.45
2015.02.25 18:11:20.656,0.75372,0.7539,1.10,1.52
2015.02.25 18:11:20.859,0.75375,0.75389,1.00,1.55
2015.02.25 18:11:20.910,0.75375,0.75389,1.00,1.17
2015.02.25 18:11:21.012,0.75379,0.75389,1.00,1.07
2015.02.25 18:11:21.114,0.75372,0.7539,1.17,1.27
2015.02.25 18:11:21.368,0.75372,0.75389,1.17,1.20
2015.02.25 18:11:21.470,0.75372,0.7539,1.15,1.00
2015.02.25 18:11:21.571,0.75374,0.75392,1.15,1.17
2015.02.25 18:11:21.976,0.75374,0.75392,1.10,1.15
2015.02.25 18:11:22.027,0.75376,0.75392,1.00,1.65
2015.02.25 18:11:22.331,0.75381,0.75392,1.00,2.10
2015.02.25 18:11:22.433,0.75374,0.75392,1.35,1.72
2015.02.25 18:11:22.484,0.75374,0.75392,1.00,1.62
2015.02.25 18:11:23.017,0.75374,0.75392,1.07,1.72
2015.02.25 18:11:23.271,0.75372,0.7539,1.10,1.15
2015.02.25 18:11:23.631,0.75372,0.75386,1.00,1.00
2015.02.25 18:11:23.985,0.75371,0.75389,1.15,1.20
2015.02.25 18:11:24.087,0.75375,0.75392,1.10,1.37
2015.02.25 18:11:24.391,0.75374,0.75392,1.15,1.10
2015.02.25 18:11:24.695,0.75374,0.75392,1.57,1.15
2015.02.25 18:11:24.898,0.75374,0.75392,1.00,1.15
2015.02.25 18:11:25.203,0.75376,0.7539,1.20,1.15
2015.02.25 18:11:25.642,0.75374,0.75392,1.00,1.15
2015.02.25 18:11:25.694,0.75372,0.75388,1.10,1.10
2015.02.25 18:11:25.795,0.7537,0.75388,1.10,1.15
2015.02.25 18:11:26.099,0.75375,0.75399,3.07,3.07
2015.02.25 18:11:26.201,0.75377,0.75402,2.70,1.15
2015.02.25 18:11:26.303,0.75376,0.75399,1.65,2.32
2015.02.25 18:11:26.715,0.75379,0.75397,1.37,2.32
2015.02.25 18:11:26.816,0.75377,0.75402,2.70,1.15
2015.02.25 18:11:26.969,0.75381,0.75405,2.70,2.32
2015.02.25 18:11:27.020,0.75381,0.75407,2.70,2.32
2015.02.25 18:11:27.274,0.75386,0.75403,1.00,2.70
2015.02.25 18:11:27.325,0.75381,0.75401,1.15,1.27
2015.02.25 18:11:27.376,0.75377,0.75401,1.52,1.27
2015.02.25 18:11:27.680,0.75379,0.75405,2.32,2.32
2015.02.25 18:11:27.984,0.75384,0.75402,1.15,1.15
2015.02.25 18:11:28.289,0.75388,0.75402,1.00,1.10
2015.02.25 18:11:28.491,0.75389,0.75405,1.00,1.17
2015.02.25 18:11:28.593,0.75394,0.75405,1.00,1.00
2015.02.25 18:11:28.695,0.7539,0.75405,1.00,1.15
2015.02.25 18:11:28.847,0.75386,0.75403,1.20,1.15
2015.02.25 18:11:29.100,0.75384,0.75402,1.07,1.15
2015.02.25 18:11:29.556,0.75386,0.75404,1.47,3.45
2015.02.25 18:11:29.811,0.75399,0.75417,1.00,3.07
2015.02.25 18:11:29.913,0.75396,0.75417,1.10,2.32
2015.02.25 18:11:30.318,0.75393,0.75412,1.10,1.15
2015.02.25 18:11:30.993,0.75391,0.75409,1.15,1.00
2015.02.25 18:11:31.297,0.75393,0.75411,1.00,1.25
2015.02.25 18:11:31.348,0.75391,0.75409,1.10,1.15
2015.02.25 18:11:32.654,0.75392,0.75408,1.00,1.17
2015.02.25 18:11:32.705,0.75392,0.75408,1.00,1.15
2015.02.25 18:11:32.857,0.7539,0.75406,1.00,1.35
2015.02.25 18:11:32.909,0.7539,0.75405,1.00,1.27
2015.02.25 18:11:32.960,0.75386,0.75404,1.17,2.10
2015.02.25 18:11:33.011,0.75386,0.75404,1.00,4.27
2015.02.25 18:11:33.315,0.75383,0.754,1.95,1.25
2015.02.25 18:11:33.467,0.7538,0.75395,1.20,1.17
2015.02.25 18:11:33.619,0.75377,0.75392,1.12,1.17
2015.02.25 18:11:33.670,0.75374,0.75392,1.27,1.27
2015.02.25 18:11:33.721,0.75374,0.75392,1.20,1.25
2015.02.25 18:11:34.126,0.75371,0.75386,1.07,1.10
2015.02.25 18:11:34.431,0.75379,0.75389,1.00,2.77
2015.02.25 18:11:34.633,0.75377,0.75389,1.00,2.02
2015.02.25 18:11:34.734,0.75374,0.75387,1.10,1.20
2015.02.25 18:11:34.836,0.75377,0.75386,1.00,1.10
2015.02.25 18:11:35.090,0.75372,0.75384,1.57,1.00
2015.02.25 18:11:35.242,0.75367,0.75384,1.15,1.00
2015.02.25 18:11:35.394,0.75367,0.75385,1.57,1.27
2015.02.25 18:11:35.714,0.75369,0.7538,1.00,1.00
2015.02.25 18:11:36.018,0.75367,0.7538,1.00,1.47
2015.02.25 18:11:36.272,0.75363,0.7538,2.77,1.20
2015.02.25 18:11:36.782,0.75363,0.75379,1.27,1.65
2015.02.25 18:11:37.352,0.75363,0.75379,2.02,1.65
2015.02.25 18:11:37.895,0.75363,0.75379,2.02,1.27
2015.02.25 18:11:38.419,0.75363,0.75379,1.27,1.65
2015.02.25 18:11:38.674,0.75367,0.75381,1.00,2.47
2015.02.25 18:11:38.985,0.75367,0.75381,1.00,1.20
2015.02.25 18:11:39.038,0.75369,0.75382,1.00,2.70
2015.02.25 18:11:39.596,0.7537,0.75382,1.00,1.27
2015.02.25 18:11:40.743,0.7537,0.75382,1.00,1.95
2015.02.25 18:11:41.360,0.7537,0.75383,1.00,1.95
2015.02.25 18:11:41.817,0.7537,0.75383,1.00,1.00
2015.02.25 18:11:44.869,0.7537,0.75382,1.00,1.00
2015.02.25 18:11:45.413,0.7537,0.75381,1.00,1.00
2015.02.25 18:11:52.434,0.75372,0.75381,1.00,1.00
2015.02.25 18:11:54.591,0.75372,0.75382,1.00,1.00
2015.02.25 18:11:55.249,0.75373,0.75382,1.00,1.00
2015.02.25 18:11:56.339,0.75373,0.75378,1.00,1.00
2015.02.25 18:11:56.390,0.7537,0.75378,1.10,1.00
2015.02.25 18:11:56.954,0.75369,0.75378,1.10,1.00
2015.02.25 18:11:57.309,0.7537,0.7538,1.10,1.50
2015.02.25 18:11:57.562,0.7537,0.75384,1.10,1.65
2015.02.25 18:11:57.613,0.75373,0.75384,1.00,1.65
2015.02.25 18:11:57.866,0.75378,0.75388,1.00,1.65
2015.02.25 18:11:58.220,0.75379,0.75391,1.00,1.20
2015.02.25 18:11:58.372,0.75381,0.75391,1.00,1.00
2015.02.25 18:11:58.896,0.75382,0.75392,1.00,1.00
2015.02.25 18:11:59.213,0.75385,0.75392,1.00,1.00
2015.02.25 18:11:59.925,0.75385,0.75392,1.00,1.07
2015.02.25 18:12:05.129,0.75385,0.75392,1.00,1.00
2015.02.25 18:12:07.345,0.75385,0.75389,1.00,1.00
2015.02.25 18:12:07.396,0.75382,0.75389,1.00,1.00
2015.02.25 18:12:07.548,0.75382,0.75387,1.00,1.00
2015.02.25 18:12:07.750,0.7538,0.75387,1.00,1.00
2015.02.25 18:12:07.903,0.7538,0.75389,1.00,1.00
2015.02.25 18:12:08.442,0.7538,0.7539,1.00,1.50
2015.02.25 18:12:08.543,0.75382,0.7539,1.00,1.50
2015.02.25 18:12:37.895,0.75379,0.7539,1.10,1.50
2015.02.25 18:12:41.656,0.75379,0.75389,1.10,1.00
2015.02.25 18:12:42.124,0.75379,0.75387,1.10,1.00
2015.02.25 18:12:43.863,0.75379,0.75386,1.00,1.00
2015.02.25 18:12:44.268,0.75381,0.75386,1.00,1.00
2015.02.25 18:12:50.075,0.75374,0.75386,1.25,1.37
2015.02.25 18:12:50.126,0.75374,0.75386,1.25,1.37
2015.02.25 18:12:50.228,0.75369,0.75385,3.07,1.12
2015.02.25 18:12:50.329,0.75367,0.75382,3.82,1.37
2015.02.25 18:12:50.633,0.75375,0.75384,1.00,1.00
2015.02.25 18:12:50.684,0.75375,0.75379,1.00,1.00
2015.02.25 18:12:50.736,0.75377,0.75386,1.00,1.37
2015.02.25 18:12:50.888,0.75374,0.75379,1.10,1.00
2015.02.25 18:12:50.998,0.75376,0.75385,1.00,1.37
2015.02.25 18:12:51.102,0.75374,0.75379,1.10,1.00
2015.02.25 18:12:51.324,0.75374,0.75382,1.10,1.00
2015.02.25 18:12:51.426,0.75376,0.75382,1.00,1.00
2015.02.25 18:12:51.578,0.75376,0.75387,1.00,4.12
2015.02.25 18:12:51.629,0.75371,0.75387,1.27,1.37
2015.02.25 18:12:51.731,0.75368,0.75384,1.35,1.37
2015.02.25 18:12:51.883,0.75368,0.75376,1.27,1.00
2015.02.25 18:12:52.086,0.75374,0.75379,1.00,1.00
2015.02.25 18:12:52.187,0.75378,0.75384,1.00,1.12
2015.02.25 18:12:52.289,0.75376,0.75385,1.00,1.20
2015.02.25 18:12:52.441,0.75373,0.75386,1.15,1.50
2015.02.25 18:12:52.593,0.75373,0.75383,1.07,1.37
2015.02.25 18:12:53.050,0.75375,0.75385,1.00,1.00
2015.02.25 18:12:53.101,0.75375,0.75382,1.00,1.00
2015.02.25 18:12:53.303,0.75378,0.75386,1.00,1.00
2015.02.25 18:12:53.708,0.75381,0.75387,1.00,1.00
2015.02.25 18:12:55.075,0.75381,0.75389,1.00,1.00
2015.02.25 18:12:55.176,0.75383,0.7539,1.00,1.50
2015.02.25 18:12:55.581,0.75385,0.7539,1.00,1.00
2015.02.25 18:12:55.632,0.75385,0.75394,1.00,1.65
2015.02.25 18:12:55.683,0.75389,0.75394,1.00,1.65
2015.02.25 18:12:55.886,0.7539,0.75396,1.00,1.00
2015.02.25 18:12:55.937,0.75387,0.75396,1.00,1.00
2015.02.25 18:12:56.089,0.75387,0.754,1.00,1.20
2015.02.25 18:12:56.140,0.75383,0.754,1.15,1.20
2015.02.25 18:12:56.241,0.75389,0.75402,1.00,1.75
2015.02.25 18:12:56.292,0.75389,0.75406,1.07,1.07
2015.02.25 18:12:56.343,0.75389,0.75406,1.15,1.00
2015.02.25 18:12:56.445,0.75392,0.75408,1.17,1.10
2015.02.25 18:12:56.749,0.75392,0.75405,1.00,1.00
2015.02.25 18:12:57.256,0.75392,0.75405,1.00,2.10
2015.02.25 18:12:57.560,0.75392,0.75403,1.00,2.02
2015.02.25 18:12:57.864,0.7539,0.754,1.00,1.20
2015.02.25 18:12:58.375,0.7539,0.75399,1.00,1.00
2015.02.25 18:12:58.477,0.75388,0.75399,1.00,1.10
2015.02.25 18:12:58.680,0.75393,0.75398,1.00,1.10
2015.02.25 18:12:59.155,0.75383,0.75389,1.07,1.00
2015.02.25 18:12:59.206,0.75385,0.75389,1.00,1.00
2015.02.25 18:12:59.460,0.75383,0.75389,1.00,1.00
2015.02.25 18:12:59.562,0.75381,0.75389,1.00,1.00
2015.02.25 18:13:18.993,0.75381,0.75387,1.00,1.00
2015.02.25 18:13:19.044,0.75377,0.75387,1.07,1.00
2015.02.25 18:13:19.196,0.75377,0.75392,1.50,1.57
2015.02.25 18:13:19.247,0.75382,0.75392,1.00,1.57
2015.02.25 18:13:19.399,0.75383,0.75395,1.00,1.20
2015.02.25 18:13:19.450,0.75385,0.75395,1.00,1.20
2015.02.25 18:13:19.755,0.75388,0.75397,1.00,1.50
2015.02.25 18:13:20.059,0.75392,0.75398,1.00,1.00
2015.02.25 18:13:20.263,0.7539,0.75398,1.00,1.00
2015.02.25 18:13:20.364,0.75393,0.75399,1.00,1.00
2015.02.25 18:13:20.618,0.75392,0.75402,1.07,1.00
2015.02.25 18:13:20.669,0.75396,0.75402,1.00,1.00
2015.02.25 18:13:20.871,0.75394,0.75402,1.10,1.00
2015.02.25 18:13:21.125,0.75397,0.75403,1.00,1.00
2015.02.25 18:13:21.176,0.75397,0.75405,1.00,1.00
2015.02.25 18:13:21.227,0.754,0.75405,1.00,1.00
2015.02.25 18:13:21.329,0.75396,0.75403,1.00,1.00
2015.02.25 18:13:21.380,0.75396,0.75409,1.00,1.00
2015.02.25 18:13:21.583,0.75397,0.75411,1.00,1.00
2015.02.25 18:13:21.735,0.75396,0.75411,1.27,1.00
2015.02.25 18:13:21.786,0.75398,0.75416,1.15,1.00
2015.02.25 18:13:21.837,0.75399,0.75414,1.07,1.00
2015.02.25 18:13:22.142,0.75398,0.75403,1.00,1.07
2015.02.25 18:13:22.193,0.75392,0.75397,1.05,1.00
2015.02.25 18:13:22.244,0.75391,0.75397,1.00,1.00
2015.02.25 18:13:22.345,0.75391,0.75397,1.10,1.00
2015.02.25 18:13:22.396,0.75391,0.75401,1.00,1.50
2015.02.25 18:13:22.498,0.7539,0.75399,1.00,1.00
2015.02.25 18:13:22.599,0.7539,0.75401,1.00,1.00
2015.02.25 18:13:22.650,0.75392,0.75401,1.00,1.00
2015.02.25 18:13:22.701,0.75392,0.75403,1.00,1.50
2015.02.25 18:13:22.854,0.75395,0.75403,1.00,1.50
2015.02.25 18:13:23.361,0.75394,0.75403,1.00,1.50
2015.02.25 18:13:23.412,0.75391,0.75403,1.10,1.50
2015.02.25 18:13:23.666,0.75394,0.75403,1.00,1.50
2015.02.25 18:13:24.089,0.75391,0.75403,1.10,1.50
2015.02.25 18:13:24.293,0.75394,0.75402,1.00,1.00
2015.02.25 18:13:24.395,0.75394,0.75404,1.00,1.50
2015.02.25 18:13:24.547,0.75394,0.75402,1.00,1.00
2015.02.25 18:13:25.086,0.75393,0.75402,1.00,1.00
2015.02.25 18:13:25.593,0.75392,0.75402,1.10,1.00
2015.02.25 18:13:25.644,0.75389,0.75407,1.65,1.57
2015.02.25 18:13:25.847,0.75396,0.75407,1.00,1.57
2015.02.25 18:13:26.151,0.75397,0.75404,1.00,1.00
2015.02.25 18:13:26.202,0.75396,0.75408,1.00,1.65
2015.02.25 18:13:26.253,0.75396,0.75403,1.00,1.00
2015.02.25 18:13:26.354,0.75399,0.75408,1.00,1.07
2015.02.25 18:13:26.405,0.75393,0.75408,1.07,1.10
2015.02.25 18:13:26.557,0.75393,0.75403,1.00,1.00
2015.02.25 18:13:26.862,0.75391,0.75397,1.00,1.00
2015.02.25 18:13:35.687,0.75391,0.75396,1.00,1.00
2015.02.25 18:14:11.875,0.75391,0.75395,1.00,1.00
2015.02.25 18:14:26.743,0.75386,0.75395,1.07,1.00
2015.02.25 18:14:26.897,0.75385,0.75395,1.27,1.00
2015.02.25 18:14:39.301,0.75393,0.754,1.00,1.00
2015.02.25 18:14:43.740,0.75391,0.75395,1.00,1.00
2015.02.25 18:14:59.919,0.75391,0.75396,1.00,1.50
2015.02.25 18:15:01.233,0.75389,0.75396,1.00,1.00
2015.02.25 18:15:01.302,0.75391,0.75396,1.00,1.00
2015.02.25 18:15:01.827,0.75391,0.75397,1.00,2.25
2015.02.25 18:15:02.357,0.75391,0.75396,1.00,1.00
2015.02.25 18:15:02.409,0.75389,0.75396,1.00,1.00
2015.02.25 18:15:02.561,0.75392,0.75396,1.00,1.00
2015.02.25 18:15:03.103,0.75392,0.75397,1.00,1.50
2015.02.25 18:15:10.141,0.75385,0.75395,1.17,1.00
2015.02.25 18:15:10.799,0.75392,0.75396,1.00,1.00
2015.02.25 18:15:11.324,0.75384,0.75395,1.15,1.00
2015.02.25 18:15:11.375,0.75392,0.75397,1.00,2.25
2015.02.25 18:15:11.615,0.75385,0.75395,1.65,1.00
2015.02.25 18:15:12.122,0.75385,0.75394,1.65,1.00
2015.02.25 18:15:12.375,0.75392,0.75396,1.00,1.00
2015.02.25 18:15:12.586,0.75385,0.75394,1.17,1.00
2015.02.25 18:15:12.923,0.75392,0.75396,1.00,1.00
2015.02.25 18:15:13.429,0.75387,0.75395,1.00,1.00
2015.02.25 18:15:19.172,0.75389,0.75395,1.00,1.00
2015.02.25 18:15:19.690,0.7539,0.75395,1.00,1.00
2015.02.25 18:15:22.346,0.75392,0.75397,1.00,1.00
2015.02.25 18:15:31.847,0.75384,0.75394,1.15,1.00
2015.02.25 18:15:32.354,0.75386,0.75395,1.10,1.00
2015.02.25 18:15:34.156,0.75386,0.75396,1.00,1.00
2015.02.25 18:15:38.723,0.7539,0.75396,1.00,1.00
2015.02.25 18:15:38.877,0.75384,0.75393,1.00,1.00
2015.02.25 18:15:39.333,0.75384,0.75391,1.00,1.00
2015.02.25 18:15:39.384,0.75387,0.75391,1.00,1.00
2015.02.25 18:15:39.486,0.75385,0.75391,1.00,1.00
2015.02.25 18:15:40.093,0.75385,0.7539,1.00,1.00
2015.02.25 18:15:40.144,0.75383,0.7539,1.00,1.00
2015.02.25 18:15:40.347,0.75382,0.75388,1.00,1.00
2015.02.25 18:15:40.398,0.7538,0.75388,1.00,1.00
2015.02.25 18:15:40.986,0.7538,0.75389,1.00,1.00
2015.02.25 18:15:41.515,0.7538,0.7539,1.00,1.57
2015.02.25 18:15:43.552,0.75383,0.7539,1.00,1.50
2015.02.25 18:15:43.907,0.75385,0.7539,1.00,1.00
2015.02.25 18:15:44.211,0.75382,0.75389,1.00,1.00
2015.02.25 18:15:44.369,0.75382,0.75391,1.00,1.00
2015.02.25 18:15:44.471,0.75384,0.75392,1.00,1.00
2015.02.25 18:15:44.775,0.75387,0.75391,1.00,1.00
2015.02.25 18:15:45.129,0.75384,0.75391,1.00,1.00
2015.02.25 18:15:45.861,0.75386,0.75391,1.00,1.00
2015.02.25 18:15:45.912,0.75386,0.75393,1.00,1.00
2015.02.25 18:15:45.963,0.75388,0.75397,1.00,1.46
2015.02.25 18:15:46.470,0.7539,0.75394,1.00,1.00
2015.02.25 18:15:47.097,0.75383,0.75392,1.50,1.00
2015.02.25 18:15:47.616,0.75383,0.75391,1.00,1.00
2015.02.25 18:15:47.922,0.75383,0.75389,1.00,1.00
2015.02.25 18:15:47.973,0.75387,0.75395,1.00,1.00
2015.02.25 18:15:48.126,0.75387,0.75392,1.00,1.00
2015.02.25 18:15:48.643,0.75388,0.75392,1.00,1.00
2015.02.25 18:15:49.270,0.75383,0.75391,1.00,1.00
2015.02.25 18:15:50.665,0.75388,0.75392,1.00,1.00
2015.02.25 18:15:51.201,0.75383,0.75391,1.00,1.00
2015.02.25 18:15:52.734,0.75388,0.75393,1.00,1.00
2015.02.25 18:15:53.624,0.75388,0.75392,1.00,1.00
2015.02.25 18:15:54.130,0.75388,0.75393,1.00,1.00
2015.02.25 18:15:54.181,0.75383,0.75391,1.00,1.00
2015.02.25 18:15:54.688,0.75388,0.75392,1.00,1.00
2015.02.25 18:15:55.235,0.75385,0.75392,1.00,1.00
2015.02.25 18:15:55.437,0.75387,0.75391,1.00,1.00
2015.02.25 18:15:55.792,0.75389,0.75394,1.00,1.00
2015.02.25 18:15:58.551,0.75391,0.75397,1.00,1.00
2015.02.25 18:15:59.085,0.75391,0.75395,1.00,1.00
2015.02.25 18:15:59.609,0.75392,0.75399,1.00,1.00
2015.02.25 18:16:00.393,0.75393,0.754,1.00,1.00
2015.02.25 18:16:00.916,0.75389,0.75395,1.00,1.00
2015.02.25 18:16:01.441,0.75389,0.75396,1.00,1.00
2015.02.25 18:16:02.620,0.75389,0.75397,1.00,1.00
2015.02.25 18:16:03.644,0.75394,0.75399,1.00,1.00
2015.02.25 18:16:37.187,0.75394,0.754,1.00,1.00
2015.02.25 18:16:37.440,0.75396,0.754,1.00,1.00
2015.02.25 18:16:37.824,0.75396,0.75402,1.00,1.00
2015.02.25 18:16:37.875,0.75398,0.75405,1.00,1.57
2015.02.25 18:16:38.130,0.75397,0.75406,1.20,1.00
2015.02.25 18:16:38.181,0.75397,0.75406,1.52,1.00
2015.02.25 18:16:38.232,0.75403,0.75419,1.00,1.90
2015.02.25 18:16:38.487,0.75403,0.75421,1.00,2.02
2015.02.25 18:16:38.589,0.75401,0.75419,1.42,1.27
2015.02.25 18:16:38.894,0.75403,0.75419,1.00,2.10
2015.02.25 18:16:39.198,0.75409,0.75415,1.00,1.00
2015.02.25 18:16:39.300,0.75404,0.75415,1.50,1.00
2015.02.25 18:16:39.401,0.75404,0.75418,1.00,1.15
2015.02.25 18:16:39.996,0.75404,0.75418,1.10,1.10
2015.02.25 18:16:40.408,0.75409,0.7542,1.00,1.35
2015.02.25 18:16:40.509,0.75409,0.7542,1.00,1.00
2015.02.25 18:16:40.560,0.75409,0.75422,1.00,1.10
2015.02.25 18:16:40.662,0.75406,0.75422,1.10,1.10
2015.02.25 18:16:40.713,0.75406,0.75422,1.15,1.00
2015.02.25 18:16:50.079,0.75411,0.75419,1.00,1.00
2015.02.25 18:16:50.383,0.75408,0.75415,1.50,1.00
2015.02.25 18:16:50.688,0.75412,0.75421,1.00,1.27
2015.02.25 18:16:56.282,0.75412,0.75416,1.00,1.00
2015.02.25 18:17:00.572,0.75408,0.75415,1.00,1.00
2015.02.25 18:17:01.583,0.75412,0.75417,1.00,1.00
2015.02.25 18:17:02.091,0.75412,0.75416,1.00,1.00
2015.02.25 18:17:02.926,0.75412,0.75417,1.00,1.00
2015.02.25 18:17:03.681,0.75412,0.75416,1.00,1.00
2015.02.25 18:17:05.321,0.75412,0.75417,1.00,1.00
2015.02.25 18:17:05.829,0.75412,0.75416,1.00,1.00
2015.02.25 18:17:09.175,0.75407,0.75415,1.10,1.00
2015.02.25 18:17:09.378,0.75412,0.75417,1.00,1.00
2015.02.25 18:17:09.894,0.75412,0.75416,1.00,1.00
2015.02.25 18:17:11.364,0.75412,0.75417,1.00,1.00
2015.02.25 18:17:18.371,0.75407,0.75415,1.10,1.00
2015.02.25 18:17:18.674,0.75409,0.75415,1.00,1.00
2015.02.25 18:17:18.826,0.75411,0.75415,1.00,1.00
2015.02.25 18:17:23.417,0.75409,0.75415,1.00,1.00
2015.02.25 18:17:23.518,0.75411,0.75415,1.00,1.00
2015.02.25 18:17:24.024,0.7541,0.75415,1.00,1.00
2015.02.25 18:17:35.747,0.7541,0.75416,1.00,1.00
2015.02.25 18:17:39.220,0.7541,0.75415,1.00,1.00
2015.02.25 18:17:49.342,0.7541,0.75416,1.00,1.00
2015.02.25 18:17:49.890,0.75411,0.75416,1.00,1.00
2015.02.25 18:17:50.352,0.75411,0.75419,1.00,1.00
2015.02.25 18:17:52.092,0.75411,0.7542,1.00,1.00
2015.02.25 18:18:00.175,0.75412,0.7542,1.00,1.00
2015.02.25 18:18:11.041,0.75412,0.75421,1.00,1.00
2015.02.25 18:18:11.142,0.75416,0.75422,1.00,1.00
2015.02.25 18:18:11.294,0.75416,0.75425,1.00,1.50
2015.02.25 18:18:11.396,0.75418,0.75427,1.00,1.87
2015.02.25 18:18:11.839,0.75423,0.75429,1.00,1.05
2015.02.25 18:18:11.992,0.75426,0.75431,1.00,1.20
2015.02.25 18:18:12.144,0.75426,0.75433,1.00,1.50
2015.02.25 18:18:12.448,0.75426,0.75434,1.00,1.65
2015.02.25 18:18:12.498,0.75426,0.75431,1.00,1.00
2015.02.25 18:18:12.600,0.75426,0.75434,1.00,1.65
2015.02.25 18:18:13.266,0.75426,0.75433,1.00,1.00
2015.02.25 18:18:13.771,0.75426,0.75434,1.00,1.20
2015.02.25 18:18:15.020,0.75426,0.75432,1.00,1.00
2015.02.25 18:18:15.130,0.75426,0.75434,1.00,1.65
2015.02.25 18:18:19.960,0.75426,0.75431,1.00,1.00
2015.02.25 18:18:20.417,0.75422,0.75432,1.00,1.20
2015.02.25 18:18:21.601,0.75422,0.75426,1.00,1.00
2015.02.25 18:18:29.323,0.75421,0.75426,1.00,1.00
2015.02.25 18:18:29.627,0.75417,0.75424,1.50,1.00
2015.02.25 18:18:29.983,0.75419,0.75423,1.50,1.00
2015.02.25 18:18:30.186,0.75419,0.75425,1.50,1.00
2015.02.25 18:18:30.642,0.75422,0.7543,1.00,1.27
2015.02.25 18:18:33.931,0.75422,0.75426,1.00,1.00
2015.02.25 18:18:42.363,0.75419,0.75424,1.50,1.00
2015.02.25 18:18:43.172,0.75421,0.75429,1.00,1.10
2015.02.25 18:18:43.596,0.75421,0.75425,1.00,1.00
2015.02.25 18:18:45.590,0.75417,0.75424,1.50,1.00
2015.02.25 18:18:52.370,0.75421,0.75426,1.00,1.00
2015.02.25 18:18:56.924,0.75421,0.75427,1.00,1.00
2015.02.25 18:19:01.620,0.75421,0.75428,1.00,1.00
2015.02.25 18:19:04.959,0.75421,0.75429,1.00,1.00
2015.02.25 18:19:05.464,0.75421,0.7543,1.00,1.50
2015.02.25 18:19:05.515,0.75423,0.7543,1.00,1.00
2015.02.25 18:19:06.394,0.75423,0.75429,1.00,1.00
2015.02.25 18:19:06.937,0.75423,0.7543,1.00,1.00
2015.02.25 18:19:08.988,0.75423,0.75429,1.00,1.00
2015.02.25 18:19:09.502,0.75423,0.7543,1.00,1.50
2015.02.25 18:19:10.244,0.75422,0.75431,1.00,1.00
2015.02.25 18:19:10.750,0.75422,0.7543,1.00,1.50
2015.02.25 18:19:11.205,0.75424,0.7543,1.00,1.00
2015.02.25 18:19:11.457,0.75424,0.75433,1.00,1.00
2015.02.25 18:19:11.559,0.75427,0.75435,1.00,1.00
2015.02.25 18:19:12.106,0.75427,0.75436,1.00,1.00
2015.02.25 18:19:12.409,0.75429,0.75437,1.00,1.00
2015.02.25 18:19:12.662,0.7543,0.75441,1.00,1.87
2015.02.25 18:19:14.000,0.7543,0.75441,1.50,1.45
2015.02.25 18:19:14.819,0.7543,0.75441,1.50,3.30
2015.02.25 18:19:15.330,0.75429,0.75438,1.00,1.15
2015.02.25 18:19:16.915,0.75429,0.75438,1.00,1.10
2015.02.25 18:19:21.993,0.75429,0.75436,1.00,1.00
2015.02.25 18:19:22.499,0.75429,0.75435,1.00,1.00
2015.02.25 18:19:22.959,0.75429,0.75438,1.00,1.20
2015.02.25 18:19:29.621,0.75429,0.75438,1.00,1.17
2015.02.25 18:19:30.287,0.75429,0.75438,1.00,1.25
2015.02.25 18:19:41.100,0.75429,0.75438,1.00,1.17
2015.02.25 18:19:41.606,0.75429,0.75438,1.00,1.10
2015.02.25 18:19:49.818,0.75429,0.75437,1.00,1.00
2015.02.25 18:19:50.379,0.75429,0.75441,1.50,3.37
2015.02.25 18:19:50.889,0.7543,0.75439,1.00,1.00
2015.02.25 18:19:52.352,0.75429,0.75441,1.50,2.25
2015.02.25 18:19:52.858,0.75429,0.7544,1.00,1.00
2015.02.25 18:19:54.269,0.75429,0.75441,1.50,1.27
2015.02.25 18:19:54.794,0.75429,0.7544,1.00,1.10
2015.02.25 18:19:58.216,0.75429,0.7544,2.25,1.37
2015.02.25 18:19:58.721,0.75429,0.7544,1.00,1.00
2015.02.25 18:19:59.338,0.7543,0.75442,1.00,2.70
2015.02.25 18:19:59.770,0.75431,0.75439,1.00,1.00
2015.02.25 18:20:00.451,0.75431,0.7544,1.00,1.35
2015.02.25 18:20:10.992,0.75431,0.75439,1.00,1.00
2015.02.25 18:20:11.043,0.75429,0.75439,1.00,1.00
2015.02.25 18:20:12.287,0.7543,0.75441,1.00,2.25
2015.02.25 18:20:17.212,0.75428,0.75435,1.50,1.00
2015.02.25 18:20:42.209,0.75428,0.75438,1.00,2.32
2015.02.25 18:20:45.643,0.75428,0.75435,1.00,1.00
2015.02.25 18:20:46.151,0.75426,0.75435,1.00,1.50
2015.02.25 18:20:46.202,0.75426,0.75433,1.00,1.00
2015.02.25 18:20:46.303,0.75426,0.75435,1.00,1.57
2015.02.25 18:20:47.729,0.75426,0.75433,1.00,1.00
2015.02.25 18:20:47.881,0.75426,0.75435,1.00,1.00
2015.02.25 18:20:50.924,0.75426,0.75436,1.00,1.20
2015.02.25 18:20:51.461,0.75426,0.75435,1.00,1.00
2015.02.25 18:20:58.392,0.75426,0.75434,1.00,1.00
2015.02.25 18:21:01.342,0.75426,0.75436,1.00,1.50
2015.02.25 18:21:01.908,0.75426,0.75434,1.00,1.00
2015.02.25 18:21:03.353,0.75426,0.75435,1.00,1.00
2015.02.25 18:21:03.888,0.75426,0.75433,1.00,1.00
2015.02.25 18:21:05.334,0.75426,0.75434,1.00,1.10
2015.02.25 18:21:05.844,0.75426,0.75433,1.00,1.00
2015.02.25 18:21:08.410,0.75424,0.75431,1.00,1.00
2015.02.25 18:21:08.663,0.75421,0.75429,1.00,1.10
2015.02.25 18:21:08.866,0.75419,0.7543,1.00,1.12
2015.02.25 18:21:09.069,0.75421,0.75429,1.00,1.07
2015.02.25 18:21:13.864,0.75421,0.75431,1.00,1.17
2015.02.25 18:21:14.394,0.75421,0.75431,1.00,1.10
2015.02.25 18:21:15.556,0.75423,0.75431,1.00,1.00
2015.02.25 18:21:25.372,0.75423,0.75432,1.00,1.10
2015.02.25 18:21:27.640,0.75423,0.75431,1.00,1.00
2015.02.25 18:21:27.952,0.75421,0.75431,1.00,1.65
2015.02.25 18:21:28.310,0.75421,0.75431,1.00,1.57
2015.02.25 18:21:29.790,0.75421,0.7543,1.00,1.00
2015.02.25 18:21:35.695,0.75422,0.7543,1.00,1.65
2015.02.25 18:21:35.847,0.75422,0.75427,1.00,1.00
2015.02.25 18:21:36.151,0.75415,0.75425,1.00,1.00
2015.02.25 18:21:36.353,0.75419,0.75427,1.00,1.00
2015.02.25 18:21:36.505,0.75419,0.75429,1.00,1.20
2015.02.25 18:22:04.442,0.75419,0.75428,1.00,1.00
2015.02.25 18:22:07.362,0.75421,0.75428,1.00,1.00
2015.02.25 18:22:14.418,0.75421,0.75431,1.00,1.50
2015.02.25 18:22:15.249,0.75421,0.75431,1.00,1.00
2015.02.25 18:22:40.357,0.75423,0.75431,1.00,2.85
2015.02.25 18:22:40.860,0.75423,0.7543,1.00,2.10
2015.02.25 18:22:43.437,0.75421,0.7543,1.00,2.10
2015.02.25 18:22:44.057,0.75421,0.75431,1.00,2.85
2015.02.25 18:22:53.931,0.75422,0.75431,1.00,1.00
2015.02.25 18:22:54.033,0.75425,0.75433,1.00,3.00
2015.02.25 18:22:54.337,0.75427,0.75431,1.00,1.00
2015.02.25 18:22:54.845,0.75426,0.75432,1.00,1.00
2015.02.25 18:22:54.896,0.75426,0.75434,1.00,1.54
2015.02.25 18:22:55.357,0.75426,0.75432,1.00,1.00
2015.02.25 18:22:55.862,0.75426,0.75433,1.00,1.00
2015.02.25 18:22:56.368,0.75426,0.75432,1.00,1.00
2015.02.25 18:22:56.874,0.75426,0.75434,1.00,2.85
2015.02.25 18:22:57.406,0.75426,0.75432,1.00,1.00
2015.02.25 18:23:01.477,0.75427,0.75432,1.00,1.00
2015.02.25 18:23:04.788,0.75426,0.75432,1.00,1.35
2015.02.25 18:23:14.509,0.75426,0.75431,1.00,1.00
2015.02.25 18:23:14.956,0.75426,0.75433,1.00,1.35
2015.02.25 18:23:15.464,0.75426,0.75433,1.00,2.85
2015.02.25 18:23:16.024,0.75426,0.75433,1.00,1.00
2015.02.25 18:23:20.053,0.75426,0.75433,1.00,2.92
2015.02.25 18:23:21.253,0.75426,0.75433,1.00,1.42
2015.02.25 18:23:42.789,0.75426,0.75433,1.00,2.44
2015.02.25 18:23:42.841,0.75422,0.75431,1.00,2.10
2015.02.25 18:23:42.892,0.75422,0.7543,1.00,1.15
2015.02.25 18:23:42.994,0.7542,0.7543,1.00,1.65
2015.02.25 18:23:43.197,0.75418,0.75427,1.00,1.42
2015.02.25 18:23:43.798,0.75418,0.75427,1.00,2.17
2015.02.25 18:23:43.849,0.75418,0.75423,1.00,1.00
2015.02.25 18:23:44.052,0.75414,0.75421,1.00,1.35
2015.02.25 18:23:44.558,0.75414,0.75421,1.00,2.85
2015.02.25 18:23:45.223,0.75414,0.75421,1.00,1.00
2015.02.25 18:23:53.649,0.75414,0.7542,1.00,1.00
2015.02.25 18:23:54.291,0.75414,0.75419,1.00,1.00
2015.02.25 18:23:54.986,0.75412,0.75419,1.00,1.00
2015.02.25 18:23:56.044,0.75412,0.75417,1.00,1.00
2015.02.25 18:23:56.349,0.7541,0.75416,1.00,2.85
2015.02.25 18:23:56.857,0.75407,0.75412,1.00,1.00
2015.02.25 18:23:57.160,0.75403,0.7541,1.00,1.00
2015.02.25 18:24:00.106,0.75402,0.7541,1.00,1.00
2015.02.25 18:24:02.265,0.75402,0.7541,1.00,1.60
2015.02.25 18:24:02.367,0.75396,0.75405,1.15,1.00
2015.02.25 18:24:02.873,0.754,0.75405,1.00,1.50
2015.02.25 18:24:02.975,0.75394,0.75405,1.00,4.05
2015.02.25 18:24:03.076,0.75394,0.75401,1.00,2.10
2015.02.25 18:24:03.328,0.75392,0.75401,1.00,2.85
2015.02.25 18:24:05.296,0.75391,0.75401,1.00,2.85
2015.02.25 18:24:07.281,0.75391,0.754,1.00,1.00
2015.02.25 18:24:07.484,0.75389,0.754,1.50,1.00
2015.02.25 18:24:10.634,0.75389,0.754,1.50,1.07
2015.02.25 18:24:10.938,0.75389,0.75401,1.50,2.85
2015.02.25 18:24:12.867,0.75389,0.75401,1.50,2.85
2015.02.25 18:24:13.908,0.75391,0.75401,1.00,2.10
2015.02.25 18:24:15.043,0.75391,0.75401,1.00,2.10
2015.02.25 18:24:15.549,0.75395,0.75402,1.00,1.00
2015.02.25 18:24:16.056,0.75395,0.75403,1.00,1.00
2015.02.25 18:24:16.576,0.75393,0.75398,1.00,1.00
2015.02.25 18:24:16.728,0.75393,0.75398,1.00,1.00
2015.02.25 18:24:16.830,0.75391,0.75398,1.00,1.00
2015.02.25 18:24:16.982,0.75389,0.75398,1.50,1.50
2015.02.25 18:24:21.798,0.75389,0.75397,1.50,1.00
2015.02.25 18:24:27.116,0.75389,0.75395,1.00,1.00
2015.02.25 18:24:27.483,0.75389,0.75397,1.00,1.00
2015.02.25 18:24:27.994,0.75388,0.75397,1.00,1.00
2015.02.25 18:24:28.501,0.75389,0.75397,1.00,1.00
2015.02.25 18:24:29.115,0.7539,0.75397,1.00,1.00
2015.02.25 18:24:36.011,0.7539,0.75398,1.00,1.00
2015.02.25 18:24:38.008,0.7539,0.75398,1.00,1.15
2015.02.25 18:24:39.124,0.7539,0.75398,1.00,1.10
2015.02.25 18:24:39.428,0.75391,0.754,1.00,1.10
2015.02.25 18:24:39.580,0.75393,0.75401,1.00,1.25
2015.02.25 18:24:40.451,0.75393,0.75402,1.00,1.00
2015.02.25 18:24:40.706,0.75395,0.75405,1.00,1.01
2015.02.25 18:24:41.213,0.75399,0.75405,1.00,1.00
2015.02.25 18:24:41.416,0.75397,0.75405,1.50,1.00
2015.02.25 18:24:41.720,0.75397,0.75407,1.00,1.00
2015.02.25 18:24:42.236,0.75398,0.75406,1.00,1.00
2015.02.25 18:24:42.912,0.75398,0.75405,1.00,1.00
2015.02.25 18:24:43.418,0.75398,0.75404,1.00,1.00
2015.02.25 18:24:47.350,0.75398,0.75406,1.00,1.50
2015.02.25 18:24:48.778,0.75398,0.75405,1.00,1.00
2015.02.25 18:24:49.082,0.75397,0.75403,1.00,1.00
2015.02.25 18:24:53.275,0.75397,0.75404,1.00,1.00
2015.02.25 18:24:57.466,0.75397,0.75403,1.00,1.00
2015.02.25 18:24:57.844,0.75399,0.75403,1.00,1.00
2015.02.25 18:24:57.894,0.75399,0.75406,1.00,1.50
2015.02.25 18:24:58.400,0.754,0.75406,1.00,1.00
2015.02.25 18:24:59.601,0.754,0.75407,1.00,1.50
2015.02.25 18:24:59.652,0.754,0.75405,1.00,1.00
2015.02.25 18:25:04.993,0.75398,0.75405,1.00,1.00
2015.02.25 18:25:05.908,0.75398,0.75404,1.00,1.00
2015.02.25 18:26:05.150,0.75393,0.75404,1.10,1.50
2015.02.25 18:26:14.552,0.75394,0.75404,1.00,1.00
2015.02.25 18:26:17.554,0.75394,0.75405,1.00,1.00
2015.02.25 18:26:18.110,0.75394,0.75403,1.00,1.00
2015.02.25 18:26:18.161,0.75392,0.75403,1.00,1.00
2015.02.25 18:26:18.212,0.75395,0.75403,1.00,1.50
2015.02.25 18:26:18.464,0.75393,0.75402,1.00,1.50
2015.02.25 18:26:18.970,0.75393,0.75401,1.00,1.00
2015.02.25 18:27:10.884,0.75393,0.75402,1.00,1.00
2015.02.25 18:27:10.935,0.75397,0.75402,1.00,1.00
2015.02.25 18:27:10.986,0.75397,0.75404,1.00,1.00
2015.02.25 18:27:11.490,0.75398,0.75405,1.00,1.00
2015.02.25 18:27:23.034,0.75397,0.75405,1.00,1.00
2015.02.25 18:27:28.741,0.75398,0.75405,1.00,1.00
2015.02.25 18:27:28.792,0.75398,0.75407,1.00,1.50
2015.02.25 18:27:29.298,0.754,0.75407,1.00,1.00
2015.02.25 18:27:35.882,0.754,0.75406,1.00,1.00
2015.02.25 18:27:39.069,0.754,0.75407,1.00,1.00
2015.02.25 18:27:41.372,0.754,0.75406,1.00,1.00
2015.02.25 18:27:47.880,0.754,0.75405,1.00,1.00
2015.02.25 18:27:51.174,0.75401,0.75405,1.00,1.00
2015.02.25 18:28:06.568,0.75401,0.75407,1.00,1.00
2015.02.25 18:28:06.720,0.75401,0.75409,1.00,1.12
2015.02.25 18:28:45.589,0.75401,0.75408,1.00,1.00
2015.02.25 18:28:51.062,0.75401,0.75409,1.00,1.00
2015.02.25 18:28:51.163,0.75397,0.75409,1.00,1.25
2015.02.25 18:29:03.056,0.75398,0.75409,1.00,1.12
2015.02.25 18:29:05.801,0.75398,0.7541,1.00,1.57
2015.02.25 18:29:06.360,0.75398,0.7541,1.00,1.07
2015.02.25 18:29:20.747,0.75397,0.75409,1.00,1.00
2015.02.25 18:29:21.361,0.75397,0.75407,1.00,1.00
2015.02.25 18:29:31.251,0.75396,0.75407,1.57,1.00
2015.02.25 18:29:37.604,0.75396,0.75406,1.00,1.00
2015.02.25 18:29:49.606,0.75396,0.75407,1.00,1.00
2015.02.25 18:29:50.866,0.75396,0.75409,1.00,1.10
2015.02.25 18:29:51.371,0.75395,0.75408,1.20,1.00
2015.02.25 18:29:52.966,0.75396,0.75409,1.20,1.25
2015.02.25 18:29:53.168,0.75403,0.75409,1.00,1.00
2015.02.25 18:29:57.101,0.75403,0.75411,1.00,1.00
2015.02.25 18:29:57.689,0.75406,0.75411,1.00,1.00
2015.02.25 18:30:05.359,0.75407,0.75412,1.00,1.00
2015.02.25 18:30:05.612,0.75408,0.75415,1.00,1.00
2015.02.25 18:30:05.713,0.75409,0.75417,1.00,1.00
2015.02.25 18:30:13.936,0.75412,0.75419,1.00,1.00
2015.02.25 18:30:14.413,0.75412,0.75421,1.00,1.00
2015.02.25 18:30:14.615,0.75412,0.75419,1.00,1.00
2015.02.25 18:30:18.455,0.75414,0.7542,1.00,1.00
2015.02.25 18:30:18.658,0.75412,0.75421,1.00,1.00
2015.02.25 18:30:19.200,0.75412,0.7542,1.00,1.00
2015.02.25 18:30:19.555,0.75412,0.75422,1.00,1.00
2015.02.25 18:30:19.656,0.75416,0.75424,1.00,1.00
2015.02.25 18:30:19.960,0.75416,0.75422,1.00,1.00
2015.02.25 18:30:20.466,0.75414,0.75424,1.00,1.20
2015.02.25 18:30:20.669,0.75414,0.75421,1.00,1.00
2015.02.25 18:30:21.175,0.75414,0.75422,1.00,1.00
2015.02.25 18:30:21.479,0.75414,0.7542,1.00,1.00
2015.02.25 18:30:23.304,0.75414,0.75422,1.00,1.00
2015.02.25 18:30:23.506,0.75416,0.75422,1.00,1.00
2015.02.25 18:30:23.809,0.75416,0.7542,1.00,1.00
2015.02.25 18:30:24.164,0.75416,0.75422,1.00,1.00
2015.02.25 18:30:24.669,0.75416,0.75423,1.00,1.00
2015.02.25 18:30:24.872,0.75416,0.75426,1.00,1.00
2015.02.25 18:30:24.973,0.75418,0.75426,1.00,1.00
2015.02.25 18:30:25.474,0.75418,0.75427,1.00,1.00
2015.02.25 18:30:25.727,0.75422,0.75432,1.00,1.00
2015.02.25 18:30:25.829,0.75424,0.75432,1.00,1.00
2015.02.25 18:30:26.033,0.75422,0.75432,1.50,1.00
2015.02.25 18:30:27.065,0.75422,0.75433,1.50,1.00
2015.02.25 18:30:27.167,0.75424,0.75433,1.00,1.00
2015.02.25 18:30:29.459,0.75424,0.75435,1.00,1.00
2015.02.25 18:30:29.560,0.75426,0.75435,1.00,1.00
2015.02.25 18:30:30.072,0.75426,0.75436,1.00,1.00
2015.02.25 18:30:37.924,0.75426,0.75435,1.00,1.00
2015.02.25 18:30:42.342,0.75426,0.75436,1.00,1.00
2015.02.25 18:30:42.854,0.75426,0.75435,1.00,1.00
2015.02.25 18:30:55.188,0.75422,0.75435,1.57,1.00
2015.02.25 18:30:55.239,0.75422,0.75435,1.57,3.22
2015.02.25 18:30:55.443,0.75416,0.75426,1.00,1.10
2015.02.25 18:30:55.994,0.75416,0.75425,1.00,1.00
2015.02.25 18:31:04.437,0.75414,0.75425,1.00,1.00
2015.02.25 18:31:04.640,0.75412,0.75423,1.00,1.00
2015.02.25 18:31:04.893,0.75409,0.75422,1.50,1.27
2015.02.25 18:31:05.045,0.75409,0.75418,1.00,1.00
2015.02.25 18:31:05.096,0.75406,0.75417,1.00,1.00
2015.02.25 18:31:05.197,0.75405,0.75413,1.00,1.00
2015.02.25 18:31:05.299,0.75402,0.75413,1.00,1.00
2015.02.25 18:31:05.870,0.75401,0.75413,1.00,1.20
2015.02.25 18:31:06.223,0.75403,0.75413,1.00,1.00
2015.02.25 18:31:06.528,0.75407,0.75416,1.00,1.00
2015.02.25 18:31:06.630,0.75407,0.75418,1.00,1.57
2015.02.25 18:31:10.515,0.75407,0.75418,1.00,1.65
2015.02.25 18:31:10.617,0.75407,0.75415,1.00,1.00
2015.02.25 18:31:10.718,0.75405,0.75414,1.00,1.00
2015.02.25 18:31:11.951,0.75405,0.75413,1.00,1.00
2015.02.25 18:31:12.710,0.75403,0.75413,1.00,1.00
2015.02.25 18:31:12.812,0.75404,0.75415,1.00,1.00
2015.02.25 18:31:13.115,0.75402,0.75413,1.50,1.00
2015.02.25 18:31:15.121,0.75402,0.75415,2.25,1.12
2015.02.25 18:31:15.885,0.75403,0.75415,1.00,1.12
2015.02.25 18:31:17.653,0.75403,0.75414,1.00,1.00
2015.02.25 18:31:18.165,0.75402,0.75413,1.00,1.00
2015.02.25 18:31:32.700,0.75401,0.75413,1.50,1.00
2015.02.25 18:31:41.184,0.75402,0.75413,1.00,1.10
2015.02.25 18:31:42.419,0.75402,0.75413,1.00,1.47
2015.02.25 18:31:42.921,0.75402,0.75413,1.00,1.10
2015.02.25 18:31:48.866,0.75402,0.75411,1.00,1.00
2015.02.25 18:32:24.618,0.75402,0.75409,1.00,1.00
2015.02.25 18:32:41.199,0.754,0.75409,1.00,1.00
2015.02.25 18:32:41.704,0.75399,0.75409,1.00,1.00
2015.02.25 18:32:44.735,0.754,0.75409,1.00,1.00
2015.02.25 18:33:04.538,0.75402,0.75409,1.00,1.00
2015.02.25 18:33:05.391,0.75402,0.75411,1.00,1.25
2015.02.25 18:33:05.903,0.75403,0.75411,1.00,1.00
2015.02.25 18:33:14.808,0.75403,0.75414,1.37,1.05
2015.02.25 18:33:14.858,0.75408,0.75415,1.12,1.84
2015.02.25 18:33:14.960,0.75409,0.75418,1.12,1.12
2015.02.25 18:33:15.466,0.75408,0.75415,1.00,1.00
2015.02.25 18:33:16.008,0.75408,0.75414,1.00,1.00
2015.02.25 18:33:17.066,0.75408,0.75416,1.00,1.10
2015.02.25 18:33:17.167,0.7541,0.75416,1.00,1.10
2015.02.25 18:33:17.492,0.7541,0.75419,1.00,1.10
2015.02.25 18:33:18.912,0.75414,0.75419,1.00,1.00
2015.02.25 18:33:19.215,0.75421,0.75427,1.00,1.10
2015.02.25 18:33:19.266,0.7542,0.75429,1.00,1.20
2015.02.25 18:33:25.859,0.75423,0.75427,1.00,1.00
2015.02.25 18:33:26.165,0.75428,0.75435,1.00,1.75
2015.02.25 18:33:26.317,0.7543,0.75439,1.12,1.00
2015.02.25 18:33:26.825,0.75429,0.75439,1.00,1.00
2015.02.25 18:33:40.217,0.75429,0.75439,1.00,1.07
2015.02.25 18:33:40.268,0.75427,0.75439,1.00,1.17
2015.02.25 18:33:40.572,0.75427,0.75436,1.00,1.00
2015.02.25 18:33:41.356,0.75428,0.75438,1.00,1.00
2015.02.25 18:33:41.610,0.75428,0.7544,1.00,1.10
2015.02.25 18:33:41.812,0.75428,0.75438,1.00,1.00
2015.02.25 18:33:42.318,0.75428,0.7544,1.00,1.15
2015.02.25 18:33:44.542,0.75429,0.7544,1.00,1.15
2015.02.25 18:33:44.744,0.7543,0.75442,1.00,1.54
2015.02.25 18:33:45.249,0.75429,0.7544,1.00,1.10
2015.02.25 18:33:51.774,0.75429,0.75442,2.25,1.27
2015.02.25 18:33:52.280,0.75429,0.7544,1.00,1.20
2015.02.25 18:33:52.824,0.75429,0.7544,1.00,1.15
2015.02.25 18:33:58.193,0.75429,0.75441,1.50,1.20
2015.02.25 18:34:00.318,0.75429,0.75442,1.50,3.15
2015.02.25 18:34:11.211,0.75434,0.75442,1.00,2.40
2015.02.25 18:34:11.313,0.75434,0.75442,1.00,1.10
2015.02.25 18:34:11.414,0.75434,0.75445,1.50,1.69
2015.02.25 18:34:11.515,0.75437,0.75445,1.00,1.25
2015.02.25 18:34:12.029,0.75437,0.75446,1.00,1.00
2015.02.25 18:34:12.131,0.75438,0.75449,1.00,1.57
2015.02.25 18:34:13.024,0.75438,0.75449,1.50,1.20
2015.02.25 18:34:13.744,0.75438,0.75449,1.50,1.27
2015.02.25 18:34:13.846,0.75436,0.75447,1.50,2.10
2015.02.25 18:34:14.150,0.75432,0.75442,1.00,1.10
2015.02.25 18:34:20.089,0.75432,0.75441,1.00,1.00
2015.02.25 18:34:20.190,0.7543,0.7544,1.00,1.10
2015.02.25 18:34:20.732,0.75429,0.75439,1.00,1.00
2015.02.25 18:34:35.145,0.75429,0.75436,1.00,1.00
2015.02.25 18:34:36.260,0.75428,0.75436,1.00,1.00
2015.02.25 18:34:36.791,0.75429,0.75436,1.00,1.00
2015.02.25 18:34:55.309,0.75426,0.75436,1.50,1.00
2015.02.25 18:34:55.411,0.75423,0.75433,1.50,1.00
2015.02.25 18:34:55.513,0.7542,0.75431,1.00,1.00
2015.02.25 18:34:55.614,0.7542,0.75428,1.00,1.00
2015.02.25 18:34:56.069,0.7542,0.75426,1.00,1.00
2015.02.25 18:34:56.171,0.75418,0.75426,1.00,1.00
2015.02.25 18:34:56.971,0.75418,0.75423,1.00,1.00
2015.02.25 18:34:57.073,0.75418,0.75426,1.00,1.50
2015.02.25 18:35:00.382,0.75418,0.75424,1.00,1.00
2015.02.25 18:35:00.928,0.75419,0.75424,1.00,1.00
2015.02.25 18:35:02.002,0.75417,0.75424,1.00,1.00
2015.02.25 18:35:02.437,0.75415,0.75424,1.00,1.00
2015.02.25 18:35:19.255,0.75417,0.75424,1.00,1.00
2015.02.25 18:35:19.559,0.75419,0.75426,1.00,1.00
2015.02.25 18:35:21.712,0.75417,0.75423,1.00,1.00
2015.02.25 18:35:30.375,0.75414,0.7542,1.00,1.12
2015.02.25 18:35:30.476,0.75412,0.7542,1.00,1.87
2015.02.25 18:35:30.578,0.75412,0.75418,1.00,1.00
2015.02.25 18:35:35.862,0.75411,0.75418,1.00,1.00
2015.02.25 18:35:37.610,0.75411,0.7542,1.00,1.25
2015.02.25 18:35:37.762,0.75413,0.7542,1.00,1.25
2015.02.25 18:35:39.423,0.75414,0.7542,1.00,1.00
2015.02.25 18:35:40.815,0.75414,0.75422,1.00,1.50
2015.02.25 18:35:40.966,0.75416,0.75426,1.00,1.50
2015.02.25 18:35:41.067,0.75418,0.75426,1.00,1.00
2015.02.25 18:35:41.168,0.75419,0.75429,1.00,1.10
2015.02.25 18:35:41.839,0.75419,0.75429,1.00,1.15
2015.02.25 18:35:42.142,0.75419,0.75424,1.00,1.00
2015.02.25 18:35:42.928,0.75418,0.75424,1.00,1.00
2015.02.25 18:35:51.954,0.75418,0.75425,1.00,1.00
2015.02.25 18:35:52.460,0.75417,0.75424,1.00,1.00
2015.02.25 18:36:00.575,0.75417,0.75424,1.00,1.56
2015.02.25 18:36:00.626,0.75415,0.7542,1.00,1.00
2015.02.25 18:36:01.294,0.75414,0.7542,1.00,1.00
2015.02.25 18:36:05.325,0.75414,0.75419,1.00,1.00
2015.02.25 18:36:15.885,0.75414,0.7542,1.00,1.00
2015.02.25 18:36:31.412,0.75414,0.75421,1.00,1.12
2015.02.25 18:36:32.148,0.75414,0.75422,1.00,1.37
2015.02.25 18:36:32.350,0.75415,0.75425,1.00,1.00
2015.02.25 18:36:32.452,0.7542,0.75427,1.00,1.00
2015.02.25 18:36:32.755,0.75426,0.75434,1.00,1.19
2015.02.25 18:36:33.611,0.75426,0.75434,1.00,1.00
2015.02.25 18:36:48.368,0.75424,0.75434,1.00,1.00
2015.02.25 18:37:10.194,0.75424,0.75434,1.00,1.29
2015.02.25 18:37:10.711,0.75424,0.75434,1.00,1.00
2015.02.25 18:37:18.096,0.75426,0.75434,1.00,1.00
2015.02.25 18:37:18.400,0.75429,0.7544,1.00,1.07
2015.02.25 18:37:18.450,0.75435,0.7544,1.00,1.10
2015.02.25 18:37:20.522,0.75435,0.75441,1.00,1.00
2015.02.25 18:37:20.623,0.75435,0.75445,1.50,1.60
2015.02.25 18:37:20.725,0.75436,0.75446,1.00,1.31
2015.02.25 18:37:20.827,0.75438,0.75446,1.00,1.12
2015.02.25 18:37:21.131,0.7544,0.75447,1.00,2.40
2015.02.25 18:37:22.800,0.75438,0.75445,1.00,1.10
2015.02.25 18:37:23.003,0.75436,0.75445,1.00,1.10
2015.02.25 18:37:23.668,0.75436,0.75444,1.00,1.00
2015.02.25 18:37:37.403,0.75436,0.75445,1.50,1.10
2015.02.25 18:37:37.555,0.75438,0.75445,1.00,1.00
2015.02.25 18:37:37.656,0.7544,0.75449,1.00,1.27
2015.02.25 18:37:40.648,0.75439,0.75449,1.00,2.02
2015.02.25 18:37:41.383,0.75439,0.75445,1.00,1.00
2015.02.25 18:37:41.792,0.75439,0.75443,1.00,1.00
2015.02.25 18:37:50.610,0.75437,0.75443,1.00,1.00
2015.02.25 18:37:53.388,0.75437,0.75448,1.00,1.57
2015.02.25 18:37:53.591,0.75439,0.75448,1.00,1.57
2015.02.25 18:37:58.095,0.75439,0.75446,1.00,1.00
2015.02.25 18:37:58.348,0.75439,0.75448,1.00,1.65
2015.02.25 18:37:58.551,0.75439,0.75446,1.00,1.00
2015.02.25 18:37:59.056,0.75439,0.75447,1.00,1.00
2015.02.25 18:37:59.563,0.75439,0.75446,1.00,1.00
2015.02.25 18:38:00.221,0.7544,0.75446,1.00,1.50
2015.02.25 18:38:00.424,0.7544,0.75448,1.00,1.10
2015.02.25 18:38:00.627,0.75441,0.75446,1.00,1.00
2015.02.25 18:38:00.829,0.75441,0.75449,1.00,1.50
2015.02.25 18:38:03.162,0.75441,0.7545,1.00,1.65
2015.02.25 18:38:08.719,0.75441,0.7545,1.00,1.80
2015.02.25 18:38:08.770,0.75439,0.75449,1.00,1.27
2015.02.25 18:38:09.074,0.75439,0.75445,1.00,1.00
2015.02.25 18:38:11.091,0.75439,0.75449,1.00,1.46
2015.02.25 18:38:11.634,0.75439,0.75445,1.00,1.00
2015.02.25 18:38:11.836,0.75439,0.75448,1.00,1.20
2015.02.25 18:38:12.624,0.75439,0.75445,1.00,1.00
2015.02.25 18:38:14.498,0.75437,0.75445,1.00,1.00
2015.02.25 18:38:14.600,0.75437,0.75441,1.00,1.00
2015.02.25 18:38:18.895,0.75434,0.75439,1.00,1.00
2015.02.25 18:38:19.303,0.75437,0.75441,1.00,1.00
2015.02.25 18:38:29.095,0.75434,0.7544,1.00,1.00
2015.02.25 18:38:32.660,0.75434,0.75439,1.00,1.00
2015.02.25 18:38:33.053,0.75434,0.7544,1.00,1.00
2015.02.25 18:38:36.354,0.75437,0.75441,1.00,1.00
2015.02.25 18:38:52.873,0.75437,0.75442,1.00,1.00
2015.02.25 18:38:53.406,0.75437,0.75444,1.00,1.00
2015.02.25 18:39:03.185,0.75437,0.75443,1.00,1.00
2015.02.25 18:39:04.373,0.75437,0.75444,1.00,1.00
2015.02.25 18:39:05.823,0.75437,0.75445,1.00,1.00
2015.02.25 18:39:06.534,0.75439,0.75445,1.00,1.00
2015.02.25 18:39:06.873,0.75439,0.75443,1.00,1.00
2015.02.25 18:39:07.127,0.75439,0.75445,1.00,1.00
2015.02.25 18:39:07.901,0.75439,0.75444,1.00,1.00
2015.02.25 18:39:08.432,0.75439,0.75443,1.00,1.00
2015.02.25 18:39:12.970,0.75435,0.75442,1.00,1.00
2015.02.25 18:39:17.371,0.75439,0.75445,1.00,1.00
2015.02.25 18:39:17.523,0.75442,0.75448,1.00,1.25
2015.02.25 18:39:17.574,0.75442,0.75449,1.00,1.00
2015.02.25 18:39:17.777,0.75444,0.7545,1.00,1.00
2015.02.25 18:39:18.132,0.75444,0.75452,1.00,1.25
2015.02.25 18:39:18.183,0.75446,0.75452,1.00,1.00
2015.02.25 18:39:18.688,0.75446,0.75454,1.00,1.19
2015.02.25 18:39:20.647,0.75446,0.75454,1.00,1.00
2015.02.25 18:39:30.706,0.75446,0.75455,1.00,1.25
2015.02.25 18:39:31.212,0.75447,0.75456,1.00,1.69
2015.02.25 18:39:31.515,0.75449,0.75453,1.00,1.00
2015.02.25 18:39:31.567,0.75449,0.75457,1.00,1.19
2015.02.25 18:39:32.414,0.75449,0.75457,1.00,1.00
2015.02.25 18:39:32.846,0.75449,0.75459,1.00,1.10
2015.02.25 18:39:35.691,0.75452,0.75459,1.00,1.10
2015.02.25 18:39:39.911,0.75452,0.75461,1.00,1.35
2015.02.25 18:39:40.417,0.75452,0.75459,1.00,1.00
2015.02.25 18:39:40.950,0.75452,0.7546,1.00,1.00
2015.02.25 18:39:42.120,0.75452,0.7546,1.00,1.07
2015.02.25 18:39:56.257,0.75451,0.7546,1.00,1.65
2015.02.25 18:39:56.816,0.75451,0.75458,1.00,1.00
2015.02.25 18:40:00.830,0.75451,0.75457,1.00,1.00
2015.02.25 18:40:01.336,0.7545,0.75456,1.00,1.00
2015.02.25 18:40:02.792,0.7545,0.75455,1.00,1.00
2015.02.25 18:40:05.312,0.7545,0.75454,1.00,1.00
2015.02.25 18:40:06.870,0.7545,0.75455,1.00,1.50
2015.02.25 18:40:07.403,0.75443,0.75453,1.00,1.00
2015.02.25 18:40:09.611,0.75443,0.75452,1.00,1.00
2015.02.25 18:40:10.389,0.75443,0.75453,1.00,1.00
2015.02.25 18:40:10.944,0.7545,0.75454,1.00,1.00
2015.02.25 18:40:11.581,0.75443,0.75453,1.00,1.00
2015.02.25 18:40:12.367,0.7545,0.75454,1.00,1.00
2015.02.25 18:40:12.919,0.75443,0.75453,1.69,1.00
2015.02.25 18:40:13.352,0.7545,0.75455,1.00,1.00
2015.02.25 18:40:14.029,0.7545,0.75454,1.00,1.00
2015.02.25 18:40:14.900,0.75444,0.75452,1.00,1.00
2015.02.25 18:40:34.134,0.7545,0.75455,1.00,1.50
2015.02.25 18:40:39.260,0.75446,0.75455,1.00,1.57
2015.02.25 18:40:39.311,0.75446,0.75452,1.00,1.00
2015.02.25 18:40:39.666,0.75438,0.75449,1.69,1.00
2015.02.25 18:40:39.870,0.75445,0.75451,1.00,1.50
2015.02.25 18:40:39.922,0.75443,0.75451,1.00,1.50
2015.02.25 18:40:40.327,0.75443,0.75449,1.00,1.00
2015.02.25 18:40:40.833,0.75442,0.7545,1.00,1.10
2015.02.25 18:40:41.342,0.75442,0.75449,1.00,1.00
2015.02.25 18:40:42.650,0.7544,0.75449,1.00,1.00
2015.02.25 18:40:43.224,0.75442,0.75449,1.00,1.00
2015.02.25 18:40:43.629,0.75442,0.75451,1.00,1.95
2015.02.25 18:40:44.141,0.75442,0.7545,1.00,1.00
2015.02.25 18:40:44.849,0.75441,0.75446,1.00,1.00
2015.02.25 18:40:48.350,0.75441,0.75445,1.00,1.00
2015.02.25 18:40:49.890,0.75441,0.75447,1.00,1.00
2015.02.25 18:40:49.941,0.75443,0.75447,1.00,1.00
2015.02.25 18:41:03.832,0.75438,0.75446,1.10,1.00
2015.02.25 18:41:13.071,0.75442,0.75447,1.00,1.00
2015.02.25 18:41:17.006,0.75442,0.75447,1.00,1.00
2015.02.25 18:41:17.802,0.75442,0.75446,1.00,1.00
2015.02.25 18:41:25.620,0.75442,0.75447,1.00,1.00
2015.02.25 18:41:26.137,0.75443,0.75447,1.00,1.00
2015.02.25 18:41:34.561,0.75438,0.75446,1.00,1.00
2015.02.25 18:41:48.310,0.75443,0.75447,1.00,1.00
2015.02.25 18:41:48.613,0.75445,0.7545,1.00,1.00
2015.02.25 18:41:53.608,0.75442,0.75448,1.07,1.00
2015.02.25 18:42:03.620,0.75445,0.7545,1.00,1.50
2015.02.25 18:42:04.829,0.75445,0.75454,1.00,1.12
2015.02.25 18:42:10.385,0.75446,0.75454,1.00,1.00
2015.02.25 18:42:10.487,0.75449,0.75454,1.00,1.00
2015.02.25 18:42:10.538,0.75449,0.75456,1.00,1.00
2015.02.25 18:42:10.791,0.75452,0.75456,1.00,1.00
2015.02.25 18:42:10.842,0.75452,0.75458,1.00,1.00
2015.02.25 18:42:10.943,0.7546,0.75465,1.00,1.00
2015.02.25 18:42:10.994,0.75461,0.75466,1.00,1.00
2015.02.25 18:42:11.527,0.75462,0.75466,1.00,1.00
2015.02.25 18:42:11.679,0.75462,0.7547,1.00,1.57
2015.02.25 18:42:13.087,0.75462,0.7547,1.00,1.17
2015.02.25 18:42:16.076,0.75464,0.7547,1.00,1.07
2015.02.25 18:42:16.594,0.75464,0.7547,1.00,1.00
2015.02.25 18:42:17.535,0.75464,0.75472,1.00,1.17
2015.02.25 18:42:20.779,0.75464,0.75471,1.00,1.15
2015.02.25 18:42:21.042,0.7546,0.75471,1.00,1.15
2015.02.25 18:42:21.245,0.7546,0.75469,1.00,1.15
2015.02.25 18:42:21.446,0.75457,0.75465,1.00,1.00
2015.02.25 18:42:21.953,0.75457,0.75465,1.00,1.07
2015.02.25 18:42:22.458,0.75456,0.75464,1.00,1.17
2015.02.25 18:42:22.711,0.75456,0.75465,1.00,1.10
2015.02.25 18:42:33.097,0.75457,0.75465,1.00,1.00
2015.02.25 18:42:36.848,0.75457,0.75461,1.00,1.00
2015.02.25 18:42:37.152,0.75455,0.75461,1.00,1.00
2015.02.25 18:42:40.940,0.75451,0.75457,1.57,1.00
2015.02.25 18:42:41.356,0.75451,0.75455,1.00,1.00
2015.02.25 18:42:41.663,0.75447,0.75453,1.20,1.00
2015.02.25 18:42:46.612,0.75447,0.75454,1.20,1.00
2015.02.25 18:42:48.201,0.75451,0.75457,1.00,1.00
2015.02.25 18:42:53.881,0.75446,0.75454,1.00,1.00
2015.02.25 18:42:54.879,0.75451,0.7546,1.00,1.50
2015.02.25 18:43:18.690,0.75451,0.75461,1.00,1.01
2015.02.25 18:43:18.792,0.75453,0.75461,1.00,1.25
2015.02.25 18:43:19.782,0.75453,0.75462,1.00,1.00
2015.02.25 18:43:20.238,0.75453,0.7546,1.00,1.00
2015.02.25 18:43:25.628,0.75453,0.75461,1.00,1.00
2015.02.25 18:43:25.932,0.75456,0.75463,1.00,1.25
2015.02.25 18:43:26.961,0.75456,0.75464,1.00,1.00
2015.02.25 18:43:36.391,0.75458,0.75464,1.00,1.00
2015.02.25 18:43:36.442,0.75458,0.75466,1.00,2.62
2015.02.25 18:43:36.645,0.75459,0.7547,1.00,1.12
2015.02.25 18:43:36.797,0.75463,0.7547,1.00,1.12
2015.02.25 18:43:36.848,0.75463,0.75472,1.00,1.20
2015.02.25 18:43:37.353,0.75463,0.75472,1.00,1.00
2015.02.25 18:44:21.634,0.75463,0.75471,1.00,1.00
2015.02.25 18:44:37.039,0.75458,0.75471,1.50,1.00
2015.02.25 18:44:38.765,0.75458,0.75469,1.00,1.00
2015.02.25 18:44:39.072,0.7546,0.75465,1.00,1.00
2015.02.25 18:44:39.614,0.7546,0.75464,1.00,1.00
2015.02.25 18:44:40.119,0.75457,0.75463,1.00,1.00
2015.02.25 18:44:40.624,0.7546,0.75464,1.00,1.00
2015.02.25 18:44:41.636,0.75457,0.75462,1.00,1.00
2015.02.25 18:44:43.084,0.7546,0.75464,1.00,1.00
2015.02.25 18:44:43.617,0.75457,0.75463,1.00,1.00
2015.02.25 18:44:44.101,0.7546,0.75465,1.00,1.00
2015.02.25 18:44:44.304,0.75457,0.75463,1.00,1.00
2015.02.25 18:44:45.165,0.7546,0.75465,1.00,1.00
2015.02.25 18:44:46.385,0.7546,0.75464,1.00,1.00
2015.02.25 18:44:48.389,0.75455,0.75463,1.00,1.00
2015.02.25 18:44:48.943,0.75455,0.75462,1.00,1.00
2015.02.25 18:44:50.914,0.7546,0.75464,1.00,1.00
2015.02.25 18:44:51.565,0.75455,0.75463,1.00,1.00
2015.02.25 18:44:52.224,0.75455,0.75462,1.00,1.00
2015.02.25 18:44:52.747,0.75455,0.75463,1.00,1.00
2015.02.25 18:44:53.088,0.75455,0.75461,1.00,1.00
2015.02.25 18:44:54.741,0.75455,0.75462,1.00,1.00
2015.02.25 18:44:56.619,0.7546,0.75464,1.00,1.00
2015.02.25 18:45:02.654,0.75455,0.75463,1.00,1.00
2015.02.25 18:45:03.326,0.75455,0.75461,1.00,1.00
2015.02.25 18:45:14.147,0.7546,0.75464,1.00,1.00
2015.02.25 18:45:14.857,0.75455,0.75463,1.00,1.00
2015.02.25 18:45:23.880,0.7546,0.75464,1.00,1.00
2015.02.25 18:45:27.628,0.75455,0.75463,1.00,1.00
2015.02.25 18:45:28.166,0.7546,0.75464,1.00,1.00
2015.02.25 18:45:30.591,0.75457,0.75463,1.00,1.00
2015.02.25 18:45:34.356,0.7546,0.75464,1.00,1.00
2015.02.25 18:45:34.877,0.75456,0.75463,1.00,1.00
2015.02.25 18:45:35.400,0.75456,0.75462,1.00,1.00
2015.02.25 18:45:36.039,0.75461,0.75468,1.00,1.25
2015.02.25 18:45:36.090,0.75455,0.75464,1.00,1.00
2015.02.25 18:45:36.859,0.75456,0.75462,1.00,1.00
2015.02.25 18:45:39.444,0.75459,0.75466,1.00,1.00
2015.02.25 18:45:50.386,0.75459,0.75463,1.00,1.00
2015.02.25 18:46:11.324,0.75459,0.75465,1.00,1.00
2015.02.25 18:46:12.375,0.75459,0.75466,1.00,1.50
2015.02.25 18:46:12.477,0.75461,0.75466,1.00,1.50
2015.02.25 18:46:12.629,0.75462,0.75469,1.00,1.00
2015.02.25 18:46:12.832,0.75462,0.75471,1.00,1.00
2015.02.25 18:46:13.680,0.75465,0.75471,1.00,1.00
2015.02.25 18:46:13.832,0.75466,0.75475,1.00,1.00
2015.02.25 18:46:13.883,0.75469,0.75475,1.00,1.00
2015.02.25 18:46:13.934,0.75469,0.75477,1.00,1.50
2015.02.25 18:46:14.622,0.75469,0.75475,1.00,1.00
2015.02.25 18:46:15.141,0.7547,0.75474,1.00,1.00
2015.02.25 18:46:15.654,0.75466,0.75473,1.00,1.00
2015.02.25 18:46:16.176,0.75469,0.75477,1.00,1.00
2015.02.25 18:46:21.127,0.75469,0.75473,1.00,1.00
2015.02.25 18:46:21.637,0.75464,0.75472,1.50,1.00
2015.02.25 18:46:36.365,0.75469,0.75473,1.00,1.00
2015.02.25 18:46:36.902,0.75465,0.75472,1.00,1.00
2015.02.25 18:46:38.168,0.75469,0.75473,1.00,1.00
2015.02.25 18:46:38.705,0.75464,0.75472,1.00,1.00
2015.02.25 18:46:42.103,0.75469,0.75473,1.00,1.00
2015.02.25 18:46:45.096,0.75463,0.75472,1.10,1.00
2015.02.25 18:47:09.626,0.75469,0.75473,1.00,1.00
2015.02.25 18:47:10.167,0.75463,0.75472,1.25,1.00
2015.02.25 18:47:16.104,0.75464,0.75472,1.00,1.00
2015.02.25 18:47:25.136,0.75464,0.75474,1.00,1.00
2015.02.25 18:47:25.951,0.75464,0.75473,1.50,1.00
2015.02.25 18:47:33.081,0.75464,0.75472,1.50,1.00
2015.02.25 18:47:46.351,0.7547,0.75474,1.00,1.00
2015.02.25 18:48:09.144,0.75469,0.75474,1.00,1.00
2015.02.25 18:48:10.188,0.75464,0.75471,1.57,1.00
2015.02.25 18:48:11.357,0.75469,0.75474,1.00,1.50
2015.02.25 18:48:12.325,0.75469,0.75473,1.00,1.00
2015.02.25 18:48:17.074,0.75469,0.75474,1.00,1.00
2015.02.25 18:48:21.594,0.75469,0.75473,1.00,1.00
2015.02.25 18:48:34.140,0.75464,0.75472,1.50,1.00
2015.02.25 18:48:36.853,0.75469,0.75473,1.00,1.00
2015.02.25 18:48:37.394,0.75464,0.75472,1.57,1.00
2015.02.25 18:48:37.904,0.75469,0.75473,1.00,1.00
2015.02.25 18:48:49.309,0.75469,0.75474,1.00,1.00
2015.02.25 18:48:49.840,0.7547,0.75475,1.00,1.00
2015.02.25 18:48:49.942,0.75468,0.75475,1.00,1.00
2015.02.25 18:48:57.417,0.7547,0.75475,1.00,1.00
2015.02.25 18:49:29.888,0.7547,0.75476,1.00,1.00
2015.02.25 18:49:30.979,0.75468,0.75476,1.00,1.00
2015.02.25 18:49:43.267,0.7547,0.75476,1.00,1.00
2015.02.25 18:49:44.223,0.7547,0.75477,1.00,1.00
2015.02.25 18:49:54.112,0.7547,0.75478,1.00,1.00
2015.02.25 18:49:54.901,0.7547,0.75479,1.00,1.20
2015.02.25 18:49:55.219,0.7547,0.75477,1.00,1.00
2015.02.25 18:50:03.504,0.75471,0.75477,1.00,1.00
2015.02.25 18:50:05.374,0.75469,0.75477,1.00,1.00
2015.02.25 18:50:19.545,0.75472,0.75477,1.00,1.00
2015.02.25 18:50:19.850,0.75479,0.75484,1.00,1.00
2015.02.25 18:50:20.103,0.75479,0.75489,1.00,1.00
2015.02.25 18:50:20.154,0.75482,0.75489,1.00,1.00
2015.02.25 18:50:20.484,0.75479,0.75488,1.00,1.00
2015.02.25 18:50:20.890,0.75479,0.7549,1.00,1.57
2015.02.25 18:50:21.649,0.75479,0.75489,1.00,1.00
2015.02.25 18:50:23.825,0.75479,0.7549,1.00,1.10
2015.02.25 18:50:24.229,0.75477,0.7549,2.25,2.32
2015.02.25 18:50:24.382,0.75477,0.75483,2.25,1.00
2015.02.25 18:50:24.588,0.75477,0.75488,1.50,1.00
2015.02.25 18:50:24.639,0.75479,0.7549,1.00,2.70
2015.02.25 18:50:25.145,0.75479,0.7549,1.00,1.10
2015.02.25 18:50:29.536,0.75479,0.75484,1.50,1.00
2015.02.25 18:50:31.187,0.75477,0.75484,1.00,1.00
2015.02.25 18:50:31.806,0.75477,0.75483,1.00,1.00
2015.02.25 18:50:32.214,0.75477,0.75485,1.00,1.00
2015.02.25 18:50:32.938,0.75477,0.75484,1.00,1.00
2015.02.25 18:50:36.956,0.75477,0.7549,1.50,1.95
2015.02.25 18:50:37.058,0.75479,0.7549,1.00,1.20
2015.02.25 18:50:38.278,0.75481,0.7549,1.00,1.10
2015.02.25 18:50:44.538,0.75477,0.75489,1.50,1.00
2015.02.25 18:50:44.690,0.7548,0.7549,1.00,1.10
2015.02.25 18:50:48.714,0.75481,0.7549,1.00,1.10
2015.02.25 18:51:26.946,0.75482,0.7549,1.00,1.20
2015.02.25 18:51:27.825,0.75482,0.7549,1.00,1.27
2015.02.25 18:51:48.119,0.75482,0.75492,1.00,1.46
2015.02.25 18:52:26.697,0.75481,0.75491,1.00,1.27
2015.02.25 18:52:26.849,0.75481,0.75491,1.00,2.02
2015.02.25 18:52:26.900,0.75479,0.7549,1.00,2.62
2015.02.25 18:52:27.003,0.75477,0.75489,1.00,2.85
2015.02.25 18:52:27.307,0.75475,0.75482,1.00,1.00
2015.02.25 18:52:27.661,0.75472,0.75481,1.00,1.50
2015.02.25 18:52:27.864,0.75471,0.7548,1.00,1.35
2015.02.25 18:52:28.167,0.75471,0.7548,1.00,2.77
2015.02.25 18:52:32.077,0.75467,0.75473,1.50,1.00
2015.02.25 18:52:32.617,0.75465,0.75474,1.50,1.00
2015.02.25 18:52:32.923,0.75465,0.75472,1.50,1.00
2015.02.25 18:52:35.930,0.75468,0.75472,1.00,1.00
2015.02.25 18:52:37.917,0.75468,0.75473,1.00,1.00
2015.02.25 18:52:43.170,0.75469,0.75473,1.00,1.00
2015.02.25 18:52:45.633,0.75465,0.75472,1.00,1.00
2015.02.25 18:52:46.138,0.75469,0.75473,1.00,1.00
2015.02.25 18:52:46.843,0.75465,0.75472,1.00,1.00
2015.02.25 18:52:47.918,0.75468,0.75472,1.00,1.00
2015.02.25 18:52:48.353,0.75464,0.7547,1.00,1.00
2015.02.25 18:52:48.557,0.75464,0.7547,1.00,1.00
2015.02.25 18:52:48.811,0.75461,0.7547,1.00,2.40
2015.02.25 18:52:48.912,0.75461,0.75469,1.00,1.65
2015.02.25 18:52:49.216,0.75458,0.75466,1.00,1.20
2015.02.25 18:52:49.470,0.75456,0.75464,1.00,1.12
2015.02.25 18:52:50.111,0.75453,0.75463,1.00,1.00
2015.02.25 18:52:59.580,0.75453,0.75461,1.00,1.00
2015.02.25 18:53:00.086,0.75452,0.75461,1.00,1.00
2015.02.25 18:53:01.342,0.75449,0.75454,1.00,1.00
2015.02.25 18:53:02.621,0.75452,0.75461,1.00,1.19
2015.02.25 18:53:03.870,0.75452,0.75456,1.00,1.00
2015.02.25 18:53:04.639,0.75452,0.75458,1.00,1.00
2015.02.25 18:53:05.720,0.75453,0.75458,1.00,1.00
2015.02.25 18:53:07.007,0.75453,0.75457,1.00,1.00
2015.02.25 18:53:07.058,0.7545,0.75457,1.10,1.00
2015.02.25 18:53:07.564,0.7545,0.75456,1.00,1.00
2015.02.25 18:53:07.716,0.75448,0.75456,1.00,1.00
2015.02.25 18:53:08.221,0.75448,0.75455,1.00,1.00
2015.02.25 18:53:08.838,0.75447,0.75455,1.00,1.50
2015.02.25 18:53:11.316,0.75447,0.75454,1.00,1.00
2015.02.25 18:53:12.103,0.75447,0.75452,1.00,1.00
2015.02.25 18:53:12.204,0.75445,0.75452,1.00,1.00
2015.02.25 18:53:13.758,0.75444,0.75452,1.00,1.00
2015.02.25 18:53:13.860,0.75443,0.7545,1.00,1.10
2015.02.25 18:53:13.911,0.75441,0.7545,1.00,1.10
2015.02.25 18:53:13.962,0.75438,0.7545,2.25,1.27
2015.02.25 18:53:14.164,0.75438,0.75448,1.50,1.35
2015.02.25 18:53:14.468,0.75433,0.75445,1.00,1.35
2015.02.25 18:53:14.974,0.75432,0.75444,1.00,1.27
2015.02.25 18:53:16.264,0.75432,0.75444,1.00,1.10
2015.02.25 18:53:28.015,0.75432,0.75445,1.50,1.00
2015.02.25 18:53:30.048,0.75434,0.75445,1.00,1.00
2015.02.25 18:53:30.820,0.75435,0.75445,1.00,1.00
2015.02.25 18:53:31.970,0.75437,0.75448,1.00,1.12
2015.02.25 18:53:32.353,0.75439,0.75449,1.00,1.00
2015.02.25 18:53:32.657,0.75448,0.75458,1.00,1.10
2015.02.25 18:53:32.962,0.75452,0.75459,1.00,1.00
2015.02.25 18:53:33.013,0.75452,0.75462,1.50,1.00
2015.02.25 18:53:33.115,0.75454,0.75463,1.00,1.00
2015.02.25 18:53:33.620,0.75453,0.75463,1.00,1.00
2015.02.25 18:53:40.570,0.75453,0.75463,1.00,1.17
2015.02.25 18:53:40.621,0.75451,0.75462,1.50,1.07
2015.02.25 18:53:41.629,0.75452,0.75464,1.00,1.65
2015.02.25 18:53:42.286,0.75451,0.75462,1.50,1.07
2015.02.25 18:53:42.489,0.75453,0.75462,1.00,1.00
2015.02.25 18:53:42.641,0.75453,0.75465,1.50,1.27
2015.02.25 18:53:42.844,0.75453,0.75462,1.00,1.00
2015.02.25 18:53:43.059,0.75453,0.75465,2.25,1.27
2015.02.25 18:53:43.583,0.75454,0.75463,1.00,1.00
2015.02.25 18:53:53.598,0.75454,0.75465,1.00,2.10
2015.02.25 18:53:54.146,0.75453,0.75463,1.00,1.10
2015.02.25 18:53:54.248,0.75455,0.75463,1.00,1.10
2015.02.25 18:53:55.583,0.75455,0.75464,1.00,1.57
2015.02.25 18:53:56.088,0.75454,0.75464,1.00,1.20
2015.02.25 18:54:07.870,0.75457,0.75464,1.00,1.00
2015.02.25 18:54:08.073,0.75458,0.75469,1.00,1.10
2015.02.25 18:54:08.225,0.7546,0.75469,1.00,1.10
2015.02.25 18:54:08.529,0.75463,0.75473,1.00,2.02
2015.02.25 18:54:09.049,0.75463,0.75473,1.00,1.57
2015.02.25 18:54:24.119,0.75463,0.75473,1.50,1.10
2015.02.25 18:55:02.962,0.75461,0.75473,1.00,1.50
2015.02.25 18:55:03.486,0.75462,0.75473,1.00,1.20
2015.02.25 18:55:13.357,0.75463,0.75473,1.00,1.20
2015.02.25 18:55:15.771,0.75463,0.75474,1.00,1.50
2015.02.25 18:55:15.822,0.75466,0.75474,1.00,1.00
2015.02.25 18:55:16.227,0.75467,0.75476,1.00,1.25
2015.02.25 18:55:16.774,0.75468,0.75477,1.50,1.00
2015.02.25 18:55:18.128,0.75471,0.75477,1.00,1.00
2015.02.25 18:55:18.230,0.75472,0.7548,1.00,1.00
2015.02.25 18:55:18.331,0.75472,0.75483,1.50,1.00
2015.02.25 18:55:18.382,0.75474,0.75483,1.00,1.00
2015.02.25 18:55:18.535,0.75475,0.75485,1.00,2.06
2015.02.25 18:55:21.358,0.75475,0.75485,1.00,1.20
2015.02.25 18:55:21.867,0.75474,0.75485,1.00,1.27
2015.02.25 18:55:24.069,0.75473,0.75485,1.00,2.02
2015.02.25 18:55:37.731,0.75473,0.75485,1.00,1.95
2015.02.25 18:55:53.034,0.75473,0.75485,1.50,2.02
2015.02.25 18:55:54.339,0.75473,0.75485,1.50,1.50
2015.02.25 18:55:54.440,0.75475,0.75485,1.50,1.87
2015.02.25 18:55:54.744,0.75478,0.75486,1.00,1.69
2015.02.25 18:55:55.048,0.75479,0.75489,1.00,3.71
2015.02.25 18:55:55.554,0.7548,0.75489,1.00,1.65
2015.02.25 18:55:58.059,0.75478,0.75489,1.50,1.17
2015.02.25 18:55:59.558,0.75478,0.75487,1.50,1.00
2015.02.25 18:55:59.914,0.75478,0.7549,1.50,1.76
2015.02.25 18:55:59.965,0.7548,0.7549,1.00,1.01
2015.02.25 18:56:18.843,0.7548,0.75491,1.00,1.25
2015.02.25 18:56:19.606,0.75481,0.75493,1.00,1.84
2015.02.25 18:56:20.136,0.75482,0.75493,1.00,1.19
2015.02.25 18:56:20.508,0.75482,0.75493,1.00,1.00
2015.02.25 18:56:23.775,0.75482,0.75492,1.00,1.00
2015.02.25 18:56:26.001,0.75481,0.75492,1.00,1.00
2015.02.25 18:56:28.584,0.75481,0.75489,1.00,1.00
2015.02.25 18:56:30.565,0.75481,0.75492,1.00,1.10
2015.02.25 18:56:31.662,0.75481,0.75491,1.00,1.10
2015.02.25 18:56:32.234,0.75481,0.7549,1.00,1.10
2015.02.25 18:56:32.358,0.75481,0.75488,1.00,1.00
2015.02.25 18:56:32.409,0.75478,0.75488,1.00,1.50
2015.02.25 18:56:32.929,0.75478,0.75487,1.00,1.00
2015.02.25 18:56:33.806,0.75478,0.75488,1.00,1.50
2015.02.25 18:56:34.276,0.75478,0.75488,1.00,1.87
2015.02.25 18:56:34.478,0.75475,0.75485,1.00,1.50
2015.02.25 18:56:34.984,0.75474,0.75485,2.25,1.50
2015.02.25 18:56:35.591,0.75477,0.75485,1.00,1.50
2015.02.25 18:56:36.669,0.75476,0.75485,1.00,1.00
2015.02.25 18:56:36.972,0.75472,0.75481,1.00,1.00
2015.02.25 18:57:04.853,0.75471,0.75481,1.50,1.00
2015.02.25 18:57:05.156,0.7547,0.75477,1.00,1.00
2015.02.25 18:57:05.612,0.75466,0.75476,1.00,1.00
2015.02.25 18:57:05.663,0.75466,0.75474,1.00,1.00
2015.02.25 18:57:06.017,0.75463,0.75472,1.00,1.00
2015.02.25 18:57:08.307,0.75463,0.75472,1.00,1.07
2015.02.25 18:57:29.967,0.75463,0.75472,1.00,1.00
2015.02.25 18:57:41.084,0.75464,0.75472,1.00,1.00
2015.02.25 18:57:43.321,0.75468,0.75472,1.00,1.00
2015.02.25 18:57:43.423,0.75468,0.75476,1.00,1.00
2015.02.25 18:57:43.690,0.75471,0.75477,1.00,1.00
2015.02.25 18:57:43.842,0.75471,0.75481,1.00,1.87
2015.02.25 18:57:43.893,0.75474,0.75481,1.00,1.00
2015.02.25 18:57:49.369,0.75474,0.75484,1.50,1.00
2015.02.25 18:57:51.325,0.75475,0.75484,1.00,1.00
2015.02.25 18:57:51.477,0.75477,0.75484,1.00,1.00
2015.02.25 18:57:51.781,0.7548,0.75486,1.00,1.00
2015.02.25 18:57:52.186,0.7548,0.75488,1.50,1.00
2015.02.25 18:58:02.801,0.75479,0.75488,1.00,1.50
2015.02.25 18:58:03.620,0.75479,0.75487,1.00,1.00
2015.02.25 18:58:03.821,0.75477,0.75485,1.50,1.00
2015.02.25 18:58:04.124,0.75479,0.75484,1.00,1.00
2015.02.25 18:58:04.276,0.75479,0.75486,1.00,1.50
2015.02.25 18:58:04.327,0.75477,0.75486,1.50,1.50
2015.02.25 18:58:04.479,0.75477,0.75484,1.50,1.00
2015.02.25 18:58:04.921,0.75477,0.75482,1.00,1.00
2015.02.25 18:58:05.023,0.75474,0.75482,1.50,1.00
2015.02.25 18:59:05.040,0.75473,0.75487,1.00,2.47
2015.02.25 18:59:06.914,0.75471,0.75487,1.25,2.47
2015.02.25 18:59:12.554,0.7547,0.75487,1.01,2.47
2015.02.25 18:59:22.952,0.75468,0.75484,1.52,1.10
2015.02.25 18:59:23.003,0.75468,0.75479,1.45,1.00
2015.02.25 18:59:23.513,0.75471,0.75479,1.00,1.00
2015.02.25 18:59:23.831,0.75471,0.75476,1.00,1.00
2015.02.25 18:59:23.882,0.75469,0.75476,1.00,1.00
2015.02.25 18:59:24.387,0.7547,0.75477,1.00,1.00
2015.02.25 18:59:27.956,0.7547,0.75479,1.00,1.00
2015.02.25 18:59:30.376,0.75473,0.75481,1.00,1.00
2015.02.25 18:59:37.962,0.75474,0.75481,1.00,1.00
2015.02.25 18:59:38.488,0.75471,0.75482,1.00,1.00
2015.02.25 18:59:40.323,0.75471,0.75479,1.00,1.00
2015.02.25 18:59:40.425,0.75469,0.75479,1.50,1.50
2015.02.25 18:59:43.118,0.75471,0.75479,1.00,1.00
2015.02.25 18:59:43.728,0.75471,0.75481,1.00,1.12
2015.02.25 18:59:44.233,0.75472,0.75482,1.00,1.65
2015.02.25 18:59:45.219,0.75472,0.75482,1.00,1.20
2015.02.25 18:59:46.226,0.75471,0.75482,1.00,1.20
2015.02.25 18:59:48.076,0.7547,0.75481,1.00,1.00
2015.02.25 18:59:48.589,0.75469,0.7548,1.00,2.32
2015.02.25 18:59:49.403,0.75471,0.75481,1.00,2.02
2015.02.25 18:59:50.398,0.75469,0.75479,1.50,1.12
2015.02.25 18:59:50.904,0.75468,0.75479,1.00,2.40
2015.02.25 18:59:51.410,0.75468,0.75477,1.00,1.00
2015.02.25 18:59:51.934,0.75467,0.75476,1.00,1.12
2015.02.25 18:59:56.464,0.75468,0.75478,1.00,1.31
2015.02.25 18:59:56.666,0.75471,0.7548,1.00,1.27
2015.02.25 18:59:57.172,0.75472,0.7548,1.00,1.00
2015.02.25 18:59:59.322,0.75475,0.7548,1.00,1.00
2015.02.25 18:59:59.578,0.75475,0.75484,1.00,1.00
2015.02.25 18:59:59.680,0.75473,0.75484,1.00,1.00
