2015.09.02 08:00:00.311,0.63484,0.63498,1.00,1.00
2015.09.02 08:00:00.413,0.63482,0.63498,1.87,1.50
2015.09.02 08:00:00.961,0.63482,0.63497,1.00,1.12
2015.09.02 08:00:01.471,0.63481,0.63497,1.87,1.87
2015.09.02 08:00:02.573,0.63483,0.63497,1.00,1.87
2015.09.02 08:00:03.332,0.63481,0.63497,1.87,1.87
2015.09.02 08:00:06.895,0.63482,0.63497,1.50,1.50
2015.09.02 08:00:08.377,0.63483,0.63497,1.00,1.50
2015.09.02 08:00:10.710,0.63482,0.63497,3.00,1.00
2015.09.02 08:00:12.562,0.63482,0.63497,3.00,1.37
2015.09.02 08:00:12.968,0.63483,0.63498,1.37,1.50
2015.09.02 08:00:15.949,0.63484,0.63498,1.50,1.12
2015.09.02 08:00:23.116,0.63483,0.63498,1.87,1.12
2015.09.02 08:00:23.906,0.63482,0.63498,2.25,2.25
2015.09.02 08:00:25.419,0.63482,0.63497,1.00,1.00
2015.09.02 08:00:25.926,0.63482,0.63498,1.50,2.25
2015.09.02 08:00:27.877,0.63482,0.63497,1.00,1.00
2015.09.02 08:00:28.434,0.63483,0.63497,1.00,1.50
2015.09.02 08:00:31.435,0.63483,0.63496,1.37,1.12
2015.09.02 08:00:32.351,0.63483,0.63497,2.25,1.87
2015.09.02 08:00:32.868,0.63483,0.63497,2.25,1.50
2015.09.02 08:00:32.971,0.63483,0.63497,1.50,1.00
2015.09.02 08:00:33.072,0.63483,0.63497,1.37,1.00
2015.09.02 08:00:33.226,0.63483,0.63497,2.25,1.50
2015.09.02 08:00:33.277,0.63483,0.63497,1.50,1.00
2015.09.02 08:00:33.581,0.63483,0.63499,2.62,1.00
2015.09.02 08:00:33.935,0.63485,0.63497,1.00,1.00
2015.09.02 08:00:34.037,0.63485,0.63499,1.12,1.12
2015.09.02 08:00:34.561,0.63485,0.63499,1.37,1.12
2015.09.02 08:00:34.764,0.63486,0.63499,1.75,1.00
2015.09.02 08:00:34.815,0.63487,0.63501,1.37,1.12
2015.09.02 08:00:35.348,0.63487,0.635,1.37,1.00
2015.09.02 08:00:36.244,0.63487,0.63501,1.37,1.12
2015.09.02 08:00:37.121,0.63487,0.635,1.37,1.00
2015.09.02 08:00:37.794,0.63487,0.635,1.00,1.00
2015.09.02 08:00:39.967,0.63487,0.63501,1.00,1.12
2015.09.02 08:00:40.515,0.63487,0.635,1.00,1.00
2015.09.02 08:00:46.015,0.63487,0.63501,1.00,1.12
2015.09.02 08:00:46.692,0.63488,0.635,1.00,1.00
2015.09.02 08:00:47.108,0.63488,0.63501,1.12,1.12
2015.09.02 08:00:48.315,0.63486,0.635,3.37,1.00
2015.09.02 08:00:48.570,0.63486,0.635,3.37,1.00
2015.09.02 08:00:53.563,0.6349,0.635,1.00,1.00
2015.09.02 08:00:57.366,0.63489,0.635,1.00,1.00
2015.09.02 08:00:59.672,0.63487,0.63499,1.12,1.00
2015.09.02 08:01:00.174,0.63485,0.63499,1.00,1.50
2015.09.02 08:01:00.631,0.63484,0.63495,1.00,1.00
2015.09.02 08:01:01.139,0.63486,0.63496,1.00,1.75
2015.09.02 08:01:02.405,0.63486,0.63493,1.00,1.00
2015.09.02 08:01:03.078,0.63485,0.63493,1.00,1.37
2015.09.02 08:01:03.607,0.63485,0.63493,1.00,1.37
2015.09.02 08:01:05.472,0.63483,0.63493,1.00,1.87
2015.09.02 08:01:06.848,0.63481,0.63493,1.00,1.87
2015.09.02 08:01:11.438,0.6348,0.63492,1.00,1.37
2015.09.02 08:01:13.663,0.63478,0.63492,1.12,1.37
2015.09.02 08:01:13.967,0.63478,0.6349,1.00,1.50
2015.09.02 08:01:14.473,0.63478,0.63491,1.00,1.37
2015.09.02 08:01:15.776,0.63481,0.63491,1.00,1.37
2015.09.02 08:01:15.929,0.63477,0.63489,1.00,1.75
2015.09.02 08:01:16.133,0.63476,0.63483,1.00,1.00
2015.09.02 08:01:16.336,0.63474,0.63483,1.00,1.00
2015.09.02 08:01:18.082,0.63473,0.63483,1.00,1.00
2015.09.02 08:01:19.181,0.63473,0.63481,1.00,1.00
2015.09.02 08:01:19.485,0.63473,0.63483,1.00,1.00
2015.09.02 08:01:20.034,0.63473,0.63484,1.00,1.12
2015.09.02 08:01:20.086,0.63475,0.63484,1.00,1.12
2015.09.02 08:01:22.492,0.63477,0.63485,1.00,1.87
2015.09.02 08:01:23.023,0.63477,0.63485,1.00,1.12
2015.09.02 08:01:23.332,0.63479,0.63486,1.00,1.00
2015.09.02 08:01:23.688,0.6348,0.6349,1.00,1.37
2015.09.02 08:01:24.204,0.63481,0.6349,1.00,1.00
2015.09.02 08:01:24.442,0.63479,0.6349,1.00,1.00
2015.09.02 08:01:24.543,0.63479,0.63492,1.00,1.87
2015.09.02 08:01:25.100,0.63479,0.6349,1.00,1.00
2015.09.02 08:01:25.900,0.63477,0.6349,1.87,1.00
2015.09.02 08:01:27.170,0.63477,0.63491,1.87,1.00
2015.09.02 08:01:27.677,0.63477,0.6349,1.87,1.00
2015.09.02 08:01:31.931,0.63477,0.6349,1.87,1.00
2015.09.02 08:01:33.754,0.6348,0.6349,1.00,1.00
2015.09.02 08:01:39.123,0.63479,0.6349,1.87,1.00
2015.09.02 08:01:39.863,0.63479,0.63489,1.87,1.00
2015.09.02 08:01:40.387,0.63479,0.6349,1.87,1.00
2015.09.02 08:01:50.067,0.63479,0.63489,1.87,1.00
2015.09.02 08:01:50.628,0.63479,0.6349,1.87,1.00
2015.09.02 08:01:55.905,0.63479,0.63489,1.12,1.00
2015.09.02 08:01:58.974,0.63479,0.6349,1.00,1.00
2015.09.02 08:02:00.626,0.63479,0.63489,1.00,1.00
2015.09.02 08:02:00.728,0.63479,0.63491,1.00,1.12
2015.09.02 08:02:01.255,0.63479,0.6349,1.12,1.00
2015.09.02 08:02:01.827,0.63479,0.63488,1.12,1.00
2015.09.02 08:02:03.033,0.63479,0.63489,1.12,1.00
2015.09.02 08:02:04.850,0.63479,0.63489,1.50,1.00
2015.09.02 08:02:06.091,0.63478,0.63489,1.00,1.00
2015.09.02 08:02:06.619,0.63478,0.6349,1.00,1.00
2015.09.02 08:02:08.871,0.63478,0.6349,1.37,1.00
2015.09.02 08:02:08.973,0.63478,0.6349,1.00,1.00
2015.09.02 08:02:09.448,0.6348,0.6349,1.00,1.00
2015.09.02 08:02:09.954,0.63478,0.63492,1.75,1.37
2015.09.02 08:02:10.004,0.63478,0.63492,1.50,1.37
2015.09.02 08:02:10.055,0.63481,0.63492,1.00,1.37
2015.09.02 08:02:10.107,0.63481,0.63492,1.00,1.37
2015.09.02 08:02:10.619,0.63481,0.6349,1.00,1.00
2015.09.02 08:02:11.282,0.63481,0.63491,1.00,1.12
2015.09.02 08:02:11.915,0.63479,0.63491,1.12,1.12
2015.09.02 08:02:13.602,0.63479,0.63489,1.12,1.00
2015.09.02 08:02:14.518,0.63479,0.63492,1.50,1.37
2015.09.02 08:02:16.569,0.63479,0.6349,1.50,1.00
2015.09.02 08:02:26.041,0.63479,0.63492,1.00,1.37
2015.09.02 08:02:28.765,0.63475,0.6349,1.12,1.75
2015.09.02 08:02:28.918,0.63471,0.63483,1.50,1.37
2015.09.02 08:02:29.376,0.63468,0.6348,1.87,1.00
2015.09.02 08:02:31.934,0.63468,0.63479,1.37,1.00
2015.09.02 08:02:37.470,0.63468,0.63479,1.12,1.00
2015.09.02 08:02:38.369,0.63468,0.63481,1.87,1.00
2015.09.02 08:02:38.775,0.63468,0.63479,1.12,1.00
2015.09.02 08:02:39.308,0.63468,0.6348,1.12,1.00
2015.09.02 08:02:39.662,0.63468,0.63482,1.12,1.87
2015.09.02 08:02:39.916,0.63468,0.6348,1.12,1.00
2015.09.02 08:02:41.535,0.63469,0.63482,1.37,1.87
2015.09.02 08:02:42.041,0.63469,0.63482,1.12,1.37
2015.09.02 08:02:43.202,0.6347,0.63481,1.12,1.12
2015.09.02 08:02:43.724,0.63472,0.6348,1.37,1.00
2015.09.02 08:02:44.577,0.63472,0.6348,1.00,1.00
2015.09.02 08:02:46.298,0.63471,0.6348,1.12,1.12
2015.09.02 08:02:48.773,0.6347,0.63482,1.75,1.37
2015.09.02 08:03:03.011,0.63473,0.63483,1.12,1.37
2015.09.02 08:03:03.316,0.63478,0.63487,1.50,1.50
2015.09.02 08:03:03.711,0.63478,0.63487,1.50,1.50
2015.09.02 08:03:04.047,0.63478,0.6349,1.87,1.37
2015.09.02 08:03:04.200,0.63481,0.63491,1.12,1.50
2015.09.02 08:03:04.708,0.63481,0.6349,1.50,1.00
2015.09.02 08:03:05.250,0.63481,0.6349,1.00,1.37
2015.09.02 08:03:08.386,0.6348,0.63493,1.87,1.37
2015.09.02 08:03:14.228,0.6348,0.63492,1.37,1.87
2015.09.02 08:03:14.684,0.6348,0.63491,1.87,1.50
2015.09.02 08:03:15.139,0.6348,0.63491,1.87,1.50
2015.09.02 08:03:15.561,0.63484,0.63492,1.75,1.50
2015.09.02 08:03:15.663,0.6349,0.63496,1.12,1.00
2015.09.02 08:03:15.764,0.63489,0.63503,1.75,4.12
2015.09.02 08:03:15.815,0.63489,0.63503,1.75,3.37
2015.09.02 08:03:15.866,0.63489,0.63501,1.75,1.00
2015.09.02 08:03:16.233,0.63489,0.63503,1.75,1.12
2015.09.02 08:03:16.536,0.63489,0.63503,1.87,1.50
2015.09.02 08:03:17.079,0.63489,0.63502,1.12,1.37
2015.09.02 08:03:17.569,0.63489,0.63502,1.12,1.37
2015.09.02 08:03:21.973,0.6349,0.63503,1.50,1.87
2015.09.02 08:03:23.574,0.63495,0.63504,1.12,1.37
2015.09.02 08:03:26.230,0.63495,0.63505,1.12,1.37
2015.09.02 08:03:26.543,0.63501,0.63512,1.50,1.37
2015.09.02 08:03:28.190,0.63501,0.63512,1.50,1.87
2015.09.02 08:03:29.126,0.63501,0.63512,1.87,1.87
2015.09.02 08:03:31.834,0.63503,0.63515,1.37,1.37
2015.09.02 08:03:33.512,0.63499,0.63512,2.62,1.37
2015.09.02 08:03:33.614,0.63499,0.63512,1.50,1.37
2015.09.02 08:03:33.716,0.63502,0.63512,1.00,1.37
2015.09.02 08:03:40.436,0.63502,0.63509,1.00,1.37
2015.09.02 08:03:40.641,0.63492,0.63505,1.75,1.37
2015.09.02 08:03:40.743,0.63492,0.63504,1.00,1.37
2015.09.02 08:03:41.252,0.6349,0.63504,1.87,1.37
2015.09.02 08:03:44.113,0.6349,0.63497,1.12,1.00
2015.09.02 08:03:44.913,0.6349,0.63497,1.37,1.00
2015.09.02 08:03:45.166,0.6349,0.63499,1.37,1.00
2015.09.02 08:03:45.369,0.6349,0.63499,1.12,1.00
2015.09.02 08:03:51.383,0.6349,0.635,1.12,1.00
2015.09.02 08:03:52.012,0.6349,0.635,1.37,1.00
2015.09.02 08:03:59.484,0.63491,0.635,1.37,1.00
2015.09.02 08:04:00.093,0.63491,0.63503,1.37,1.37
2015.09.02 08:04:01.687,0.63492,0.63503,1.00,1.12
2015.09.02 08:04:02.289,0.63497,0.63503,1.00,1.00
2015.09.02 08:04:02.340,0.63497,0.63508,1.37,1.00
2015.09.02 08:04:02.391,0.63497,0.63508,1.12,1.00
2015.09.02 08:04:02.897,0.63499,0.6351,1.37,1.00
2015.09.02 08:04:03.643,0.63499,0.6351,1.12,1.50
2015.09.02 08:04:05.863,0.63498,0.6351,1.12,1.50
2015.09.02 08:04:06.116,0.635,0.63511,1.12,1.37
2015.09.02 08:04:07.735,0.63503,0.63507,1.00,1.00
2015.09.02 08:04:08.250,0.63502,0.6351,1.12,1.12
2015.09.02 08:04:09.428,0.63501,0.63509,1.12,1.00
2015.09.02 08:04:09.829,0.635,0.63507,1.12,1.00
2015.09.02 08:04:10.442,0.63502,0.63506,1.00,1.00
2015.09.02 08:04:18.933,0.63499,0.63508,2.25,1.00
2015.09.02 08:04:25.893,0.635,0.63505,1.00,1.00
2015.09.02 08:04:30.191,0.63499,0.63504,1.87,1.00
2015.09.02 08:04:31.777,0.63499,0.63507,1.87,1.00
2015.09.02 08:04:34.622,0.63499,0.63504,1.50,1.00
2015.09.02 08:04:40.239,0.63498,0.63507,1.12,1.00
2015.09.02 08:04:46.300,0.63498,0.63506,1.12,1.00
2015.09.02 08:04:46.452,0.63499,0.63507,1.12,1.00
2015.09.02 08:04:46.909,0.63499,0.63507,1.12,1.00
2015.09.02 08:04:46.961,0.635,0.63504,1.00,1.00
2015.09.02 08:04:49.205,0.63497,0.63506,1.75,1.00
2015.09.02 08:04:49.994,0.63497,0.63507,1.75,1.00
2015.09.02 08:04:55.819,0.63497,0.63507,1.12,1.00
2015.09.02 08:04:55.923,0.63498,0.63507,1.75,1.00
2015.09.02 08:04:59.788,0.635,0.63509,1.37,1.00
2015.09.02 08:05:02.261,0.635,0.6351,1.37,1.12
2015.09.02 08:05:03.723,0.635,0.6351,1.50,1.00
2015.09.02 08:05:14.014,0.635,0.63509,1.50,1.00
2015.09.02 08:05:16.831,0.63498,0.63509,1.37,1.00
2015.09.02 08:05:28.903,0.63497,0.63509,1.50,1.00
2015.09.02 08:05:29.743,0.63496,0.63506,2.25,1.00
2015.09.02 08:05:31.464,0.63497,0.63509,1.75,1.00
2015.09.02 08:05:31.843,0.63499,0.63509,1.37,1.00
2015.09.02 08:05:36.627,0.63499,0.63508,1.37,1.00
2015.09.02 08:05:41.756,0.63499,0.63509,1.37,1.00
2015.09.02 08:05:42.556,0.63499,0.63507,1.37,1.00
2015.09.02 08:06:04.917,0.63492,0.63499,1.37,1.00
2015.09.02 08:06:05.121,0.63492,0.63499,1.37,1.00
2015.09.02 08:06:05.324,0.63488,0.63499,1.50,1.00
2015.09.02 08:06:05.725,0.63487,0.63497,1.37,1.00
2015.09.02 08:06:08.667,0.63487,0.63499,1.37,1.00
2015.09.02 08:06:12.801,0.63487,0.63497,1.00,1.00
2015.09.02 08:06:13.544,0.63484,0.63493,1.00,1.00
2015.09.02 08:06:14.142,0.6348,0.63493,1.87,1.00
2015.09.02 08:06:14.305,0.6348,0.63493,1.12,1.00
2015.09.02 08:06:14.960,0.63477,0.63491,1.37,1.00
2015.09.02 08:06:15.467,0.63477,0.6349,1.37,1.00
2015.09.02 08:06:16.971,0.63477,0.6349,1.37,1.12
2015.09.02 08:06:18.994,0.63477,0.63488,1.37,1.00
2015.09.02 08:06:19.530,0.63475,0.63488,1.87,1.00
2015.09.02 08:06:23.804,0.63476,0.63487,1.50,1.00
2015.09.02 08:06:28.727,0.63475,0.63487,1.87,1.00
2015.09.02 08:06:29.033,0.63476,0.63487,1.00,1.00
2015.09.02 08:06:31.746,0.63475,0.63487,1.50,1.00
2015.09.02 08:06:32.285,0.63478,0.63487,1.00,1.00
2015.09.02 08:06:32.806,0.63477,0.63488,1.37,1.00
2015.09.02 08:06:33.353,0.63475,0.63488,1.75,1.00
2015.09.02 08:06:34.447,0.63477,0.63489,1.12,1.12
2015.09.02 08:06:36.052,0.63476,0.63488,1.87,1.00
2015.09.02 08:06:38.074,0.63477,0.63489,1.00,1.12
2015.09.02 08:06:38.923,0.63477,0.63489,1.50,1.00
2015.09.02 08:06:43.285,0.63477,0.63488,1.50,1.00
2015.09.02 08:06:43.833,0.63477,0.63488,1.50,1.00
2015.09.02 08:06:49.199,0.63477,0.63488,1.50,1.12
2015.09.02 08:06:49.706,0.63476,0.63487,1.87,1.00
2015.09.02 08:06:50.503,0.63477,0.63487,1.00,1.00
2015.09.02 08:06:51.010,0.63476,0.63487,1.12,1.00
2015.09.02 08:06:51.786,0.63473,0.63486,1.12,1.00
2015.09.02 08:06:51.857,0.63473,0.63484,1.00,1.00
2015.09.02 08:06:52.161,0.63473,0.63482,1.00,1.00
2015.09.02 08:06:52.363,0.63471,0.63483,1.50,1.00
2015.09.02 08:06:53.114,0.63472,0.63483,1.12,1.00
2015.09.02 08:06:53.620,0.63469,0.63483,2.62,1.00
2015.09.02 08:06:55.378,0.6347,0.63483,1.00,1.00
2015.09.02 08:06:56.072,0.63474,0.63487,1.00,1.12
2015.09.02 08:06:56.583,0.63473,0.63484,1.50,1.00
2015.09.02 08:06:57.236,0.63472,0.63484,1.50,1.00
2015.09.02 08:06:58.858,0.63472,0.63483,1.00,1.00
2015.09.02 08:06:59.620,0.63471,0.63483,1.12,1.00
2015.09.02 08:07:00.530,0.63471,0.63482,1.12,1.00
2015.09.02 08:07:02.253,0.6347,0.63482,1.00,1.00
2015.09.02 08:07:02.887,0.6347,0.6348,1.00,1.00
2015.09.02 08:07:03.395,0.63469,0.6348,1.00,1.00
2015.09.02 08:07:04.647,0.6347,0.6348,1.00,1.00
2015.09.02 08:07:08.368,0.6347,0.63481,1.00,1.12
2015.09.02 08:07:10.572,0.6347,0.63474,1.00,1.00
2015.09.02 08:07:10.623,0.63466,0.63471,1.12,1.00
2015.09.02 08:07:10.674,0.63466,0.6347,1.00,1.00
2015.09.02 08:07:10.776,0.63461,0.6347,1.37,1.00
2015.09.02 08:07:10.979,0.63463,0.63472,1.00,1.00
2015.09.02 08:07:11.030,0.63463,0.63474,1.12,1.12
2015.09.02 08:07:11.550,0.63464,0.63475,1.00,1.00
2015.09.02 08:07:12.910,0.63463,0.63475,1.12,1.50
2015.09.02 08:07:12.961,0.63463,0.63472,1.12,1.00
2015.09.02 08:07:13.467,0.63464,0.63472,1.00,1.00
2015.09.02 08:07:13.771,0.63463,0.63469,1.00,1.00
2015.09.02 08:07:13.822,0.63461,0.63469,1.12,1.00
2015.09.02 08:07:14.175,0.63461,0.63471,1.12,1.50
2015.09.02 08:07:14.683,0.63462,0.63472,1.00,1.12
2015.09.02 08:07:16.538,0.63461,0.63472,1.12,1.12
2015.09.02 08:07:17.077,0.63461,0.63471,1.00,1.12
2015.09.02 08:07:18.126,0.63458,0.6347,1.50,1.00
2015.09.02 08:07:33.250,0.63457,0.63469,1.87,1.00
2015.09.02 08:07:33.352,0.63457,0.63469,1.87,1.00
2015.09.02 08:07:35.091,0.63457,0.63466,1.12,1.00
2015.09.02 08:07:35.700,0.6344,0.63451,1.12,1.00
2015.09.02 08:07:35.751,0.63439,0.63452,1.85,1.00
2015.09.02 08:07:35.954,0.6344,0.63454,1.10,1.00
2015.09.02 08:07:36.344,0.63441,0.63454,1.50,1.00
2015.09.02 08:07:36.994,0.63441,0.63454,1.50,1.00
2015.09.02 08:07:37.608,0.63441,0.63454,1.37,1.00
2015.09.02 08:07:38.393,0.63441,0.63453,1.37,1.00
2015.09.02 08:07:39.696,0.6344,0.63453,1.50,1.00
2015.09.02 08:07:44.492,0.63441,0.63455,1.37,1.37
2015.09.02 08:07:44.898,0.63442,0.63455,2.62,1.00
2015.09.02 08:07:45.382,0.63443,0.63458,1.87,1.12
2015.09.02 08:07:46.709,0.63445,0.63452,1.85,1.00
2015.09.02 08:07:46.916,0.63431,0.63439,1.12,1.00
2015.09.02 08:07:46.968,0.6343,0.63439,1.57,1.00
2015.09.02 08:07:47.223,0.6343,0.63441,1.10,1.00
2015.09.02 08:07:47.275,0.6343,0.63444,1.10,1.00
2015.09.02 08:07:47.876,0.6343,0.63444,1.50,1.00
2015.09.02 08:07:48.103,0.63432,0.63447,1.00,1.37
2015.09.02 08:07:48.605,0.63432,0.63447,1.00,1.12
2015.09.02 08:07:49.226,0.63433,0.63448,1.00,1.37
2015.09.02 08:07:50.036,0.63432,0.6345,1.87,1.87
2015.09.02 08:07:50.508,0.63436,0.63454,2.62,1.12
2015.09.02 08:07:50.812,0.6344,0.63457,1.00,1.87
2015.09.02 08:07:51.319,0.6344,0.63457,1.37,1.50
2015.09.02 08:07:53.319,0.63439,0.63455,1.27,1.00
2015.09.02 08:07:53.890,0.63439,0.63455,1.27,1.37
2015.09.02 08:07:55.494,0.63437,0.63452,1.75,1.00
2015.09.02 08:07:55.980,0.63434,0.63451,1.87,1.87
2015.09.02 08:07:56.082,0.63433,0.63449,2.62,1.00
2015.09.02 08:07:56.703,0.63433,0.63447,1.87,1.00
2015.09.02 08:08:03.525,0.63434,0.63446,1.12,1.00
2015.09.02 08:08:04.331,0.63432,0.63446,1.12,1.00
2015.09.02 08:08:04.848,0.63431,0.63446,1.12,1.00
2015.09.02 08:08:06.642,0.63431,0.63445,1.12,1.00
2015.09.02 08:08:07.048,0.6343,0.63445,1.00,1.00
2015.09.02 08:08:07.100,0.6343,0.63443,1.00,1.00
2015.09.02 08:08:07.607,0.63427,0.63442,3.37,1.00
2015.09.02 08:08:10.148,0.63429,0.6344,1.00,1.00
2015.09.02 08:08:10.451,0.63426,0.63437,1.37,1.00
2015.09.02 08:08:10.980,0.63427,0.63435,1.00,1.75
2015.09.02 08:08:11.031,0.63421,0.63429,1.12,1.00
2015.09.02 08:08:11.238,0.63416,0.63429,3.00,1.00
2015.09.02 08:08:16.071,0.63417,0.63431,1.37,1.00
2015.09.02 08:08:16.513,0.63418,0.63431,1.12,1.00
2015.09.02 08:08:17.380,0.63418,0.63431,1.12,1.12
2015.09.02 08:08:19.412,0.63417,0.63431,1.12,1.12
2015.09.02 08:08:20.578,0.63417,0.6343,1.87,1.00
2015.09.02 08:08:20.883,0.63414,0.63424,1.00,1.00
2015.09.02 08:08:21.710,0.63409,0.63422,1.87,1.00
2015.09.02 08:08:25.647,0.63412,0.63424,1.12,1.37
2015.09.02 08:08:26.939,0.63408,0.63423,2.25,1.12
2015.09.02 08:08:28.261,0.63408,0.63424,1.50,2.25
2015.09.02 08:08:32.243,0.63407,0.63422,1.87,1.37
2015.09.02 08:08:34.893,0.63408,0.63423,1.50,1.12
2015.09.02 08:08:34.995,0.6341,0.63425,1.37,1.12
2015.09.02 08:08:35.381,0.63412,0.63426,1.87,1.00
2015.09.02 08:08:35.432,0.63416,0.63429,1.00,1.37
2015.09.02 08:08:36.153,0.63414,0.63429,1.87,1.12
2015.09.02 08:08:36.949,0.63415,0.6343,1.87,1.37
2015.09.02 08:08:37.000,0.63417,0.6343,1.37,1.00
2015.09.02 08:08:37.304,0.63416,0.6343,1.87,1.00
2015.09.02 08:08:38.837,0.63414,0.6343,3.37,1.00
2015.09.02 08:08:43.628,0.63416,0.63429,1.12,1.00
2015.09.02 08:08:44.192,0.63414,0.63429,1.50,1.37
2015.09.02 08:08:46.331,0.63413,0.63423,1.00,1.00
2015.09.02 08:08:46.386,0.6341,0.63422,1.00,1.00
2015.09.02 08:08:46.640,0.63411,0.63423,1.37,1.50
2015.09.02 08:08:46.742,0.63411,0.63423,1.50,1.12
2015.09.02 08:08:46.844,0.63411,0.63426,1.87,1.00
2015.09.02 08:08:47.148,0.63413,0.63429,1.50,2.25
2015.09.02 08:08:47.523,0.63414,0.63429,1.87,1.12
2015.09.02 08:08:49.432,0.63416,0.6343,1.87,1.00
2015.09.02 08:08:50.288,0.63416,0.63431,1.87,1.50
2015.09.02 08:08:50.594,0.63415,0.63427,1.50,1.37
2015.09.02 08:08:50.898,0.63418,0.63431,1.00,1.50
2015.09.02 08:08:53.320,0.63418,0.63428,1.00,1.00
2015.09.02 08:08:53.473,0.63416,0.63431,1.87,2.25
2015.09.02 08:09:00.938,0.63416,0.63429,1.37,1.00
2015.09.02 08:09:01.045,0.63415,0.63429,1.12,1.50
2015.09.02 08:09:01.555,0.63415,0.63429,1.37,1.00
2015.09.02 08:09:02.219,0.63414,0.6343,2.62,2.70
2015.09.02 08:09:02.270,0.63414,0.63427,1.12,1.37
2015.09.02 08:09:02.778,0.63413,0.63427,1.00,1.50
2015.09.02 08:09:03.551,0.63413,0.63427,1.00,1.50
2015.09.02 08:09:03.653,0.63413,0.63427,1.00,1.50
2015.09.02 08:09:04.179,0.63413,0.63427,1.87,1.37
2015.09.02 08:09:05.685,0.63413,0.63428,1.12,1.37
2015.09.02 08:09:09.432,0.63413,0.63427,1.37,1.87
2015.09.02 08:09:09.483,0.63413,0.63427,1.87,1.12
2015.09.02 08:09:09.592,0.63413,0.63427,1.50,1.37
2015.09.02 08:09:09.745,0.63413,0.63427,1.87,1.12
2015.09.02 08:09:09.898,0.63414,0.63427,1.12,1.37
2015.09.02 08:09:10.405,0.63412,0.63427,1.87,1.37
2015.09.02 08:09:11.214,0.63413,0.63426,1.12,1.00
2015.09.02 08:09:11.522,0.63415,0.63429,1.50,1.50
2015.09.02 08:09:13.489,0.63416,0.63431,1.87,1.57
2015.09.02 08:09:14.671,0.63416,0.63432,3.00,3.45
2015.09.02 08:09:37.700,0.63417,0.6343,1.00,1.12
2015.09.02 08:09:38.541,0.63415,0.6343,1.37,1.57
2015.09.02 08:09:39.680,0.63416,0.6343,1.00,1.95
2015.09.02 08:09:42.407,0.63419,0.63431,1.57,2.62
2015.09.02 08:09:42.561,0.63422,0.63435,1.87,1.37
2015.09.02 08:09:42.613,0.63425,0.63436,1.00,1.00
2015.09.02 08:09:42.971,0.6343,0.63436,1.00,1.00
2015.09.02 08:09:43.022,0.63432,0.63445,1.00,1.37
2015.09.02 08:09:43.639,0.63433,0.63447,1.00,1.87
2015.09.02 08:09:44.046,0.63435,0.63447,1.00,1.00
2015.09.02 08:09:44.743,0.63436,0.63447,1.00,1.00
2015.09.02 08:09:45.825,0.63435,0.63447,1.00,1.00
2015.09.02 08:09:46.369,0.63436,0.63447,1.00,1.00
2015.09.02 08:09:47.455,0.63434,0.63447,1.00,1.12
2015.09.02 08:09:47.928,0.63436,0.63447,1.00,1.12
2015.09.02 08:09:51.447,0.63434,0.63448,1.00,1.37
2015.09.02 08:09:51.700,0.63434,0.63446,1.00,1.50
2015.09.02 08:09:52.245,0.63433,0.63446,1.12,1.50
2015.09.02 08:09:52.805,0.63433,0.63439,1.12,1.00
2015.09.02 08:09:52.957,0.63426,0.63436,1.12,1.00
2015.09.02 08:09:53.008,0.63423,0.63434,1.12,1.50
2015.09.02 08:09:53.512,0.63421,0.63434,1.00,1.37
2015.09.02 08:09:53.715,0.6342,0.63434,2.62,1.37
2015.09.02 08:09:56.512,0.63421,0.63436,1.50,1.37
2015.09.02 08:09:59.931,0.63424,0.63438,1.00,1.50
2015.09.02 08:10:00.547,0.63426,0.63437,1.00,1.00
2015.09.02 08:10:01.113,0.63426,0.63439,1.00,1.12
2015.09.02 08:10:05.396,0.63426,0.63442,1.00,1.50
2015.09.02 08:10:05.549,0.63428,0.63443,1.00,1.12
2015.09.02 08:10:06.060,0.63428,0.63442,1.00,1.87
2015.09.02 08:10:07.827,0.63428,0.63442,1.00,1.00
2015.09.02 08:10:10.700,0.6343,0.63443,1.00,1.00
2015.09.02 08:10:11.054,0.6343,0.63441,1.12,1.00
2015.09.02 08:10:11.156,0.63424,0.63438,1.50,1.37
2015.09.02 08:10:11.207,0.63422,0.63437,3.00,1.75
2015.09.02 08:10:11.698,0.63424,0.63436,1.37,1.00
2015.09.02 08:10:11.749,0.63424,0.63439,1.37,1.00
2015.09.02 08:10:12.328,0.63424,0.63439,1.00,1.00
2015.09.02 08:10:15.142,0.63425,0.63439,1.00,1.00
2015.09.02 08:10:17.655,0.63425,0.63441,1.00,1.87
2015.09.02 08:10:19.873,0.63425,0.63439,1.12,1.00
2015.09.02 08:10:20.025,0.63427,0.6344,1.00,1.50
2015.09.02 08:10:20.726,0.63427,0.6344,1.00,1.50
2015.09.02 08:10:21.306,0.63427,0.6344,1.12,1.37
2015.09.02 08:10:22.327,0.63428,0.63442,1.00,1.75
2015.09.02 08:10:22.884,0.63428,0.63442,1.00,1.75
2015.09.02 08:10:23.865,0.63432,0.63447,1.12,3.00
2015.09.02 08:10:24.120,0.63432,0.63445,1.50,1.50
2015.09.02 08:10:24.325,0.63435,0.63447,1.00,1.00
2015.09.02 08:10:24.427,0.63433,0.63447,1.00,2.70
2015.09.02 08:10:24.478,0.63433,0.63443,1.00,1.00
2015.09.02 08:10:24.530,0.6343,0.63443,1.00,1.00
2015.09.02 08:10:24.631,0.63427,0.63441,1.37,1.00
2015.09.02 08:10:24.682,0.63425,0.63441,3.00,1.12
2015.09.02 08:10:24.734,0.63425,0.63438,1.12,1.00
2015.09.02 08:10:25.128,0.63425,0.6344,1.12,1.00
2015.09.02 08:10:25.645,0.63425,0.63439,1.12,1.00
2015.09.02 08:10:25.899,0.63427,0.63439,1.00,1.00
2015.09.02 08:10:27.883,0.63429,0.63443,1.75,1.50
2015.09.02 08:10:28.036,0.63427,0.63443,2.62,1.50
2015.09.02 08:10:28.524,0.63429,0.63444,1.12,1.37
2015.09.02 08:10:28.625,0.63429,0.63445,1.12,2.62
2015.09.02 08:10:28.677,0.63429,0.63445,1.12,1.87
2015.09.02 08:10:31.377,0.63429,0.63444,1.00,1.87
2015.09.02 08:10:32.024,0.63428,0.63442,1.00,1.37
2015.09.02 08:10:32.532,0.63428,0.63442,1.00,1.12
2015.09.02 08:10:33.593,0.63428,0.63442,1.00,1.12
2015.09.02 08:10:33.648,0.63424,0.63438,1.00,1.00
2015.09.02 08:10:34.288,0.63423,0.63438,1.87,1.50
2015.09.02 08:10:38.666,0.63425,0.63439,1.00,1.00
2015.09.02 08:10:42.312,0.63427,0.6344,1.00,1.12
2015.09.02 08:10:42.823,0.63428,0.63442,1.00,1.50
2015.09.02 08:10:43.943,0.63427,0.63442,1.87,2.25
2015.09.02 08:10:44.879,0.63428,0.63442,1.00,1.37
2015.09.02 08:10:47.543,0.63428,0.63442,1.00,1.12
2015.09.02 08:10:49.249,0.63427,0.63442,1.87,1.50
2015.09.02 08:10:49.845,0.63427,0.63442,1.87,1.50
2015.09.02 08:10:56.375,0.63428,0.6344,1.00,1.00
2015.09.02 08:11:04.703,0.63426,0.63442,1.87,1.87
2015.09.02 08:11:07.614,0.63427,0.63438,1.00,1.12
2015.09.02 08:11:07.918,0.63422,0.63435,1.37,1.37
2015.09.02 08:11:07.969,0.63421,0.63435,1.00,1.37
2015.09.02 08:11:08.619,0.63419,0.63433,1.00,1.87
2015.09.02 08:11:10.279,0.6342,0.63433,1.00,1.75
2015.09.02 08:11:12.791,0.6342,0.63429,1.00,1.00
2015.09.02 08:11:12.842,0.63419,0.63431,1.00,1.12
2015.09.02 08:11:12.893,0.63419,0.63429,1.12,1.00
2015.09.02 08:11:13.097,0.63413,0.63424,1.00,1.00
2015.09.02 08:11:13.758,0.63409,0.63425,1.87,1.00
2015.09.02 08:11:13.810,0.63411,0.63426,1.50,2.25
2015.09.02 08:11:14.217,0.63413,0.63427,1.00,1.00
2015.09.02 08:11:15.115,0.63414,0.63428,1.00,1.87
2015.09.02 08:11:16.609,0.63414,0.63428,1.12,1.87
2015.09.02 08:11:24.110,0.63416,0.63428,1.50,1.00
2015.09.02 08:11:24.551,0.63416,0.6343,1.37,1.12
2015.09.02 08:11:25.160,0.63416,0.63431,1.50,1.37
2015.09.02 08:11:25.705,0.63414,0.63431,2.62,2.25
2015.09.02 08:11:28.442,0.63414,0.63424,1.50,1.00
2015.09.02 08:11:29.449,0.63414,0.63424,1.37,1.00
2015.09.02 08:11:30.255,0.63415,0.63426,1.00,1.00
2015.09.02 08:11:30.787,0.63414,0.63426,1.00,1.00
2015.09.02 08:11:30.839,0.63417,0.63426,1.00,1.00
2015.09.02 08:11:31.759,0.63417,0.63427,1.00,1.00
2015.09.02 08:11:32.671,0.63414,0.63427,1.75,1.00
2015.09.02 08:11:33.189,0.63417,0.63427,1.50,1.00
2015.09.02 08:11:33.457,0.63415,0.63427,1.50,1.00
2015.09.02 08:11:34.617,0.63416,0.63427,1.00,1.00
2015.09.02 08:11:34.973,0.63417,0.63429,1.00,1.12
2015.09.02 08:11:35.779,0.63418,0.63431,1.50,1.50
2015.09.02 08:11:36.326,0.63419,0.63431,1.00,1.12
2015.09.02 08:11:36.838,0.6342,0.63433,1.00,1.75
2015.09.02 08:11:37.041,0.63422,0.63433,1.00,1.75
2015.09.02 08:11:37.193,0.63419,0.63433,1.87,1.87
2015.09.02 08:11:37.718,0.63419,0.63433,1.50,2.62
2015.09.02 08:11:40.997,0.63421,0.63433,1.00,1.87
2015.09.02 08:11:41.504,0.63421,0.63433,1.00,1.50
2015.09.02 08:11:42.519,0.6342,0.63433,1.00,1.50
2015.09.02 08:11:43.027,0.63419,0.63433,1.00,2.62
2015.09.02 08:11:43.846,0.63418,0.63431,1.50,1.00
2015.09.02 08:11:44.564,0.63418,0.63429,1.00,1.00
2015.09.02 08:11:44.615,0.63415,0.63427,1.12,1.00
2015.09.02 08:11:44.667,0.63415,0.63426,1.00,1.37
2015.09.02 08:11:45.430,0.63415,0.63426,1.00,1.50
2015.09.02 08:11:45.481,0.63413,0.63426,1.00,1.50
2015.09.02 08:11:45.683,0.63413,0.63426,1.00,1.12
2015.09.02 08:11:45.836,0.63415,0.63426,1.00,1.12
2015.09.02 08:11:45.938,0.63411,0.63425,1.50,1.00
2015.09.02 08:11:46.732,0.63412,0.63427,1.87,1.87
2015.09.02 08:11:47.125,0.63414,0.63427,1.00,1.00
2015.09.02 08:11:49.700,0.63412,0.63424,1.50,1.50
2015.09.02 08:11:49.754,0.63408,0.63423,1.37,1.87
2015.09.02 08:11:50.077,0.63408,0.63423,1.12,1.87
2015.09.02 08:11:51.597,0.63408,0.63423,2.25,1.50
2015.09.02 08:11:54.232,0.63408,0.63424,3.00,3.00
2015.09.02 08:11:55.086,0.6341,0.63424,1.87,1.87
2015.09.02 08:11:55.611,0.63412,0.63424,1.00,1.37
2015.09.02 08:11:58.717,0.63412,0.63424,1.37,1.12
2015.09.02 08:11:58.818,0.63416,0.63425,1.00,1.87
2015.09.02 08:11:58.920,0.63413,0.63425,1.87,1.87
2015.09.02 08:12:02.855,0.63416,0.63425,1.00,1.37
2015.09.02 08:12:02.957,0.63416,0.63426,1.00,1.00
2015.09.02 08:12:03.009,0.63418,0.63431,1.00,2.62
2015.09.02 08:12:03.060,0.63418,0.63431,1.00,2.25
2015.09.02 08:12:03.466,0.63419,0.63432,1.12,1.37
2015.09.02 08:12:12.314,0.6342,0.63432,1.00,1.37
2015.09.02 08:12:13.058,0.63421,0.63433,1.00,2.25
2015.09.02 08:12:13.712,0.63419,0.63433,2.25,2.25
2015.09.02 08:12:18.810,0.63419,0.63428,1.00,1.00
2015.09.02 08:12:18.962,0.63414,0.63425,1.00,1.87
2015.09.02 08:12:19.851,0.6341,0.63424,2.25,1.00
2015.09.02 08:12:19.902,0.6341,0.63425,2.25,3.37
2015.09.02 08:12:20.906,0.63411,0.63425,1.87,1.87
2015.09.02 08:12:20.958,0.63411,0.63425,3.00,1.00
2015.09.02 08:12:21.060,0.63413,0.63429,1.50,1.50
2015.09.02 08:12:21.400,0.63413,0.63429,1.50,1.12
2015.09.02 08:12:21.859,0.63415,0.6343,1.37,1.00
2015.09.02 08:12:22.316,0.63419,0.63434,1.00,1.87
2015.09.02 08:12:22.679,0.63422,0.63434,1.00,1.75
2015.09.02 08:12:23.414,0.63419,0.63432,1.37,2.25
2015.09.02 08:12:23.465,0.63417,0.6343,1.37,1.12
2015.09.02 08:12:23.751,0.63417,0.6343,1.12,1.00
2015.09.02 08:12:24.357,0.63418,0.63431,2.25,1.00
2015.09.02 08:12:24.510,0.6342,0.63434,1.00,1.12
2015.09.02 08:12:24.874,0.63418,0.63434,1.00,1.12
2015.09.02 08:12:25.381,0.63417,0.63433,1.87,1.50
2015.09.02 08:12:25.432,0.63419,0.63433,1.00,1.50
2015.09.02 08:12:25.931,0.63417,0.63433,1.12,2.25
2015.09.02 08:12:42.114,0.6342,0.63433,1.00,1.12
2015.09.02 08:12:42.646,0.63417,0.63433,2.62,1.37
2015.09.02 08:12:43.180,0.6342,0.63434,1.00,2.25
2015.09.02 08:12:43.653,0.6342,0.63424,1.00,1.00
2015.09.02 08:12:44.156,0.63418,0.63422,1.87,1.00
2015.09.02 08:12:44.700,0.63416,0.63422,1.00,1.00
2015.09.02 08:12:44.752,0.63414,0.6342,1.87,1.00
2015.09.02 08:12:45.264,0.63415,0.6342,1.00,1.00
2015.09.02 08:12:46.065,0.63416,0.6342,1.00,1.00
2015.09.02 08:12:46.166,0.63416,0.63422,1.00,1.00
2015.09.02 08:12:46.672,0.63415,0.63422,1.00,1.00
2015.09.02 08:12:46.875,0.63417,0.63422,1.00,1.00
2015.09.02 08:12:47.329,0.63415,0.63422,1.50,1.00
2015.09.02 08:12:47.590,0.63417,0.63424,1.00,1.00
2015.09.02 08:12:48.199,0.63416,0.63424,1.00,1.00
2015.09.02 08:12:48.844,0.63415,0.63424,1.00,1.00
2015.09.02 08:12:49.150,0.63414,0.63422,1.12,1.00
2015.09.02 08:12:50.025,0.63416,0.63425,1.75,1.00
2015.09.02 08:12:50.128,0.63416,0.63427,1.87,1.00
2015.09.02 08:12:50.232,0.6342,0.63427,1.00,1.00
2015.09.02 08:12:51.625,0.63417,0.63427,1.00,1.00
2015.09.02 08:12:53.233,0.63417,0.63427,1.37,1.00
2015.09.02 08:12:55.587,0.63417,0.63428,1.50,1.00
2015.09.02 08:13:01.757,0.63417,0.63428,1.12,1.00
2015.09.02 08:13:02.266,0.63418,0.63428,1.00,1.00
2015.09.02 08:13:05.134,0.63418,0.63431,1.12,1.12
2015.09.02 08:13:07.862,0.63418,0.63432,1.87,1.12
2015.09.02 08:13:07.964,0.63418,0.63429,1.50,1.37
2015.09.02 08:13:08.217,0.63412,0.63424,1.12,1.37
2015.09.02 08:13:08.471,0.63411,0.63424,1.00,1.37
2015.09.02 08:13:10.424,0.63414,0.63427,1.37,1.37
2015.09.02 08:13:10.476,0.63414,0.6343,2.25,1.37
2015.09.02 08:13:10.984,0.63416,0.63431,1.12,1.37
2015.09.02 08:13:11.086,0.63416,0.63432,2.25,1.50
2015.09.02 08:13:11.189,0.63416,0.63432,2.25,1.37
2015.09.02 08:13:11.781,0.63419,0.63432,1.12,1.12
2015.09.02 08:13:12.087,0.63421,0.63436,1.00,1.87
2015.09.02 08:13:13.104,0.63421,0.63426,1.50,1.00
2015.09.02 08:13:13.155,0.63419,0.63426,1.12,1.00
2015.09.02 08:13:13.206,0.63415,0.63426,1.00,1.37
2015.09.02 08:13:13.520,0.63411,0.63423,1.12,1.12
2015.09.02 08:13:13.723,0.63409,0.63424,1.50,1.75
2015.09.02 08:13:14.178,0.63411,0.63425,1.50,1.75
2015.09.02 08:13:14.229,0.63413,0.63424,1.00,1.00
2015.09.02 08:13:14.280,0.63413,0.63426,1.00,1.00
2015.09.02 08:13:14.828,0.63413,0.63429,1.00,2.62
2015.09.02 08:13:22.513,0.63414,0.63429,1.00,1.50
2015.09.02 08:13:24.040,0.63414,0.63429,1.00,1.87
2015.09.02 08:13:26.141,0.63414,0.63428,1.00,1.50
2015.09.02 08:13:28.775,0.63416,0.63428,1.00,1.50
2015.09.02 08:13:33.207,0.63416,0.63426,1.00,1.00
2015.09.02 08:13:33.260,0.63414,0.63426,1.00,1.00
2015.09.02 08:13:37.749,0.63414,0.63423,1.00,1.00
2015.09.02 08:13:37.819,0.63411,0.63423,1.00,1.00
2015.09.02 08:13:38.174,0.63411,0.63424,1.00,1.87
2015.09.02 08:13:42.077,0.63411,0.63426,1.00,1.12
2015.09.02 08:13:42.128,0.63414,0.63426,1.00,1.12
2015.09.02 08:13:42.179,0.63414,0.63427,1.00,2.25
2015.09.02 08:13:42.230,0.63416,0.63427,1.00,1.87
2015.09.02 08:13:42.432,0.63412,0.63424,1.12,1.37
2015.09.02 08:13:43.133,0.63411,0.63423,1.50,1.87
2015.09.02 08:13:43.641,0.6341,0.63421,1.00,1.00
2015.09.02 08:13:43.692,0.63409,0.63421,1.50,1.50
2015.09.02 08:13:43.895,0.6341,0.6342,1.00,1.87
2015.09.02 08:13:43.997,0.63411,0.63423,1.00,1.00
2015.09.02 08:13:44.474,0.63414,0.63423,1.00,1.00
2015.09.02 08:13:47.518,0.63412,0.63423,1.50,1.00
2015.09.02 08:13:48.041,0.63412,0.63425,1.50,1.87
2015.09.02 08:13:49.351,0.6341,0.63423,1.00,1.50
2015.09.02 08:13:49.403,0.6341,0.63423,1.00,1.50
2015.09.02 08:13:50.260,0.6341,0.63421,1.00,1.87
2015.09.02 08:13:52.317,0.63409,0.63419,1.00,1.12
2015.09.02 08:13:52.623,0.63403,0.63415,1.50,1.12
2015.09.02 08:13:52.674,0.63405,0.63415,1.00,1.00
2015.09.02 08:13:53.076,0.63407,0.63421,1.00,1.37
2015.09.02 08:13:56.111,0.63407,0.63416,1.00,1.00
2015.09.02 08:13:56.162,0.63405,0.63416,1.87,1.00
2015.09.02 08:13:56.213,0.63404,0.63416,1.00,1.37
2015.09.02 08:13:56.466,0.63401,0.63414,1.12,1.37
2015.09.02 08:13:57.484,0.63406,0.6342,1.00,1.47
2015.09.02 08:13:57.788,0.63406,0.63422,2.25,1.95
2015.09.02 08:13:57.839,0.63408,0.63422,1.00,1.95
2015.09.02 08:13:58.194,0.63411,0.63424,1.00,1.87
2015.09.02 08:13:58.346,0.63411,0.63424,1.00,1.12
2015.09.02 08:13:59.092,0.63413,0.63424,1.00,1.12
2015.09.02 08:13:59.838,0.63413,0.63426,1.00,1.50
2015.09.02 08:14:01.237,0.63412,0.63425,1.00,1.12
2015.09.02 08:14:01.339,0.63413,0.63427,1.00,1.12
2015.09.02 08:14:01.593,0.63415,0.63429,1.00,1.50
2015.09.02 08:14:03.862,0.63415,0.63429,1.00,1.50
2015.09.02 08:14:07.483,0.63415,0.63429,1.00,1.87
2015.09.02 08:14:08.796,0.63415,0.63429,1.12,1.50
2015.09.02 08:14:12.405,0.63415,0.63429,1.00,1.50
2015.09.02 08:14:16.954,0.63416,0.6343,1.00,1.95
2015.09.02 08:14:17.623,0.63417,0.6343,1.50,1.20
2015.09.02 08:14:17.675,0.6342,0.63432,1.00,1.87
2015.09.02 08:14:17.776,0.6342,0.63434,1.00,1.95
2015.09.02 08:14:18.264,0.63417,0.63431,1.00,1.00
2015.09.02 08:14:18.771,0.63416,0.63431,1.87,1.50
2015.09.02 08:14:20.502,0.63416,0.63431,1.12,1.75
2015.09.02 08:14:21.035,0.63415,0.6343,1.00,1.50
2015.09.02 08:14:21.567,0.63415,0.6343,1.00,1.87
2015.09.02 08:14:21.825,0.63415,0.63429,1.00,1.37
2015.09.02 08:14:24.053,0.63412,0.63428,1.87,1.00
2015.09.02 08:14:24.306,0.63415,0.63428,1.50,1.00
2015.09.02 08:14:24.407,0.63416,0.6343,1.00,1.10
2015.09.02 08:14:24.509,0.63419,0.63432,1.00,1.87
2015.09.02 08:14:24.661,0.63417,0.63432,1.00,1.12
2015.09.02 08:14:25.828,0.63415,0.63431,1.50,1.12
2015.09.02 08:14:28.050,0.63418,0.63433,1.00,1.87
2015.09.02 08:14:28.304,0.6342,0.63432,1.00,1.00
2015.09.02 08:14:28.696,0.63416,0.63432,1.87,1.50
2015.09.02 08:14:29.204,0.63419,0.63432,1.00,1.00
2015.09.02 08:14:30.570,0.63419,0.63433,1.00,1.75
2015.09.02 08:14:30.672,0.63416,0.63431,2.25,1.00
2015.09.02 08:14:31.178,0.63419,0.63432,1.00,1.87
2015.09.02 08:14:32.683,0.63419,0.63431,1.87,1.37
2015.09.02 08:14:33.012,0.63417,0.63428,3.00,1.75
2015.09.02 08:14:33.064,0.63412,0.63426,1.37,1.75
2015.09.02 08:14:33.317,0.63412,0.63427,1.87,1.50
2015.09.02 08:14:33.773,0.63413,0.63428,1.87,1.00
2015.09.02 08:14:34.778,0.63413,0.63429,2.62,1.00
2015.09.02 08:14:35.702,0.63413,0.6343,2.62,2.62
2015.09.02 08:14:36.392,0.63414,0.63429,1.00,1.87
2015.09.02 08:14:36.597,0.63413,0.63429,1.12,1.87
2015.09.02 08:14:37.850,0.63416,0.63429,1.00,1.00
2015.09.02 08:14:38.156,0.63419,0.63431,1.00,2.62
2015.09.02 08:14:39.187,0.63416,0.6343,1.00,1.87
2015.09.02 08:14:39.442,0.63413,0.63428,1.87,1.00
2015.09.02 08:14:42.381,0.63413,0.63429,1.37,1.50
2015.09.02 08:14:42.635,0.63413,0.63429,1.12,1.50
2015.09.02 08:14:43.201,0.63413,0.6343,1.87,1.87
2015.09.02 08:14:43.303,0.63415,0.6343,1.75,1.50
2015.09.02 08:14:44.194,0.63421,0.63434,1.00,1.50
2015.09.02 08:14:44.703,0.6342,0.63435,1.00,1.12
2015.09.02 08:14:56.759,0.63419,0.63432,1.00,1.12
2015.09.02 08:14:57.403,0.63419,0.63431,1.00,1.50
2015.09.02 08:14:57.914,0.63419,0.63431,1.00,1.12
2015.09.02 08:15:03.641,0.63419,0.63432,1.12,1.00
2015.09.02 08:15:03.945,0.63425,0.63435,1.00,1.75
2015.09.02 08:15:04.250,0.63422,0.63435,1.00,1.37
2015.09.02 08:15:04.453,0.63422,0.63435,1.00,1.12
2015.09.02 08:15:05.126,0.63422,0.63437,1.00,2.25
2015.09.02 08:15:08.770,0.63423,0.63437,1.00,1.12
2015.09.02 08:15:09.283,0.63424,0.63438,1.00,1.00
2015.09.02 08:15:11.061,0.63424,0.63439,1.00,1.12
2015.09.02 08:15:12.682,0.63423,0.63429,1.50,1.00
2015.09.02 08:15:13.204,0.63423,0.63428,1.00,1.00
2015.09.02 08:15:14.061,0.63423,0.6343,1.00,1.00
2015.09.02 08:15:14.737,0.63423,0.63432,1.00,1.00
2015.09.02 08:15:15.102,0.63423,0.63434,1.00,1.00
2015.09.02 08:15:15.803,0.63422,0.63434,1.50,1.00
2015.09.02 08:15:17.758,0.63422,0.63436,1.50,1.50
2015.09.02 08:15:18.294,0.63423,0.63435,1.00,1.50
2015.09.02 08:15:19.496,0.63425,0.63435,1.00,1.00
2015.09.02 08:15:19.597,0.63425,0.63438,1.00,2.62
2015.09.02 08:15:20.103,0.63424,0.63438,1.50,1.87
2015.09.02 08:15:20.644,0.63424,0.63438,1.50,1.87
2015.09.02 08:15:24.331,0.63424,0.63438,1.87,1.50
2015.09.02 08:15:24.636,0.63427,0.63439,1.37,1.00
2015.09.02 08:15:25.137,0.63418,0.63428,2.62,1.37
2015.09.02 08:15:25.188,0.63412,0.63428,1.37,2.25
2015.09.02 08:15:25.290,0.63414,0.63429,1.37,1.37
2015.09.02 08:15:25.443,0.63414,0.6343,2.25,1.12
2015.09.02 08:15:26.666,0.63414,0.6343,2.25,1.12
2015.09.02 08:15:28.131,0.63414,0.63426,1.50,1.00
2015.09.02 08:15:28.588,0.63414,0.63429,1.50,1.00
2015.09.02 08:15:30.500,0.63414,0.63429,1.50,1.00
2015.09.02 08:15:33.163,0.63415,0.6343,1.87,1.00
2015.09.02 08:15:33.417,0.63419,0.63431,1.37,1.00
2015.09.02 08:15:33.925,0.63421,0.63432,1.00,1.12
2015.09.02 08:15:34.863,0.63423,0.63432,1.00,1.00
2015.09.02 08:15:34.965,0.63424,0.63434,1.00,1.20
2015.09.02 08:15:35.119,0.63422,0.63437,1.87,1.95
2015.09.02 08:15:35.661,0.63425,0.63438,1.37,1.00
2015.09.02 08:15:35.717,0.63425,0.6344,1.87,2.62
2015.09.02 08:15:36.173,0.63425,0.63437,1.87,1.00
2015.09.02 08:15:41.245,0.63424,0.63439,1.37,1.00
2015.09.02 08:15:46.855,0.63424,0.63438,1.87,1.00
2015.09.02 08:15:46.956,0.63424,0.63434,1.87,1.00
2015.09.02 08:15:47.640,0.63424,0.63436,1.87,1.00
2015.09.02 08:15:50.856,0.63424,0.63436,3.00,1.00
2015.09.02 08:15:52.366,0.63424,0.63436,2.62,1.00
2015.09.02 08:15:53.865,0.63424,0.63428,2.25,1.00
2015.09.02 08:15:53.916,0.63424,0.63433,1.12,1.00
2015.09.02 08:15:53.967,0.63421,0.6343,1.20,1.00
2015.09.02 08:15:54.171,0.63415,0.63425,1.37,1.00
2015.09.02 08:15:54.222,0.63415,0.63421,1.37,1.00
2015.09.02 08:15:54.425,0.63412,0.63426,1.87,1.12
2015.09.02 08:15:54.578,0.63413,0.63428,2.32,1.00
2015.09.02 08:15:55.115,0.63416,0.63429,1.37,1.00
2015.09.02 08:15:55.166,0.63419,0.63429,1.00,1.00
2015.09.02 08:15:55.323,0.63417,0.63429,1.87,1.00
2015.09.02 08:15:56.240,0.63416,0.63429,1.37,1.00
2015.09.02 08:15:56.750,0.6342,0.63429,1.00,1.00
2015.09.02 08:15:57.264,0.63419,0.63429,1.12,1.00
2015.09.02 08:15:57.725,0.63417,0.63428,1.37,1.37
2015.09.02 08:15:58.029,0.63417,0.6343,1.37,1.50
2015.09.02 08:15:58.181,0.63417,0.6343,1.87,1.00
2015.09.02 08:15:58.232,0.63421,0.63432,1.12,1.00
2015.09.02 08:15:58.384,0.63421,0.6343,1.37,1.00
2015.09.02 08:15:58.972,0.63418,0.63427,1.37,1.00
2015.09.02 08:15:59.023,0.63418,0.63427,1.50,1.00
2015.09.02 08:15:59.124,0.63415,0.63427,2.62,1.00
2015.09.02 08:15:59.895,0.63415,0.63427,2.62,1.00
2015.09.02 08:16:00.488,0.63417,0.63427,1.37,1.00
2015.09.02 08:16:03.970,0.63418,0.63429,1.37,1.00
2015.09.02 08:16:04.622,0.63421,0.63429,1.37,1.00
2015.09.02 08:16:05.169,0.63423,0.6343,1.12,1.00
2015.09.02 08:16:05.627,0.63423,0.63432,1.37,1.00
2015.09.02 08:16:06.429,0.63425,0.63432,1.00,1.00
2015.09.02 08:16:06.973,0.63423,0.63432,1.37,1.00
2015.09.02 08:16:12.080,0.63422,0.63433,1.37,1.00
2015.09.02 08:16:14.823,0.63422,0.63434,1.37,1.12
2015.09.02 08:16:15.605,0.63429,0.63435,1.00,2.62
2015.09.02 08:16:16.377,0.63429,0.63435,1.00,1.12
2015.09.02 08:16:17.314,0.63429,0.63435,1.00,1.87
2015.09.02 08:16:17.960,0.63429,0.63435,1.00,1.87
2015.09.02 08:16:18.789,0.63429,0.63435,1.00,2.62
2015.09.02 08:16:19.454,0.6343,0.63435,1.00,1.12
2015.09.02 08:16:19.556,0.63432,0.63436,1.00,1.00
2015.09.02 08:16:19.709,0.63433,0.6344,1.00,1.50
2015.09.02 08:16:19.811,0.63433,0.6344,1.00,1.50
2015.09.02 08:16:19.964,0.63433,0.6344,1.00,1.37
2015.09.02 08:16:20.817,0.63433,0.6344,1.00,1.00
2015.09.02 08:16:21.224,0.63435,0.6344,1.00,1.00
2015.09.02 08:16:21.766,0.63429,0.6344,1.00,1.00
2015.09.02 08:16:21.817,0.63424,0.63436,3.00,1.50
2015.09.02 08:16:22.746,0.63424,0.63428,1.00,1.00
2015.09.02 08:16:22.799,0.63424,0.63429,1.00,1.00
2015.09.02 08:16:23.508,0.63424,0.63431,1.00,1.50
2015.09.02 08:16:24.345,0.63424,0.63428,1.00,1.00
2015.09.02 08:16:24.852,0.63424,0.63429,1.00,1.00
2015.09.02 08:16:28.648,0.63424,0.63428,1.00,1.00
2015.09.02 08:16:28.851,0.63424,0.63432,1.00,2.25
2015.09.02 08:16:28.902,0.63426,0.63432,1.00,1.57
2015.09.02 08:16:29.054,0.63421,0.63434,1.12,1.12
2015.09.02 08:16:29.105,0.63419,0.63432,1.12,1.12
2015.09.02 08:16:29.409,0.63419,0.63426,1.00,1.00
2015.09.02 08:16:29.713,0.63423,0.63429,1.00,1.12
2015.09.02 08:16:30.237,0.63424,0.63429,1.00,1.12
2015.09.02 08:16:30.768,0.63425,0.6343,1.00,1.00
2015.09.02 08:16:32.322,0.63424,0.6343,1.00,1.00
2015.09.02 08:16:35.561,0.63424,0.63429,1.00,1.00
2015.09.02 08:16:36.090,0.63424,0.6343,1.00,1.00
2015.09.02 08:16:36.704,0.63424,0.63429,1.00,1.00
2015.09.02 08:16:37.653,0.63424,0.6343,1.00,1.00
2015.09.02 08:16:39.872,0.63424,0.63429,1.00,1.00
2015.09.02 08:16:40.635,0.63424,0.6343,1.00,1.00
2015.09.02 08:16:41.504,0.63403,0.6341,1.12,2.25
2015.09.02 08:16:41.555,0.63397,0.6341,1.12,2.25
2015.09.02 08:16:41.809,0.63397,0.63407,1.12,1.37
2015.09.02 08:16:42.113,0.63397,0.63405,1.00,3.00
2015.09.02 08:16:42.719,0.63388,0.63399,1.00,1.75
2015.09.02 08:16:42.821,0.63388,0.63398,1.00,3.00
2015.09.02 08:16:44.468,0.6339,0.63399,1.00,1.75
2015.09.02 08:16:44.924,0.6339,0.63399,1.00,1.37
2015.09.02 08:16:45.283,0.63391,0.634,1.00,1.12
2015.09.02 08:16:45.600,0.63394,0.63401,1.00,1.37
2015.09.02 08:16:45.803,0.63394,0.63402,1.00,1.50
2015.09.02 08:16:46.454,0.63394,0.63405,1.00,2.25
2015.09.02 08:16:48.073,0.63394,0.63405,1.00,1.50
2015.09.02 08:16:50.946,0.63394,0.63405,1.00,1.50
2015.09.02 08:16:53.798,0.63396,0.63405,1.00,1.87
2015.09.02 08:16:54.145,0.63396,0.63405,1.00,1.87
2015.09.02 08:16:55.907,0.63396,0.63404,1.00,1.37
2015.09.02 08:17:01.170,0.63391,0.63404,1.37,1.37
2015.09.02 08:17:01.639,0.63391,0.63404,1.37,1.37
2015.09.02 08:17:01.741,0.63391,0.63404,1.37,1.37
2015.09.02 08:17:05.148,0.6339,0.63405,1.37,2.62
2015.09.02 08:17:05.696,0.63392,0.63405,1.37,1.50
2015.09.02 08:17:08.846,0.63392,0.63405,1.37,1.50
2015.09.02 08:17:09.368,0.63392,0.63403,1.37,1.12
2015.09.02 08:17:16.758,0.6339,0.63404,1.37,1.37
2015.09.02 08:17:16.809,0.63389,0.63402,1.50,1.50
2015.09.02 08:17:17.162,0.63389,0.634,1.87,1.50
2015.09.02 08:17:17.669,0.63389,0.63402,1.37,2.25
2015.09.02 08:17:18.225,0.63391,0.63402,1.00,1.50
2015.09.02 08:17:18.276,0.63391,0.63402,1.37,1.00
2015.09.02 08:17:19.242,0.63391,0.63403,1.37,1.37
2015.09.02 08:17:20.612,0.6339,0.63399,1.00,2.25
2015.09.02 08:17:20.664,0.63387,0.63399,1.87,2.62
2015.09.02 08:17:21.071,0.6339,0.63399,1.12,4.12
2015.09.02 08:17:21.376,0.63391,0.63401,1.37,1.50
2015.09.02 08:17:21.924,0.63391,0.63401,1.37,1.37
2015.09.02 08:17:23.896,0.63389,0.634,1.37,1.00
2015.09.02 08:17:23.998,0.63387,0.63401,1.37,1.75
2015.09.02 08:17:24.099,0.63385,0.63399,1.87,1.12
2015.09.02 08:17:24.201,0.63383,0.63394,1.12,1.00
2015.09.02 08:17:25.057,0.63381,0.63395,1.87,1.87
2015.09.02 08:17:26.240,0.63384,0.63395,1.00,1.87
2015.09.02 08:17:26.676,0.63383,0.63394,1.12,3.00
2015.09.02 08:17:27.618,0.63381,0.63394,1.37,4.12
2015.09.02 08:17:28.316,0.63381,0.63393,1.37,1.00
2015.09.02 08:17:29.623,0.63379,0.63391,1.87,1.00
2015.09.02 08:17:31.786,0.63379,0.63386,1.50,1.00
2015.09.02 08:17:32.178,0.63377,0.63385,1.50,1.00
2015.09.02 08:17:32.230,0.63377,0.63387,1.50,1.00
2015.09.02 08:17:32.282,0.63377,0.6339,2.25,1.87
2015.09.02 08:17:32.638,0.63379,0.63392,1.37,1.12
2015.09.02 08:17:33.538,0.63379,0.63392,1.37,1.00
2015.09.02 08:17:34.046,0.63377,0.63392,1.12,1.87
2015.09.02 08:17:35.658,0.63376,0.63391,3.75,1.87
2015.09.02 08:17:36.292,0.63378,0.63391,1.37,1.00
2015.09.02 08:17:38.087,0.63378,0.63385,1.87,1.00
2015.09.02 08:17:38.709,0.63378,0.63385,1.37,1.00
2015.09.02 08:17:39.511,0.63378,0.63385,1.37,1.00
2015.09.02 08:17:39.614,0.63377,0.63386,1.37,1.00
2015.09.02 08:17:41.038,0.63377,0.63383,2.62,1.00
2015.09.02 08:17:43.113,0.63377,0.63382,1.87,1.00
2015.09.02 08:17:43.725,0.63376,0.63384,1.37,1.00
2015.09.02 08:17:44.734,0.63376,0.63386,1.12,1.00
2015.09.02 08:17:45.246,0.63378,0.63384,1.37,1.00
2015.09.02 08:17:45.754,0.63378,0.63385,1.37,1.00
2015.09.02 08:17:46.567,0.63378,0.63388,1.37,1.00
2015.09.02 08:17:46.973,0.63376,0.63387,1.12,1.00
2015.09.02 08:17:47.567,0.63375,0.63387,1.37,1.00
2015.09.02 08:17:47.618,0.63374,0.63385,1.37,1.00
2015.09.02 08:17:47.980,0.63373,0.63385,1.37,1.00
2015.09.02 08:17:48.183,0.63373,0.63383,1.00,1.00
2015.09.02 08:17:48.234,0.63373,0.63385,1.00,1.00
2015.09.02 08:17:48.815,0.63371,0.63385,1.37,1.50
2015.09.02 08:17:50.275,0.63368,0.63383,1.87,1.00
2015.09.02 08:17:50.881,0.63368,0.63383,2.25,1.12
2015.09.02 08:17:50.933,0.63368,0.63383,1.87,1.12
2015.09.02 08:17:51.086,0.63368,0.63382,1.12,1.00
2015.09.02 08:17:52.314,0.6337,0.63382,1.00,1.00
2015.09.02 08:17:53.333,0.6337,0.63382,1.00,1.87
2015.09.02 08:17:55.602,0.6337,0.63381,1.00,1.37
2015.09.02 08:17:55.910,0.63368,0.63381,1.00,1.12
2015.09.02 08:17:55.962,0.63366,0.63381,1.12,1.87
2015.09.02 08:17:56.014,0.63366,0.6338,1.00,1.75
2015.09.02 08:17:56.066,0.63364,0.63379,1.50,1.75
2015.09.02 08:17:56.716,0.63364,0.63374,1.00,1.00
2015.09.02 08:17:57.536,0.63366,0.63375,1.00,1.37
2015.09.02 08:17:59.065,0.6337,0.63375,1.00,1.37
2015.09.02 08:17:59.938,0.63368,0.63375,1.00,1.37
2015.09.02 08:18:01.365,0.63367,0.63375,1.00,1.87
2015.09.02 08:18:02.063,0.63368,0.63375,1.00,2.25
2015.09.02 08:18:02.165,0.6337,0.63375,1.00,1.37
2015.09.02 08:18:02.216,0.6337,0.63376,1.00,1.12
2015.09.02 08:18:02.723,0.63371,0.63376,1.00,1.00
2015.09.02 08:18:03.158,0.63371,0.63378,1.00,1.00
2015.09.02 08:18:03.221,0.63372,0.63378,1.00,1.00
2015.09.02 08:18:03.727,0.63375,0.63379,1.00,1.00
2015.09.02 08:18:04.479,0.63375,0.6338,1.00,1.00
2015.09.02 08:18:04.530,0.63375,0.63382,1.00,1.50
2015.09.02 08:18:05.183,0.63377,0.63384,1.00,2.62
2015.09.02 08:18:05.591,0.63375,0.63384,1.00,1.50
2015.09.02 08:18:06.201,0.63373,0.63383,1.00,1.12
2015.09.02 08:18:06.252,0.63373,0.6338,1.00,1.00
2015.09.02 08:18:06.703,0.63371,0.6338,1.00,1.37
2015.09.02 08:18:07.906,0.63375,0.6338,1.00,1.37
2015.09.02 08:18:09.268,0.63375,0.6338,1.00,1.00
2015.09.02 08:18:09.471,0.63373,0.6338,1.00,1.00
2015.09.02 08:18:10.065,0.63373,0.63379,1.00,1.00
2015.09.02 08:18:10.732,0.63374,0.63379,1.00,1.00
2015.09.02 08:18:11.807,0.63372,0.63376,1.00,1.00
2015.09.02 08:18:11.858,0.6337,0.63376,1.00,2.25
2015.09.02 08:18:12.010,0.63368,0.63372,1.00,1.00
2015.09.02 08:18:12.061,0.63369,0.63374,1.00,1.00
2015.09.02 08:18:12.163,0.63368,0.63375,1.00,1.87
2015.09.02 08:18:12.315,0.63371,0.63376,1.00,1.12
2015.09.02 08:18:13.367,0.63373,0.6338,1.00,2.25
2015.09.02 08:18:13.887,0.63373,0.6338,1.00,2.25
2015.09.02 08:18:15.144,0.63374,0.6338,1.00,2.25
2015.09.02 08:18:15.732,0.63376,0.63381,1.00,2.25
2015.09.02 08:18:16.147,0.63374,0.63381,1.00,1.87
2015.09.02 08:18:17.305,0.63372,0.63381,1.00,1.87
2015.09.02 08:18:18.512,0.63372,0.63381,1.00,1.37
2015.09.02 08:18:22.109,0.63372,0.63381,1.00,1.00
2015.09.02 08:18:24.623,0.63375,0.63381,1.00,1.00
2015.09.02 08:18:26.094,0.63372,0.63381,1.00,1.00
2015.09.02 08:18:31.821,0.63371,0.63381,1.00,1.00
2015.09.02 08:18:39.460,0.63369,0.63381,1.10,1.12
2015.09.02 08:18:41.006,0.6337,0.63381,1.00,1.12
2015.09.02 08:18:41.529,0.63368,0.63381,1.20,1.12
2015.09.02 08:18:42.091,0.63368,0.6338,1.20,1.00
2015.09.02 08:18:42.618,0.63368,0.6338,1.37,1.12
2015.09.02 08:18:43.259,0.63368,0.63381,1.00,1.50
2015.09.02 08:18:43.423,0.63368,0.6338,1.00,1.12
2015.09.02 08:18:43.474,0.63366,0.63379,1.00,1.12
2015.09.02 08:18:43.576,0.63366,0.63379,1.00,1.50
2015.09.02 08:18:44.463,0.63366,0.63377,1.00,1.50
2015.09.02 08:18:44.985,0.63366,0.63377,1.00,1.12
2015.09.02 08:18:45.415,0.63362,0.63377,2.25,1.37
2015.09.02 08:18:46.242,0.63361,0.63376,1.87,1.50
2015.09.02 08:18:46.445,0.6336,0.63373,1.20,1.00
2015.09.02 08:18:46.950,0.6336,0.63374,1.12,1.12
2015.09.02 08:18:47.207,0.63356,0.6337,1.00,1.87
2015.09.02 08:18:47.258,0.63356,0.63368,1.00,1.37
2015.09.02 08:18:47.309,0.63352,0.63366,2.62,1.12
2015.09.02 08:18:47.360,0.63352,0.63365,1.87,1.37
2015.09.02 08:18:47.963,0.63349,0.63364,1.37,1.87
2015.09.02 08:18:54.645,0.63352,0.63365,1.37,1.37
2015.09.02 08:18:54.951,0.63351,0.63365,1.37,1.37
2015.09.02 08:18:58.641,0.63346,0.63358,1.10,2.25
2015.09.02 08:18:58.692,0.63344,0.63357,1.50,1.50
2015.09.02 08:18:58.743,0.63344,0.63356,1.10,1.37
2015.09.02 08:18:58.794,0.63341,0.63355,1.12,2.25
2015.09.02 08:18:58.846,0.6334,0.63355,1.12,2.25
2015.09.02 08:18:58.999,0.6334,0.63355,1.00,2.25
2015.09.02 08:19:02.399,0.63342,0.63355,1.00,1.37
2015.09.02 08:19:03.731,0.63345,0.63355,1.00,1.00
2015.09.02 08:19:03.833,0.63345,0.63359,1.37,1.37
2015.09.02 08:19:04.187,0.63347,0.6336,1.12,1.12
2015.09.02 08:19:04.950,0.63347,0.63358,1.00,1.00
2015.09.02 08:19:05.052,0.63347,0.6336,1.00,1.12
2015.09.02 08:19:06.094,0.63347,0.6336,1.12,1.37
2015.09.02 08:19:06.602,0.63347,0.63358,1.12,1.00
2015.09.02 08:19:07.718,0.63351,0.63359,1.00,1.00
2015.09.02 08:19:08.230,0.63351,0.6336,1.00,1.00
2015.09.02 08:19:10.306,0.63353,0.63361,1.00,1.37
2015.09.02 08:19:10.815,0.63353,0.63364,1.00,1.37
2015.09.02 08:19:14.079,0.63346,0.63357,1.00,1.37
2015.09.02 08:19:14.130,0.63349,0.63357,1.00,1.00
2015.09.02 08:19:14.333,0.63349,0.6336,1.00,1.12
2015.09.02 08:19:14.384,0.63351,0.6336,1.00,1.12
2015.09.02 08:19:14.890,0.63351,0.63363,1.00,1.37
2015.09.02 08:19:17.203,0.63354,0.63364,1.00,1.50
2015.09.02 08:19:17.955,0.63355,0.63364,1.00,1.37
2015.09.02 08:19:19.472,0.63353,0.63364,1.00,1.37
2015.09.02 08:19:21.249,0.63351,0.63364,1.00,1.37
2015.09.02 08:19:21.709,0.63358,0.63364,1.00,1.37
2015.09.02 08:19:21.811,0.6336,0.63367,1.00,1.12
2015.09.02 08:19:21.964,0.6336,0.63371,1.00,1.37
2015.09.02 08:19:22.066,0.63362,0.63371,1.00,1.00
2015.09.02 08:19:22.168,0.63362,0.63374,1.00,1.87
2015.09.02 08:19:22.219,0.63364,0.63374,1.00,1.87
2015.09.02 08:19:22.867,0.63364,0.63376,1.00,1.37
2015.09.02 08:19:24.936,0.63364,0.63377,1.00,1.50
2015.09.02 08:19:25.723,0.63366,0.63378,1.00,1.37
2015.09.02 08:19:26.448,0.63367,0.63379,1.00,1.37
2015.09.02 08:19:26.859,0.63367,0.63381,1.00,2.25
2015.09.02 08:19:26.910,0.63367,0.63381,1.00,2.25
2015.09.02 08:19:27.531,0.63367,0.6338,1.00,1.37
2015.09.02 08:19:28.149,0.63366,0.63377,1.00,1.00
2015.09.02 08:19:28.657,0.63366,0.63378,1.00,1.12
2015.09.02 08:19:28.758,0.63364,0.63378,1.00,1.12
2015.09.02 08:19:28.810,0.63363,0.63377,1.12,1.75
2015.09.02 08:19:29.309,0.63361,0.63374,1.00,1.37
2015.09.02 08:19:33.532,0.63361,0.63375,1.00,1.50
2015.09.02 08:19:34.385,0.63362,0.63376,1.00,1.95
2015.09.02 08:19:41.968,0.63363,0.63375,1.00,1.50
2015.09.02 08:19:47.779,0.63362,0.63375,1.00,1.37
2015.09.02 08:19:54.832,0.63364,0.63375,1.00,1.37
2015.09.02 08:19:55.181,0.63364,0.63375,1.00,1.00
2015.09.02 08:19:55.284,0.63366,0.63377,1.00,1.37
2015.09.02 08:19:55.335,0.63366,0.63378,1.00,1.87
2015.09.02 08:19:55.641,0.63369,0.63381,1.00,1.57
2015.09.02 08:19:56.493,0.63372,0.63383,1.00,1.87
2015.09.02 08:19:56.800,0.63372,0.63383,1.00,1.87
2015.09.02 08:19:57.444,0.63368,0.63383,1.50,2.32
2015.09.02 08:20:00.960,0.63369,0.63381,1.37,1.12
2015.09.02 08:20:05.108,0.63371,0.63385,1.00,1.50
2015.09.02 08:20:05.160,0.6337,0.63385,1.37,2.25
2015.09.02 08:20:05.312,0.63369,0.63384,1.12,1.50
2015.09.02 08:20:05.842,0.63369,0.63383,1.12,1.37
2015.09.02 08:20:07.178,0.63368,0.63383,1.50,1.37
2015.09.02 08:20:08.125,0.63369,0.63383,1.00,1.87
2015.09.02 08:20:08.539,0.63368,0.63378,1.12,2.25
2015.09.02 08:20:08.641,0.63364,0.63378,3.37,2.25
2015.09.02 08:20:08.743,0.63362,0.63377,3.37,1.87
2015.09.02 08:20:09.368,0.63365,0.63379,1.00,1.87
2015.09.02 08:20:09.470,0.63365,0.63379,1.12,1.37
2015.09.02 08:20:09.987,0.63366,0.63379,1.00,1.37
2015.09.02 08:20:15.126,0.63364,0.63377,1.87,1.12
2015.09.02 08:20:16.990,0.63367,0.63377,1.00,1.00
2015.09.02 08:20:17.346,0.63368,0.63379,1.12,1.00
2015.09.02 08:20:17.893,0.63366,0.63378,1.12,1.00
2015.09.02 08:20:18.410,0.63366,0.63378,1.50,1.37
2015.09.02 08:20:18.916,0.63365,0.63378,1.87,1.37
2015.09.02 08:20:32.815,0.63366,0.63377,1.12,1.00
2015.09.02 08:20:34.062,0.63366,0.63379,1.00,1.37
2015.09.02 08:20:34.216,0.63364,0.63379,1.12,1.50
2015.09.02 08:20:34.470,0.63363,0.63377,1.37,1.37
2015.09.02 08:20:35.361,0.63362,0.63377,1.37,2.62
2015.09.02 08:20:36.683,0.63359,0.63374,2.62,1.37
2015.09.02 08:20:37.190,0.63359,0.63373,1.37,1.37
2015.09.02 08:20:48.998,0.6336,0.63374,1.12,2.25
2015.09.02 08:20:50.906,0.6336,0.63374,1.87,1.50
2015.09.02 08:20:56.930,0.6336,0.63374,1.50,1.50
2015.09.02 08:20:57.772,0.6336,0.63374,1.00,1.50
2015.09.02 08:21:02.227,0.6336,0.63375,1.37,2.70
2015.09.02 08:21:02.380,0.63363,0.63375,1.00,1.37
2015.09.02 08:21:02.888,0.63363,0.63377,1.87,1.37
2015.09.02 08:21:03.778,0.63363,0.63377,1.87,1.12
2015.09.02 08:21:03.981,0.63363,0.63376,1.87,1.37
2015.09.02 08:21:04.625,0.63362,0.63376,1.00,1.75
2015.09.02 08:21:05.131,0.63361,0.63372,1.00,1.00
2015.09.02 08:21:05.896,0.63361,0.63374,1.00,1.12
2015.09.02 08:21:09.007,0.63363,0.63375,1.00,2.25
2015.09.02 08:21:09.161,0.63364,0.63376,1.12,1.47
2015.09.02 08:21:09.668,0.63365,0.63378,1.00,1.57
2015.09.02 08:21:10.632,0.63365,0.6338,1.12,2.25
2015.09.02 08:21:17.703,0.63365,0.63378,1.12,1.50
2015.09.02 08:21:18.812,0.63364,0.63377,1.12,1.00
2015.09.02 08:21:19.916,0.63363,0.63378,1.12,1.87
2015.09.02 08:21:20.751,0.63362,0.63373,1.00,1.12
2015.09.02 08:21:20.904,0.6336,0.63373,1.00,1.12
2015.09.02 08:21:21.409,0.6336,0.63373,1.12,1.12
2015.09.02 08:21:22.648,0.6336,0.63374,3.75,1.87
2015.09.02 08:21:31.138,0.63359,0.63374,3.37,1.95
2015.09.02 08:21:32.569,0.63359,0.63373,2.25,1.50
2015.09.02 08:21:32.620,0.63359,0.63372,2.25,1.75
2015.09.02 08:21:32.923,0.63355,0.6337,1.00,1.87
2015.09.02 08:21:33.025,0.63352,0.63366,1.50,1.12
2015.09.02 08:21:33.329,0.63348,0.63363,1.50,1.37
2015.09.02 08:21:35.655,0.63348,0.63362,1.12,1.37
2015.09.02 08:21:36.171,0.63348,0.63362,1.00,1.87
2015.09.02 08:21:38.591,0.63349,0.6336,1.00,1.37
2015.09.02 08:21:41.580,0.63349,0.63362,1.12,1.95
2015.09.02 08:21:43.292,0.63347,0.63361,1.37,1.95
2015.09.02 08:21:44.556,0.63347,0.63361,1.00,1.87
2015.09.02 08:21:48.982,0.63347,0.6336,1.00,1.12
2015.09.02 08:21:49.487,0.63348,0.6336,1.00,1.12
2015.09.02 08:21:50.582,0.63351,0.6336,1.00,1.00
2015.09.02 08:21:50.738,0.63351,0.63365,1.00,3.00
2015.09.02 08:21:51.246,0.63352,0.63365,1.00,1.50
2015.09.02 08:21:51.958,0.63354,0.63366,1.00,1.12
2015.09.02 08:21:52.012,0.63354,0.63366,1.00,1.00
2015.09.02 08:21:54.172,0.63354,0.63367,1.00,1.87
2015.09.02 08:21:54.526,0.63352,0.63367,1.00,1.87
2015.09.02 08:21:58.218,0.63354,0.63367,1.00,1.00
2015.09.02 08:21:59.538,0.63356,0.63368,1.00,1.12
2015.09.02 08:22:00.349,0.63356,0.63368,1.00,1.50
2015.09.02 08:22:01.044,0.63354,0.63368,1.00,1.50
2015.09.02 08:22:04.084,0.63356,0.6337,1.00,2.25
2015.09.02 08:22:04.186,0.63356,0.6337,1.00,1.87
2015.09.02 08:22:04.693,0.63356,0.6337,1.00,1.12
2015.09.02 08:22:05.050,0.63356,0.63368,1.00,1.87
2015.09.02 08:22:05.101,0.63352,0.63364,1.50,1.00
2015.09.02 08:22:05.659,0.63352,0.63366,1.00,1.50
2015.09.02 08:22:06.264,0.63352,0.63365,1.50,1.37
2015.09.02 08:22:06.417,0.63354,0.63366,1.00,1.75
2015.09.02 08:22:06.891,0.63354,0.63366,1.00,1.00
2015.09.02 08:22:09.017,0.63356,0.63369,1.00,2.62
2015.09.02 08:22:09.321,0.6336,0.63372,1.00,1.37
2015.09.02 08:22:09.423,0.6336,0.63373,1.00,1.50
2015.09.02 08:22:10.240,0.6336,0.63373,1.00,1.00
2015.09.02 08:22:10.645,0.63363,0.63377,1.00,4.50
2015.09.02 08:22:10.747,0.63366,0.63377,1.00,1.50
2015.09.02 08:22:11.718,0.63367,0.63378,1.00,1.12
2015.09.02 08:22:12.321,0.63365,0.6338,1.37,1.50
2015.09.02 08:22:13.326,0.63365,0.6338,1.37,1.87
2015.09.02 08:22:13.835,0.63365,0.63379,1.00,1.00
2015.09.02 08:22:15.662,0.63365,0.63379,1.00,1.37
2015.09.02 08:22:16.386,0.63364,0.63379,1.00,1.87
2015.09.02 08:22:16.437,0.63356,0.63371,1.50,1.12
2015.09.02 08:22:16.742,0.63352,0.63366,1.20,1.50
2015.09.02 08:22:17.608,0.63351,0.63364,1.00,1.12
2015.09.02 08:22:19.076,0.63351,0.63365,1.00,1.87
2015.09.02 08:22:21.762,0.6335,0.63365,1.12,2.02
2015.09.02 08:22:23.351,0.6335,0.63364,1.12,1.50
2015.09.02 08:22:24.556,0.6335,0.63364,1.37,1.50
2015.09.02 08:22:33.096,0.63352,0.63365,1.00,1.87
2015.09.02 08:22:33.917,0.63352,0.63364,1.00,1.00
2015.09.02 08:22:34.426,0.63353,0.63365,1.00,1.50
2015.09.02 08:22:35.732,0.63352,0.63364,1.00,1.12
2015.09.02 08:22:36.227,0.6335,0.63364,1.12,1.12
2015.09.02 08:22:36.380,0.6335,0.63364,1.00,1.37
2015.09.02 08:22:37.074,0.63349,0.63363,1.12,1.87
2015.09.02 08:22:43.711,0.6335,0.63363,1.00,2.25
2015.09.02 08:22:44.235,0.63351,0.63364,1.12,1.37
2015.09.02 08:22:44.862,0.63351,0.63365,1.00,2.62
2015.09.02 08:22:46.854,0.63351,0.63362,1.00,1.12
2015.09.02 08:22:47.360,0.63348,0.63361,1.37,1.12
2015.09.02 08:22:48.135,0.63348,0.6336,1.37,1.37
2015.09.02 08:22:49.391,0.63346,0.63354,1.50,1.45
2015.09.02 08:22:49.446,0.63337,0.63351,1.00,1.12
2015.09.02 08:22:50.450,0.63337,0.63351,1.00,1.50
2015.09.02 08:22:50.501,0.63335,0.63349,1.12,1.00
2015.09.02 08:22:50.705,0.63335,0.63346,1.00,1.00
2015.09.02 08:22:51.112,0.63332,0.63346,1.37,1.00
2015.09.02 08:22:51.552,0.63335,0.63347,1.00,1.00
2015.09.02 08:22:57.966,0.63336,0.6335,1.00,1.75
2015.09.02 08:22:58.488,0.63334,0.6335,1.87,2.62
2015.09.02 08:22:59.919,0.63335,0.63349,1.00,1.37
2015.09.02 08:23:00.429,0.63334,0.63348,1.50,1.12
2015.09.02 08:23:01.534,0.63335,0.6335,1.00,1.12
2015.09.02 08:23:02.064,0.63336,0.6335,1.00,1.37
2015.09.02 08:23:02.370,0.63339,0.63354,2.25,1.20
2015.09.02 08:23:03.409,0.63339,0.6335,1.50,1.00
2015.09.02 08:23:07.943,0.63334,0.63347,1.87,1.00
2015.09.02 08:23:07.997,0.63334,0.63347,1.37,1.12
2015.09.02 08:23:11.594,0.63339,0.63351,1.37,1.00
2015.09.02 08:23:12.104,0.6334,0.63353,1.50,1.37
2015.09.02 08:23:12.901,0.63341,0.63356,1.37,1.50
2015.09.02 08:23:13.668,0.63342,0.63356,1.37,1.87
2015.09.02 08:23:14.211,0.63343,0.63356,1.37,1.12
2015.09.02 08:23:15.610,0.63343,0.63354,1.37,1.00
2015.09.02 08:23:15.915,0.63333,0.63342,1.12,1.00
2015.09.02 08:23:16.068,0.63331,0.63341,1.00,1.00
2015.09.02 08:23:16.119,0.63331,0.63344,1.00,1.12
2015.09.02 08:23:17.080,0.63333,0.63345,1.12,1.00
2015.09.02 08:23:17.216,0.63333,0.63349,1.12,2.25
2015.09.02 08:23:17.268,0.63333,0.63349,3.00,2.25
2015.09.02 08:23:17.370,0.63333,0.63349,3.37,1.87
2015.09.02 08:23:17.879,0.63335,0.63349,1.50,1.87
2015.09.02 08:23:18.336,0.63333,0.63349,1.87,1.50
2015.09.02 08:23:19.749,0.63333,0.63349,1.37,2.25
2015.09.02 08:23:22.446,0.63333,0.63349,1.87,1.87
2015.09.02 08:23:28.260,0.63333,0.63349,1.50,2.25
2015.09.02 08:23:28.902,0.63333,0.63349,1.87,1.87
2015.09.02 08:23:29.424,0.63335,0.63349,1.87,1.00
2015.09.02 08:23:29.626,0.63337,0.63349,1.00,1.00
2015.09.02 08:23:29.829,0.63337,0.63351,1.12,1.12
2015.09.02 08:23:30.823,0.63335,0.63349,2.62,1.00
2015.09.02 08:23:31.338,0.63336,0.6335,1.50,1.00
2015.09.02 08:23:31.990,0.63336,0.6335,1.50,3.37
2015.09.02 08:23:32.042,0.63332,0.63346,1.45,1.12
2015.09.02 08:23:32.549,0.63332,0.63347,1.12,1.50
2015.09.02 08:23:33.086,0.63333,0.63349,1.50,2.62
2015.09.02 08:23:33.541,0.63335,0.63347,1.00,1.00
2015.09.02 08:23:34.920,0.63335,0.63349,1.00,1.00
2015.09.02 08:23:36.149,0.63337,0.63349,1.00,1.12
2015.09.02 08:23:37.607,0.63337,0.63349,1.37,1.12
2015.09.02 08:23:38.825,0.63337,0.6335,1.50,1.10
2015.09.02 08:23:39.129,0.63338,0.6335,1.37,1.00
2015.09.02 08:23:39.579,0.63338,0.6335,1.12,1.00
2015.09.02 08:23:41.174,0.63341,0.6335,1.00,1.00
2015.09.02 08:23:41.681,0.63341,0.63351,1.00,1.00
2015.09.02 08:23:42.279,0.63341,0.63353,1.00,1.37
2015.09.02 08:23:43.140,0.63341,0.63353,1.12,1.00
2015.09.02 08:23:43.656,0.63343,0.63353,1.00,1.00
2015.09.02 08:23:44.179,0.63343,0.63354,1.00,1.12
2015.09.02 08:23:44.484,0.63347,0.63355,1.00,1.00
2015.09.02 08:23:45.359,0.63347,0.63359,1.87,1.00
2015.09.02 08:23:47.581,0.63348,0.63359,1.00,1.12
2015.09.02 08:23:48.342,0.63351,0.6336,1.00,1.37
2015.09.02 08:23:49.798,0.6335,0.63359,1.00,1.12
2015.09.02 08:23:50.152,0.63346,0.63359,1.12,1.37
2015.09.02 08:23:50.254,0.63348,0.63359,1.00,1.50
2015.09.02 08:23:51.006,0.63351,0.63359,1.00,1.50
2015.09.02 08:23:51.511,0.63351,0.6336,1.00,1.87
2015.09.02 08:23:52.399,0.63351,0.63359,1.00,1.00
2015.09.02 08:23:54.041,0.63349,0.63359,1.00,1.00
2015.09.02 08:23:55.292,0.63353,0.63359,1.00,1.12
2015.09.02 08:23:55.980,0.63352,0.63359,1.00,1.00
2015.09.02 08:23:56.487,0.63353,0.6336,1.00,1.12
2015.09.02 08:23:57.032,0.63353,0.63359,1.00,1.00
2015.09.02 08:23:57.541,0.63351,0.6336,1.00,1.00
2015.09.02 08:23:57.592,0.6335,0.63354,1.00,1.00
2015.09.02 08:23:57.643,0.63348,0.63354,1.00,1.00
2015.09.02 08:23:57.796,0.63344,0.63354,1.00,1.50
2015.09.02 08:23:58.248,0.63347,0.63355,1.00,1.00
2015.09.02 08:23:58.693,0.63351,0.63357,1.00,1.00
2015.09.02 08:23:59.119,0.63351,0.63359,1.00,1.12
2015.09.02 08:23:59.708,0.63351,0.6336,1.00,1.00
2015.09.02 08:24:02.159,0.63348,0.6336,1.00,1.50
2015.09.02 08:24:02.685,0.63348,0.63359,1.00,1.00
2015.09.02 08:24:03.889,0.63346,0.63359,3.37,1.00
2015.09.02 08:24:05.071,0.63346,0.6336,3.75,1.12
2015.09.02 08:24:05.590,0.63346,0.63359,3.75,1.00
2015.09.02 08:24:06.575,0.63346,0.63359,1.37,1.12
2015.09.02 08:24:07.392,0.63346,0.63359,1.00,1.12
2015.09.02 08:24:07.646,0.63344,0.63359,1.87,1.87
2015.09.02 08:24:07.698,0.63344,0.63358,1.50,1.37
2015.09.02 08:24:07.983,0.63342,0.63355,1.00,1.37
2015.09.02 08:24:08.085,0.63341,0.63352,1.00,1.00
2015.09.02 08:24:08.237,0.63339,0.63351,2.25,1.00
2015.09.02 08:24:09.053,0.63338,0.63351,1.00,1.00
2015.09.02 08:24:09.794,0.63338,0.63351,1.00,1.50
2015.09.02 08:24:10.300,0.63337,0.6335,2.25,1.00
2015.09.02 08:24:17.350,0.63337,0.6335,3.75,1.00
2015.09.02 08:24:17.849,0.63338,0.63352,1.87,1.00
2015.09.02 08:24:18.357,0.63339,0.63354,1.50,1.50
2015.09.02 08:24:19.138,0.63341,0.63354,1.00,1.00
2015.09.02 08:24:19.662,0.6334,0.63355,1.37,1.12
2015.09.02 08:24:20.336,0.63338,0.63353,1.50,1.00
2015.09.02 08:24:20.842,0.63338,0.63353,1.50,1.50
2015.09.02 08:24:21.348,0.63339,0.63353,1.50,1.12
2015.09.02 08:24:22.091,0.63339,0.63352,1.00,1.00
2015.09.02 08:24:22.194,0.63337,0.63351,1.50,1.12
2015.09.02 08:24:22.296,0.63337,0.63351,1.00,1.87
2015.09.02 08:24:22.450,0.63334,0.63349,2.62,1.00
2015.09.02 08:24:22.654,0.63333,0.63347,1.12,1.12
2015.09.02 08:24:23.201,0.63331,0.63347,1.37,1.87
2015.09.02 08:24:24.339,0.63331,0.63346,1.12,1.00
2015.09.02 08:24:27.172,0.63331,0.63344,1.12,1.00
2015.09.02 08:24:27.795,0.63333,0.63344,1.50,1.00
2015.09.02 08:24:28.365,0.63337,0.6335,3.00,1.00
2015.09.02 08:24:28.876,0.63338,0.6335,1.00,1.00
2015.09.02 08:24:31.357,0.63339,0.63352,1.00,1.87
2015.09.02 08:24:31.886,0.63338,0.63352,1.00,1.87
2015.09.02 08:24:32.773,0.63339,0.63352,1.00,1.87
2015.09.02 08:24:33.293,0.63338,0.63352,1.00,1.87
2015.09.02 08:24:34.311,0.63339,0.63354,1.12,2.62
2015.09.02 08:24:34.933,0.63339,0.63354,1.12,2.62
2015.09.02 08:24:35.239,0.63338,0.63353,1.37,1.12
2015.09.02 08:24:37.638,0.63338,0.63351,1.87,1.00
2015.09.02 08:24:38.182,0.63338,0.63351,1.12,1.00
2015.09.02 08:24:41.065,0.63337,0.6335,4.12,1.37
2015.09.02 08:24:41.581,0.63338,0.63351,1.00,1.12
2015.09.02 08:24:42.094,0.63337,0.63351,1.50,1.12
2015.09.02 08:24:49.988,0.63338,0.63352,1.00,1.87
2015.09.02 08:24:55.362,0.63334,0.63345,1.12,1.12
2015.09.02 08:24:55.514,0.63331,0.63343,1.00,1.50
2015.09.02 08:24:55.565,0.63331,0.63343,1.00,1.50
2015.09.02 08:24:55.616,0.63328,0.63343,1.87,1.50
2015.09.02 08:25:03.484,0.63327,0.63339,1.37,1.00
2015.09.02 08:25:03.535,0.63326,0.63339,1.00,1.12
2015.09.02 08:25:04.965,0.63326,0.63334,1.00,1.50
2015.09.02 08:25:05.017,0.63318,0.63333,2.25,1.37
2015.09.02 08:25:06.444,0.63318,0.63332,2.25,1.12
2015.09.02 08:25:08.854,0.63319,0.63334,1.12,1.87
2015.09.02 08:25:13.716,0.63325,0.63336,1.12,1.87
2015.09.02 08:25:14.024,0.63328,0.63341,1.87,1.00
2015.09.02 08:25:14.532,0.63328,0.63343,1.50,1.37
2015.09.02 08:25:18.644,0.6333,0.63343,1.50,1.00
2015.09.02 08:25:18.949,0.63333,0.63348,1.00,2.62
2015.09.02 08:25:19.494,0.63334,0.63348,1.00,1.00
2015.09.02 08:25:20.010,0.63334,0.63349,1.00,1.87
2015.09.02 08:25:22.216,0.63333,0.63349,1.87,1.00
2015.09.02 08:25:23.157,0.63334,0.6335,1.50,1.50
2015.09.02 08:25:23.716,0.63334,0.63349,2.25,1.00
2015.09.02 08:25:24.596,0.63334,0.6335,1.50,1.50
2015.09.02 08:25:25.112,0.63334,0.63348,1.50,1.00
2015.09.02 08:25:25.367,0.63335,0.6335,1.00,1.12
2015.09.02 08:25:26.054,0.63336,0.63349,1.12,1.00
2015.09.02 08:25:26.262,0.63338,0.63349,1.00,1.00
2015.09.02 08:25:26.767,0.63338,0.6335,1.00,1.12
2015.09.02 08:25:38.707,0.63336,0.6335,1.50,1.12
2015.09.02 08:25:46.880,0.63339,0.63352,1.00,1.50
2015.09.02 08:25:49.459,0.63339,0.63352,1.00,1.50
2015.09.02 08:25:55.100,0.63341,0.63351,1.00,1.12
2015.09.02 08:25:55.628,0.63341,0.63352,1.12,1.12
2015.09.02 08:25:56.634,0.63344,0.63352,1.00,1.12
2015.09.02 08:25:57.741,0.63348,0.63354,1.00,1.37
2015.09.02 08:25:58.959,0.63348,0.63355,1.00,1.00
2015.09.02 08:25:59.011,0.6335,0.63355,1.00,1.00
2015.09.02 08:25:59.113,0.63351,0.63357,1.00,1.00
2015.09.02 08:25:59.164,0.63349,0.63357,1.00,1.00
2015.09.02 08:25:59.676,0.63349,0.6336,1.00,1.37
2015.09.02 08:26:00.865,0.63351,0.6336,1.00,1.37
2015.09.02 08:26:01.141,0.63351,0.6336,1.00,1.12
2015.09.02 08:26:08.102,0.63349,0.63362,1.00,1.37
2015.09.02 08:26:15.845,0.63348,0.63362,1.12,1.37
2015.09.02 08:26:15.947,0.63346,0.6336,1.50,1.75
2015.09.02 08:26:16.252,0.63344,0.63359,1.00,1.12
2015.09.02 08:26:16.799,0.63343,0.63357,1.87,1.50
2015.09.02 08:26:16.851,0.63341,0.63357,4.87,2.25
2015.09.02 08:26:17.358,0.63342,0.63357,1.12,1.50
2015.09.02 08:26:18.080,0.63341,0.63356,2.25,1.00
2015.09.02 08:26:19.474,0.63343,0.63356,1.12,1.00
2015.09.02 08:26:20.300,0.63345,0.63356,1.00,1.00
2015.09.02 08:26:21.128,0.63343,0.63356,1.00,1.00
2015.09.02 08:26:21.673,0.63343,0.63356,1.37,1.00
2015.09.02 08:26:24.063,0.63343,0.63355,1.00,1.00
2015.09.02 08:26:24.468,0.63339,0.63354,2.25,1.00
2015.09.02 08:26:25.297,0.63339,0.63352,1.00,1.37
2015.09.02 08:26:25.807,0.63338,0.63352,2.25,2.62
2015.09.02 08:26:28.412,0.63338,0.63349,2.25,1.00
2015.09.02 08:26:28.464,0.63336,0.63349,1.87,1.50
2015.09.02 08:26:28.515,0.63336,0.63349,1.50,1.87
2015.09.02 08:26:28.871,0.63334,0.63348,1.12,1.75
2015.09.02 08:26:29.661,0.63329,0.63344,1.87,2.25
2015.09.02 08:26:30.167,0.6333,0.63344,1.12,2.25
2015.09.02 08:26:32.326,0.63331,0.63344,1.00,2.25
2015.09.02 08:26:33.863,0.6333,0.63344,1.12,1.37
2015.09.02 08:26:34.015,0.6333,0.63345,1.87,1.00
2015.09.02 08:26:34.968,0.63332,0.63346,1.87,1.00
2015.09.02 08:26:35.873,0.63333,0.63346,1.00,1.00
2015.09.02 08:26:36.742,0.63335,0.63347,1.00,1.37
2015.09.02 08:26:37.428,0.63335,0.63348,1.00,1.50
2015.09.02 08:26:37.834,0.63336,0.63349,3.00,1.00
2015.09.02 08:26:42.907,0.63335,0.63349,1.00,1.00
2015.09.02 08:26:43.616,0.63334,0.63349,3.75,1.00
2015.09.02 08:26:44.644,0.63335,0.63349,2.25,1.00
2015.09.02 08:26:48.420,0.63335,0.63351,4.50,2.25
2015.09.02 08:26:48.624,0.63337,0.63351,1.00,1.50
2015.09.02 08:26:49.760,0.63337,0.63351,3.37,1.12
2015.09.02 08:26:50.266,0.63338,0.63351,1.37,1.37
2015.09.02 08:26:51.675,0.63339,0.63351,1.12,1.12
2015.09.02 08:27:06.785,0.63338,0.63353,2.25,1.50
2015.09.02 08:27:07.550,0.6334,0.63352,1.37,1.00
2015.09.02 08:27:08.154,0.63341,0.63353,1.00,1.12
2015.09.02 08:27:08.569,0.6334,0.63354,1.37,1.87
2015.09.02 08:27:11.142,0.63337,0.63351,1.87,1.37
2015.09.02 08:27:11.395,0.63336,0.63352,2.25,1.87
2015.09.02 08:27:12.952,0.63336,0.6335,1.87,1.37
2015.09.02 08:27:19.501,0.63336,0.63349,1.00,1.50
2015.09.02 08:27:19.653,0.63333,0.63347,1.00,1.00
2015.09.02 08:27:20.148,0.63331,0.63344,1.00,1.00
2015.09.02 08:27:21.105,0.63331,0.63345,1.00,4.12
2015.09.02 08:27:21.544,0.63329,0.63345,1.50,4.12
2015.09.02 08:27:21.750,0.63328,0.63341,1.87,1.00
2015.09.02 08:27:21.852,0.63326,0.6334,2.25,1.00
2015.09.02 08:27:22.054,0.63325,0.63338,1.12,1.00
2015.09.02 08:27:22.561,0.63323,0.63336,1.50,1.00
2015.09.02 08:27:23.107,0.63323,0.63337,2.25,1.00
2015.09.02 08:27:27.901,0.63324,0.63338,1.12,1.12
2015.09.02 08:27:30.999,0.63324,0.63338,1.50,1.12
2015.09.02 08:27:31.050,0.63324,0.63338,2.25,1.00
2015.09.02 08:27:31.202,0.63324,0.6334,2.25,1.12
2015.09.02 08:27:31.960,0.63325,0.6334,1.00,1.12
2015.09.02 08:27:33.565,0.63324,0.63339,1.87,1.00
2015.09.02 08:27:34.798,0.63327,0.63339,1.12,1.12
2015.09.02 08:27:34.901,0.63327,0.63341,1.50,1.12
2015.09.02 08:27:35.670,0.63328,0.63341,1.00,1.12
2015.09.02 08:27:35.774,0.63329,0.63342,1.37,1.00
2015.09.02 08:27:36.293,0.6333,0.63344,1.00,1.87
2015.09.02 08:27:36.395,0.6333,0.63345,2.62,1.12
2015.09.02 08:27:36.801,0.63334,0.63346,1.00,1.12
2015.09.02 08:27:37.673,0.63335,0.63348,1.00,1.00
2015.09.02 08:27:38.225,0.63335,0.63348,1.37,1.00
2015.09.02 08:27:38.769,0.63334,0.63349,2.62,1.00
2015.09.02 08:27:38.878,0.63334,0.63347,2.62,1.00
2015.09.02 08:27:39.238,0.63335,0.63349,1.50,1.00
2015.09.02 08:27:39.391,0.63335,0.63349,1.50,1.00
2015.09.02 08:27:39.899,0.63334,0.63347,2.25,1.37
2015.09.02 08:27:40.387,0.63331,0.63346,2.62,3.00
2015.09.02 08:27:40.441,0.63331,0.63345,2.25,1.12
2015.09.02 08:27:40.747,0.63328,0.63343,1.50,1.37
2015.09.02 08:27:46.618,0.6333,0.63344,1.50,1.50
2015.09.02 08:27:47.188,0.6333,0.63345,2.62,1.37
2015.09.02 08:27:49.139,0.63333,0.63345,1.37,1.00
2015.09.02 08:27:49.443,0.63336,0.63346,1.00,1.00
2015.09.02 08:27:49.963,0.63335,0.63347,1.12,1.00
2015.09.02 08:27:50.015,0.63335,0.63349,1.12,1.00
2015.09.02 08:27:50.520,0.63335,0.6335,1.75,1.87
2015.09.02 08:27:51.777,0.63335,0.6335,1.75,2.25
2015.09.02 08:27:53.536,0.63339,0.6335,1.00,1.37
2015.09.02 08:27:54.717,0.63336,0.6335,1.37,1.37
2015.09.02 08:27:55.380,0.63336,0.6335,1.37,1.00
2015.09.02 08:27:55.886,0.63338,0.6335,1.12,1.00
2015.09.02 08:27:56.591,0.63338,0.63351,1.12,2.25
2015.09.02 08:27:59.114,0.63338,0.6335,1.12,1.00
2015.09.02 08:27:59.165,0.63338,0.6335,1.00,1.37
2015.09.02 08:27:59.216,0.63336,0.6335,1.00,1.50
2015.09.02 08:27:59.722,0.63335,0.63347,1.12,1.12
2015.09.02 08:28:00.232,0.63335,0.63346,1.12,1.00
2015.09.02 08:28:00.779,0.63335,0.63348,1.00,1.00
2015.09.02 08:28:00.931,0.63337,0.63348,1.00,1.00
2015.09.02 08:28:01.704,0.63337,0.6335,1.00,1.00
2015.09.02 08:28:04.580,0.63337,0.6335,1.37,1.00
2015.09.02 08:28:05.096,0.63338,0.63351,1.12,1.50
2015.09.02 08:28:05.502,0.6334,0.63351,1.00,1.50
2015.09.02 08:28:09.121,0.6334,0.6335,1.00,1.00
2015.09.02 08:28:09.171,0.63338,0.6335,1.00,1.00
2015.09.02 08:28:09.896,0.63338,0.63349,1.00,1.00
2015.09.02 08:28:11.454,0.63338,0.63351,1.37,1.50
2015.09.02 08:28:12.080,0.63338,0.63349,1.37,1.00
2015.09.02 08:28:12.585,0.63338,0.63348,1.37,1.00
2015.09.02 08:28:13.474,0.6334,0.63348,1.00,1.00
2015.09.02 08:28:13.881,0.6334,0.63351,1.00,1.50
2015.09.02 08:28:14.412,0.6334,0.63351,1.12,1.50
2015.09.02 08:28:14.946,0.6334,0.63353,1.12,1.50
2015.09.02 08:28:15.405,0.63338,0.63348,1.50,1.00
2015.09.02 08:28:15.507,0.63335,0.63348,1.00,1.12
2015.09.02 08:28:15.995,0.63337,0.63348,1.00,1.00
2015.09.02 08:28:16.502,0.63337,0.63349,1.37,1.12
2015.09.02 08:28:17.362,0.63338,0.6335,1.50,1.00
2015.09.02 08:28:17.876,0.63339,0.63351,1.00,1.50
2015.09.02 08:28:18.627,0.6334,0.6335,1.00,1.12
2015.09.02 08:28:21.810,0.6334,0.63351,1.12,1.50
2015.09.02 08:28:23.587,0.63341,0.63351,1.00,1.50
2015.09.02 08:28:27.786,0.63339,0.63351,1.37,1.50
2015.09.02 08:28:28.382,0.63336,0.63349,1.37,1.00
2015.09.02 08:28:28.534,0.63334,0.63349,1.12,4.12
2015.09.02 08:28:28.635,0.63331,0.63346,1.50,1.75
2015.09.02 08:28:28.940,0.63328,0.63344,2.25,1.50
2015.09.02 08:28:29.392,0.63332,0.63342,1.00,2.62
2015.09.02 08:28:29.705,0.63331,0.6334,1.00,1.00
2015.09.02 08:28:30.804,0.63332,0.63341,1.00,1.50
2015.09.02 08:28:33.613,0.6333,0.63341,1.00,1.50
2015.09.02 08:28:39.151,0.63331,0.63342,1.00,1.00
2015.09.02 08:28:39.409,0.63331,0.63344,1.12,1.50
2015.09.02 08:28:40.460,0.63332,0.63347,1.37,2.25
2015.09.02 08:28:40.768,0.63341,0.6335,1.00,1.00
2015.09.02 08:28:41.713,0.63341,0.63351,1.00,1.50
2015.09.02 08:28:42.600,0.63337,0.63351,1.50,1.87
2015.09.02 08:28:42.651,0.63337,0.63351,1.12,3.00
2015.09.02 08:28:43.024,0.63335,0.63347,1.00,1.37
2015.09.02 08:28:43.534,0.63334,0.63346,1.00,1.37
2015.09.02 08:28:44.724,0.63331,0.63345,1.00,3.00
2015.09.02 08:28:44.775,0.63331,0.63341,1.00,1.00
2015.09.02 08:28:45.079,0.63331,0.63345,1.12,1.37
2015.09.02 08:28:45.895,0.63327,0.63343,2.62,1.00
2015.09.02 08:28:45.946,0.63327,0.63343,2.62,1.37
2015.09.02 08:28:46.453,0.63326,0.63341,1.37,2.62
2015.09.02 08:28:46.656,0.63326,0.63341,1.00,2.62
2015.09.02 08:28:47.198,0.63326,0.63341,1.37,2.62
2015.09.02 08:28:48.802,0.6333,0.63339,1.00,1.37
2015.09.02 08:28:50.119,0.63322,0.63334,1.00,1.50
2015.09.02 08:28:50.677,0.63322,0.63334,1.00,3.37
2015.09.02 08:28:51.899,0.63322,0.63334,1.00,2.62
2015.09.02 08:28:52.778,0.6332,0.63334,1.12,2.62
2015.09.02 08:28:57.048,0.63319,0.63334,1.00,2.62
2015.09.02 08:28:59.408,0.63319,0.63334,2.62,2.62
2015.09.02 08:28:59.765,0.63321,0.63334,2.25,2.25
2015.09.02 08:28:59.969,0.63323,0.63336,1.00,1.00
2015.09.02 08:29:00.223,0.63324,0.63337,1.12,1.00
2015.09.02 08:29:00.274,0.63324,0.63339,1.12,1.12
2015.09.02 08:29:00.325,0.63324,0.63339,1.00,1.12
2015.09.02 08:29:00.732,0.63324,0.63337,1.00,1.00
2015.09.02 08:29:02.165,0.63325,0.63337,1.87,1.00
2015.09.02 08:29:02.679,0.63325,0.63338,1.87,1.00
2015.09.02 08:29:02.985,0.63323,0.63336,1.37,1.00
2015.09.02 08:29:03.411,0.63322,0.63334,1.50,2.25
2015.09.02 08:29:04.208,0.63321,0.63334,1.87,2.25
2015.09.02 08:29:05.186,0.63321,0.63334,1.12,3.37
2015.09.02 08:29:05.490,0.63319,0.63334,2.25,2.62
2015.09.02 08:29:05.697,0.63319,0.63333,1.00,1.37
2015.09.02 08:29:06.914,0.63318,0.63332,1.00,1.00
2015.09.02 08:29:09.098,0.63316,0.63332,1.87,1.87
2015.09.02 08:29:12.029,0.63317,0.63332,1.37,3.37
2015.09.02 08:29:14.182,0.63316,0.63332,1.87,1.87
2015.09.02 08:29:14.889,0.63316,0.6333,2.62,1.37
2015.09.02 08:29:17.595,0.63316,0.6333,1.87,1.37
2015.09.02 08:29:18.964,0.63315,0.6333,2.25,1.37
2015.09.02 08:29:22.397,0.63315,0.63327,1.50,2.25
2015.09.02 08:29:23.260,0.6331,0.63323,1.37,3.00
2015.09.02 08:29:26.023,0.63312,0.63323,1.50,2.25
2015.09.02 08:29:26.074,0.63312,0.63328,1.50,2.25
2015.09.02 08:29:26.583,0.63314,0.63329,1.00,3.75
2015.09.02 08:29:26.685,0.63314,0.6333,1.50,5.25
2015.09.02 08:29:26.787,0.63315,0.6333,1.00,3.75
2015.09.02 08:29:28.863,0.63317,0.63326,1.00,1.00
2015.09.02 08:29:29.390,0.63316,0.63326,1.00,1.00
2015.09.02 08:29:30.118,0.63317,0.63326,1.37,1.00
2015.09.02 08:29:30.326,0.63316,0.63326,1.00,1.00
2015.09.02 08:29:30.832,0.63313,0.63326,1.87,1.00
2015.09.02 08:29:32.108,0.63315,0.63327,1.50,1.00
2015.09.02 08:29:32.160,0.63315,0.6333,1.50,1.00
2015.09.02 08:29:32.697,0.63317,0.63332,1.00,1.50
2015.09.02 08:29:33.203,0.63317,0.63332,1.37,1.00
2015.09.02 08:29:33.918,0.63318,0.63332,1.75,2.25
2015.09.02 08:29:33.969,0.63319,0.63334,1.37,3.00
2015.09.02 08:29:34.636,0.63319,0.63334,1.50,2.25
2015.09.02 08:29:35.177,0.63319,0.63335,1.75,2.25
2015.09.02 08:29:39.570,0.63321,0.63336,1.00,4.12
2015.09.02 08:29:39.621,0.6332,0.63336,1.87,3.75
2015.09.02 08:29:40.129,0.63323,0.63337,1.37,1.00
2015.09.02 08:29:40.674,0.63323,0.63338,1.37,1.12
2015.09.02 08:29:45.921,0.63325,0.63339,1.12,1.00
2015.09.02 08:29:46.456,0.63325,0.63338,1.12,1.00
2015.09.02 08:29:48.376,0.63325,0.63337,1.00,1.00
2015.09.02 08:29:49.413,0.63325,0.63338,1.00,2.25
2015.09.02 08:29:51.194,0.63325,0.63338,1.50,2.25
2015.09.02 08:29:55.148,0.63325,0.63338,1.00,2.25
2015.09.02 08:29:55.698,0.63323,0.63338,1.00,2.25
2015.09.02 08:29:56.227,0.63323,0.63339,1.00,1.00
2015.09.02 08:29:57.167,0.63324,0.6334,1.00,1.00
2015.09.02 08:29:57.269,0.63324,0.63342,1.50,1.50
2015.09.02 08:29:57.473,0.63323,0.6334,1.50,1.00
2015.09.02 08:29:58.447,0.63324,0.63341,1.00,1.00
2015.09.02 08:30:00.235,0.63324,0.63342,1.50,1.50
2015.09.02 08:30:01.000,0.63323,0.6334,1.50,1.00
2015.09.02 08:30:02.938,0.63324,0.63341,1.00,1.00
2015.09.02 08:30:03.469,0.63324,0.63342,1.50,1.50
2015.09.02 08:30:04.344,0.63324,0.63339,1.50,1.00
2015.09.02 08:30:05.637,0.63322,0.63339,1.10,1.00
2015.09.02 08:30:06.162,0.63321,0.63338,1.57,1.00
2015.09.02 08:30:06.972,0.63321,0.63337,1.10,1.00
2015.09.02 08:30:10.289,0.63321,0.63337,1.57,1.50
2015.09.02 08:30:10.929,0.63321,0.63336,1.95,1.00
2015.09.02 08:30:11.781,0.63321,0.63336,2.70,1.00
2015.09.02 08:30:12.237,0.63322,0.63339,1.37,2.25
2015.09.02 08:30:12.592,0.63322,0.63336,1.87,1.00
2015.09.02 08:30:12.905,0.63324,0.63338,1.87,1.00
2015.09.02 08:30:13.894,0.63326,0.63339,1.50,1.00
2015.09.02 08:30:15.401,0.63326,0.6334,1.00,1.50
2015.09.02 08:30:16.140,0.63325,0.63341,1.50,1.75
2015.09.02 08:30:18.211,0.63323,0.63338,1.50,1.50
2015.09.02 08:30:18.517,0.63321,0.63336,2.25,1.12
2015.09.02 08:30:19.060,0.63321,0.63336,1.50,1.50
2015.09.02 08:30:19.812,0.63321,0.63337,2.25,1.87
2015.09.02 08:30:20.252,0.63322,0.63338,1.00,1.50
2015.09.02 08:30:21.471,0.63321,0.63336,1.87,1.12
2015.09.02 08:30:21.983,0.63321,0.63336,1.87,1.12
2015.09.02 08:30:22.136,0.63322,0.63336,1.37,1.12
2015.09.02 08:30:22.683,0.63323,0.63338,2.25,1.37
2015.09.02 08:30:25.354,0.63323,0.63339,3.00,1.00
2015.09.02 08:30:26.603,0.63324,0.63342,3.37,2.62
2015.09.02 08:30:27.124,0.63326,0.6334,1.50,1.00
2015.09.02 08:30:33.102,0.63327,0.63342,1.12,2.62
2015.09.02 08:30:34.880,0.63325,0.6334,1.37,1.12
2015.09.02 08:30:38.270,0.63327,0.63342,1.37,2.62
2015.09.02 08:30:45.173,0.63325,0.6334,1.50,1.50
2015.09.02 08:30:45.225,0.63325,0.63338,1.00,1.87
2015.09.02 08:30:45.427,0.63323,0.63338,1.37,2.62
2015.09.02 08:30:45.681,0.63321,0.63335,1.12,1.37
2015.09.02 08:30:46.436,0.63321,0.63333,1.00,1.00
2015.09.02 08:30:46.488,0.63321,0.63334,1.00,1.12
2015.09.02 08:30:47.159,0.6332,0.63334,1.12,1.12
2015.09.02 08:30:47.476,0.6332,0.63334,1.37,1.12
2015.09.02 08:30:49.916,0.63321,0.63333,1.12,1.00
2015.09.02 08:30:50.476,0.63321,0.63335,1.00,1.87
2015.09.02 08:30:50.527,0.63319,0.63331,1.87,1.12
2015.09.02 08:30:52.138,0.63319,0.63334,1.12,1.12
2015.09.02 08:30:55.330,0.6332,0.63333,1.00,1.50
2015.09.02 08:31:04.660,0.6332,0.63333,1.00,1.87
2015.09.02 08:31:07.168,0.6332,0.63333,1.00,2.25
2015.09.02 08:31:07.704,0.63317,0.6333,1.87,1.37
2015.09.02 08:31:13.212,0.63316,0.63328,2.62,1.12
2015.09.02 08:31:15.134,0.63313,0.63328,1.50,1.37
2015.09.02 08:31:15.759,0.63313,0.63325,1.37,1.00
2015.09.02 08:31:15.811,0.63313,0.63325,1.00,1.12
2015.09.02 08:31:16.287,0.63319,0.63326,3.75,1.50
2015.09.02 08:31:16.541,0.63322,0.63333,2.62,1.00
2015.09.02 08:31:16.642,0.63322,0.63331,1.12,1.00
2015.09.02 08:31:16.694,0.63321,0.63329,1.87,1.00
2015.09.02 08:31:16.745,0.63318,0.63329,1.87,1.00
2015.09.02 08:31:17.246,0.63315,0.63329,1.50,1.00
2015.09.02 08:31:17.297,0.63315,0.63331,1.50,2.25
2015.09.02 08:31:17.947,0.63315,0.63331,4.12,1.87
2015.09.02 08:31:19.303,0.63315,0.63329,4.12,1.00
2015.09.02 08:31:19.355,0.63315,0.63329,3.00,1.12
2015.09.02 08:31:20.180,0.63314,0.63328,1.00,1.12
2015.09.02 08:31:22.848,0.63312,0.63328,1.87,1.50
2015.09.02 08:31:27.695,0.63312,0.63329,2.62,1.50
2015.09.02 08:31:27.796,0.63314,0.6333,1.50,1.37
2015.09.02 08:31:28.195,0.63314,0.6333,1.75,1.00
2015.09.02 08:31:28.702,0.63314,0.63329,2.25,1.12
2015.09.02 08:31:34.145,0.63315,0.63328,1.50,1.00
2015.09.02 08:31:34.670,0.63315,0.63329,1.50,1.00
2015.09.02 08:31:35.414,0.63315,0.63329,1.50,1.00
2015.09.02 08:31:35.927,0.63315,0.63328,1.12,1.00
2015.09.02 08:31:39.156,0.63315,0.6333,1.12,2.25
2015.09.02 08:31:39.258,0.63313,0.63328,1.20,1.75
2015.09.02 08:31:40.583,0.63313,0.63328,1.12,1.50
2015.09.02 08:31:41.200,0.63313,0.63328,1.37,1.12
2015.09.02 08:31:41.251,0.63313,0.63328,1.37,1.12
2015.09.02 08:31:41.355,0.63312,0.63327,1.37,1.50
2015.09.02 08:31:41.659,0.6331,0.63322,1.47,1.00
2015.09.02 08:31:42.667,0.6331,0.63324,1.57,1.87
2015.09.02 08:31:42.871,0.6331,0.63326,1.57,1.87
2015.09.02 08:31:42.972,0.63313,0.63326,1.37,1.37
2015.09.02 08:31:43.125,0.63312,0.63327,1.87,1.50
2015.09.02 08:31:43.987,0.63313,0.63328,2.32,1.12
2015.09.02 08:31:44.513,0.63313,0.63329,2.32,1.00
2015.09.02 08:31:45.579,0.63313,0.63326,1.87,1.00
2015.09.02 08:31:45.884,0.6331,0.63325,1.47,1.37
2015.09.02 08:31:46.391,0.6331,0.63326,1.57,1.87
2015.09.02 08:31:49.231,0.63312,0.63325,1.37,1.00
2015.09.02 08:31:49.434,0.63313,0.63327,1.37,1.00
2015.09.02 08:31:49.927,0.63317,0.63327,1.00,1.00
2015.09.02 08:31:49.984,0.63317,0.6333,1.12,1.37
2015.09.02 08:31:50.490,0.63317,0.63329,1.12,1.37
2015.09.02 08:31:50.642,0.63313,0.63327,1.00,1.37
2015.09.02 08:31:51.623,0.6331,0.63323,1.87,1.12
2015.09.02 08:31:52.225,0.6331,0.63323,1.87,1.37
2015.09.02 08:31:53.826,0.6331,0.63323,1.87,1.37
2015.09.02 08:31:59.893,0.63311,0.63324,1.37,1.00
2015.09.02 08:32:00.631,0.63315,0.63327,1.87,1.87
2015.09.02 08:32:00.683,0.63317,0.63332,1.37,1.00
2015.09.02 08:32:01.820,0.6332,0.63335,1.00,1.12
2015.09.02 08:32:01.871,0.6332,0.63334,1.50,1.00
2015.09.02 08:32:02.124,0.63323,0.63337,1.37,1.87
2015.09.02 08:32:02.227,0.63323,0.63337,1.37,1.00
2015.09.02 08:32:02.430,0.63325,0.63339,1.12,1.10
2015.09.02 08:32:03.109,0.63325,0.6334,1.12,1.12
2015.09.02 08:32:10.313,0.63324,0.63338,1.00,1.00
2015.09.02 08:32:13.133,0.63325,0.6334,1.37,1.00
2015.09.02 08:32:13.600,0.6333,0.6334,1.00,1.00
2015.09.02 08:32:15.754,0.63328,0.63341,1.00,1.37
2015.09.02 08:32:16.568,0.63325,0.6334,1.37,1.75
2015.09.02 08:32:16.619,0.63325,0.63339,1.12,1.12
2015.09.02 08:32:16.995,0.63323,0.63336,1.37,1.37
2015.09.02 08:32:17.047,0.63323,0.63336,1.00,1.00
2015.09.02 08:32:18.639,0.63323,0.63339,1.12,2.02
2015.09.02 08:32:23.135,0.63328,0.63339,1.00,2.02
2015.09.02 08:32:23.641,0.63328,0.63339,1.00,1.00
2015.09.02 08:32:24.243,0.63328,0.6334,1.00,1.12
2015.09.02 08:32:25.570,0.63328,0.63339,1.00,1.00
2015.09.02 08:32:25.722,0.63325,0.63339,1.37,1.00
2015.09.02 08:32:26.229,0.63325,0.63339,1.00,1.00
2015.09.02 08:32:27.187,0.63323,0.63339,2.62,1.12
2015.09.02 08:32:27.709,0.63323,0.63339,1.50,1.00
2015.09.02 08:32:29.500,0.63323,0.6334,1.12,1.87
2015.09.02 08:32:30.009,0.63322,0.63338,1.50,1.87
2015.09.02 08:32:32.486,0.63321,0.63337,1.00,1.37
2015.09.02 08:32:32.942,0.63319,0.63335,1.87,1.12
2015.09.02 08:32:37.717,0.63319,0.63335,1.37,3.37
2015.09.02 08:32:43.248,0.6332,0.63334,1.00,1.00
2015.09.02 08:32:46.774,0.63319,0.63334,1.87,1.50
2015.09.02 08:32:46.978,0.63318,0.63333,1.50,1.87
2015.09.02 08:32:52.351,0.63318,0.63333,1.37,1.87
2015.09.02 08:32:54.591,0.63318,0.63333,1.37,1.87
2015.09.02 08:32:55.098,0.63318,0.63332,1.37,1.00
2015.09.02 08:32:56.160,0.63319,0.63334,2.25,1.12
2015.09.02 08:33:02.605,0.6332,0.63334,1.37,1.00
2015.09.02 08:33:05.336,0.6332,0.63336,1.50,1.50
2015.09.02 08:33:09.796,0.63324,0.63336,1.37,1.12
2015.09.02 08:33:10.187,0.63327,0.63341,1.00,1.50
2015.09.02 08:33:10.493,0.63329,0.63341,1.00,1.00
2015.09.02 08:33:10.697,0.6333,0.63343,1.12,1.00
2015.09.02 08:33:10.809,0.6333,0.63344,2.62,1.12
2015.09.02 08:33:10.912,0.63332,0.63347,1.37,1.00
2015.09.02 08:33:11.425,0.63334,0.6335,1.00,1.87
2015.09.02 08:33:11.941,0.63334,0.6335,1.00,1.50
2015.09.02 08:33:13.296,0.63335,0.63349,1.12,1.00
2015.09.02 08:33:13.803,0.63335,0.6335,1.87,1.00
2015.09.02 08:33:14.813,0.63336,0.63352,1.37,1.87
2015.09.02 08:33:17.703,0.63336,0.63352,1.50,2.62
2015.09.02 08:33:18.316,0.63336,0.6335,1.50,1.50
2015.09.02 08:33:18.620,0.63334,0.63351,1.87,1.75
2015.09.02 08:33:19.250,0.63334,0.63348,1.50,1.00
2015.09.02 08:33:19.928,0.63334,0.63349,1.50,1.50
2015.09.02 08:33:20.566,0.63334,0.63348,1.00,1.12
2015.09.02 08:33:21.291,0.63334,0.63349,1.00,1.50
2015.09.02 08:33:22.439,0.63334,0.63349,1.00,2.25
2015.09.02 08:33:23.675,0.63331,0.63349,2.62,3.00
2015.09.02 08:33:25.222,0.63331,0.63346,1.87,1.12
2015.09.02 08:33:32.100,0.63331,0.63345,1.37,1.00
2015.09.02 08:33:32.615,0.63331,0.63347,1.37,1.37
2015.09.02 08:33:35.608,0.63332,0.63348,1.50,1.10
2015.09.02 08:33:35.710,0.63332,0.63346,1.00,1.12
2015.09.02 08:33:36.483,0.63331,0.63347,1.50,1.87
2015.09.02 08:33:36.807,0.63333,0.63347,1.12,1.12
2015.09.02 08:33:41.177,0.63326,0.63341,2.25,1.00
2015.09.02 08:33:41.483,0.63325,0.6334,1.37,1.50
2015.09.02 08:33:42.617,0.63327,0.6334,1.37,1.50
2015.09.02 08:33:44.339,0.63326,0.63341,1.37,1.00
2015.09.02 08:33:47.343,0.63325,0.63342,2.62,1.50
2015.09.02 08:33:49.558,0.63325,0.63341,1.50,2.25
2015.09.02 08:33:52.478,0.63326,0.63341,2.25,1.12
2015.09.02 08:33:56.307,0.63326,0.63342,2.25,1.50
2015.09.02 08:33:56.463,0.63325,0.6334,1.37,1.87
2015.09.02 08:33:56.768,0.63322,0.63337,1.37,1.37
2015.09.02 08:34:01.153,0.63322,0.63338,1.87,2.62
2015.09.02 08:34:01.698,0.63324,0.63338,1.00,1.50
2015.09.02 08:34:02.570,0.63322,0.63339,1.87,1.75
2015.09.02 08:34:03.134,0.63322,0.63337,1.50,1.00
2015.09.02 08:34:17.705,0.63322,0.63337,1.00,1.50
2015.09.02 08:34:22.030,0.63321,0.63335,1.37,1.00
2015.09.02 08:34:22.570,0.63321,0.63335,1.12,1.12
2015.09.02 08:34:23.729,0.63321,0.63336,1.37,1.50
2015.09.02 08:34:37.924,0.63322,0.63337,1.50,1.12
2015.09.02 08:34:39.701,0.63324,0.63339,1.50,1.12
2015.09.02 08:34:52.456,0.63323,0.63339,1.50,1.87
2015.09.02 08:34:53.757,0.63322,0.63338,1.00,1.37
2015.09.02 08:34:54.354,0.63321,0.63337,2.25,1.00
2015.09.02 08:34:55.973,0.63323,0.63338,1.00,1.50
2015.09.02 08:34:59.907,0.63323,0.63338,1.12,1.00
2015.09.02 08:35:00.862,0.63324,0.63338,1.00,1.00
2015.09.02 08:35:01.541,0.63324,0.6334,1.00,1.87
2015.09.02 08:35:03.157,0.63325,0.6334,1.37,1.12
2015.09.02 08:35:03.920,0.63327,0.63341,1.12,1.12
2015.09.02 08:35:04.668,0.63329,0.63341,1.00,1.12
2015.09.02 08:35:05.427,0.63329,0.63344,1.00,2.62
2015.09.02 08:35:07.637,0.63329,0.63344,1.12,2.62
2015.09.02 08:35:12.571,0.6333,0.63344,1.00,1.50
2015.09.02 08:35:13.269,0.6333,0.63344,1.37,1.00
2015.09.02 08:35:13.472,0.63332,0.63346,1.50,1.50
2015.09.02 08:35:14.280,0.63334,0.63349,1.00,1.87
2015.09.02 08:35:15.805,0.63334,0.63349,1.00,1.87
2015.09.02 08:35:16.225,0.63334,0.63349,1.00,1.87
2015.09.02 08:35:17.172,0.63335,0.63348,1.00,1.12
2015.09.02 08:35:18.474,0.63334,0.63348,1.00,1.50
2015.09.02 08:35:19.356,0.63332,0.63348,2.62,1.37
2015.09.02 08:35:20.288,0.63332,0.63348,1.50,1.37
2015.09.02 08:35:25.584,0.63331,0.63346,1.87,1.00
2015.09.02 08:35:30.299,0.63335,0.63349,1.12,1.50
2015.09.02 08:35:30.350,0.63335,0.6335,1.50,1.50
2015.09.02 08:35:30.852,0.63335,0.6335,1.50,1.12
2015.09.02 08:35:32.277,0.63336,0.63352,1.50,1.75
2015.09.02 08:35:33.076,0.63336,0.63352,1.12,1.50
2015.09.02 08:35:35.445,0.63337,0.63353,1.37,2.62
2015.09.02 08:35:36.222,0.63336,0.63353,1.12,3.37
2015.09.02 08:35:36.435,0.63336,0.6335,1.00,1.00
2015.09.02 08:35:36.487,0.63336,0.63351,1.00,1.75
2015.09.02 08:35:36.740,0.63333,0.63348,1.12,1.37
2015.09.02 08:35:37.501,0.63332,0.63346,1.50,1.00
2015.09.02 08:35:38.079,0.63331,0.63345,1.12,1.00
2015.09.02 08:35:39.465,0.63331,0.63347,1.50,1.87
2015.09.02 08:35:39.986,0.63331,0.63345,1.00,1.00
2015.09.02 08:35:40.292,0.63329,0.63345,1.50,2.25
2015.09.02 08:35:40.762,0.6333,0.63345,1.12,1.00
2015.09.02 08:35:41.294,0.63333,0.63349,1.00,2.25
2015.09.02 08:35:42.271,0.63333,0.63349,1.00,2.62
2015.09.02 08:35:42.784,0.63333,0.6335,1.87,1.50
2015.09.02 08:35:43.297,0.63333,0.63349,1.50,1.12
2015.09.02 08:35:44.959,0.63332,0.63347,1.00,1.37
2015.09.02 08:35:45.558,0.63332,0.63348,1.00,1.50
2015.09.02 08:35:46.069,0.63334,0.63348,1.37,1.87
2015.09.02 08:35:46.121,0.63334,0.63349,1.37,1.37
2015.09.02 08:35:47.052,0.6333,0.63347,1.50,1.12
2015.09.02 08:35:47.307,0.63329,0.63345,2.62,1.87
2015.09.02 08:35:47.712,0.6333,0.63347,1.37,1.87
2015.09.02 08:35:48.020,0.6333,0.63347,2.62,1.00
2015.09.02 08:35:49.109,0.63333,0.63349,1.87,1.37
2015.09.02 08:35:49.482,0.63334,0.63349,1.00,1.12
2015.09.02 08:35:51.324,0.63335,0.63351,1.12,1.87
2015.09.02 08:35:51.857,0.63335,0.6335,1.87,1.00
2015.09.02 08:35:52.313,0.63334,0.63351,1.00,1.87
2015.09.02 08:35:56.745,0.63332,0.63349,2.25,1.37
2015.09.02 08:35:57.049,0.63332,0.63349,1.50,1.87
2015.09.02 08:35:57.353,0.63335,0.6335,1.87,1.37
2015.09.02 08:36:03.045,0.63335,0.63351,1.87,1.87
2015.09.02 08:36:05.544,0.63337,0.63351,1.12,1.12
2015.09.02 08:36:14.283,0.63337,0.63351,1.00,1.12
2015.09.02 08:36:14.334,0.63335,0.63351,1.87,1.87
2015.09.02 08:36:15.164,0.63333,0.63349,1.12,1.87
2015.09.02 08:36:16.602,0.63333,0.63348,1.00,1.12
2015.09.02 08:36:19.150,0.63332,0.63348,1.00,1.12
2015.09.02 08:36:19.454,0.63328,0.63345,1.50,1.87
2015.09.02 08:36:25.084,0.63327,0.63342,1.12,1.00
2015.09.02 08:36:30.921,0.63325,0.63341,2.62,1.00
2015.09.02 08:36:32.103,0.63326,0.63339,1.00,1.12
2015.09.02 08:36:32.678,0.63323,0.63339,1.50,1.50
2015.09.02 08:36:33.355,0.63323,0.63338,1.37,1.12
2015.09.02 08:36:34.877,0.63322,0.63338,2.25,1.50
2015.09.02 08:36:35.576,0.63322,0.63338,2.25,1.50
2015.09.02 08:36:35.833,0.63321,0.63336,1.00,1.50
2015.09.02 08:36:38.413,0.6332,0.63336,1.00,1.50
2015.09.02 08:36:39.238,0.63319,0.63337,2.62,1.87
2015.09.02 08:36:44.139,0.63322,0.63336,1.00,1.00
2015.09.02 08:36:52.321,0.63321,0.63338,2.25,1.12
2015.09.02 08:36:52.829,0.63322,0.63338,1.87,1.87
2015.09.02 08:36:56.005,0.63322,0.63338,1.50,1.87
2015.09.02 08:36:56.312,0.63322,0.63337,1.12,1.50
2015.09.02 08:36:56.465,0.63322,0.63337,1.12,1.50
2015.09.02 08:36:59.073,0.63322,0.63336,1.12,1.37
2015.09.02 08:37:00.072,0.63322,0.63336,1.12,1.12
2015.09.02 08:37:01.175,0.63323,0.63336,1.00,1.12
2015.09.02 08:37:01.704,0.63321,0.63336,1.37,1.12
2015.09.02 08:37:09.882,0.63322,0.63338,2.25,1.50
2015.09.02 08:37:09.933,0.63322,0.63338,2.25,1.50
2015.09.02 08:37:10.469,0.63324,0.63339,1.87,1.37
2015.09.02 08:37:10.727,0.63325,0.63339,1.50,1.00
2015.09.02 08:37:12.667,0.63325,0.63342,1.12,2.62
2015.09.02 08:37:12.971,0.63324,0.6334,1.00,1.87
2015.09.02 08:37:13.483,0.63323,0.6334,1.00,2.62
2015.09.02 08:37:19.244,0.63323,0.6334,1.50,1.87
2015.09.02 08:37:24.512,0.63324,0.63339,1.00,1.12
2015.09.02 08:37:28.210,0.63324,0.63339,1.87,1.37
2015.09.02 08:37:28.759,0.63324,0.6334,2.62,2.25
2015.09.02 08:37:29.509,0.63326,0.6334,1.00,1.50
2015.09.02 08:37:31.552,0.63325,0.63341,2.25,2.62
2015.09.02 08:37:36.041,0.63329,0.63341,1.00,1.12
2015.09.02 08:37:36.395,0.63327,0.63342,1.87,2.25
2015.09.02 08:37:36.914,0.63328,0.63342,1.50,1.87
2015.09.02 08:37:37.922,0.63328,0.63342,1.37,1.50
2015.09.02 08:37:39.906,0.63328,0.63342,1.37,1.87
2015.09.02 08:37:41.935,0.63326,0.63341,1.00,1.37
2015.09.02 08:37:42.441,0.63326,0.6334,1.00,1.50
2015.09.02 08:37:43.139,0.63326,0.6334,1.12,1.12
2015.09.02 08:37:43.646,0.63326,0.6334,2.25,1.12
2015.09.02 08:37:44.552,0.63328,0.6334,1.00,1.12
2015.09.02 08:37:44.603,0.6333,0.63342,1.00,1.37
2015.09.02 08:37:45.111,0.63329,0.63342,1.00,1.37
2015.09.02 08:37:46.479,0.63329,0.63342,1.00,1.87
2015.09.02 08:37:52.998,0.63329,0.63342,1.12,1.87
2015.09.02 08:37:55.923,0.63329,0.63342,1.12,1.87
2015.09.02 08:37:57.407,0.63329,0.63341,1.00,1.37
2015.09.02 08:37:57.468,0.63324,0.63336,1.12,1.00
2015.09.02 08:37:57.519,0.63324,0.63334,1.00,1.00
2015.09.02 08:37:57.823,0.63329,0.63342,1.12,1.37
2015.09.02 08:38:02.437,0.63329,0.63342,1.50,1.12
2015.09.02 08:38:04.573,0.63328,0.63341,2.62,1.00
2015.09.02 08:38:05.074,0.63328,0.63341,1.87,1.00
2015.09.02 08:38:05.801,0.63328,0.63341,1.87,1.12
2015.09.02 08:38:09.886,0.6333,0.63342,1.00,1.37
2015.09.02 08:38:12.133,0.6333,0.63342,1.37,1.00
2015.09.02 08:38:14.493,0.63331,0.63343,1.12,1.50
2015.09.02 08:38:22.513,0.6333,0.63342,1.37,1.00
2015.09.02 08:38:23.531,0.63329,0.63342,1.37,1.87
2015.09.02 08:38:32.179,0.63329,0.63341,1.37,1.00
2015.09.02 08:38:35.842,0.63329,0.63341,1.37,1.00
2015.09.02 08:38:37.986,0.63328,0.63342,1.87,1.50
2015.09.02 08:38:49.484,0.63328,0.63341,1.87,1.12
2015.09.02 08:38:50.007,0.63328,0.63341,1.87,1.12
2015.09.02 08:38:53.032,0.6333,0.63342,1.00,1.87
2015.09.02 08:38:57.073,0.6333,0.63342,1.50,1.50
2015.09.02 08:38:57.786,0.6333,0.63343,1.87,3.37
2015.09.02 08:39:01.273,0.63333,0.63343,1.37,3.37
2015.09.02 08:39:01.375,0.63333,0.63344,1.50,1.00
2015.09.02 08:39:01.477,0.63336,0.63344,1.00,1.00
2015.09.02 08:39:01.579,0.63337,0.63346,1.12,1.00
2015.09.02 08:39:01.683,0.63338,0.63351,1.00,1.50
2015.09.02 08:39:02.023,0.63339,0.63351,1.87,1.00
2015.09.02 08:39:02.076,0.63344,0.63357,1.00,1.37
2015.09.02 08:39:02.585,0.63344,0.6336,1.50,1.37
2015.09.02 08:39:03.130,0.63346,0.63361,1.50,1.57
2015.09.02 08:39:03.181,0.63348,0.63361,1.00,1.47
2015.09.02 08:39:03.887,0.63348,0.63362,1.12,1.57
2015.09.02 08:39:04.431,0.63348,0.63364,1.12,2.32
2015.09.02 08:39:04.938,0.63349,0.63364,1.00,1.57
2015.09.02 08:39:05.606,0.63349,0.63364,2.25,1.37
2015.09.02 08:39:06.122,0.63351,0.63365,1.00,1.37
2015.09.02 08:39:06.327,0.63352,0.63366,1.00,1.50
2015.09.02 08:39:06.479,0.63352,0.63368,2.25,1.37
2015.09.02 08:39:07.116,0.63353,0.63367,1.00,1.37
2015.09.02 08:39:07.793,0.63352,0.63367,1.87,1.37
2015.09.02 08:39:08.830,0.63352,0.63366,1.87,1.12
2015.09.02 08:39:09.343,0.63353,0.63367,1.00,1.37
2015.09.02 08:39:11.806,0.63352,0.63367,2.25,1.00
2015.09.02 08:39:12.313,0.63354,0.63369,1.37,1.87
2015.09.02 08:39:13.130,0.63354,0.63369,1.00,2.25
2015.09.02 08:39:13.637,0.63354,0.63369,1.37,1.47
2015.09.02 08:39:14.506,0.63354,0.63368,1.37,1.37
2015.09.02 08:39:15.018,0.63354,0.63368,1.87,1.37
2015.09.02 08:39:15.849,0.63354,0.63368,1.87,1.37
2015.09.02 08:39:16.357,0.63354,0.63368,1.87,1.37
2015.09.02 08:39:16.408,0.63356,0.6337,1.37,1.00
2015.09.02 08:39:17.299,0.63358,0.63375,1.37,2.25
2015.09.02 08:39:17.503,0.63362,0.63376,1.00,1.12
2015.09.02 08:39:17.708,0.63364,0.63376,1.37,1.00
2015.09.02 08:39:17.861,0.63366,0.63378,1.00,1.00
2015.09.02 08:39:18.281,0.63364,0.63381,1.12,1.87
2015.09.02 08:39:18.712,0.63364,0.6338,1.37,1.47
2015.09.02 08:39:19.444,0.63364,0.63381,1.12,2.02
2015.09.02 08:39:19.852,0.63366,0.63381,1.12,1.57
2015.09.02 08:39:19.903,0.63366,0.63381,1.75,1.57
2015.09.02 08:39:20.613,0.63369,0.63382,1.00,1.37
2015.09.02 08:39:21.984,0.6337,0.63383,1.00,1.37
2015.09.02 08:39:23.298,0.6337,0.63385,1.12,1.95
2015.09.02 08:39:24.121,0.6337,0.63385,1.00,1.57
2015.09.02 08:39:24.614,0.63371,0.63386,1.12,1.37
2015.09.02 08:39:24.772,0.63371,0.63386,1.50,1.37
2015.09.02 08:39:25.127,0.63371,0.63386,1.50,1.75
2015.09.02 08:39:25.229,0.63373,0.63386,1.00,1.12
2015.09.02 08:39:25.533,0.63373,0.63387,1.50,1.00
2015.09.02 08:39:26.214,0.63375,0.63389,1.37,1.37
2015.09.02 08:39:26.792,0.63376,0.63388,1.37,1.12
2015.09.02 08:39:27.455,0.63376,0.63388,1.75,1.12
2015.09.02 08:39:30.697,0.63376,0.63392,1.50,1.50
2015.09.02 08:39:35.950,0.63376,0.63391,1.50,1.37
2015.09.02 08:39:36.649,0.63379,0.63391,1.00,1.37
2015.09.02 08:39:36.854,0.6338,0.63394,1.12,1.37
2015.09.02 08:39:36.957,0.63384,0.63394,1.00,1.00
2015.09.02 08:39:37.110,0.63384,0.63396,1.12,1.12
2015.09.02 08:39:37.264,0.6338,0.63396,1.87,1.37
2015.09.02 08:39:37.708,0.6338,0.63394,1.87,1.37
2015.09.02 08:39:38.273,0.63379,0.63394,1.12,1.50
2015.09.02 08:39:42.809,0.63379,0.63394,1.00,1.50
2015.09.02 08:39:43.075,0.63378,0.63394,1.00,1.87
2015.09.02 08:39:43.598,0.63375,0.63391,1.50,1.37
2015.09.02 08:39:43.649,0.63373,0.6339,1.50,2.62
2015.09.02 08:39:44.156,0.63373,0.63389,1.50,1.50
2015.09.02 08:39:45.118,0.63375,0.63388,1.37,1.00
2015.09.02 08:39:45.646,0.63375,0.6339,1.87,1.37
2015.09.02 08:39:46.434,0.63375,0.63391,1.87,1.37
2015.09.02 08:39:46.951,0.63376,0.63389,1.50,1.00
2015.09.02 08:39:47.815,0.63376,0.63391,1.50,1.37
2015.09.02 08:39:50.272,0.63376,0.63389,1.37,1.00
2015.09.02 08:39:50.654,0.63376,0.63387,1.12,1.00
2015.09.02 08:39:51.161,0.63374,0.63388,1.37,1.37
2015.09.02 08:39:51.922,0.63373,0.63387,2.25,1.12
2015.09.02 08:39:53.798,0.63374,0.63389,1.87,1.37
2015.09.02 08:39:54.001,0.63376,0.63389,1.12,1.12
2015.09.02 08:40:06.014,0.63374,0.63391,3.00,1.50
2015.09.02 08:40:09.696,0.63376,0.63392,1.37,1.37
2015.09.02 08:40:14.384,0.63376,0.63389,1.37,1.00
2015.09.02 08:40:18.839,0.63376,0.63388,1.37,1.00
2015.09.02 08:40:21.375,0.63373,0.63388,1.12,1.37
2015.09.02 08:40:21.902,0.63373,0.63388,1.87,1.00
2015.09.02 08:40:22.664,0.63378,0.63388,1.00,1.00
2015.09.02 08:40:22.715,0.63378,0.6339,1.00,1.00
2015.09.02 08:40:23.584,0.63376,0.63391,1.95,1.12
2015.09.02 08:40:23.635,0.63376,0.63388,1.87,1.00
2015.09.02 08:40:24.194,0.63376,0.63388,1.37,1.00
2015.09.02 08:40:27.570,0.63375,0.63388,1.12,1.00
2015.09.02 08:40:28.007,0.63375,0.63386,1.37,1.00
2015.09.02 08:40:28.210,0.63374,0.63384,1.00,1.00
2015.09.02 08:40:28.413,0.63374,0.63381,1.00,1.00
2015.09.02 08:40:28.867,0.63373,0.63383,2.62,1.00
2015.09.02 08:40:30.142,0.63371,0.63383,1.37,1.00
2015.09.02 08:40:30.659,0.63371,0.63385,1.37,1.37
2015.09.02 08:40:31.150,0.63373,0.63386,1.00,1.50
2015.09.02 08:40:31.308,0.63373,0.63388,1.37,1.12
2015.09.02 08:40:31.460,0.63373,0.63389,1.37,1.37
2015.09.02 08:40:31.966,0.63375,0.63389,1.00,1.12
2015.09.02 08:40:36.139,0.63374,0.63389,1.87,1.00
2015.09.02 08:40:36.190,0.63378,0.63391,1.00,1.50
2015.09.02 08:40:36.292,0.63378,0.63393,1.12,1.87
2015.09.02 08:40:36.828,0.63379,0.63393,1.00,1.12
2015.09.02 08:40:37.375,0.63379,0.63392,1.00,1.00
2015.09.02 08:40:37.881,0.63379,0.63392,1.37,1.00
2015.09.02 08:40:45.412,0.63379,0.63392,1.00,1.12
2015.09.02 08:40:50.711,0.63377,0.6339,1.12,1.00
2015.09.02 08:40:51.218,0.63378,0.6339,1.00,1.00
2015.09.02 08:40:52.659,0.63378,0.63392,1.00,1.37
2015.09.02 08:40:56.474,0.63378,0.6339,1.00,1.00
2015.09.02 08:41:04.914,0.63378,0.63394,1.00,2.25
2015.09.02 08:41:17.698,0.63378,0.63394,1.37,1.87
2015.09.02 08:41:22.672,0.63378,0.63392,1.00,1.37
2015.09.02 08:41:23.212,0.63377,0.63389,1.12,1.00
2015.09.02 08:41:26.230,0.63375,0.63389,1.37,1.12
2015.09.02 08:41:26.534,0.63374,0.63387,1.00,1.12
2015.09.02 08:41:27.093,0.63374,0.63386,1.00,1.00
2015.09.02 08:41:27.397,0.63373,0.63383,2.62,1.00
2015.09.02 08:41:28.226,0.63373,0.63386,1.12,1.00
2015.09.02 08:41:28.853,0.63373,0.63387,1.12,1.12
2015.09.02 08:41:29.426,0.63374,0.63389,1.37,1.87
2015.09.02 08:41:30.011,0.63375,0.63389,1.37,1.12
2015.09.02 08:41:30.874,0.63375,0.63387,1.37,1.00
2015.09.02 08:41:30.925,0.63375,0.6339,1.37,1.37
2015.09.02 08:41:31.686,0.63375,0.6339,1.12,1.37
2015.09.02 08:41:32.211,0.63376,0.63393,1.87,1.50
2015.09.02 08:41:35.926,0.63378,0.63393,1.87,1.37
2015.09.02 08:41:36.337,0.63379,0.63394,1.12,1.37
2015.09.02 08:41:36.766,0.63379,0.63396,1.87,1.37
2015.09.02 08:41:36.817,0.63382,0.63397,1.37,1.50
2015.09.02 08:41:36.969,0.63384,0.63397,1.12,1.87
2015.09.02 08:41:37.172,0.63382,0.63398,1.87,1.87
2015.09.02 08:41:37.325,0.63385,0.63398,1.12,1.00
2015.09.02 08:41:38.164,0.63387,0.634,1.00,1.87
2015.09.02 08:41:38.672,0.63388,0.634,1.12,1.37
2015.09.02 08:41:38.926,0.63385,0.634,1.37,1.87
2015.09.02 08:41:39.689,0.63385,0.634,1.75,1.87
2015.09.02 08:41:40.207,0.63386,0.634,1.12,1.12
2015.09.02 08:41:42.549,0.63387,0.634,1.12,1.37
2015.09.02 08:41:43.068,0.63386,0.634,1.37,1.37
2015.09.02 08:41:43.221,0.63386,0.634,1.37,1.37
2015.09.02 08:41:46.159,0.63386,0.634,1.37,1.37
2015.09.02 08:41:51.285,0.63386,0.63401,1.87,1.37
2015.09.02 08:41:51.819,0.63386,0.63402,1.87,1.37
2015.09.02 08:41:55.111,0.63387,0.63401,1.12,1.12
2015.09.02 08:41:55.855,0.63389,0.63402,1.12,1.12
2015.09.02 08:41:56.370,0.63389,0.63401,1.12,1.00
2015.09.02 08:42:08.855,0.63388,0.63401,1.12,1.87
2015.09.02 08:42:12.832,0.63388,0.634,1.37,1.00
2015.09.02 08:42:19.745,0.63388,0.634,1.12,1.00
2015.09.02 08:42:22.405,0.63388,0.63399,1.12,1.00
2015.09.02 08:42:26.223,0.63387,0.63399,1.12,1.00
2015.09.02 08:42:32.748,0.63387,0.63398,1.12,1.00
2015.09.02 08:42:37.340,0.63387,0.63399,1.87,1.00
2015.09.02 08:42:41.541,0.63387,0.63395,1.87,1.00
2015.09.02 08:42:46.972,0.63387,0.63396,1.87,1.00
2015.09.02 08:42:53.183,0.63387,0.63395,1.87,1.00
2015.09.02 08:43:04.629,0.63387,0.63396,1.50,1.00
2015.09.02 08:43:19.584,0.63387,0.63398,1.75,1.00
2015.09.02 08:43:19.889,0.6339,0.634,1.12,1.00
2015.09.02 08:43:20.342,0.63395,0.63401,1.12,1.00
2015.09.02 08:43:20.393,0.63395,0.63406,1.75,1.00
2015.09.02 08:43:20.903,0.63395,0.63406,1.87,1.00
2015.09.02 08:43:22.260,0.63395,0.63408,2.62,1.00
2015.09.02 08:43:23.070,0.63397,0.63408,1.12,1.00
2015.09.02 08:43:24.581,0.63398,0.63408,2.25,1.00
2015.09.02 08:43:35.892,0.63399,0.63408,1.37,1.00
2015.09.02 08:43:40.327,0.63399,0.6341,1.37,1.00
2015.09.02 08:43:52.227,0.63399,0.63411,1.37,1.00
2015.09.02 08:43:55.440,0.63399,0.63411,1.37,1.37
2015.09.02 08:44:05.158,0.63401,0.63413,1.00,1.87
2015.09.02 08:44:06.657,0.634,0.63413,1.12,1.87
2015.09.02 08:44:08.688,0.63399,0.63413,1.87,1.87
2015.09.02 08:44:09.270,0.63399,0.63413,1.87,1.87
2015.09.02 08:44:10.389,0.63399,0.63407,1.87,1.00
2015.09.02 08:44:17.642,0.63399,0.63407,1.50,1.00
2015.09.02 08:44:18.281,0.63399,0.63413,1.50,1.37
2015.09.02 08:44:21.557,0.63399,0.63414,1.50,1.87
2015.09.02 08:44:28.641,0.63399,0.63412,1.00,1.37
2015.09.02 08:44:36.576,0.63398,0.6341,1.00,1.12
2015.09.02 08:44:41.090,0.63397,0.63411,1.00,3.75
2015.09.02 08:44:41.394,0.63389,0.63404,1.87,1.37
2015.09.02 08:44:41.940,0.63387,0.63403,1.87,1.75
2015.09.02 08:44:45.235,0.63393,0.63403,1.00,1.75
2015.09.02 08:44:50.772,0.6339,0.63401,1.00,1.37
2015.09.02 08:44:51.519,0.63389,0.63401,1.00,1.37
2015.09.02 08:44:51.648,0.63389,0.63401,1.00,1.12
2015.09.02 08:45:00.796,0.63387,0.63398,1.50,1.00
2015.09.02 08:45:02.071,0.63387,0.634,1.50,1.00
2015.09.02 08:45:03.381,0.63386,0.634,1.37,1.37
2015.09.02 08:45:08.086,0.63386,0.63398,1.50,1.00
2015.09.02 08:45:08.974,0.63386,0.63399,1.50,1.12
2015.09.02 08:45:21.598,0.63386,0.634,1.37,1.87
2015.09.02 08:45:25.377,0.63384,0.63398,1.50,3.37
2015.09.02 08:45:25.432,0.63383,0.63398,1.50,4.12
2015.09.02 08:45:25.824,0.63378,0.63393,1.87,1.37
2015.09.02 08:45:26.331,0.63379,0.63392,1.00,1.37
2015.09.02 08:45:26.849,0.63379,0.6339,1.00,1.00
2015.09.02 08:45:27.368,0.63379,0.63392,1.00,1.37
2015.09.02 08:45:28.750,0.63378,0.63392,1.87,1.12
2015.09.02 08:45:29.054,0.63383,0.63394,1.12,1.00
2015.09.02 08:45:29.397,0.63383,0.63396,1.12,1.87
2015.09.02 08:45:29.658,0.63384,0.63397,1.87,1.00
2015.09.02 08:45:29.810,0.63385,0.63399,1.87,1.57
2015.09.02 08:45:29.912,0.63387,0.634,1.12,1.12
2015.09.02 08:45:31.024,0.63387,0.63399,1.12,1.00
2015.09.02 08:45:31.541,0.63387,0.63396,1.12,1.00
2015.09.02 08:45:35.759,0.63387,0.63398,1.12,1.00
2015.09.02 08:45:36.660,0.63387,0.63395,1.00,1.00
2015.09.02 08:45:36.812,0.63382,0.63395,1.37,1.37
2015.09.02 08:45:36.863,0.63381,0.63395,1.37,1.87
2015.09.02 08:45:37.167,0.6338,0.63393,1.00,1.12
2015.09.02 08:45:37.674,0.63379,0.63393,1.00,1.12
2015.09.02 08:45:38.988,0.63379,0.63393,1.00,1.87
2015.09.02 08:45:39.191,0.63379,0.63393,1.50,1.37
2015.09.02 08:45:39.394,0.63381,0.63394,1.37,1.00
2015.09.02 08:45:39.597,0.63381,0.63396,1.87,1.87
2015.09.02 08:45:40.654,0.63385,0.63398,1.50,1.00
2015.09.02 08:45:41.162,0.63385,0.63399,1.50,1.00
2015.09.02 08:45:41.670,0.63385,0.63398,1.50,1.00
2015.09.02 08:45:42.218,0.63385,0.63399,1.50,1.00
2015.09.02 08:45:46.206,0.63385,0.63391,1.00,1.00
2015.09.02 08:45:46.827,0.6338,0.63389,3.00,1.00
2015.09.02 08:45:46.880,0.63378,0.63383,1.37,1.00
2015.09.02 08:45:47.033,0.63376,0.63381,1.50,1.00
2015.09.02 08:45:47.539,0.63376,0.63381,1.00,1.00
2015.09.02 08:45:51.709,0.63375,0.63381,1.12,1.00
2015.09.02 08:45:52.216,0.63375,0.63381,1.12,1.00
2015.09.02 08:46:05.570,0.63378,0.63382,1.00,1.00
2015.09.02 08:46:08.114,0.63377,0.63383,1.12,1.00
2015.09.02 08:46:22.102,0.63375,0.63381,1.00,1.00
2015.09.02 08:46:22.153,0.63374,0.63381,1.12,1.00
2015.09.02 08:46:24.219,0.63374,0.6338,1.12,1.00
2015.09.02 08:46:24.473,0.63374,0.63379,1.37,1.00
2015.09.02 08:46:24.629,0.6337,0.63375,1.57,1.00
2015.09.02 08:46:25.457,0.63367,0.63373,1.12,1.00
2015.09.02 08:46:30.354,0.63367,0.63373,1.12,1.00
2015.09.02 08:46:32.788,0.63368,0.63373,1.00,1.00
2015.09.02 08:46:33.377,0.63367,0.63372,1.00,1.00
2015.09.02 08:46:36.790,0.63366,0.63372,1.12,1.00
2015.09.02 08:46:40.407,0.63368,0.63372,1.00,1.00
2015.09.02 08:46:48.553,0.63368,0.63374,1.12,1.00
2015.09.02 08:46:49.089,0.63368,0.63373,1.37,1.00
2015.09.02 08:46:50.398,0.63368,0.63375,1.37,1.00
2015.09.02 08:46:50.449,0.63368,0.63377,1.12,1.00
2015.09.02 08:46:50.501,0.63368,0.63377,1.12,1.00
2015.09.02 08:46:51.175,0.63373,0.63378,1.00,1.00
2015.09.02 08:46:51.858,0.63373,0.63378,1.37,1.00
2015.09.02 08:46:52.391,0.63373,0.63378,1.00,1.00
2015.09.02 08:46:52.907,0.63373,0.63378,1.37,1.00
2015.09.02 08:46:52.958,0.63373,0.6338,1.37,1.00
2015.09.02 08:46:54.158,0.63373,0.6338,1.12,1.00
2015.09.02 08:46:54.896,0.63375,0.63381,1.00,1.00
2015.09.02 08:46:54.947,0.63375,0.63381,1.12,1.00
2015.09.02 08:46:55.370,0.63375,0.63383,1.12,1.00
2015.09.02 08:46:56.663,0.63376,0.63383,1.00,1.00
2015.09.02 08:47:05.834,0.63374,0.63383,1.37,1.00
2015.09.02 08:47:05.885,0.63373,0.63381,1.50,1.00
2015.09.02 08:47:06.190,0.63373,0.63378,1.12,1.00
2015.09.02 08:47:06.494,0.63369,0.63375,3.00,1.00
2015.09.02 08:47:09.085,0.63366,0.63375,1.87,1.00
2015.09.02 08:47:11.624,0.63368,0.63375,1.37,1.00
2015.09.02 08:47:16.468,0.63367,0.63375,1.50,1.00
2015.09.02 08:47:17.456,0.63367,0.63373,1.50,1.00
2015.09.02 08:47:17.836,0.63365,0.63373,1.50,1.00
2015.09.02 08:47:17.899,0.63365,0.63371,1.12,1.00
2015.09.02 08:47:18.406,0.63363,0.6337,1.50,1.00
2015.09.02 08:47:19.251,0.63363,0.6337,1.50,1.00
2015.09.02 08:47:19.353,0.63363,0.63373,1.00,1.00
2015.09.02 08:47:22.523,0.63362,0.63373,1.12,1.00
2015.09.02 08:47:22.676,0.63364,0.63373,1.00,1.00
2015.09.02 08:47:23.182,0.63364,0.63371,1.00,1.00
2015.09.02 08:47:23.713,0.63363,0.63371,1.12,1.00
2015.09.02 08:47:24.223,0.63363,0.63371,1.50,1.00
2015.09.02 08:47:25.483,0.63364,0.63372,1.50,1.00
2015.09.02 08:47:26.636,0.63367,0.63372,1.00,1.00
2015.09.02 08:47:27.142,0.63367,0.63373,1.37,1.00
2015.09.02 08:47:31.526,0.63367,0.63374,1.37,1.00
2015.09.02 08:47:32.567,0.63368,0.63376,1.87,1.00
2015.09.02 08:47:32.978,0.63369,0.63378,1.12,1.00
2015.09.02 08:47:33.030,0.63371,0.63378,1.00,1.00
2015.09.02 08:47:33.334,0.6337,0.63378,1.12,1.00
2015.09.02 08:47:33.908,0.63373,0.63379,1.00,1.00
2015.09.02 08:47:34.131,0.63373,0.63381,1.00,1.00
2015.09.02 08:47:35.890,0.63373,0.63383,1.00,1.00
2015.09.02 08:47:36.043,0.63375,0.63383,1.00,1.00
2015.09.02 08:47:36.348,0.63376,0.63384,1.37,1.00
2015.09.02 08:47:41.108,0.63375,0.63386,1.87,1.00
2015.09.02 08:47:42.468,0.63376,0.63386,1.12,1.00
2015.09.02 08:47:42.974,0.63377,0.63386,1.00,1.00
2015.09.02 08:47:47.263,0.63376,0.63386,1.12,1.00
2015.09.02 08:47:52.044,0.63376,0.63385,1.12,1.00
2015.09.02 08:47:57.053,0.63376,0.63384,1.12,1.00
2015.09.02 08:48:01.113,0.63377,0.63388,1.87,1.00
2015.09.02 08:48:01.214,0.63379,0.6339,1.12,1.00
2015.09.02 08:48:01.518,0.63383,0.63393,1.37,1.00
2015.09.02 08:48:01.823,0.63386,0.63393,1.00,1.00
2015.09.02 08:48:01.874,0.63386,0.63395,1.00,1.00
2015.09.02 08:48:05.688,0.63381,0.6339,1.00,1.00
2015.09.02 08:48:05.997,0.63376,0.63384,1.57,1.00
2015.09.02 08:48:06.048,0.63376,0.63384,1.20,1.00
2015.09.02 08:48:06.100,0.63371,0.63384,1.87,1.00
2015.09.02 08:48:06.304,0.63373,0.63382,1.00,1.00
2015.09.02 08:48:06.934,0.6337,0.63379,1.12,1.00
2015.09.02 08:48:07.514,0.63371,0.63379,1.00,1.00
2015.09.02 08:48:08.766,0.63369,0.63381,1.87,1.00
2015.09.02 08:48:09.279,0.63369,0.6338,1.12,1.00
2015.09.02 08:48:10.740,0.6337,0.6338,1.12,1.00
2015.09.02 08:48:11.339,0.63368,0.63379,2.62,1.00
2015.09.02 08:48:13.311,0.63368,0.63382,1.87,1.00
2015.09.02 08:48:16.656,0.63369,0.63382,1.00,1.37
2015.09.02 08:48:17.165,0.63367,0.6338,1.37,1.00
2015.09.02 08:48:20.274,0.63367,0.63379,1.37,1.00
2015.09.02 08:48:20.890,0.63367,0.63379,1.37,1.00
2015.09.02 08:48:25.287,0.63367,0.63378,1.37,1.00
2015.09.02 08:48:25.880,0.63367,0.63381,1.37,1.37
2015.09.02 08:48:26.766,0.63367,0.63379,1.37,1.00
2015.09.02 08:48:27.873,0.63367,0.63378,1.37,1.00
2015.09.02 08:48:32.289,0.63367,0.63375,1.37,1.00
2015.09.02 08:48:42.706,0.63366,0.63376,1.12,1.00
2015.09.02 08:48:46.435,0.63366,0.63374,1.00,1.00
2015.09.02 08:48:46.587,0.63366,0.63376,1.12,1.00
2015.09.02 08:48:46.638,0.63366,0.63376,1.37,1.00
2015.09.02 08:48:48.212,0.63366,0.63371,1.37,1.00
2015.09.02 08:48:54.024,0.63364,0.6337,2.62,1.00
2015.09.02 08:48:54.127,0.63363,0.63367,1.20,1.00
2015.09.02 08:48:54.383,0.6336,0.63367,1.12,1.00
2015.09.02 08:48:55.198,0.6336,0.63366,1.12,1.00
2015.09.02 08:49:07.096,0.63359,0.63365,1.12,1.00
2015.09.02 08:49:10.804,0.63356,0.63363,3.15,1.00
2015.09.02 08:49:11.434,0.63353,0.6336,1.50,1.00
2015.09.02 08:49:11.490,0.63349,0.63356,1.87,1.00
2015.09.02 08:49:13.189,0.63348,0.63353,1.00,1.00
2015.09.02 08:49:13.251,0.63346,0.63355,1.57,1.00
2015.09.02 08:49:14.966,0.63347,0.63354,1.20,1.00
2015.09.02 08:49:15.490,0.63348,0.63356,1.50,1.00
2015.09.02 08:49:15.874,0.63347,0.63354,1.20,1.00
2015.09.02 08:49:17.604,0.63348,0.63354,1.00,1.00
2015.09.02 08:49:21.162,0.63347,0.63354,1.20,1.00
2015.09.02 08:49:21.214,0.63347,0.63356,1.85,1.00
2015.09.02 08:49:21.834,0.63349,0.63357,2.02,1.00
2015.09.02 08:49:22.572,0.6335,0.63356,2.25,1.00
2015.09.02 08:49:22.623,0.63352,0.63357,1.00,1.00
2015.09.02 08:49:23.385,0.63352,0.63361,1.10,1.00
2015.09.02 08:49:23.436,0.63352,0.63363,1.85,1.00
2015.09.02 08:49:31.839,0.63365,0.63371,1.37,1.00
2015.09.02 08:49:32.348,0.63365,0.63372,1.12,1.00
2015.09.02 08:49:35.874,0.63363,0.63369,1.37,1.00
2015.09.02 08:49:36.026,0.63363,0.63367,1.00,1.00
2015.09.02 08:49:36.528,0.6336,0.63367,2.62,1.00
2015.09.02 08:49:36.581,0.63357,0.63363,1.50,1.00
2015.09.02 08:49:43.487,0.63356,0.63363,1.50,1.00
2015.09.02 08:49:43.947,0.63354,0.63361,1.95,1.00
2015.09.02 08:49:44.684,0.63353,0.63361,1.95,1.00
2015.09.02 08:49:44.738,0.63353,0.6336,1.85,1.00
2015.09.02 08:49:45.564,0.63353,0.63359,1.85,1.00
2015.09.02 08:49:45.932,0.63353,0.63359,1.85,1.00
2015.09.02 08:49:46.874,0.63353,0.63359,1.85,1.00
2015.09.02 08:49:48.111,0.63352,0.6336,2.32,1.00
2015.09.02 08:49:49.421,0.63352,0.6336,2.32,1.00
2015.09.02 08:49:50.242,0.63352,0.63359,1.57,1.00
2015.09.02 08:49:51.038,0.63352,0.63358,1.37,1.00
2015.09.02 08:49:52.211,0.63352,0.63358,1.37,1.00
2015.09.02 08:49:52.718,0.63352,0.63358,1.37,1.00
2015.09.02 08:49:52.892,0.6335,0.63357,1.50,1.00
2015.09.02 08:49:54.734,0.6335,0.63356,1.50,1.00
2015.09.02 08:49:54.998,0.6335,0.63356,1.37,1.00
2015.09.02 08:49:55.378,0.63347,0.63354,1.57,1.00
2015.09.02 08:49:56.963,0.63346,0.63354,1.95,1.00
2015.09.02 08:50:00.932,0.63349,0.63356,1.00,1.00
2015.09.02 08:50:05.578,0.63348,0.63359,1.50,1.00
2015.09.02 08:50:05.882,0.63348,0.63357,1.50,1.00
2015.09.02 08:50:06.410,0.63348,0.63354,1.50,1.00
2015.09.02 08:50:16.906,0.63345,0.63353,1.87,1.00
2015.09.02 08:50:27.433,0.63345,0.63352,1.12,1.00
2015.09.02 08:50:33.348,0.63345,0.63351,1.12,1.00
2015.09.02 08:50:37.268,0.63344,0.63352,2.25,1.00
2015.09.02 08:50:43.110,0.63344,0.63349,1.12,1.00
2015.09.02 08:50:48.081,0.63341,0.6335,2.62,1.00
2015.09.02 08:50:48.395,0.63341,0.63347,2.25,1.00
2015.09.02 08:50:48.446,0.63341,0.63347,1.12,1.00
2015.09.02 08:50:48.854,0.6334,0.63346,1.12,1.00
2015.09.02 08:50:48.906,0.63339,0.63344,1.37,1.00
2015.09.02 08:50:54.055,0.63338,0.63343,1.00,1.00
2015.09.02 08:50:59.206,0.63336,0.63344,1.87,1.00
2015.09.02 08:51:06.661,0.63336,0.63346,2.62,1.00
2015.09.02 08:51:06.813,0.63336,0.63344,1.50,1.00
2015.09.02 08:51:06.864,0.63333,0.63341,1.95,1.00
2015.09.02 08:51:06.915,0.63333,0.6334,1.50,1.00
2015.09.02 08:51:07.588,0.63333,0.63338,1.00,1.00
2015.09.02 08:51:07.639,0.63335,0.63347,1.87,1.00
2015.09.02 08:51:07.893,0.63336,0.63349,1.12,1.00
2015.09.02 08:51:07.945,0.63336,0.63352,1.37,3.00
2015.09.02 08:51:08.402,0.6334,0.63354,1.00,1.00
2015.09.02 08:51:08.453,0.6334,0.63354,1.50,1.00
2015.09.02 08:51:08.896,0.63344,0.63357,1.65,1.50
2015.09.02 08:51:08.947,0.63344,0.63359,2.40,1.37
2015.09.02 08:51:09.457,0.63345,0.63359,1.50,1.00
2015.09.02 08:51:09.660,0.63345,0.63359,1.50,1.00
2015.09.02 08:51:09.863,0.63345,0.63356,1.00,1.00
2015.09.02 08:51:09.965,0.63343,0.63355,1.12,1.00
2015.09.02 08:51:10.310,0.63343,0.63352,1.00,1.00
2015.09.02 08:51:10.463,0.63338,0.6335,1.87,1.00
2015.09.02 08:51:11.072,0.63335,0.63349,3.37,1.00
2015.09.02 08:51:16.048,0.63335,0.63343,2.62,1.00
2015.09.02 08:51:16.099,0.63335,0.63342,1.00,1.00
2015.09.02 08:51:16.151,0.63333,0.63342,1.12,1.00
2015.09.02 08:51:17.236,0.63332,0.63341,1.12,1.00
2015.09.02 08:51:17.291,0.63331,0.63343,1.50,1.00
2015.09.02 08:51:18.811,0.63329,0.63342,1.50,1.00
2015.09.02 08:51:18.862,0.63329,0.6334,1.50,1.00
2015.09.02 08:51:19.370,0.63329,0.63342,1.87,1.00
2015.09.02 08:51:19.524,0.63332,0.63344,1.00,1.00
2015.09.02 08:51:20.040,0.63335,0.63348,1.12,1.50
2015.09.02 08:51:20.369,0.63337,0.63352,1.87,1.00
2015.09.02 08:51:21.317,0.63337,0.63351,1.87,2.25
2015.09.02 08:51:22.458,0.63337,0.63351,2.62,2.62
2015.09.02 08:51:23.065,0.63336,0.63351,1.50,2.62
2015.09.02 08:51:23.936,0.63335,0.6335,2.62,1.00
2015.09.02 08:51:30.074,0.63335,0.63349,1.87,1.00
2015.09.02 08:51:31.867,0.63335,0.63349,1.00,1.50
2015.09.02 08:51:32.131,0.63333,0.63348,1.12,1.00
2015.09.02 08:51:33.702,0.63333,0.63349,1.12,1.12
2015.09.02 08:51:34.742,0.63333,0.63347,1.12,1.00
2015.09.02 08:51:36.549,0.63331,0.63347,1.50,1.50
2015.09.02 08:51:37.896,0.63332,0.63346,1.37,1.37
2015.09.02 08:51:38.669,0.63335,0.63346,1.12,1.12
2015.09.02 08:51:39.079,0.63335,0.63349,2.25,1.00
2015.09.02 08:51:39.642,0.63335,0.63352,1.75,4.12
2015.09.02 08:51:40.266,0.63335,0.63352,2.25,1.12
2015.09.02 08:51:43.262,0.63337,0.63353,1.50,3.00
2015.09.02 08:51:44.625,0.63341,0.63355,1.00,3.75
2015.09.02 08:51:44.677,0.6334,0.63355,1.50,2.25
2015.09.02 08:51:44.880,0.63344,0.63356,1.37,1.00
2015.09.02 08:51:45.135,0.63344,0.63358,1.50,1.00
2015.09.02 08:51:45.186,0.63344,0.63358,1.12,1.00
2015.09.02 08:51:45.237,0.63343,0.63356,1.37,1.00
2015.09.02 08:51:45.389,0.6334,0.63356,2.62,3.75
2015.09.02 08:51:45.779,0.6334,0.63355,1.50,1.75
2015.09.02 08:51:46.296,0.63339,0.63353,1.00,3.00
2015.09.02 08:51:49.121,0.63338,0.63353,1.37,1.50
2015.09.02 08:51:50.833,0.63338,0.63353,1.37,1.12
2015.09.02 08:51:52.748,0.63338,0.63353,1.37,1.37
2015.09.02 08:51:57.232,0.63344,0.63353,1.00,1.37
2015.09.02 08:52:06.075,0.63342,0.63352,1.00,1.00
2015.09.02 08:52:07.224,0.63344,0.63352,1.00,1.00
2015.09.02 08:52:08.380,0.63344,0.63355,1.37,1.50
2015.09.02 08:52:08.432,0.63352,0.63356,1.00,1.00
2015.09.02 08:52:08.534,0.63352,0.63358,1.00,1.00
2015.09.02 08:52:08.636,0.6335,0.6336,1.00,1.50
2015.09.02 08:52:09.689,0.6335,0.6336,1.00,1.12
2015.09.02 08:52:10.854,0.6335,0.63357,1.00,2.25
2015.09.02 08:52:11.255,0.63352,0.63358,1.00,1.00
2015.09.02 08:52:11.311,0.6335,0.63358,1.00,1.00
2015.09.02 08:52:11.413,0.63348,0.63361,1.00,1.87
2015.09.02 08:52:11.464,0.63346,0.6336,1.50,1.12
2015.09.02 08:52:11.971,0.63346,0.63357,1.00,1.37
2015.09.02 08:52:14.054,0.63348,0.63357,1.00,1.87
2015.09.02 08:52:14.813,0.63348,0.63357,1.00,1.12
2015.09.02 08:52:15.371,0.63351,0.63359,1.00,1.50
2015.09.02 08:52:15.473,0.63351,0.6336,1.00,1.87
2015.09.02 08:52:16.289,0.63351,0.6336,1.00,1.12
2015.09.02 08:52:17.999,0.63351,0.6336,1.00,2.25
2015.09.02 08:52:18.050,0.63349,0.6336,1.00,2.62
2015.09.02 08:52:21.999,0.63351,0.63361,1.00,2.25
2015.09.02 08:52:22.456,0.63351,0.63361,1.00,1.87
2015.09.02 08:52:23.349,0.63353,0.63361,1.00,1.00
2015.09.02 08:52:23.755,0.63355,0.63362,1.00,1.50
2015.09.02 08:52:24.690,0.63355,0.63362,1.00,1.50
2015.09.02 08:52:27.142,0.63355,0.63361,1.00,1.00
2015.09.02 08:52:32.294,0.63358,0.63362,1.00,1.50
2015.09.02 08:52:33.090,0.63358,0.63363,1.00,1.00
2015.09.02 08:52:33.141,0.63359,0.63364,1.00,1.00
2015.09.02 08:52:33.294,0.63361,0.63369,1.00,1.00
2015.09.02 08:52:33.396,0.63363,0.63372,1.00,1.37
2015.09.02 08:52:34.192,0.63359,0.63374,1.00,1.75
2015.09.02 08:52:34.294,0.63359,0.63371,1.00,1.12
2015.09.02 08:52:34.801,0.63359,0.6337,1.00,1.12
2015.09.02 08:52:35.105,0.63359,0.6337,1.00,1.12
2015.09.02 08:52:35.875,0.6336,0.6337,1.00,1.00
2015.09.02 08:52:36.332,0.6336,0.6337,1.00,1.12
2015.09.02 08:52:36.536,0.63358,0.63369,1.00,1.12
2015.09.02 08:52:36.739,0.63358,0.63366,1.00,1.37
2015.09.02 08:52:40.907,0.63357,0.63365,1.00,1.50
2015.09.02 08:52:41.412,0.63357,0.63365,1.00,1.87
2015.09.02 08:52:42.372,0.63358,0.63365,1.00,1.87
2015.09.02 08:52:42.684,0.63358,0.63365,1.00,1.12
2015.09.02 08:52:44.592,0.63356,0.63365,1.00,1.12
2015.09.02 08:52:44.693,0.63356,0.63363,1.00,1.12
2015.09.02 08:52:48.891,0.63356,0.63361,1.00,1.37
2015.09.02 08:52:48.942,0.63354,0.63361,1.00,1.12
2015.09.02 08:52:52.535,0.63354,0.6336,1.00,1.00
2015.09.02 08:52:59.004,0.63355,0.6336,1.00,1.12
2015.09.02 08:53:09.955,0.63354,0.63363,1.00,1.00
2015.09.02 08:53:10.461,0.63354,0.63364,1.00,1.12
2015.09.02 08:53:10.512,0.63356,0.63363,1.00,1.37
2015.09.02 08:53:10.563,0.63354,0.63363,1.00,1.37
2015.09.02 08:53:12.041,0.63352,0.63363,1.00,1.37
2015.09.02 08:53:12.092,0.63352,0.63363,1.00,1.00
2015.09.02 08:53:12.684,0.63352,0.63364,1.12,1.00
2015.09.02 08:53:12.736,0.63355,0.63365,1.00,1.12
2015.09.02 08:53:13.047,0.63359,0.63366,1.00,1.00
2015.09.02 08:53:13.553,0.63359,0.63368,1.00,1.37
2015.09.02 08:53:14.051,0.63358,0.63369,1.00,1.12
2015.09.02 08:53:14.152,0.6336,0.63371,1.00,1.87
2015.09.02 08:53:14.456,0.63362,0.6337,1.00,1.00
2015.09.02 08:53:14.557,0.6336,0.6337,1.00,1.00
2015.09.02 08:53:14.608,0.63362,0.6337,1.00,1.12
2015.09.02 08:53:15.532,0.63362,0.63371,1.00,1.87
2015.09.02 08:53:18.932,0.63364,0.63371,1.00,1.12
2015.09.02 08:53:19.552,0.63365,0.63372,1.00,1.87
2015.09.02 08:53:20.801,0.63365,0.63372,1.00,1.87
2015.09.02 08:53:21.674,0.63363,0.63372,1.00,2.25
2015.09.02 08:53:22.602,0.63363,0.63372,1.00,2.25
2015.09.02 08:53:24.813,0.63363,0.63372,1.00,2.25
2015.09.02 08:53:25.325,0.63363,0.63372,1.00,1.50
2015.09.02 08:53:26.868,0.63363,0.63372,1.00,1.12
2015.09.02 08:53:31.550,0.63365,0.63372,1.00,1.00
2015.09.02 08:53:34.353,0.63365,0.63373,1.00,1.12
2015.09.02 08:53:38.756,0.63366,0.63374,1.00,1.37
2015.09.02 08:53:44.094,0.63367,0.63374,1.00,1.00
2015.09.02 08:53:49.313,0.63368,0.63374,1.00,1.00
2015.09.02 08:53:49.935,0.63367,0.63374,1.00,1.00
2015.09.02 08:53:53.115,0.63367,0.63374,1.00,1.37
2015.09.02 08:53:54.841,0.63367,0.63374,1.00,1.12
2015.09.02 08:53:55.409,0.63368,0.63374,1.00,1.12
2015.09.02 08:53:59.711,0.63368,0.63377,1.00,1.12
2015.09.02 08:53:59.762,0.63371,0.63379,1.00,1.57
2015.09.02 08:54:00.269,0.63371,0.6338,1.00,1.12
2015.09.02 08:54:00.968,0.63372,0.63382,1.00,1.50
2015.09.02 08:54:01.120,0.6337,0.63382,1.00,1.50
2015.09.02 08:54:03.405,0.6337,0.63381,1.00,1.12
2015.09.02 08:54:03.456,0.63372,0.63381,1.00,1.12
2015.09.02 08:54:03.761,0.63375,0.63384,1.00,1.12
2015.09.02 08:54:04.245,0.63375,0.63387,1.00,1.87
2015.09.02 08:54:04.758,0.63376,0.63387,1.00,1.87
2015.09.02 08:54:07.652,0.63376,0.63387,1.00,1.87
2015.09.02 08:54:08.562,0.63378,0.63387,1.00,1.37
2015.09.02 08:54:08.664,0.63378,0.63388,1.00,1.50
2015.09.02 08:54:09.167,0.63378,0.6339,1.00,1.37
2015.09.02 08:54:10.102,0.6338,0.6339,1.00,1.37
2015.09.02 08:54:10.669,0.63379,0.6339,1.00,1.37
2015.09.02 08:54:11.570,0.6338,0.6339,1.00,1.37
2015.09.02 08:54:16.473,0.63382,0.63392,1.00,1.87
2015.09.02 08:54:16.891,0.6338,0.63392,1.00,1.50
2015.09.02 08:54:19.114,0.63382,0.63392,1.00,1.50
2015.09.02 08:54:20.754,0.63379,0.63392,1.00,1.50
2015.09.02 08:54:22.704,0.63379,0.63392,1.00,1.50
2015.09.02 08:54:22.756,0.63382,0.63392,1.00,1.50
2015.09.02 08:54:28.198,0.63381,0.63392,1.00,1.50
2015.09.02 08:54:29.862,0.63379,0.6339,1.00,2.25
2015.09.02 08:54:34.131,0.63381,0.63391,1.00,1.12
2015.09.02 08:54:34.935,0.63384,0.63392,1.00,1.87
2015.09.02 08:54:37.549,0.63384,0.63392,1.00,1.37
2015.09.02 08:54:42.428,0.63381,0.63392,1.00,1.87
2015.09.02 08:54:44.461,0.63383,0.63392,1.00,1.87
2015.09.02 08:54:56.652,0.63384,0.63392,1.00,1.87
2015.09.02 08:55:02.728,0.63383,0.63392,1.00,1.50
2015.09.02 08:55:03.267,0.63382,0.63392,1.00,1.50
2015.09.02 08:55:04.221,0.63383,0.63392,1.00,1.50
2015.09.02 08:55:04.935,0.63382,0.63392,1.00,1.87
2015.09.02 08:55:08.966,0.63383,0.63392,1.00,1.87
2015.09.02 08:55:12.150,0.63381,0.63392,1.00,1.87
2015.09.02 08:55:13.261,0.63383,0.63392,1.00,1.87
2015.09.02 08:55:18.072,0.63382,0.63392,1.00,1.87
2015.09.02 08:55:22.057,0.63381,0.63392,1.00,1.87
2015.09.02 08:55:22.445,0.63379,0.63391,1.00,1.12
2015.09.02 08:55:22.953,0.63379,0.6339,1.00,1.50
2015.09.02 08:55:23.106,0.63379,0.63388,1.00,1.12
2015.09.02 08:55:23.709,0.63379,0.63387,1.00,1.12
2015.09.02 08:55:25.050,0.63379,0.63386,1.00,1.12
2015.09.02 08:55:25.270,0.63376,0.63386,1.00,1.12
2015.09.02 08:55:25.818,0.63375,0.63382,1.00,1.00
2015.09.02 08:55:30.720,0.63375,0.63383,1.00,1.12
2015.09.02 08:55:31.178,0.63374,0.63383,1.12,1.87
2015.09.02 08:55:31.280,0.63372,0.63382,1.00,1.12
2015.09.02 08:55:31.382,0.6337,0.63379,1.00,1.00
2015.09.02 08:55:31.433,0.6337,0.6338,1.00,1.75
2015.09.02 08:55:31.485,0.63366,0.63379,1.00,1.12
2015.09.02 08:55:31.906,0.63366,0.63375,1.00,1.12
2015.09.02 08:55:31.961,0.63364,0.63374,1.00,1.12
2015.09.02 08:55:34.352,0.63364,0.63373,1.00,1.00
2015.09.02 08:55:36.666,0.63365,0.63373,1.00,1.00
2015.09.02 08:55:37.929,0.63365,0.63374,1.00,1.00
2015.09.02 08:55:40.460,0.63363,0.63374,1.00,1.00
2015.09.02 08:55:48.116,0.63367,0.63374,1.00,1.00
2015.09.02 08:55:48.218,0.63367,0.63376,1.00,1.00
2015.09.02 08:55:48.269,0.63365,0.63376,1.00,1.00
2015.09.02 08:55:48.421,0.6337,0.63377,1.00,1.00
2015.09.02 08:55:49.127,0.6337,0.63381,1.00,1.12
2015.09.02 08:55:49.631,0.63371,0.63383,1.00,1.87
2015.09.02 08:55:50.937,0.63369,0.63382,1.00,1.87
2015.09.02 08:55:51.342,0.63368,0.63379,1.00,1.37
2015.09.02 08:55:52.063,0.63366,0.63378,1.00,1.12
2015.09.02 08:55:53.733,0.63366,0.63377,1.00,1.12
2015.09.02 08:55:57.136,0.63366,0.63377,1.00,1.00
2015.09.02 08:55:58.092,0.63366,0.63377,1.00,1.37
2015.09.02 08:55:59.130,0.63366,0.63379,1.00,1.12
2015.09.02 08:56:00.431,0.63367,0.6338,1.00,1.87
2015.09.02 08:56:10.162,0.63367,0.63379,1.00,1.50
2015.09.02 08:56:10.213,0.6337,0.63379,1.00,1.50
2015.09.02 08:56:10.972,0.63369,0.63378,1.00,1.00
2015.09.02 08:56:12.149,0.63367,0.63379,1.00,1.37
2015.09.02 08:56:13.130,0.63366,0.63378,1.00,1.00
2015.09.02 08:56:13.779,0.63367,0.6338,1.00,1.12
2015.09.02 08:56:17.873,0.63369,0.6338,1.00,1.12
2015.09.02 08:56:17.974,0.63367,0.6338,1.00,1.12
2015.09.02 08:56:18.025,0.63365,0.6338,1.00,1.12
2015.09.02 08:56:18.178,0.63365,0.63379,1.00,1.12
2015.09.02 08:56:22.940,0.63365,0.63376,1.00,1.12
2015.09.02 08:56:23.619,0.63367,0.63376,1.00,1.12
2015.09.02 08:56:27.756,0.63367,0.63376,1.00,1.12
2015.09.02 08:56:28.288,0.63367,0.63375,1.00,1.00
2015.09.02 08:56:33.701,0.63366,0.63378,1.00,1.87
2015.09.02 08:56:33.803,0.63366,0.63377,1.00,1.00
2015.09.02 08:56:34.187,0.63366,0.63379,1.12,1.50
2015.09.02 08:56:34.239,0.6337,0.63381,1.00,1.37
2015.09.02 08:56:39.853,0.63372,0.63381,1.00,1.37
2015.09.02 08:56:40.442,0.63372,0.63381,1.00,1.37
2015.09.02 08:56:41.533,0.63372,0.63382,1.00,1.50
2015.09.02 08:56:45.121,0.63373,0.63383,1.00,1.37
2015.09.02 08:56:49.031,0.63375,0.63383,1.00,1.50
2015.09.02 08:57:02.071,0.6338,0.63387,1.00,2.62
2015.09.02 08:57:02.122,0.63381,0.63389,1.00,1.50
2015.09.02 08:57:02.173,0.63383,0.63389,1.00,1.12
2015.09.02 08:57:02.275,0.63383,0.63393,1.00,1.65
2015.09.02 08:57:02.326,0.63383,0.63394,1.00,1.50
2015.09.02 08:57:03.509,0.63383,0.63396,1.00,1.57
2015.09.02 08:57:03.879,0.63383,0.63397,1.00,1.50
2015.09.02 08:57:03.930,0.63385,0.63397,1.00,1.37
2015.09.02 08:57:04.793,0.63386,0.63397,1.00,1.00
2015.09.02 08:57:05.342,0.63386,0.63396,1.00,1.12
2015.09.02 08:57:06.475,0.63386,0.63396,1.00,1.37
2015.09.02 08:57:06.627,0.63383,0.63396,1.00,1.37
2015.09.02 08:57:06.679,0.63383,0.63395,1.00,1.50
2015.09.02 08:57:07.204,0.63382,0.63394,1.00,1.50
2015.09.02 08:57:07.989,0.6338,0.63394,1.00,2.62
2015.09.02 08:57:08.042,0.63378,0.63391,1.00,1.37
2015.09.02 08:57:08.094,0.6338,0.63391,1.00,1.12
2015.09.02 08:57:08.513,0.63377,0.6339,1.00,1.12
2015.09.02 08:57:09.124,0.63377,0.63389,1.00,1.37
2015.09.02 08:57:09.658,0.63376,0.63387,1.00,1.00
2015.09.02 08:57:10.121,0.63381,0.63391,1.00,3.00
2015.09.02 08:57:10.525,0.63382,0.63392,1.00,1.12
2015.09.02 08:57:12.865,0.6338,0.63392,1.00,1.12
2015.09.02 08:57:13.069,0.63377,0.63392,1.00,2.25
2015.09.02 08:57:13.120,0.63385,0.63392,1.00,1.00
2015.09.02 08:57:13.618,0.63378,0.63391,1.12,1.87
2015.09.02 08:57:14.075,0.63376,0.63388,1.00,1.00
2015.09.02 08:57:14.179,0.63375,0.63388,1.00,1.75
2015.09.02 08:57:15.003,0.63374,0.6339,1.00,2.62
2015.09.02 08:57:15.309,0.63376,0.63389,1.00,1.12
2015.09.02 08:57:19.233,0.63377,0.6339,1.00,1.87
2015.09.02 08:57:19.486,0.63375,0.63387,1.00,1.00
2015.09.02 08:57:21.448,0.63376,0.6339,1.00,1.87
2015.09.02 08:57:23.434,0.63378,0.6339,1.00,1.12
2015.09.02 08:57:23.587,0.6338,0.63392,1.00,1.75
2015.09.02 08:57:32.546,0.63382,0.63392,1.00,1.12
2015.09.02 08:57:33.134,0.6338,0.63392,1.00,1.87
2015.09.02 08:57:37.271,0.63378,0.6339,1.00,1.00
2015.09.02 08:57:38.152,0.63378,0.63391,1.00,1.12
2015.09.02 08:57:40.461,0.63376,0.63391,1.00,1.50
2015.09.02 08:57:41.628,0.63376,0.63391,1.00,4.12
2015.09.02 08:57:43.437,0.63377,0.63391,1.00,1.87
2015.09.02 08:57:45.920,0.63377,0.63391,1.00,1.87
2015.09.02 08:57:46.224,0.63383,0.63392,1.00,1.00
2015.09.02 08:57:46.969,0.63383,0.63393,1.00,1.12
2015.09.02 08:57:47.071,0.63381,0.63394,1.00,1.50
2015.09.02 08:57:47.223,0.63383,0.63394,1.00,1.12
2015.09.02 08:57:47.729,0.63383,0.63396,1.00,1.37
2015.09.02 08:57:48.428,0.63383,0.63395,1.00,1.50
2015.09.02 08:57:49.067,0.63381,0.63393,1.00,1.37
2015.09.02 08:57:54.209,0.6338,0.63392,1.00,1.50
2015.09.02 08:58:00.054,0.63381,0.63393,1.00,1.12
2015.09.02 08:58:01.286,0.63383,0.63394,1.00,1.50
2015.09.02 08:58:01.815,0.63383,0.63395,1.00,1.37
2015.09.02 08:58:02.592,0.63384,0.63395,1.00,1.87
2015.09.02 08:58:03.124,0.63383,0.63395,1.00,1.87
2015.09.02 08:58:04.175,0.63381,0.63395,1.00,1.87
2015.09.02 08:58:04.576,0.6338,0.63393,1.00,1.87
2015.09.02 08:58:06.536,0.63381,0.63394,1.00,2.62
2015.09.02 08:58:06.972,0.63386,0.63394,1.00,1.37
2015.09.02 08:58:07.124,0.63387,0.63396,1.00,1.50
2015.09.02 08:58:07.327,0.63385,0.63397,1.00,1.50
2015.09.02 08:58:07.737,0.63385,0.63397,1.00,1.37
2015.09.02 08:58:08.230,0.6339,0.63399,1.00,1.37
2015.09.02 08:58:08.536,0.63392,0.63399,1.00,1.00
2015.09.02 08:58:09.145,0.63392,0.63404,1.00,1.37
2015.09.02 08:58:09.848,0.63393,0.63404,1.00,1.37
2015.09.02 08:58:10.368,0.63393,0.63404,1.00,1.37
2015.09.02 08:58:23.607,0.63396,0.63404,1.00,1.37
2015.09.02 08:58:24.134,0.63396,0.63404,1.00,1.37
2015.09.02 08:58:29.317,0.63394,0.63404,1.00,1.37
2015.09.02 08:58:31.514,0.63392,0.63404,1.00,1.50
2015.09.02 08:58:34.029,0.63392,0.63404,1.00,1.50
2015.09.02 08:58:37.394,0.6339,0.63404,1.12,1.50
2015.09.02 08:58:38.398,0.6339,0.63404,1.00,1.50
2015.09.02 08:58:40.409,0.6339,0.63403,1.12,1.37
2015.09.02 08:58:42.542,0.63391,0.63404,1.00,1.50
2015.09.02 08:58:47.786,0.63392,0.63404,1.00,1.37
2015.09.02 08:58:49.647,0.63392,0.63403,1.00,1.50
2015.09.02 08:58:53.215,0.63393,0.63404,1.00,1.75
2015.09.02 08:58:59.688,0.63391,0.63404,1.00,1.37
2015.09.02 08:59:02.508,0.63387,0.63401,1.00,1.50
2015.09.02 08:59:02.559,0.63385,0.63398,1.00,1.00
2015.09.02 08:59:03.167,0.63384,0.63398,1.00,1.00
2015.09.02 08:59:03.269,0.63384,0.63397,1.00,1.37
2015.09.02 08:59:03.865,0.63376,0.6339,1.12,1.37
2015.09.02 08:59:03.916,0.63373,0.63388,1.00,3.37
2015.09.02 08:59:04.169,0.63376,0.63387,1.00,1.00
2015.09.02 08:59:04.675,0.63376,0.63389,1.00,1.37
2015.09.02 08:59:05.180,0.63374,0.63388,1.00,1.00
2015.09.02 08:59:06.642,0.63374,0.63387,1.00,2.25
2015.09.02 08:59:07.187,0.63374,0.63387,1.00,3.00
2015.09.02 08:59:09.700,0.63374,0.63389,1.00,2.62
2015.09.02 08:59:09.751,0.63376,0.63388,1.00,1.00
2015.09.02 08:59:10.473,0.63377,0.6339,1.00,1.12
2015.09.02 08:59:14.613,0.63379,0.63392,1.00,1.87
2015.09.02 08:59:31.140,0.63381,0.63392,1.00,1.37
2015.09.02 08:59:33.824,0.6338,0.63392,1.00,1.37
2015.09.02 08:59:38.373,0.6338,0.63392,1.00,1.37
2015.09.02 08:59:40.542,0.63381,0.63392,1.00,1.37
2015.09.02 08:59:41.333,0.63381,0.63392,1.00,1.37
2015.09.02 08:59:42.136,0.63382,0.63392,1.00,1.00
2015.09.02 08:59:47.266,0.63384,0.63392,1.00,1.00
2015.09.02 08:59:53.362,0.63384,0.63393,1.00,3.00
2015.09.02 08:59:57.315,0.63384,0.63392,1.00,1.00
2015.09.02 08:59:58.415,0.63384,0.63395,1.00,1.12
