2014.09.01 22:00:00.189,0.83785,0.83801,0.10,0.37
2014.09.01 22:00:00.515,0.83784,0.83804,0.10,0.56
2014.09.01 22:00:00.617,0.83784,0.838,0.10,0.37
2014.09.01 22:00:00.830,0.83783,0.83802,0.15,0.37
2014.09.01 22:00:01.338,0.83787,0.83802,0.10,0.37
2014.09.01 22:00:02.398,0.83786,0.83802,0.10,0.37
2014.09.01 22:00:04.613,0.83786,0.838,0.10,0.19
2014.09.01 22:00:04.950,0.83786,0.83798,0.10,0.19
2014.09.01 22:00:05.712,0.83787,0.83802,0.10,0.19
2014.09.01 22:00:06.250,0.83786,0.83802,0.10,0.19
2014.09.01 22:00:06.628,0.83786,0.838,0.10,0.19
2014.09.01 22:00:07.341,0.83787,0.838,0.10,0.19
2014.09.01 22:00:07.611,0.83786,0.83802,0.10,0.19
2014.09.01 22:00:08.343,0.83787,0.83802,0.10,0.19
2014.09.01 22:00:09.435,0.83787,0.83803,0.15,0.19
2014.09.01 22:00:12.095,0.83788,0.83803,0.10,0.19
2014.09.01 22:00:12.706,0.83787,0.83803,0.15,0.19
2014.09.01 22:00:15.491,0.83787,0.83802,0.10,0.37
2014.09.01 22:00:16.032,0.83788,0.83803,0.15,0.19
2014.09.01 22:00:16.551,0.83787,0.83802,0.10,0.56
2014.09.01 22:00:17.513,0.83787,0.838,0.10,0.37
2014.09.01 22:00:21.762,0.83787,0.83804,0.10,0.56
2014.09.01 22:00:22.272,0.83788,0.83804,0.10,0.56
2014.09.01 22:00:22.781,0.83787,0.83804,0.10,0.56
2014.09.01 22:00:23.453,0.83787,0.83802,0.10,0.19
2014.09.01 22:00:24.146,0.83788,0.83802,0.10,0.19
2014.09.01 22:00:24.248,0.83786,0.83802,0.10,0.19
2014.09.01 22:00:24.787,0.83785,0.83802,0.10,0.19
2014.09.01 22:00:25.459,0.83785,0.83801,0.10,0.19
2014.09.01 22:00:27.469,0.83785,0.83802,0.10,0.19
2014.09.01 22:00:28.167,0.83785,0.83801,0.10,0.37
2014.09.01 22:00:30.959,0.83784,0.83801,0.10,0.37
2014.09.01 22:00:31.472,0.83785,0.83801,0.26,0.37
2014.09.01 22:00:32.484,0.83785,0.838,0.10,0.19
2014.09.01 22:00:32.986,0.83785,0.83799,0.10,0.37
2014.09.01 22:00:33.088,0.83783,0.83799,0.26,0.37
2014.09.01 22:00:33.699,0.83785,0.83799,0.10,0.37
2014.09.01 22:00:34.408,0.83785,0.83798,0.10,0.37
2014.09.01 22:00:41.141,0.83785,0.83801,0.10,0.56
2014.09.01 22:00:41.663,0.83785,0.838,0.10,0.19
2014.09.01 22:00:42.628,0.83785,0.83801,0.10,0.56
2014.09.01 22:00:45.603,0.83785,0.838,0.10,0.19
2014.09.01 22:00:52.723,0.83783,0.838,0.10,0.19
2014.09.01 22:00:53.291,0.83783,0.83797,0.10,0.37
2014.09.01 22:00:53.960,0.83782,0.83797,0.10,0.37
2014.09.01 22:00:55.229,0.83784,0.83797,0.10,0.37
2014.09.01 22:00:55.280,0.83784,0.838,0.10,0.56
2014.09.01 22:00:55.522,0.83782,0.838,0.15,0.56
2014.09.01 22:00:57.921,0.83783,0.838,0.10,0.56
2014.09.01 22:00:58.617,0.83782,0.838,0.15,0.56
2014.09.01 22:00:59.635,0.83782,0.83799,0.15,0.19
2014.09.01 22:01:03.959,0.83784,0.83799,0.10,0.56
2014.09.01 22:01:04.179,0.83782,0.83799,0.10,0.56
2014.09.01 22:01:05.880,0.83783,0.83799,0.10,0.37
2014.09.01 22:01:06.428,0.83784,0.838,0.10,0.19
2014.09.01 22:01:06.656,0.83783,0.83798,0.10,0.37
2014.09.01 22:01:06.759,0.83781,0.83798,0.10,0.37
2014.09.01 22:01:07.497,0.83781,0.83797,0.10,0.37
2014.09.01 22:01:08.025,0.83781,0.83798,0.10,0.19
2014.09.01 22:01:08.278,0.83782,0.838,0.10,0.56
2014.09.01 22:01:08.379,0.83784,0.838,0.10,0.56
2014.09.01 22:01:08.985,0.83783,0.838,0.10,0.56
2014.09.01 22:01:09.341,0.83785,0.83801,0.10,0.37
2014.09.01 22:01:10.098,0.83784,0.83801,0.10,0.37
2014.09.01 22:01:10.643,0.83784,0.838,0.10,0.37
2014.09.01 22:01:13.268,0.83785,0.838,0.10,0.37
2014.09.01 22:01:13.769,0.83784,0.838,0.26,0.37
2014.09.01 22:01:14.098,0.83786,0.838,0.10,0.37
2014.09.01 22:01:14.370,0.83784,0.838,0.26,0.37
2014.09.01 22:01:21.223,0.83783,0.838,0.10,0.37
2014.09.01 22:01:21.729,0.83783,0.83801,0.10,0.56
2014.09.01 22:01:22.278,0.83784,0.83801,0.10,0.37
2014.09.01 22:01:25.911,0.83783,0.83801,0.10,0.56
2014.09.01 22:01:26.546,0.83784,0.83801,0.10,0.56
2014.09.01 22:01:27.088,0.83784,0.838,0.10,0.37
2014.09.01 22:01:36.108,0.83785,0.838,0.10,0.56
2014.09.01 22:01:36.262,0.83785,0.83802,0.10,0.56
2014.09.01 22:01:37.524,0.83785,0.83798,0.10,0.37
2014.09.01 22:01:38.885,0.83784,0.83798,0.34,0.37
2014.09.01 22:01:41.939,0.83785,0.83798,0.10,0.37
2014.09.01 22:01:43.237,0.83786,0.83798,0.10,0.37
2014.09.01 22:01:47.614,0.83786,0.838,0.10,0.37
2014.09.01 22:01:48.213,0.83784,0.838,0.26,0.37
2014.09.01 22:01:54.826,0.83784,0.83799,0.10,0.37
2014.09.01 22:02:04.161,0.83785,0.83799,0.10,0.37
2014.09.01 22:02:04.973,0.83784,0.83799,0.26,0.37
2014.09.01 22:02:05.176,0.83784,0.83801,0.26,0.56
2014.09.01 22:02:05.682,0.83784,0.83799,0.26,0.37
2014.09.01 22:02:06.291,0.83785,0.83799,0.10,0.37
2014.09.01 22:02:06.805,0.83784,0.83799,0.10,0.37
2014.09.01 22:02:07.662,0.83783,0.838,0.26,0.19
2014.09.01 22:02:08.172,0.83784,0.838,0.10,0.19
2014.09.01 22:02:08.705,0.83784,0.83799,0.10,0.37
2014.09.01 22:02:09.232,0.83784,0.838,0.10,0.56
2014.09.01 22:02:09.972,0.83783,0.838,0.26,0.56
2014.09.01 22:02:10.282,0.83786,0.83799,0.10,0.37
2014.09.01 22:02:10.465,0.83784,0.83799,0.15,0.37
2014.09.01 22:02:16.281,0.83786,0.83799,0.10,0.37
2014.09.01 22:02:16.485,0.83784,0.83799,0.10,0.37
2014.09.01 22:02:18.273,0.83785,0.83799,0.10,0.37
2014.09.01 22:02:20.275,0.83784,0.83799,0.10,0.37
2014.09.01 22:02:21.008,0.83783,0.83799,0.15,0.37
2014.09.01 22:02:21.879,0.83784,0.83799,0.10,0.37
2014.09.01 22:02:23.254,0.83783,0.83799,0.10,0.37
2014.09.01 22:02:23.763,0.83784,0.83799,0.10,0.37
2014.09.01 22:02:30.936,0.83783,0.83797,0.15,0.37
2014.09.01 22:02:31.325,0.83784,0.838,0.10,0.56
2014.09.01 22:02:32.422,0.83786,0.838,0.10,0.37
2014.09.01 22:02:32.752,0.83784,0.838,0.15,0.37
2014.09.01 22:02:36.563,0.83785,0.838,0.10,0.37
2014.09.01 22:02:37.102,0.83784,0.838,0.15,0.37
2014.09.01 22:02:37.938,0.83785,0.838,0.10,0.37
2014.09.01 22:02:38.644,0.83784,0.838,0.10,0.37
2014.09.01 22:02:39.820,0.83786,0.838,0.10,0.37
2014.09.01 22:02:40.329,0.83785,0.838,0.10,0.37
2014.09.01 22:02:41.386,0.83784,0.838,0.26,0.37
2014.09.01 22:02:45.389,0.83784,0.83801,0.10,0.56
2014.09.01 22:02:45.878,0.83784,0.83798,0.10,0.37
2014.09.01 22:02:47.063,0.83784,0.838,0.10,0.19
2014.09.01 22:02:48.649,0.83783,0.838,0.10,0.19
2014.09.01 22:02:49.412,0.83783,0.83801,0.10,0.19
2014.09.01 22:02:49.963,0.83785,0.83801,0.10,0.19
2014.09.01 22:02:50.384,0.83783,0.83801,0.10,0.19
2014.09.01 22:02:50.806,0.83783,0.83799,0.10,0.37
2014.09.01 22:02:56.965,0.83784,0.83799,0.10,0.56
2014.09.01 22:02:57.471,0.83783,0.83799,0.10,0.37
2014.09.01 22:02:57.775,0.83785,0.83799,0.10,0.37
2014.09.01 22:02:58.379,0.83784,0.83799,0.10,0.37
2014.09.01 22:03:00.106,0.83784,0.838,0.15,1.12
2014.09.01 22:03:00.614,0.83785,0.83799,0.10,0.37
2014.09.01 22:03:01.171,0.83784,0.83799,0.10,0.37
2014.09.01 22:03:01.888,0.83785,0.83799,0.10,0.37
2014.09.01 22:03:02.398,0.83784,0.83799,0.15,0.37
2014.09.01 22:03:05.746,0.83784,0.83801,0.10,0.56
2014.09.01 22:03:06.693,0.83783,0.83801,0.10,0.56
2014.09.01 22:03:06.977,0.83785,0.83801,0.10,0.56
2014.09.01 22:03:07.468,0.83783,0.83801,0.10,0.56
2014.09.01 22:03:08.000,0.83784,0.83801,0.10,0.56
2014.09.01 22:03:09.407,0.83784,0.838,0.10,0.19
2014.09.01 22:03:10.550,0.83784,0.83801,0.10,0.56
2014.09.01 22:03:11.329,0.83783,0.83801,0.10,0.56
2014.09.01 22:03:11.988,0.83784,0.838,0.10,0.19
2014.09.01 22:03:12.532,0.83784,0.83801,0.10,0.56
2014.09.01 22:03:13.186,0.83783,0.83801,0.10,0.56
2014.09.01 22:03:13.969,0.83784,0.838,0.10,0.19
2014.09.01 22:03:14.527,0.83784,0.83801,0.10,0.56
2014.09.01 22:03:15.290,0.83783,0.83801,0.10,0.56
2014.09.01 22:03:15.845,0.83783,0.838,0.10,0.19
2014.09.01 22:03:18.882,0.83783,0.83799,0.10,0.37
2014.09.01 22:03:19.606,0.83784,0.83799,0.10,0.37
2014.09.01 22:03:28.798,0.83783,0.83799,0.10,0.37
2014.09.01 22:03:29.306,0.83784,0.838,0.10,0.56
2014.09.01 22:03:29.822,0.83785,0.838,0.10,0.19
2014.09.01 22:03:30.377,0.83785,0.83801,0.10,0.37
2014.09.01 22:03:31.087,0.83784,0.83801,0.10,0.37
2014.09.01 22:03:32.514,0.83785,0.83801,0.15,0.37
2014.09.01 22:03:33.061,0.83784,0.83801,0.10,0.37
2014.09.01 22:03:33.569,0.83785,0.83801,0.10,0.37
2014.09.01 22:03:34.105,0.83784,0.83801,0.10,0.37
2014.09.01 22:03:37.895,0.83785,0.83801,0.10,0.56
2014.09.01 22:03:38.396,0.83784,0.83801,0.15,0.37
2014.09.01 22:03:39.933,0.83785,0.83801,0.10,0.37
2014.09.01 22:03:40.451,0.83786,0.83801,0.10,0.37
2014.09.01 22:03:42.178,0.83786,0.838,0.10,0.19
2014.09.01 22:03:47.187,0.83786,0.83801,0.10,0.56
2014.09.01 22:03:47.699,0.83786,0.838,0.10,0.37
2014.09.01 22:03:57.932,0.83786,0.83799,0.10,0.19
2014.09.01 22:03:58.921,0.83786,0.838,0.10,0.56
2014.09.01 22:04:01.965,0.83786,0.83801,0.10,0.56
2014.09.01 22:04:09.145,0.83781,0.83803,2.89,2.96
2014.09.01 22:04:14.848,0.83781,0.83803,5.14,3.34
2014.09.01 22:04:16.196,0.83781,0.83802,4.76,1.66
2014.09.01 22:04:32.992,0.83781,0.83804,4.01,3.71
2014.09.01 22:04:34.925,0.83781,0.83804,4.39,3.71
2014.09.01 22:04:37.008,0.83781,0.83802,4.39,1.66
2014.09.01 22:04:40.495,0.8378,0.83802,2.81,2.06
2014.09.01 22:04:46.511,0.8378,0.838,1.62,1.31
2014.09.01 22:04:46.627,0.8378,0.83802,1.56,1.56
2014.09.01 22:04:50.608,0.83779,0.83802,2.44,2.06
2014.09.01 22:04:52.614,0.83781,0.83803,1.31,1.56
2014.09.01 22:04:54.618,0.83781,0.83801,2.06,1.56
2014.09.01 22:04:55.669,0.83781,0.83803,2.06,1.56
2014.09.01 22:04:56.641,0.83781,0.83802,2.06,1.56
2014.09.01 22:04:58.106,0.83783,0.83802,1.00,1.56
2014.09.01 22:05:03.584,0.83781,0.83803,2.06,1.56
2014.09.01 22:05:04.122,0.83781,0.83802,1.87,1.56
2014.09.01 22:05:04.673,0.83781,0.83802,2.06,1.56
2014.09.01 22:05:08.674,0.8378,0.83802,1.66,1.56
2014.09.01 22:05:13.093,0.83782,0.83802,1.00,1.56
2014.09.01 22:05:13.800,0.83782,0.83802,1.25,1.56
2014.09.01 22:05:14.760,0.83782,0.83803,1.00,2.06
2014.09.01 22:05:18.776,0.83782,0.83801,1.00,1.56
2014.09.01 22:05:19.905,0.83782,0.83802,1.25,1.56
2014.09.01 22:05:23.025,0.83781,0.83803,5.14,2.06
2014.09.01 22:05:23.706,0.83782,0.83803,2.51,2.14
2014.09.01 22:05:24.931,0.83783,0.83803,2.32,1.66
2014.09.01 22:05:25.686,0.83782,0.83804,4.69,2.96
2014.09.01 22:05:25.990,0.83784,0.83804,2.70,2.44
2014.09.01 22:05:26.528,0.83784,0.83803,2.32,1.56
2014.09.01 22:05:33.404,0.83783,0.83802,1.15,2.14
2014.09.01 22:05:36.006,0.83783,0.83801,1.15,1.56
2014.09.01 22:05:36.603,0.83784,0.83801,3.82,1.56
2014.09.01 22:05:36.655,0.83784,0.83804,4.39,1.19
2014.09.01 22:05:36.706,0.83787,0.83804,2.32,1.19
2014.09.01 22:05:38.613,0.83787,0.83805,2.32,2.06
2014.09.01 22:05:41.636,0.83787,0.83805,2.32,2.06
2014.09.01 22:05:48.275,0.83787,0.83805,2.32,2.06
2014.09.01 22:05:48.680,0.83791,0.8381,1.07,1.60
2014.09.01 22:05:48.731,0.83791,0.8381,3.00,1.45
2014.09.01 22:05:48.782,0.83791,0.8381,3.26,1.62
2014.09.01 22:05:49.288,0.83793,0.83813,1.15,1.74
2014.09.01 22:05:49.389,0.8379,0.83813,1.99,1.84
2014.09.01 22:05:49.896,0.8379,0.83813,1.84,1.71
2014.09.01 22:05:52.860,0.8379,0.83812,1.84,1.71
2014.09.01 22:06:14.940,0.83797,0.83812,1.00,1.71
2014.09.01 22:06:15.246,0.83802,0.83817,2.32,1.50
2014.09.01 22:06:15.550,0.838,0.8382,3.26,1.76
2014.09.01 22:06:15.651,0.83804,0.83819,1.57,1.25
2014.09.01 22:06:15.854,0.83805,0.83827,2.51,2.59
2014.09.01 22:06:16.058,0.83808,0.83827,2.32,1.39
2014.09.01 22:06:16.160,0.83806,0.83826,4.50,1.19
2014.09.01 22:06:16.666,0.83811,0.83825,2.32,1.00
2014.09.01 22:06:16.971,0.83809,0.83825,4.50,1.00
2014.09.01 22:06:17.496,0.83809,0.83826,2.44,1.00
2014.09.01 22:06:18.028,0.83813,0.83826,1.15,1.00
2014.09.01 22:06:18.181,0.83814,0.83827,1.20,1.00
2014.09.01 22:06:18.587,0.83815,0.8383,2.32,1.19
2014.09.01 22:06:18.638,0.83815,0.83833,2.32,1.19
2014.09.01 22:06:19.348,0.8382,0.83835,1.20,1.19
2014.09.01 22:06:19.702,0.83815,0.83839,3.64,1.71
2014.09.01 22:06:19.804,0.83821,0.83842,2.25,3.45
2014.09.01 22:06:19.855,0.83822,0.83842,1.15,1.20
2014.09.01 22:06:20.361,0.83823,0.83844,1.27,2.21
2014.09.01 22:06:21.047,0.83822,0.83841,1.15,1.56
2014.09.01 22:06:21.149,0.83818,0.83841,1.46,1.71
2014.09.01 22:06:21.352,0.83817,0.83838,1.34,1.46
2014.09.01 22:06:21.656,0.83821,0.8384,2.32,1.19
2014.09.01 22:06:21.808,0.83821,0.83842,2.51,1.29
2014.09.01 22:06:22.854,0.83821,0.83844,2.51,1.46
2014.09.01 22:06:23.478,0.8382,0.83844,5.14,4.01
2014.09.01 22:06:23.530,0.83818,0.83841,3.64,1.71
2014.09.01 22:06:23.581,0.83818,0.83841,1.34,3.26
2014.09.01 22:06:23.632,0.83818,0.83841,1.34,3.26
2014.09.01 22:06:24.636,0.83818,0.83838,1.40,1.34
2014.09.01 22:06:27.677,0.83817,0.83838,1.46,1.34
2014.09.01 22:06:28.182,0.83817,0.83838,1.36,1.34
2014.09.01 22:06:31.555,0.83816,0.83835,1.15,1.36
2014.09.01 22:06:31.910,0.83814,0.83834,2.40,1.29
2014.09.01 22:06:32.012,0.83814,0.83834,1.65,1.29
2014.09.01 22:06:33.536,0.83816,0.83834,1.15,1.01
2014.09.01 22:06:33.811,0.83816,0.83834,1.90,1.01
2014.09.01 22:06:34.533,0.83816,0.83834,2.15,1.29
2014.09.01 22:06:35.680,0.83816,0.83834,1.90,1.01
2014.09.01 22:06:37.100,0.83816,0.83837,1.15,1.34
2014.09.01 22:06:45.659,0.83814,0.83835,2.02,1.36
2014.09.01 22:06:46.661,0.83814,0.83836,2.21,1.34
2014.09.01 22:06:48.137,0.83816,0.83837,1.90,1.34
2014.09.01 22:06:48.673,0.83816,0.83838,2.15,1.34
2014.09.01 22:06:52.950,0.83816,0.83838,2.15,3.26
2014.09.01 22:06:53.731,0.83816,0.83838,2.59,1.34
2014.09.01 22:06:55.532,0.83822,0.83839,1.75,3.26
2014.09.01 22:06:55.584,0.83823,0.8384,1.75,1.34
2014.09.01 22:06:55.686,0.83825,0.8384,2.32,1.29
2014.09.01 22:06:55.737,0.83826,0.8384,1.85,1.29
2014.09.01 22:06:56.093,0.83826,0.83844,1.85,1.34
2014.09.01 22:06:56.144,0.83826,0.83844,1.47,1.84
2014.09.01 22:06:59.179,0.83825,0.83843,1.07,1.34
2014.09.01 22:06:59.382,0.83823,0.83843,2.15,1.34
2014.09.01 22:06:59.889,0.83823,0.83843,1.09,1.34
2014.09.01 22:07:00.431,0.83823,0.83843,1.90,1.34
2014.09.01 22:07:02.257,0.83822,0.83844,3.34,1.34
2014.09.01 22:07:03.379,0.83823,0.83844,1.90,1.34
2014.09.01 22:07:03.886,0.83822,0.83844,2.59,1.34
2014.09.01 22:07:09.138,0.83823,0.83843,2.15,1.34
2014.09.01 22:07:13.141,0.83823,0.83845,2.59,1.34
2014.09.01 22:07:16.137,0.83824,0.83846,1.09,1.34
2014.09.01 22:07:17.787,0.83824,0.83846,1.09,1.34
2014.09.01 22:07:18.087,0.83824,0.83845,1.01,3.26
2014.09.01 22:07:18.726,0.83824,0.83845,1.01,3.26
2014.09.01 22:07:25.499,0.83822,0.83844,1.01,1.29
2014.09.01 22:07:26.059,0.83823,0.83842,2.14,1.19
2014.09.01 22:07:26.110,0.83823,0.83842,1.39,1.19
2014.09.01 22:07:27.281,0.83821,0.83842,2.96,1.19
2014.09.01 22:07:27.434,0.83822,0.83842,1.01,1.19
2014.09.01 22:07:29.288,0.83825,0.83845,1.94,1.36
2014.09.01 22:07:29.339,0.83828,0.83845,1.12,1.19
2014.09.01 22:07:30.678,0.83825,0.83844,2.00,1.19
2014.09.01 22:07:36.791,0.83825,0.83845,2.44,1.29
2014.09.01 22:07:37.778,0.83825,0.83844,2.44,1.19
2014.09.01 22:07:44.471,0.83825,0.83844,2.44,1.19
2014.09.01 22:07:44.827,0.83825,0.83846,3.19,1.36
2014.09.01 22:07:45.842,0.83825,0.83845,2.44,1.29
2014.09.01 22:07:46.175,0.83827,0.83845,2.25,1.19
2014.09.01 22:07:46.226,0.83829,0.83847,1.94,1.34
2014.09.01 22:07:46.277,0.83829,0.83847,1.94,1.19
2014.09.01 22:07:46.480,0.8383,0.83847,1.94,1.19
2014.09.01 22:07:47.087,0.83829,0.83848,1.66,1.19
2014.09.01 22:07:47.138,0.83831,0.83852,1.19,1.46
2014.09.01 22:07:48.098,0.83832,0.83853,1.19,1.36
2014.09.01 22:07:49.103,0.83833,0.83852,1.19,1.29
2014.09.01 22:07:50.146,0.83832,0.83853,1.19,1.36
2014.09.01 22:07:51.125,0.83834,0.83853,1.19,1.29
2014.09.01 22:07:53.148,0.83833,0.83854,1.19,1.46
2014.09.01 22:07:55.148,0.83834,0.83853,1.19,1.29
2014.09.01 22:07:57.152,0.83833,0.83854,1.19,1.46
2014.09.01 22:08:00.125,0.83833,0.83854,1.19,1.46
2014.09.01 22:08:02.130,0.83835,0.83854,1.19,2.96
2014.09.01 22:08:07.143,0.83834,0.83857,1.19,2.29
2014.09.01 22:08:09.183,0.83835,0.83854,1.19,1.46
2014.09.01 22:08:10.149,0.83834,0.83855,1.19,1.71
2014.09.01 22:08:14.910,0.83839,0.83858,1.25,2.96
2014.09.01 22:08:15.012,0.83839,0.83859,1.25,1.91
2014.09.01 22:08:15.938,0.83839,0.83858,1.25,1.41
2014.09.01 22:08:16.491,0.8384,0.83858,1.25,1.26
2014.09.01 22:08:16.961,0.8384,0.83858,1.62,1.34
2014.09.01 22:08:17.482,0.83843,0.83858,1.25,1.32
2014.09.01 22:08:21.185,0.83841,0.83858,1.62,1.09
2014.09.01 22:08:21.795,0.83841,0.83858,1.62,1.47
2014.09.01 22:08:23.434,0.83842,0.83858,1.31,1.27
2014.09.01 22:08:25.306,0.83843,0.83858,1.25,1.07
2014.09.01 22:08:28.306,0.83842,0.83858,1.31,1.07
2014.09.01 22:08:34.306,0.83844,0.83858,1.25,1.07
2014.09.01 22:08:34.830,0.83844,0.83858,1.25,1.07
2014.09.01 22:08:34.881,0.83844,0.83858,1.62,1.00
2014.09.01 22:08:35.084,0.83844,0.83858,2.00,1.00
2014.09.01 22:08:35.135,0.83844,0.8386,2.00,1.00
2014.09.01 22:08:35.592,0.83846,0.83866,1.25,2.21
2014.09.01 22:08:36.607,0.83848,0.83865,1.25,1.09
2014.09.01 22:08:39.452,0.83848,0.83865,1.25,1.01
2014.09.01 22:08:39.779,0.8385,0.83865,1.25,1.31
2014.09.01 22:08:40.301,0.8385,0.83865,1.25,1.46
2014.09.01 22:08:40.617,0.83847,0.83865,1.19,1.46
2014.09.01 22:08:41.162,0.83847,0.83867,1.19,1.57
2014.09.01 22:08:41.712,0.83848,0.83867,1.19,1.46
2014.09.01 22:08:44.745,0.83848,0.83866,1.31,1.34
2014.09.01 22:08:45.254,0.83848,0.83866,1.62,1.51
2014.09.01 22:08:46.670,0.83845,0.83864,1.56,2.51
2014.09.01 22:08:47.678,0.83845,0.83864,1.56,1.29
2014.09.01 22:08:48.684,0.83845,0.83866,1.56,2.59
2014.09.01 22:08:49.656,0.83844,0.83865,1.69,1.84
2014.09.01 22:08:50.642,0.83844,0.83865,1.69,1.84
2014.09.01 22:08:51.584,0.83842,0.83862,1.09,1.19
2014.09.01 22:08:52.693,0.83842,0.83862,2.14,1.19
2014.09.01 22:09:00.638,0.83842,0.83863,2.14,1.19
2014.09.01 22:09:01.174,0.83842,0.83862,2.04,1.29
2014.09.01 22:09:02.676,0.83841,0.83861,1.94,1.19
2014.09.01 22:09:03.704,0.83842,0.83862,1.94,1.19
2014.09.01 22:09:04.674,0.83843,0.83861,1.94,1.19
2014.09.01 22:09:07.919,0.83844,0.83863,1.09,1.36
2014.09.01 22:09:08.486,0.83844,0.83863,1.09,1.34
2014.09.01 22:09:10.932,0.8385,0.83866,1.00,1.67
2014.09.01 22:09:11.439,0.8385,0.83868,1.07,1.46
2014.09.01 22:09:12.798,0.8385,0.83868,1.76,1.46
2014.09.01 22:09:13.801,0.8385,0.83868,1.25,1.46
2014.09.01 22:09:15.044,0.83851,0.83868,1.00,1.46
2014.09.01 22:09:15.298,0.83851,0.83868,1.20,1.46
2014.09.01 22:09:15.703,0.83851,0.83871,2.21,2.21
2014.09.01 22:09:16.006,0.83853,0.83873,1.74,1.15
2014.09.01 22:09:16.209,0.83851,0.83872,2.96,2.21
2014.09.01 22:09:16.514,0.83851,0.83872,1.84,2.21
2014.09.01 22:09:17.614,0.83851,0.83871,1.34,2.21
2014.09.01 22:09:18.635,0.83851,0.8387,1.36,1.77
2014.09.01 22:09:19.137,0.83849,0.83869,1.34,1.46
2014.09.01 22:09:19.948,0.83848,0.83869,1.84,1.71
2014.09.01 22:09:20.253,0.83848,0.83869,1.29,3.64
2014.09.01 22:09:20.839,0.83848,0.83869,1.36,1.71
2014.09.01 22:09:24.789,0.83849,0.83868,1.01,1.34
2014.09.01 22:09:25.540,0.83847,0.83867,1.74,1.34
2014.09.01 22:09:26.082,0.83846,0.83867,2.96,1.84
2014.09.01 22:09:26.859,0.83846,0.83867,2.96,1.84
2014.09.01 22:09:30.640,0.83847,0.83865,1.09,1.09
2014.09.01 22:09:30.944,0.83843,0.83863,1.84,1.34
2014.09.01 22:09:31.452,0.83843,0.83863,1.09,1.34
2014.09.01 22:09:32.097,0.83843,0.83862,1.09,1.34
2014.09.01 22:09:36.152,0.83842,0.83862,1.34,1.36
2014.09.01 22:09:38.800,0.83842,0.83861,1.34,1.26
2014.09.01 22:09:40.822,0.83843,0.83861,1.34,1.26
2014.09.01 22:09:41.581,0.83843,0.83859,1.34,1.00
2014.09.01 22:09:41.683,0.83839,0.83859,1.84,1.36
2014.09.01 22:09:41.784,0.83839,0.83859,1.76,1.34
2014.09.01 22:09:41.936,0.83835,0.83856,1.34,1.84
2014.09.01 22:09:42.189,0.83835,0.83856,1.34,1.84
2014.09.01 22:09:42.779,0.83835,0.83856,1.34,1.34
2014.09.01 22:09:43.362,0.83834,0.83855,1.34,1.34
2014.09.01 22:09:45.265,0.83833,0.83854,1.36,2.59
2014.09.01 22:09:45.920,0.83832,0.83853,1.46,1.34
2014.09.01 22:09:48.000,0.83831,0.83852,2.21,1.34
2014.09.01 22:09:48.203,0.83831,0.83852,2.21,1.34
2014.09.01 22:09:51.305,0.83832,0.83852,3.64,1.26
2014.09.01 22:09:51.961,0.83833,0.83854,1.34,1.84
2014.09.01 22:09:52.569,0.83836,0.83855,1.84,1.77
2014.09.01 22:09:52.724,0.83836,0.83857,2.21,1.71
2014.09.01 22:09:53.307,0.83836,0.83857,1.46,1.71
2014.09.01 22:09:53.894,0.83836,0.83857,1.46,1.71
2014.09.01 22:09:54.096,0.83836,0.83857,1.46,1.71
2014.09.01 22:09:54.622,0.83837,0.83856,1.29,1.71
2014.09.01 22:09:58.554,0.83836,0.83857,1.84,1.71
2014.09.01 22:09:59.598,0.83837,0.83856,1.29,1.46
2014.09.01 22:10:00.741,0.83837,0.83857,1.19,2.89
2014.09.01 22:10:00.893,0.83836,0.83853,1.10,1.36
2014.09.01 22:10:00.944,0.83833,0.83848,1.26,2.25
2014.09.01 22:10:00.995,0.83833,0.83848,1.00,2.51
2014.09.01 22:10:01.199,0.83828,0.83848,1.26,2.51
2014.09.01 22:10:01.515,0.83828,0.83849,1.36,1.34
2014.09.01 22:10:02.405,0.83827,0.83848,1.34,1.34
2014.09.01 22:10:03.436,0.83826,0.83847,1.34,1.71
2014.09.01 22:10:04.377,0.83828,0.83847,1.29,1.71
2014.09.01 22:10:05.417,0.83826,0.83847,1.34,1.71
2014.09.01 22:10:12.829,0.83826,0.83846,1.34,1.46
2014.09.01 22:10:13.342,0.83827,0.83846,1.09,1.34
2014.09.01 22:10:13.751,0.83828,0.83847,1.29,1.34
2014.09.01 22:10:14.258,0.83831,0.83847,1.00,1.74
2014.09.01 22:10:14.765,0.83831,0.83847,1.00,1.74
2014.09.01 22:10:15.120,0.83832,0.8385,1.19,1.77
2014.09.01 22:10:16.151,0.83832,0.8385,1.25,1.71
2014.09.01 22:10:17.110,0.83832,0.8385,1.69,1.52
2014.09.01 22:10:18.824,0.83832,0.83852,1.84,1.46
2014.09.01 22:10:20.117,0.83832,0.83851,1.09,1.34
2014.09.01 22:10:22.141,0.83832,0.83851,1.01,1.34
2014.09.01 22:10:23.075,0.83832,0.83851,1.40,1.66
2014.09.01 22:10:23.227,0.83837,0.83855,1.15,2.21
2014.09.01 22:10:23.379,0.83834,0.83855,1.71,1.84
2014.09.01 22:10:23.582,0.83835,0.83854,1.19,2.51
2014.09.01 22:10:24.151,0.83834,0.83855,1.26,4.01
2014.09.01 22:10:24.662,0.83833,0.83852,1.84,1.36
2014.09.01 22:10:26.972,0.83833,0.83852,1.29,3.64
2014.09.01 22:10:27.669,0.83831,0.83852,1.84,3.26
2014.09.01 22:10:28.685,0.83832,0.83852,1.36,2.51
2014.09.01 22:10:30.658,0.83831,0.83852,1.84,3.26
2014.09.01 22:10:31.647,0.83832,0.83851,1.36,1.34
2014.09.01 22:10:32.695,0.8383,0.8385,1.46,1.34
2014.09.01 22:10:33.202,0.8383,0.8385,1.34,2.21
2014.09.01 22:10:39.773,0.83829,0.83849,1.46,1.46
2014.09.01 22:10:42.197,0.83828,0.83849,1.71,1.46
2014.09.01 22:10:43.802,0.83826,0.83847,1.84,1.34
2014.09.01 22:10:44.774,0.83826,0.83846,1.34,1.36
2014.09.01 22:10:45.997,0.83825,0.83846,1.34,1.36
2014.09.01 22:10:46.778,0.83824,0.83845,1.84,1.36
2014.09.01 22:10:53.819,0.83824,0.83843,1.84,1.19
2014.09.01 22:10:56.130,0.83826,0.83847,1.34,2.21
2014.09.01 22:10:58.111,0.83826,0.83845,1.34,1.36
2014.09.01 22:11:00.116,0.83825,0.83844,1.34,1.29
2014.09.01 22:11:01.108,0.83824,0.83845,2.59,1.36
2014.09.01 22:11:03.112,0.83824,0.83844,1.34,1.29
2014.09.01 22:11:05.141,0.83827,0.83846,1.34,1.34
2014.09.01 22:11:05.647,0.83827,0.83846,1.36,1.34
2014.09.01 22:11:14.137,0.83828,0.83848,1.26,2.89
2014.09.01 22:11:14.240,0.83828,0.83849,1.26,1.71
2014.09.01 22:11:14.341,0.83828,0.83848,1.36,2.89
2014.09.01 22:11:15.140,0.83826,0.83847,1.34,1.46
2014.09.01 22:11:24.257,0.83826,0.83847,1.34,1.46
2014.09.01 22:11:24.359,0.83826,0.83847,1.34,1.46
2014.09.01 22:11:24.997,0.83826,0.83847,1.34,1.46
2014.09.01 22:11:25.199,0.83826,0.83847,1.34,1.46
2014.09.01 22:11:25.554,0.83826,0.83847,1.34,1.46
2014.09.01 22:11:27.265,0.83826,0.83847,1.34,1.46
2014.09.01 22:11:28.267,0.83825,0.83846,1.34,1.34
2014.09.01 22:11:28.900,0.83825,0.83846,1.34,1.34
2014.09.01 22:11:30.198,0.83826,0.83847,1.34,1.46
2014.09.01 22:11:30.720,0.83826,0.83847,1.34,1.46
2014.09.01 22:11:31.265,0.83826,0.83847,1.34,1.46
2014.09.01 22:11:32.215,0.83826,0.83845,1.34,1.36
2014.09.01 22:11:33.175,0.83826,0.83847,1.34,1.46
2014.09.01 22:11:33.541,0.83826,0.83835,1.34,1.00
2014.09.01 22:11:34.778,0.83824,0.83835,1.34,1.00
2014.09.01 22:11:36.790,0.83823,0.83835,1.34,1.00
2014.09.01 22:11:37.789,0.83825,0.83835,1.39,1.00
2014.09.01 22:11:38.271,0.83825,0.83846,1.39,5.81
2014.09.01 22:11:38.423,0.83825,0.83846,1.34,1.46
2014.09.01 22:11:38.727,0.83825,0.83831,1.10,1.00
2014.09.01 22:11:39.233,0.83824,0.83831,1.36,1.00
2014.09.01 22:11:39.808,0.83823,0.83831,1.34,1.00
2014.09.01 22:11:52.020,0.83824,0.83831,1.36,1.00
2014.09.01 22:11:52.072,0.83824,0.83843,1.36,1.34
2014.09.01 22:11:52.123,0.83824,0.83843,1.34,1.19
2014.09.01 22:11:53.523,0.83826,0.83847,1.34,1.46
2014.09.01 22:12:05.196,0.83827,0.83848,1.36,1.71
2014.09.01 22:12:06.151,0.83826,0.83847,1.34,1.46
2014.09.01 22:12:06.253,0.83826,0.83847,1.29,3.64
2014.09.01 22:12:06.759,0.83826,0.83847,1.36,1.46
2014.09.01 22:12:09.158,0.83824,0.83845,1.34,1.34
2014.09.01 22:12:09.695,0.83824,0.83845,1.34,1.34
2014.09.01 22:12:09.999,0.83824,0.83845,1.34,1.34
2014.09.01 22:12:17.280,0.83823,0.83844,1.84,1.34
2014.09.01 22:12:17.816,0.83823,0.83844,1.84,1.36
2014.09.01 22:12:18.883,0.83825,0.83846,1.34,1.34
2014.09.01 22:12:19.749,0.83827,0.83846,1.29,1.34
2014.09.01 22:12:20.765,0.83826,0.83847,1.36,1.46
2014.09.01 22:12:21.739,0.83827,0.83847,1.29,1.46
2014.09.01 22:12:22.762,0.83825,0.83846,1.34,1.34
2014.09.01 22:12:23.382,0.83825,0.83846,1.36,1.71
2014.09.01 22:12:23.918,0.83824,0.83845,1.34,1.34
2014.09.01 22:12:24.479,0.83824,0.83845,1.34,1.34
2014.09.01 22:12:24.993,0.83824,0.83845,1.34,1.34
2014.09.01 22:12:25.779,0.83825,0.83846,1.36,1.34
2014.09.01 22:12:28.757,0.83824,0.83845,1.34,1.34
2014.09.01 22:12:31.492,0.83824,0.83845,1.34,1.34
2014.09.01 22:12:32.127,0.83826,0.83846,1.34,1.46
2014.09.01 22:12:33.552,0.83826,0.83845,1.34,1.29
2014.09.01 22:12:34.106,0.83826,0.83845,1.36,1.34
2014.09.01 22:12:34.641,0.83826,0.83845,1.29,1.34
2014.09.01 22:12:34.793,0.83824,0.83845,1.34,1.34
2014.09.01 22:12:35.707,0.83824,0.83845,1.34,1.34
2014.09.01 22:12:39.591,0.83826,0.83847,1.36,2.21
2014.09.01 22:12:40.586,0.83825,0.83846,1.34,1.34
2014.09.01 22:12:41.639,0.83825,0.83844,1.34,1.36
2014.09.01 22:12:42.592,0.83824,0.83845,1.34,1.34
2014.09.01 22:12:42.753,0.83824,0.83845,1.34,1.34
2014.09.01 22:12:43.271,0.83824,0.83845,1.34,1.34
2014.09.01 22:12:43.322,0.83827,0.83848,1.34,1.71
2014.09.01 22:12:43.931,0.83827,0.83848,1.36,1.71
2014.09.01 22:12:44.449,0.83827,0.83847,1.36,1.46
2014.09.01 22:12:44.992,0.83828,0.83847,1.40,1.39
2014.09.01 22:12:45.498,0.83831,0.83847,1.20,1.29
2014.09.01 22:12:45.650,0.83831,0.83852,2.59,1.34
2014.09.01 22:12:45.753,0.83832,0.83852,1.34,1.34
2014.09.01 22:13:02.156,0.83832,0.83853,1.34,1.34
2014.09.01 22:13:02.684,0.83831,0.83852,1.34,1.34
2014.09.01 22:13:03.794,0.83831,0.83852,1.34,1.34
2014.09.01 22:13:08.908,0.83832,0.83851,1.36,1.34
2014.09.01 22:13:10.663,0.8383,0.83851,1.46,1.34
2014.09.01 22:13:11.288,0.8383,0.83851,1.46,1.34
2014.09.01 22:13:12.275,0.83832,0.83851,1.34,1.36
2014.09.01 22:13:13.909,0.8383,0.83851,1.46,1.34
2014.09.01 22:13:14.669,0.83831,0.83852,1.34,1.34
2014.09.01 22:13:21.023,0.83831,0.83852,1.34,1.34
2014.09.01 22:13:21.650,0.83831,0.83852,1.34,1.34
2014.09.01 22:13:29.209,0.83831,0.83852,1.34,1.34
2014.09.01 22:13:29.905,0.83831,0.83852,1.34,1.46
2014.09.01 22:13:37.038,0.83831,0.83852,1.34,1.34
2014.09.01 22:13:37.924,0.83831,0.83852,1.34,1.46
2014.09.01 22:13:38.946,0.83831,0.83852,1.34,1.46
2014.09.01 22:13:39.906,0.83831,0.83851,1.34,1.36
2014.09.01 22:13:40.844,0.83831,0.83852,1.34,1.46
2014.09.01 22:13:42.876,0.83832,0.83851,1.34,1.36
2014.09.01 22:13:43.179,0.83832,0.83851,2.21,1.19
2014.09.01 22:13:43.866,0.83832,0.83853,1.34,1.84
2014.09.01 22:13:43.917,0.83832,0.83853,1.34,1.84
2014.09.01 22:13:45.058,0.83832,0.83853,1.36,1.46
2014.09.01 22:13:45.932,0.83832,0.83853,1.34,1.46
2014.09.01 22:13:46.236,0.83832,0.83853,1.34,1.46
2014.09.01 22:13:46.439,0.83832,0.83853,1.34,1.34
2014.09.01 22:13:46.946,0.83833,0.83854,1.36,3.26
2014.09.01 22:13:47.859,0.83835,0.83853,1.29,1.46
2014.09.01 22:13:48.382,0.83835,0.83853,1.19,3.64
2014.09.01 22:13:48.433,0.83835,0.83853,1.19,1.46
2014.09.01 22:13:48.889,0.83833,0.83854,1.29,3.64
2014.09.01 22:13:50.245,0.83833,0.83854,1.36,1.71
2014.09.01 22:13:50.753,0.83833,0.83854,1.29,3.64
2014.09.01 22:13:51.858,0.83834,0.83853,1.19,1.71
2014.09.01 22:13:52.879,0.83832,0.83853,1.84,1.71
2014.09.01 22:13:56.328,0.83832,0.83853,1.84,1.71
2014.09.01 22:13:56.933,0.83832,0.83853,1.84,1.71
2014.09.01 22:13:57.902,0.83831,0.83852,1.34,1.46
2014.09.01 22:13:58.924,0.83831,0.8385,1.34,1.36
2014.09.01 22:14:02.761,0.83831,0.8385,1.34,1.39
2014.09.01 22:14:04.262,0.83831,0.8385,1.34,1.26
2014.09.01 22:14:04.363,0.83831,0.8385,1.34,1.26
2014.09.01 22:14:05.459,0.83831,0.8385,1.34,1.36
2014.09.01 22:14:05.931,0.83831,0.83852,1.34,1.34
2014.09.01 22:14:06.488,0.83831,0.83852,1.34,1.34
2014.09.01 22:14:06.991,0.83831,0.83852,1.34,1.34
2014.09.01 22:14:11.367,0.83831,0.83852,1.34,1.34
2014.09.01 22:14:11.998,0.83831,0.83852,1.34,1.34
2014.09.01 22:14:12.949,0.83831,0.83852,1.34,1.34
2014.09.01 22:14:13.455,0.83832,0.83853,1.36,1.46
2014.09.01 22:14:14.010,0.8383,0.83851,1.34,1.34
2014.09.01 22:14:14.267,0.8383,0.83851,3.26,1.34
2014.09.01 22:14:14.774,0.8383,0.83851,1.34,1.36
2014.09.01 22:14:15.314,0.83831,0.83852,1.34,1.34
2014.09.01 22:14:15.821,0.83831,0.83852,1.34,1.34
2014.09.01 22:14:16.170,0.83833,0.83852,1.26,1.34
2014.09.01 22:14:16.880,0.83833,0.83852,1.39,1.34
2014.09.01 22:14:17.033,0.83831,0.83852,1.34,1.34
2014.09.01 22:14:17.539,0.83831,0.83852,1.34,1.34
2014.09.01 22:14:18.220,0.83832,0.83853,1.36,1.46
2014.09.01 22:14:19.181,0.83832,0.83853,1.36,1.46
2014.09.01 22:14:19.484,0.83832,0.83853,1.34,3.64
2014.09.01 22:14:19.586,0.83832,0.83853,1.36,1.46
2014.09.01 22:14:20.117,0.83833,0.83852,1.34,1.34
2014.09.01 22:14:21.189,0.83833,0.83852,1.36,1.34
2014.09.01 22:14:23.050,0.83832,0.83853,1.36,1.46
2014.09.01 22:14:24.907,0.83832,0.83853,1.36,1.46
2014.09.01 22:14:25.059,0.83831,0.83852,1.34,1.34
2014.09.01 22:14:25.466,0.83831,0.83852,1.34,1.34
2014.09.01 22:14:26.178,0.83832,0.83853,1.34,2.21
2014.09.01 22:14:27.085,0.8383,0.83851,1.34,1.34
2014.09.01 22:14:40.010,0.8383,0.83851,1.34,1.34
2014.09.01 22:14:40.527,0.83832,0.83852,1.34,1.34
2014.09.01 22:14:41.081,0.83833,0.83852,1.36,1.34
2014.09.01 22:14:41.386,0.83833,0.83852,1.26,1.34
2014.09.01 22:14:41.488,0.83833,0.83852,1.26,1.34
2014.09.01 22:14:42.036,0.83833,0.83852,1.34,1.34
2014.09.01 22:14:43.071,0.83832,0.83853,1.34,1.46
2014.09.01 22:14:44.358,0.83832,0.83853,1.34,1.46
2014.09.01 22:14:45.117,0.83833,0.83852,1.36,1.34
2014.09.01 22:14:45.676,0.83833,0.83852,1.39,1.34
2014.09.01 22:14:46.385,0.83833,0.83852,1.36,1.34
2014.09.01 22:14:47.939,0.83833,0.83852,1.36,1.34
2014.09.01 22:14:48.041,0.83833,0.83852,1.26,1.34
2014.09.01 22:14:48.713,0.83833,0.83852,1.36,1.34
2014.09.01 22:14:49.118,0.83833,0.83852,1.34,1.19
2014.09.01 22:14:49.625,0.83833,0.83852,1.34,1.39
2014.09.01 22:14:50.132,0.83833,0.83854,1.34,1.34
2014.09.01 22:14:55.217,0.83834,0.83853,1.34,1.34
2014.09.01 22:14:59.202,0.83833,0.83854,1.34,1.34
2014.09.01 22:15:00.219,0.83832,0.83853,1.34,1.34
2014.09.01 22:15:08.139,0.83834,0.83853,1.34,1.26
2014.09.01 22:15:08.241,0.83834,0.83855,3.64,1.46
2014.09.01 22:15:09.253,0.83835,0.83856,1.46,1.71
2014.09.01 22:15:11.248,0.83835,0.83855,1.34,1.46
2014.09.01 22:15:12.230,0.83835,0.83856,1.34,1.71
2014.09.01 22:15:15.284,0.83834,0.83855,3.26,1.46
2014.09.01 22:15:15.797,0.83834,0.83855,1.34,1.46
2014.09.01 22:15:16.365,0.83835,0.83855,2.51,1.46
2014.09.01 22:15:17.265,0.83835,0.83856,3.26,1.71
2014.09.01 22:15:17.432,0.83835,0.83856,1.34,1.71
2014.09.01 22:15:18.256,0.83834,0.83855,1.34,1.46
2014.09.01 22:15:20.882,0.83834,0.83854,1.26,2.44
2014.09.01 22:15:20.984,0.83832,0.83851,1.29,1.34
2014.09.01 22:15:21.992,0.83831,0.83852,1.29,2.51
2014.09.01 22:15:22.878,0.83831,0.83853,1.26,5.81
2014.09.01 22:15:23.400,0.83832,0.83851,1.29,1.34
2014.09.01 22:15:24.003,0.8383,0.83851,1.34,1.34
2014.09.01 22:15:26.560,0.8383,0.8385,1.34,2.51
2014.09.01 22:15:27.063,0.83829,0.8385,1.36,3.26
2014.09.01 22:15:38.021,0.8383,0.83849,1.26,1.34
2014.09.01 22:15:46.117,0.83828,0.83849,1.34,1.34
2014.09.01 22:15:49.127,0.8383,0.83849,1.26,1.34
2014.09.01 22:15:52.142,0.83828,0.83849,1.34,1.34
2014.09.01 22:16:08.849,0.83832,0.8385,1.19,2.51
2014.09.01 22:16:11.858,0.83829,0.8385,1.36,4.01
2014.09.01 22:16:16.607,0.83831,0.8385,1.29,2.32
2014.09.01 22:16:17.579,0.83829,0.8385,1.36,3.26
2014.09.01 22:16:18.759,0.83828,0.83849,1.34,1.84
2014.09.01 22:16:19.012,0.83828,0.83849,1.34,1.34
2014.09.01 22:16:19.578,0.83829,0.8385,1.36,1.84
2014.09.01 22:16:23.766,0.83829,0.8385,1.39,4.01
2014.09.01 22:16:24.316,0.83829,0.83849,1.19,2.51
2014.09.01 22:16:25.602,0.83828,0.83848,1.29,1.34
2014.09.01 22:16:26.136,0.83828,0.83848,1.36,1.34
2014.09.01 22:16:28.261,0.83828,0.83848,1.36,2.51
2014.09.01 22:16:28.775,0.83828,0.83849,1.36,3.26
2014.09.01 22:16:32.635,0.83829,0.83848,1.26,1.34
2014.09.01 22:16:47.301,0.83829,0.83848,1.26,1.34
2014.09.01 22:16:47.402,0.83829,0.83848,3.26,1.26
2014.09.01 22:16:47.959,0.8383,0.83851,1.34,1.36
2014.09.01 22:16:48.774,0.83831,0.83851,2.51,1.29
2014.09.01 22:16:49.080,0.83833,0.83851,2.32,1.19
2014.09.01 22:16:49.369,0.83833,0.83853,2.51,1.76
2014.09.01 22:16:50.189,0.83832,0.83853,1.34,2.14
2014.09.01 22:16:50.240,0.83832,0.83853,1.34,2.21
2014.09.01 22:16:50.747,0.83831,0.83852,1.34,1.34
2014.09.01 22:16:52.193,0.83831,0.83852,1.34,1.34
2014.09.01 22:16:54.192,0.83831,0.83852,1.34,1.34
2014.09.01 22:16:56.181,0.83831,0.83852,1.34,1.34
2014.09.01 22:16:56.688,0.83833,0.83851,1.36,1.36
2014.09.01 22:16:58.396,0.83832,0.83853,1.34,2.21
2014.09.01 22:17:00.186,0.83832,0.83853,1.34,2.21
2014.09.01 22:17:00.753,0.83833,0.83854,1.29,2.89
2014.09.01 22:17:01.022,0.83833,0.83851,1.19,2.32
2014.09.01 22:17:01.073,0.83831,0.83851,1.26,2.51
2014.09.01 22:17:02.196,0.83829,0.8385,1.84,1.34
2014.09.01 22:17:03.065,0.83831,0.8385,1.36,1.34
2014.09.01 22:17:06.114,0.83829,0.83851,1.84,1.34
2014.09.01 22:17:07.194,0.83829,0.83851,1.84,1.34
2014.09.01 22:17:07.928,0.83829,0.83851,1.84,1.34
2014.09.01 22:17:08.447,0.8383,0.83851,1.34,1.34
2014.09.01 22:17:13.135,0.83829,0.83852,1.84,4.01
2014.09.01 22:17:14.126,0.8383,0.83849,1.36,1.34
2014.09.01 22:17:18.239,0.83829,0.8385,1.34,1.34
2014.09.01 22:17:20.201,0.8383,0.83851,1.36,1.34
2014.09.01 22:17:20.455,0.8383,0.83851,2.21,1.46
2014.09.01 22:17:20.968,0.83832,0.83851,1.77,1.36
2014.09.01 22:17:21.533,0.83834,0.83854,1.29,1.34
2014.09.01 22:17:32.524,0.83834,0.83855,1.29,4.39
2014.09.01 22:17:40.440,0.83832,0.83853,1.71,1.34
2014.09.01 22:17:40.541,0.83835,0.83855,1.19,2.89
2014.09.01 22:17:40.795,0.83835,0.83856,1.36,1.71
2014.09.01 22:17:40.846,0.83836,0.83856,1.36,2.14
2014.09.01 22:17:40.897,0.83836,0.83856,1.34,2.14
2014.09.01 22:17:42.788,0.83837,0.83858,1.36,2.96
2014.09.01 22:17:43.449,0.83836,0.83857,1.34,1.71
2014.09.01 22:17:44.045,0.83837,0.83856,1.34,1.71
2014.09.01 22:17:48.367,0.83835,0.83854,1.34,1.76
2014.09.01 22:17:48.468,0.83834,0.83854,1.34,1.71
2014.09.01 22:17:48.621,0.83834,0.83854,1.29,1.71
2014.09.01 22:17:49.403,0.83831,0.83852,1.34,1.34
2014.09.01 22:17:52.486,0.83831,0.83852,1.34,1.46
2014.09.01 22:17:56.693,0.8383,0.83851,1.34,1.36
2014.09.01 22:17:57.479,0.83832,0.83851,1.36,1.34
2014.09.01 22:18:04.510,0.8383,0.83851,1.34,1.71
2014.09.01 22:18:05.083,0.8383,0.83847,1.36,1.10
2014.09.01 22:18:05.133,0.83826,0.83847,4.76,1.76
2014.09.01 22:18:05.733,0.83826,0.83847,1.84,1.84
2014.09.01 22:18:06.604,0.83825,0.83846,1.46,1.46
2014.09.01 22:18:08.321,0.83825,0.83846,1.46,1.46
2014.09.01 22:18:08.524,0.83825,0.83846,1.34,1.34
2014.09.01 22:18:12.226,0.83824,0.83845,2.96,1.34
2014.09.01 22:18:18.226,0.83824,0.83845,1.34,1.34
2014.09.01 22:18:20.214,0.83824,0.83845,1.34,1.46
2014.09.01 22:19:02.088,0.83825,0.83846,1.34,1.46
2014.09.01 22:19:05.461,0.83824,0.83845,2.21,1.34
2014.09.01 22:19:07.600,0.83824,0.83845,2.21,1.34
2014.09.01 22:19:07.812,0.83824,0.83845,2.21,1.34
2014.09.01 22:19:08.416,0.83824,0.83845,2.21,1.34
2014.09.01 22:19:13.012,0.83824,0.83845,1.29,3.26
2014.09.01 22:19:13.522,0.83824,0.83844,1.19,2.51
2014.09.01 22:19:14.069,0.83823,0.83844,1.29,3.26
2014.09.01 22:19:14.991,0.83822,0.83843,2.59,1.34
2014.09.01 22:19:17.882,0.83822,0.83843,2.59,3.26
2014.09.01 22:19:20.223,0.83821,0.83842,1.46,1.34
2014.09.01 22:19:20.739,0.83821,0.83842,2.21,1.34
2014.09.01 22:19:21.507,0.83822,0.83843,1.36,1.46
2014.09.01 22:19:22.054,0.83823,0.83844,1.36,2.21
2014.09.01 22:19:23.986,0.83822,0.83843,1.84,1.46
2014.09.01 22:19:24.501,0.83822,0.83843,1.84,1.34
2014.09.01 22:19:25.006,0.83822,0.83843,1.84,1.34
2014.09.01 22:19:27.287,0.83822,0.83843,1.84,1.34
2014.09.01 22:19:27.791,0.83822,0.83843,1.84,1.34
2014.09.01 22:19:30.701,0.83822,0.83843,1.84,1.34
2014.09.01 22:19:31.222,0.83822,0.83842,1.36,1.34
2014.09.01 22:19:32.106,0.83823,0.83844,1.34,1.84
2014.09.01 22:19:32.609,0.83823,0.83844,1.29,4.39
2014.09.01 22:19:33.157,0.83822,0.83843,1.36,1.34
2014.09.01 22:19:35.918,0.83822,0.83843,1.34,1.34
2014.09.01 22:19:37.113,0.83822,0.83843,1.34,1.34
2014.09.01 22:19:37.830,0.83822,0.83843,1.34,1.34
2014.09.01 22:19:38.340,0.83822,0.83843,1.36,1.34
2014.09.01 22:19:40.094,0.83821,0.83842,1.84,1.34
2014.09.01 22:19:42.847,0.83821,0.83842,1.84,1.36
2014.09.01 22:19:43.353,0.83821,0.83842,1.84,1.34
2014.09.01 22:19:43.938,0.83822,0.83843,1.34,1.34
2014.09.01 22:19:44.613,0.83822,0.83843,1.34,1.34
2014.09.01 22:19:48.152,0.83823,0.83843,1.34,1.34
2014.09.01 22:19:48.950,0.83823,0.83844,1.84,3.64
2014.09.01 22:19:49.154,0.83823,0.83844,1.84,1.46
2014.09.01 22:19:49.962,0.83823,0.83844,1.84,1.46
2014.09.01 22:19:50.570,0.83823,0.83844,1.84,1.46
2014.09.01 22:20:01.739,0.83823,0.83844,1.84,1.34
2014.09.01 22:20:02.276,0.83823,0.83844,1.84,1.34
2014.09.01 22:20:03.280,0.83823,0.83844,1.84,1.34
2014.09.01 22:20:03.792,0.83823,0.83844,1.84,1.34
2014.09.01 22:20:07.061,0.83823,0.83844,1.84,1.34
2014.09.01 22:20:07.566,0.83823,0.83844,1.84,1.34
2014.09.01 22:20:09.761,0.83823,0.83844,1.84,1.36
2014.09.01 22:20:10.268,0.83826,0.83845,1.09,1.34
2014.09.01 22:20:11.443,0.83826,0.83845,1.09,1.34
2014.09.01 22:20:14.971,0.83826,0.83844,1.29,1.34
2014.09.01 22:20:16.156,0.83826,0.83844,1.36,1.36
2014.09.01 22:20:30.710,0.83824,0.83845,1.84,1.34
2014.09.01 22:20:30.912,0.83824,0.83845,2.21,1.34
2014.09.01 22:20:31.571,0.83824,0.83845,2.21,1.34
2014.09.01 22:20:31.825,0.83824,0.83845,2.21,1.34
2014.09.01 22:20:39.018,0.83825,0.83844,1.29,1.34
2014.09.01 22:20:42.510,0.83825,0.83844,1.34,1.36
2014.09.01 22:20:43.062,0.83825,0.83846,1.34,2.21
2014.09.01 22:20:45.042,0.83824,0.83845,1.46,1.46
2014.09.01 22:20:45.245,0.83824,0.83845,1.46,1.46
2014.09.01 22:20:57.111,0.83825,0.83846,1.34,4.39
2014.09.01 22:20:57.313,0.83825,0.83845,1.36,1.34
2014.09.01 22:20:58.362,0.83825,0.83846,1.36,2.21
2014.09.01 22:20:59.170,0.83824,0.83845,1.46,1.34
2014.09.01 22:20:59.963,0.83824,0.83845,1.46,1.34
2014.09.01 22:21:00.255,0.83824,0.83845,1.46,1.34
2014.09.01 22:21:08.331,0.83825,0.83836,1.36,1.00
2014.09.01 22:21:08.681,0.83822,0.83832,3.64,1.00
2014.09.01 22:21:08.731,0.83822,0.83832,1.46,1.00
2014.09.01 22:21:09.237,0.83822,0.83831,1.46,1.00
2014.09.01 22:21:20.882,0.8382,0.83831,1.71,1.00
2014.09.01 22:21:21.411,0.83821,0.83832,1.46,1.00
2014.09.01 22:21:25.193,0.8382,0.8383,1.36,1.00
2014.09.01 22:21:25.496,0.8382,0.83828,1.19,1.00
2014.09.01 22:21:26.445,0.83818,0.83828,1.36,1.00
2014.09.01 22:21:28.650,0.83817,0.83828,1.71,1.00
2014.09.01 22:21:29.572,0.83817,0.83828,2.21,1.00
2014.09.01 22:21:30.462,0.83819,0.83828,2.14,1.00
2014.09.01 22:21:39.377,0.83823,0.83838,1.19,1.15
2014.09.01 22:21:39.515,0.8382,0.83828,1.34,1.00
2014.09.01 22:21:42.258,0.8382,0.83828,1.40,1.00
2014.09.01 22:21:53.059,0.83821,0.83828,1.39,1.00
2014.09.01 22:21:54.062,0.83819,0.83828,2.21,1.00
2014.09.01 22:22:01.273,0.83821,0.83828,1.39,1.00
2014.09.01 22:22:02.405,0.83819,0.83828,1.46,1.00
2014.09.01 22:22:08.131,0.8382,0.83828,1.84,1.00
2014.09.01 22:22:10.092,0.8382,0.83828,1.34,1.00
2014.09.01 22:22:21.161,0.8382,0.83828,1.76,1.00
2014.09.01 22:22:22.839,0.8382,0.83828,1.07,1.00
2014.09.01 22:22:25.470,0.8382,0.83839,1.32,1.46
2014.09.01 22:22:36.070,0.83822,0.8384,1.19,2.70
2014.09.01 22:22:36.171,0.8382,0.8384,1.76,2.89
2014.09.01 22:22:37.176,0.8382,0.83839,1.32,1.46
2014.09.01 22:22:49.069,0.83823,0.8384,1.19,2.70
2014.09.01 22:22:49.170,0.8382,0.8384,1.26,2.89
2014.09.01 22:22:51.192,0.83819,0.83838,2.21,1.34
2014.09.01 22:22:53.379,0.83819,0.83828,1.46,1.00
2014.09.01 22:23:00.450,0.83819,0.83829,1.55,1.00
2014.09.01 22:23:05.298,0.83819,0.83829,1.26,1.00
2014.09.01 22:23:12.297,0.83819,0.83829,1.27,1.00
2014.09.01 22:23:17.254,0.83818,0.83829,2.21,1.00
2014.09.01 22:23:27.079,0.83818,0.83831,1.71,1.00
2014.09.01 22:23:27.584,0.83818,0.8383,1.77,1.00
2014.09.01 22:23:28.171,0.83818,0.83831,1.77,1.00
2014.09.01 22:23:32.050,0.83821,0.83831,1.19,1.00
2014.09.01 22:23:32.455,0.83821,0.83833,1.34,1.00
2014.09.01 22:23:32.979,0.83821,0.83832,1.34,1.00
2014.09.01 22:23:34.232,0.83821,0.83832,1.29,1.00
2014.09.01 22:23:35.197,0.8382,0.83832,1.36,1.00
2014.09.01 22:23:45.111,0.83822,0.83832,1.19,1.00
2014.09.01 22:23:45.213,0.83819,0.83831,1.46,1.00
2014.09.01 22:23:45.720,0.83819,0.83832,1.36,1.00
2014.09.01 22:23:45.848,0.83819,0.83829,1.36,1.00
2014.09.01 22:23:46.204,0.83819,0.83832,1.39,1.00
2014.09.01 22:23:46.406,0.83819,0.83829,1.36,1.00
2014.09.01 22:23:46.508,0.83816,0.83829,1.34,1.00
2014.09.01 22:23:46.661,0.83815,0.83827,1.34,1.00
2014.09.01 22:23:46.763,0.83813,0.83827,1.34,1.00
2014.09.01 22:23:46.966,0.83816,0.83827,1.17,1.00
2014.09.01 22:23:47.473,0.83817,0.83828,1.07,1.00
2014.09.01 22:23:53.858,0.83817,0.83828,1.00,1.15
2014.09.01 22:23:54.162,0.8381,0.83819,1.00,1.00
2014.09.01 22:23:54.668,0.83805,0.83818,1.34,1.00
2014.09.01 22:24:00.186,0.83804,0.83817,4.39,1.00
2014.09.01 22:24:06.416,0.83805,0.83817,1.71,1.00
2014.09.01 22:24:09.261,0.83806,0.83817,1.74,1.00
2014.09.01 22:24:10.170,0.83806,0.83815,1.74,1.00
2014.09.01 22:24:10.475,0.83805,0.83814,5.81,1.00
2014.09.01 22:24:10.526,0.83805,0.83817,1.34,1.00
2014.09.01 22:24:10.729,0.83805,0.83812,1.19,1.00
2014.09.01 22:24:11.470,0.83803,0.83812,1.36,1.00
2014.09.01 22:24:11.742,0.83803,0.83812,1.74,1.00
2014.09.01 22:24:12.631,0.83803,0.83812,1.36,1.00
2014.09.01 22:24:13.439,0.83801,0.83812,1.46,1.00
2014.09.01 22:24:19.874,0.83802,0.83814,2.21,1.00
2014.09.01 22:24:20.380,0.83802,0.83814,1.46,1.00
2014.09.01 22:24:21.556,0.838,0.83814,2.21,1.00
2014.09.01 22:24:26.102,0.838,0.83814,2.21,1.00
2014.09.01 22:24:41.617,0.838,0.83813,1.77,1.00
2014.09.01 22:24:53.348,0.83804,0.83813,1.19,1.00
2014.09.01 22:24:53.977,0.83802,0.83813,1.39,1.00
2014.09.01 22:24:55.471,0.83801,0.83813,1.74,1.00
2014.09.01 22:25:25.688,0.83804,0.83813,1.19,1.00
2014.09.01 22:25:26.716,0.83802,0.83813,1.39,1.00
2014.09.01 22:25:30.727,0.83801,0.83813,2.06,1.00
2014.09.01 22:25:51.263,0.83801,0.83811,1.00,1.00
2014.09.01 22:25:51.415,0.83798,0.83811,1.25,1.00
2014.09.01 22:25:51.466,0.83798,0.83807,1.25,1.00
2014.09.01 22:25:51.770,0.83796,0.83805,1.36,1.00
2014.09.01 22:25:52.862,0.83794,0.83805,1.71,1.00
2014.09.01 22:25:55.756,0.83794,0.83804,1.71,1.00
2014.09.01 22:25:56.212,0.83793,0.83803,1.34,1.00
2014.09.01 22:25:56.772,0.83793,0.83803,1.34,1.00
2014.09.01 22:26:00.033,0.83793,0.83803,1.34,1.00
2014.09.01 22:26:01.706,0.83793,0.83803,1.36,1.00
2014.09.01 22:26:04.005,0.83793,0.83808,1.34,1.00
2014.09.01 22:26:04.523,0.83793,0.83809,1.34,1.00
2014.09.01 22:26:13.873,0.83795,0.83809,1.26,1.00
2014.09.01 22:26:17.881,0.83794,0.83809,1.46,1.00
2014.09.01 22:26:19.885,0.83796,0.83809,1.29,1.00
2014.09.01 22:26:25.020,0.83794,0.83809,2.21,1.00
2014.09.01 22:26:29.009,0.83795,0.83809,1.26,1.00
2014.09.01 22:26:31.957,0.83795,0.83809,1.26,1.00
2014.09.01 22:26:35.968,0.83796,0.83809,1.29,1.00
2014.09.01 22:26:40.979,0.83795,0.83809,1.26,1.00
2014.09.01 22:26:43.994,0.83795,0.83809,1.26,1.00
2014.09.01 22:26:45.023,0.83794,0.83809,2.21,1.00
2014.09.01 22:26:47.028,0.83795,0.83809,1.26,1.00
2014.09.01 22:26:50.002,0.83795,0.83809,1.26,1.00
2014.09.01 22:27:04.168,0.83796,0.83809,1.29,1.00
2014.09.01 22:27:04.458,0.83796,0.83815,1.29,1.46
2014.09.01 22:27:26.569,0.83794,0.83813,2.21,1.36
2014.09.01 22:27:35.284,0.83794,0.83814,2.21,1.34
2014.09.01 22:27:42.245,0.83796,0.83814,1.07,1.34
2014.09.01 22:27:42.653,0.83796,0.83815,1.09,1.46
2014.09.01 22:28:02.950,0.83796,0.83811,1.20,1.00
2014.09.01 22:28:03.102,0.83796,0.83811,1.15,1.00
2014.09.01 22:28:03.456,0.83796,0.83816,1.34,2.21
2014.09.01 22:28:14.098,0.83796,0.83816,1.34,2.21
2014.09.01 22:28:14.408,0.83796,0.83816,1.34,2.21
2014.09.01 22:28:16.873,0.83796,0.83816,1.34,2.21
2014.09.01 22:28:17.178,0.83798,0.83816,2.70,1.19
2014.09.01 22:28:18.071,0.83801,0.8382,1.77,1.36
2014.09.01 22:28:19.055,0.83802,0.83822,1.46,2.21
2014.09.01 22:28:21.061,0.83802,0.8382,1.46,1.74
2014.09.01 22:28:45.554,0.83804,0.83822,1.19,1.71
2014.09.01 22:29:18.376,0.83802,0.83821,1.31,2.06
2014.09.01 22:29:40.141,0.83803,0.83821,1.19,1.37
2014.09.01 22:29:40.345,0.83802,0.83821,1.31,2.06
2014.09.01 22:29:42.364,0.83802,0.83821,1.31,1.56
2014.09.01 22:30:01.060,0.83802,0.83822,1.46,1.71
2014.09.01 22:30:02.674,0.83802,0.83818,1.46,1.00
2014.09.01 22:30:23.185,0.83801,0.83817,1.34,1.00
2014.09.01 22:30:23.695,0.83801,0.83817,1.36,1.00
2014.09.01 22:30:24.247,0.83798,0.83816,3.64,1.00
2014.09.01 22:30:24.856,0.83798,0.83815,3.64,1.00
2014.09.01 22:30:25.395,0.83798,0.83815,1.46,1.00
2014.09.01 22:30:26.151,0.83798,0.83815,3.64,1.00
2014.09.01 22:30:26.872,0.83798,0.83815,1.46,1.00
2014.09.01 22:30:28.204,0.83798,0.83815,4.39,1.00
2014.09.01 22:30:29.206,0.83798,0.83815,2.21,1.00
2014.09.01 22:30:29.567,0.83804,0.83816,1.00,1.00
2014.09.01 22:30:30.114,0.83804,0.83819,1.50,1.29
2014.09.01 22:30:33.163,0.83804,0.83821,1.50,1.46
2014.09.01 22:30:33.698,0.83804,0.83821,1.50,1.46
2014.09.01 22:30:34.202,0.83804,0.83821,1.50,1.46
2014.09.01 22:30:35.067,0.83804,0.83821,1.50,1.46
2014.09.01 22:30:35.680,0.83804,0.83821,1.50,1.46
2014.09.01 22:30:39.191,0.83804,0.83822,1.50,4.39
2014.09.01 22:30:39.394,0.83804,0.83822,1.50,2.21
2014.09.01 22:30:41.125,0.83804,0.83822,1.50,2.21
2014.09.01 22:30:56.639,0.83804,0.83821,1.50,2.89
2014.09.01 22:30:56.846,0.83804,0.83822,1.50,2.21
2014.09.01 22:30:56.897,0.83804,0.83818,1.00,1.26
2014.09.01 22:30:57.414,0.83803,0.83818,1.00,1.36
2014.09.01 22:30:58.892,0.83803,0.8382,1.00,1.84
2014.09.01 22:30:59.856,0.83803,0.83819,1.00,1.36
2014.09.01 22:31:00.858,0.83803,0.8382,1.00,1.84
2014.09.01 22:31:04.703,0.83805,0.8382,1.00,1.34
2014.09.01 22:31:04.804,0.838,0.8382,1.71,1.46
2014.09.01 22:31:05.310,0.83799,0.8382,2.21,2.21
2014.09.01 22:31:05.748,0.838,0.8382,5.06,1.31
2014.09.01 22:31:06.913,0.83805,0.83822,1.00,1.71
2014.09.01 22:31:07.801,0.83804,0.83822,1.10,1.71
2014.09.01 22:31:07.954,0.83804,0.83821,1.00,1.46
2014.09.01 22:31:08.157,0.838,0.83821,1.34,1.84
2014.09.01 22:31:08.718,0.838,0.83821,1.34,1.84
2014.09.01 22:31:09.225,0.83799,0.83819,1.84,1.29
2014.09.01 22:31:09.791,0.83799,0.83819,1.84,1.36
2014.09.01 22:31:10.345,0.83799,0.8382,1.84,1.36
2014.09.01 22:31:11.881,0.838,0.83821,1.34,1.84
2014.09.01 22:31:14.664,0.838,0.8382,1.34,1.34
2014.09.01 22:31:14.867,0.838,0.8382,1.34,1.36
2014.09.01 22:31:14.918,0.83799,0.83819,1.84,1.29
2014.09.01 22:31:16.460,0.83799,0.8382,1.36,5.14
2014.09.01 22:31:20.352,0.83798,0.83819,1.84,1.36
2014.09.01 22:31:20.948,0.83798,0.83819,1.84,1.34
2014.09.01 22:31:21.665,0.83798,0.83819,1.84,1.36
2014.09.01 22:31:22.222,0.83798,0.83819,1.84,1.34
2014.09.01 22:31:26.145,0.83799,0.83819,1.34,1.34
2014.09.01 22:31:26.913,0.83799,0.8382,1.34,2.96
2014.09.01 22:31:27.577,0.83799,0.8382,1.34,2.96
2014.09.01 22:31:28.766,0.83799,0.8382,1.34,2.96
2014.09.01 22:31:29.561,0.83799,0.8382,1.34,2.96
2014.09.01 22:31:30.108,0.83799,0.8382,1.34,2.96
2014.09.01 22:31:30.664,0.83799,0.8382,1.34,2.96
2014.09.01 22:31:31.259,0.838,0.8382,1.36,2.21
2014.09.01 22:31:31.970,0.83799,0.8382,1.34,2.96
2014.09.01 22:31:33.048,0.83803,0.8382,1.00,2.21
2014.09.01 22:31:33.580,0.83803,0.8382,1.00,2.21
2014.09.01 22:31:34.269,0.83803,0.8382,1.00,2.21
2014.09.01 22:31:36.677,0.83803,0.8382,1.00,2.21
2014.09.01 22:31:37.190,0.83803,0.8382,1.10,1.46
2014.09.01 22:31:45.318,0.83803,0.8382,1.00,1.46
2014.09.01 22:31:46.067,0.83803,0.83819,1.00,1.74
2014.09.01 22:31:47.027,0.83803,0.83819,1.00,1.46
2014.09.01 22:31:48.059,0.83803,0.83819,1.00,1.36
2014.09.01 22:31:48.991,0.83803,0.83819,1.00,1.34
2014.09.01 22:31:53.404,0.83803,0.8382,1.10,2.21
2014.09.01 22:31:54.301,0.83803,0.8382,1.00,2.21
2014.09.01 22:31:55.136,0.83803,0.8382,1.00,1.46
2014.09.01 22:31:55.919,0.83803,0.8382,1.00,1.46
2014.09.01 22:31:58.050,0.83803,0.8382,1.00,1.46
2014.09.01 22:32:00.618,0.83803,0.8382,1.00,2.21
2014.09.01 22:32:01.843,0.83803,0.8382,1.00,1.46
2014.09.01 22:32:03.861,0.83803,0.8382,1.00,2.21
2014.09.01 22:32:20.010,0.83804,0.8382,1.00,1.46
2014.09.01 22:32:38.422,0.838,0.83821,1.84,4.39
2014.09.01 22:32:48.093,0.83801,0.83821,1.26,3.64
2014.09.01 22:32:49.045,0.838,0.83821,1.84,4.39
2014.09.01 22:33:04.066,0.838,0.83819,1.25,1.19
2014.09.01 22:33:05.108,0.838,0.8382,1.19,1.31
2014.09.01 22:33:06.100,0.838,0.83821,1.69,2.06
2014.09.01 22:33:13.067,0.83803,0.83821,1.00,1.56
2014.09.01 22:33:13.218,0.83803,0.83821,1.10,1.64
2014.09.01 22:33:21.204,0.83803,0.83821,1.00,1.71
2014.09.01 22:33:21.735,0.83803,0.83821,1.00,1.71
2014.09.01 22:33:24.440,0.83803,0.83821,1.00,3.64
2014.09.01 22:33:30.230,0.83803,0.83821,1.10,1.71
2014.09.01 22:33:31.321,0.83803,0.83821,1.00,3.64
2014.09.01 22:33:31.827,0.83803,0.83821,1.00,1.71
2014.09.01 22:33:33.843,0.83803,0.83821,1.00,1.71
2014.09.01 22:33:34.348,0.83803,0.83819,1.00,1.36
2014.09.01 22:33:45.510,0.83802,0.83819,1.00,1.34
2014.09.01 22:33:46.024,0.83801,0.83821,1.29,1.71
2014.09.01 22:33:46.551,0.838,0.83821,1.36,2.21
2014.09.01 22:33:48.549,0.83799,0.8382,1.84,1.46
2014.09.01 22:33:49.549,0.838,0.83821,1.36,2.21
2014.09.01 22:33:53.764,0.838,0.83821,1.36,2.21
2014.09.01 22:33:54.181,0.838,0.8382,1.71,1.71
2014.09.01 22:33:54.283,0.838,0.8382,3.64,1.66
2014.09.01 22:33:55.052,0.838,0.8382,2.21,1.66
2014.09.01 22:33:56.969,0.838,0.8382,4.39,1.56
2014.09.01 22:33:57.172,0.838,0.8382,1.84,1.26
2014.09.01 22:33:57.909,0.838,0.8382,1.34,1.84
2014.09.01 22:33:58.496,0.838,0.8382,1.34,1.84
2014.09.01 22:33:59.101,0.83799,0.83819,1.34,1.34
2014.09.01 22:33:59.506,0.838,0.83819,2.89,1.19
2014.09.01 22:33:59.608,0.83805,0.8382,1.10,1.31
2014.09.01 22:34:00.599,0.83805,0.83822,1.00,1.71
2014.09.01 22:34:02.035,0.83806,0.83822,1.00,1.71
2014.09.01 22:34:02.488,0.83806,0.83822,1.00,1.71
2014.09.01 22:34:03.195,0.83806,0.83821,1.00,1.46
2014.09.01 22:34:03.720,0.83806,0.8382,1.00,1.34
2014.09.01 22:34:05.400,0.83806,0.83822,1.00,2.21
2014.09.01 22:34:06.999,0.83806,0.83822,1.00,2.21
2014.09.01 22:34:11.984,0.83806,0.83821,1.00,1.34
2014.09.01 22:34:12.538,0.83806,0.83822,1.00,2.21
2014.09.01 22:34:14.998,0.83806,0.83822,1.00,2.21
2014.09.01 22:34:21.613,0.83806,0.83821,1.00,1.34
2014.09.01 22:34:22.505,0.83806,0.83822,1.00,2.21
2014.09.01 22:34:24.597,0.83806,0.83822,1.00,2.21
2014.09.01 22:34:33.123,0.83805,0.8382,1.00,1.46
2014.09.01 22:34:33.174,0.83803,0.8382,1.25,1.46
2014.09.01 22:34:33.719,0.838,0.83819,1.34,1.26
2014.09.01 22:34:35.618,0.83799,0.8382,1.34,1.34
2014.09.01 22:34:36.631,0.838,0.83821,1.34,3.71
2014.09.01 22:34:37.193,0.838,0.83821,1.34,3.71
2014.09.01 22:34:38.039,0.83799,0.8382,1.34,1.34
2014.09.01 22:34:39.634,0.838,0.83819,1.34,1.29
2014.09.01 22:34:40.635,0.83801,0.8382,1.34,1.36
2014.09.01 22:34:44.671,0.83801,0.83821,1.34,2.96
2014.09.01 22:34:46.122,0.83801,0.83821,1.34,2.96
2014.09.01 22:34:46.476,0.83799,0.83819,1.34,1.34
2014.09.01 22:34:47.095,0.83799,0.83819,1.34,1.36
2014.09.01 22:34:47.598,0.83799,0.83818,1.34,1.36
2014.09.01 22:34:49.368,0.83799,0.8382,1.34,1.34
2014.09.01 22:34:49.469,0.83799,0.8382,1.34,1.34
2014.09.01 22:34:49.571,0.83799,0.8382,1.34,1.34
2014.09.01 22:34:51.344,0.83799,0.8382,1.34,1.34
2014.09.01 22:34:51.852,0.838,0.83821,1.34,1.84
2014.09.01 22:34:52.358,0.838,0.83821,1.34,1.84
2014.09.01 22:34:53.039,0.838,0.83821,1.36,1.84
2014.09.01 22:34:53.580,0.83798,0.83818,1.84,1.36
2014.09.01 22:34:54.336,0.83798,0.83818,1.84,1.36
2014.09.01 22:34:55.020,0.83798,0.83819,1.84,1.36
2014.09.01 22:34:55.841,0.83798,0.83819,1.84,1.36
2014.09.01 22:34:56.349,0.83798,0.83819,1.84,1.34
2014.09.01 22:34:59.657,0.83798,0.83819,1.84,1.34
2014.09.01 22:35:01.375,0.83799,0.8382,1.34,1.34
2014.09.01 22:35:01.951,0.83799,0.8382,1.34,1.34
2014.09.01 22:35:02.155,0.83799,0.8382,3.26,1.34
2014.09.01 22:35:02.664,0.83799,0.83819,3.26,1.26
2014.09.01 22:35:04.238,0.83799,0.8382,1.34,1.34
2014.09.01 22:35:35.720,0.83804,0.83821,1.00,1.34
2014.09.01 22:35:36.270,0.83804,0.83821,1.00,1.84
2014.09.01 22:35:36.776,0.83804,0.83819,1.00,1.34
2014.09.01 22:35:37.478,0.83804,0.8382,1.00,1.34
2014.09.01 22:35:45.606,0.83804,0.83819,1.00,1.29
2014.09.01 22:35:46.591,0.83804,0.8382,1.00,1.36
2014.09.01 22:35:47.628,0.83804,0.83821,1.00,1.34
2014.09.01 22:36:04.028,0.83805,0.83822,1.00,1.34
2014.09.01 22:36:05.223,0.83807,0.83822,1.00,1.34
2014.09.01 22:36:08.630,0.83807,0.83819,1.00,1.19
2014.09.01 22:36:09.633,0.83807,0.83821,1.00,1.36
2014.09.01 22:36:10.648,0.83807,0.8382,1.00,1.36
2014.09.01 22:36:13.685,0.83807,0.83822,1.00,1.34
2014.09.01 22:36:18.154,0.83807,0.83823,1.00,1.34
2014.09.01 22:36:33.759,0.83808,0.83823,1.00,1.34
2014.09.01 22:36:36.312,0.83808,0.83823,1.00,1.34
2014.09.01 22:36:36.777,0.83806,0.83823,1.00,1.34
2014.09.01 22:36:36.979,0.83802,0.83823,1.34,1.34
2014.09.01 22:36:37.510,0.83801,0.83821,1.34,1.36
2014.09.01 22:36:38.054,0.83801,0.83821,1.34,1.29
2014.09.01 22:36:38.728,0.83801,0.83822,1.84,1.36
2014.09.01 22:36:39.621,0.83801,0.83822,1.84,1.34
2014.09.01 22:36:39.722,0.83801,0.83822,4.01,1.36
2014.09.01 22:36:41.161,0.83802,0.83822,1.26,1.34
2014.09.01 22:36:41.212,0.83802,0.83822,1.19,3.26
2014.09.01 22:36:41.735,0.83801,0.83822,1.84,1.84
2014.09.01 22:36:43.135,0.83801,0.83822,1.84,1.84
2014.09.01 22:36:43.236,0.83801,0.83822,1.84,1.84
2014.09.01 22:36:47.456,0.83804,0.83822,1.39,1.34
2014.09.01 22:36:49.432,0.83802,0.83822,1.34,1.34
2014.09.01 22:36:49.584,0.83802,0.83822,1.26,3.26
2014.09.01 22:36:50.281,0.83802,0.83821,1.19,2.51
2014.09.01 22:36:50.981,0.83802,0.8382,1.19,1.34
2014.09.01 22:36:51.627,0.83801,0.83822,1.84,1.84
2014.09.01 22:36:52.201,0.83801,0.83822,1.84,4.01
2014.09.01 22:36:52.696,0.83801,0.83822,1.84,1.84
2014.09.01 22:36:53.338,0.83801,0.83822,1.84,1.84
2014.09.01 22:36:54.472,0.83802,0.83822,1.29,1.34
2014.09.01 22:36:55.459,0.83803,0.83822,1.19,1.84
2014.09.01 22:36:55.965,0.83803,0.83822,1.29,1.84
2014.09.01 22:36:56.627,0.83803,0.83822,1.19,1.84
2014.09.01 22:36:57.470,0.83803,0.83822,1.19,1.34
2014.09.01 22:36:58.222,0.83803,0.83822,1.39,1.34
2014.09.01 22:36:58.733,0.83803,0.83822,1.19,1.40
2014.09.01 22:37:01.350,0.838,0.83822,1.34,1.84
2014.09.01 22:37:01.503,0.83801,0.83822,2.51,1.36
2014.09.01 22:37:02.010,0.83805,0.83823,1.34,1.34
2014.09.01 22:37:02.655,0.83806,0.83825,1.09,1.34
2014.09.01 22:37:03.190,0.83806,0.83825,1.09,1.34
2014.09.01 22:37:05.027,0.83806,0.83826,1.26,3.26
2014.09.01 22:37:11.252,0.83806,0.83826,1.34,1.34
2014.09.01 22:37:13.039,0.83811,0.83826,1.00,1.34
2014.09.01 22:37:41.541,0.83812,0.83826,1.00,1.34
2014.09.01 22:37:45.568,0.83806,0.83826,1.34,1.34
2014.09.01 22:37:49.615,0.83806,0.83826,1.34,1.34
2014.09.01 22:37:49.918,0.83807,0.83826,1.34,1.26
2014.09.01 22:37:51.628,0.83807,0.83826,1.34,1.26
2014.09.01 22:37:52.233,0.83805,0.83826,4.01,1.39
2014.09.01 22:37:52.746,0.83805,0.83826,1.84,1.34
2014.09.01 22:38:13.065,0.8381,0.83826,1.00,1.34
2014.09.01 22:38:13.167,0.83812,0.83826,1.00,1.26
2014.09.01 22:38:13.319,0.83814,0.83829,1.10,1.76
2014.09.01 22:38:14.303,0.83814,0.83827,1.10,1.19
2014.09.01 22:38:20.327,0.83814,0.8383,1.10,1.36
2014.09.01 22:38:26.328,0.83814,0.83829,1.10,1.26
2014.09.01 22:38:27.329,0.83814,0.83827,1.00,1.29
2014.09.01 22:38:28.376,0.83814,0.83828,1.00,1.26
2014.09.01 22:38:31.336,0.83814,0.83829,1.00,1.36
2014.09.01 22:38:35.478,0.83814,0.83827,1.00,1.19
2014.09.01 22:38:37.450,0.83814,0.83829,1.00,1.36
2014.09.01 22:38:44.760,0.83812,0.83829,1.10,1.36
2014.09.01 22:38:45.545,0.83808,0.83829,1.34,1.34
2014.09.01 22:38:46.177,0.83808,0.83829,1.34,1.36
2014.09.01 22:38:50.674,0.83807,0.83827,2.51,1.19
2014.09.01 22:38:56.772,0.83813,0.83827,1.00,1.19
2014.09.01 22:39:01.447,0.83807,0.83827,2.51,1.19
2014.09.01 22:39:13.012,0.83813,0.83827,1.00,1.19
2014.09.01 22:39:46.078,0.83813,0.83829,1.50,1.19
2014.09.01 22:39:53.116,0.83813,0.83827,1.00,1.19
2014.09.01 22:39:53.167,0.83807,0.83827,1.69,1.19
2014.09.01 22:40:01.814,0.83806,0.83827,2.81,1.19
2014.09.01 22:40:02.269,0.83814,0.83827,1.00,1.19
2014.09.01 22:40:11.244,0.83814,0.83826,1.50,1.19
2014.09.01 22:40:14.247,0.83814,0.83827,1.50,1.19
2014.09.01 22:40:24.316,0.83814,0.83828,1.50,1.46
2014.09.01 22:40:25.709,0.83813,0.83828,1.00,1.46
2014.09.01 22:40:44.321,0.83813,0.83826,1.00,1.19
2014.09.01 22:40:45.334,0.83813,0.83826,1.00,1.19
2014.09.01 22:40:49.350,0.83813,0.83827,1.00,1.29
2014.09.01 22:40:51.337,0.83813,0.83826,1.00,1.19
2014.09.01 22:40:53.451,0.83813,0.83826,1.00,1.19
2014.09.01 22:41:01.507,0.83813,0.8383,1.00,1.71
2014.09.01 22:41:02.475,0.83813,0.8383,1.00,1.71
2014.09.01 22:41:03.066,0.83813,0.83827,1.00,1.29
2014.09.01 22:41:04.029,0.83814,0.83827,1.00,1.19
2014.09.01 22:41:04.535,0.83814,0.83828,1.00,1.56
2014.09.01 22:41:17.834,0.83814,0.83825,1.00,1.19
2014.09.01 22:41:19.804,0.83814,0.83828,1.00,1.76
2014.09.01 22:41:21.804,0.83814,0.83827,1.00,1.31
2014.09.01 22:41:26.819,0.83814,0.83826,1.00,1.19
2014.09.01 22:41:27.821,0.83814,0.83828,1.10,1.56
2014.09.01 22:41:32.931,0.83815,0.83828,1.10,1.56
2014.09.01 22:41:32.982,0.83815,0.83832,1.57,1.55
2014.09.01 22:41:33.593,0.83816,0.83833,1.00,2.21
2014.09.01 22:41:33.644,0.83818,0.83833,1.00,2.21
2014.09.01 22:41:39.762,0.83818,0.83833,1.00,1.84
2014.09.01 22:41:48.038,0.83818,0.83833,1.07,1.36
2014.09.01 22:41:48.140,0.83821,0.83833,1.00,1.19
2014.09.01 22:41:48.444,0.83823,0.83834,1.00,1.00
2014.09.01 22:41:48.697,0.83825,0.83839,1.00,1.27
2014.09.01 22:41:48.951,0.83828,0.83841,1.10,1.32
2014.09.01 22:41:49.053,0.83831,0.83842,1.00,1.00
2014.09.01 22:41:49.205,0.83831,0.83846,1.00,1.36
2014.09.01 22:41:49.989,0.83831,0.83847,1.00,1.46
2014.09.01 22:41:50.163,0.83833,0.83847,1.00,1.46
2014.09.01 22:42:09.994,0.83833,0.83848,1.50,1.34
2014.09.01 22:42:32.366,0.83833,0.83846,1.00,1.29
2014.09.01 22:42:34.404,0.83833,0.83847,1.00,1.26
2014.09.01 22:42:35.408,0.83833,0.83846,1.00,1.29
2014.09.01 22:42:35.915,0.83827,0.83846,4.01,1.29
2014.09.01 22:42:36.893,0.83834,0.83846,1.00,1.29
2014.09.01 22:42:39.381,0.83834,0.83847,1.00,1.26
2014.09.01 22:42:44.499,0.83834,0.83849,1.00,1.74
2014.09.01 22:42:51.241,0.83834,0.8385,1.00,2.21
2014.09.01 22:42:58.518,0.83834,0.83848,1.00,1.64
2014.09.01 22:43:03.327,0.83834,0.83848,1.07,1.56
2014.09.01 22:43:03.634,0.83837,0.83848,1.00,1.19
2014.09.01 22:43:04.332,0.83837,0.83851,1.00,1.76
2014.09.01 22:43:08.051,0.83837,0.83853,1.00,1.74
2014.09.01 22:43:10.264,0.83838,0.83853,1.00,1.74
2014.09.01 22:43:25.486,0.83837,0.83853,1.12,1.36
2014.09.01 22:43:26.195,0.83832,0.83852,1.09,1.29
2014.09.01 22:43:31.229,0.83832,0.83853,1.84,1.36
2014.09.01 22:43:31.483,0.83837,0.83853,1.15,1.19
2014.09.01 22:43:31.635,0.83838,0.83857,1.46,1.84
2014.09.01 22:43:31.787,0.83838,0.83857,1.46,1.19
2014.09.01 22:43:32.293,0.83843,0.83857,1.50,1.19
2014.09.01 22:43:32.394,0.83845,0.83858,1.00,1.10
2014.09.01 22:43:32.698,0.83847,0.83862,1.25,1.09
2014.09.01 22:43:33.305,0.83847,0.83864,1.25,1.34
2014.09.01 22:43:33.929,0.83847,0.83865,1.19,1.34
2014.09.01 22:43:34.578,0.83847,0.83865,1.36,1.36
2014.09.01 22:43:35.109,0.83847,0.83866,1.09,1.34
2014.09.01 22:43:52.759,0.83847,0.83865,1.84,1.36
2014.09.01 22:43:53.771,0.83847,0.83867,1.36,2.96
2014.09.01 22:43:55.135,0.83847,0.83865,1.29,1.40
2014.09.01 22:44:01.908,0.83847,0.83865,1.76,1.34
2014.09.01 22:44:05.772,0.83845,0.83861,1.34,1.00
2014.09.01 22:44:07.907,0.83846,0.83861,1.36,1.00
2014.09.01 22:44:11.879,0.83847,0.83861,1.29,1.00
2014.09.01 22:44:13.928,0.83845,0.83861,1.34,1.00
2014.09.01 22:44:18.089,0.83845,0.8386,1.71,1.00
2014.09.01 22:44:18.394,0.83844,0.8386,1.09,1.50
2014.09.01 22:44:22.946,0.83844,0.8386,2.59,1.50
2014.09.01 22:44:59.640,0.83843,0.8386,1.34,1.00
2014.09.01 22:44:59.743,0.8384,0.83851,1.37,1.20
2014.09.01 22:44:59.844,0.83834,0.83851,1.40,1.47
2014.09.01 22:44:59.946,0.83831,0.83848,1.84,1.10
2014.09.01 22:44:59.997,0.83831,0.83845,1.01,1.00
2014.09.01 22:45:00.099,0.8383,0.83843,1.00,1.50
2014.09.01 22:45:00.150,0.83826,0.83836,1.34,1.00
2014.09.01 22:45:00.251,0.83821,0.83836,1.20,1.10
2014.09.01 22:45:00.353,0.83821,0.83834,1.84,1.00
2014.09.01 22:45:00.657,0.83819,0.83838,3.64,1.69
2014.09.01 22:45:02.426,0.83823,0.83838,1.36,1.50
2014.09.01 22:45:02.935,0.83823,0.83839,1.84,1.00
2014.09.01 22:45:05.385,0.83825,0.83839,1.29,1.00
2014.09.01 22:45:16.541,0.83822,0.83839,1.34,1.00
2014.09.01 22:45:17.178,0.83822,0.83838,1.34,1.00
2014.09.01 22:45:17.762,0.83822,0.83837,1.19,1.10
2014.09.01 22:45:18.158,0.83818,0.83837,1.34,1.01
2014.09.01 22:45:19.193,0.83818,0.83834,1.34,1.00
2014.09.01 22:45:22.374,0.83818,0.83834,1.34,1.00
2014.09.01 22:45:23.162,0.83818,0.83834,1.34,1.00
2014.09.01 22:45:40.815,0.83818,0.83836,1.34,1.39
2014.09.01 22:45:49.377,0.83821,0.83839,1.00,1.71
2014.09.01 22:45:52.514,0.83821,0.83835,1.25,1.00
2014.09.01 22:46:04.989,0.83821,0.83839,1.07,3.71
2014.09.01 22:46:05.630,0.83821,0.83839,1.15,3.71
2014.09.01 22:46:06.160,0.83821,0.83839,1.40,1.71
2014.09.01 22:46:07.770,0.83821,0.83839,1.32,1.71
2014.09.01 22:46:08.429,0.83821,0.83839,1.36,1.46
2014.09.01 22:46:14.054,0.83821,0.83839,1.17,2.21
2014.09.01 22:46:14.558,0.83821,0.83839,1.10,2.21
2014.09.01 22:46:15.116,0.83821,0.83839,1.09,1.74
2014.09.01 22:46:18.060,0.8382,0.83839,1.40,1.74
2014.09.01 22:46:20.235,0.8382,0.83839,1.09,1.71
2014.09.01 22:46:20.741,0.83819,0.83838,1.34,1.39
2014.09.01 22:46:21.248,0.83821,0.83839,1.17,2.21
2014.09.01 22:46:25.133,0.83821,0.83839,1.01,2.21
2014.09.01 22:46:25.644,0.83821,0.83839,1.09,2.21
2014.09.01 22:46:25.823,0.83821,0.83839,1.46,1.36
2014.09.01 22:46:25.924,0.83821,0.8384,3.64,1.39
2014.09.01 22:46:26.077,0.83822,0.83841,3.26,1.56
2014.09.01 22:46:26.597,0.83822,0.83841,1.34,1.56
2014.09.01 22:46:26.811,0.83822,0.83841,1.36,2.14
2014.09.01 22:46:26.862,0.83822,0.83841,1.36,2.96
2014.09.01 22:46:33.373,0.83821,0.8384,1.34,1.66
2014.09.01 22:46:33.474,0.83821,0.8384,1.34,1.74
2014.09.01 22:46:33.880,0.83821,0.8384,1.29,2.21
2014.09.01 22:46:34.405,0.8382,0.8384,1.34,2.96
2014.09.01 22:46:45.959,0.83819,0.83839,2.21,1.71
2014.09.01 22:46:46.992,0.8382,0.8384,1.34,2.96
2014.09.01 22:46:48.777,0.8382,0.8384,1.34,2.96
2014.09.01 22:46:48.879,0.8382,0.8384,1.34,2.96
2014.09.01 22:46:56.502,0.83821,0.8384,1.29,2.96
2014.09.01 22:46:57.068,0.8382,0.8384,1.36,2.96
2014.09.01 22:46:57.574,0.8382,0.8384,1.34,2.96
2014.09.01 22:46:59.503,0.83821,0.8384,1.29,2.96
2014.09.01 22:47:00.012,0.83821,0.8384,1.36,2.96
2014.09.01 22:47:00.556,0.83821,0.8384,1.39,2.96
2014.09.01 22:47:01.273,0.83821,0.8384,1.26,2.96
2014.09.01 22:47:02.487,0.8382,0.8384,1.34,2.96
2014.09.01 22:47:02.994,0.8382,0.8384,1.36,2.96
2014.09.01 22:47:03.577,0.83821,0.8384,1.26,2.96
2014.09.01 22:47:04.128,0.83821,0.8384,1.29,2.96
2014.09.01 22:47:04.687,0.83822,0.8384,1.29,2.96
2014.09.01 22:47:05.894,0.83822,0.8384,1.29,2.96
2014.09.01 22:47:06.300,0.83822,0.8384,1.29,2.96
2014.09.01 22:47:07.121,0.83822,0.8384,1.19,2.96
2014.09.01 22:47:07.641,0.83821,0.8384,1.29,2.96
2014.09.01 22:47:08.387,0.83821,0.8384,1.36,2.96
2014.09.01 22:47:08.594,0.83822,0.8384,1.29,2.96
2014.09.01 22:47:15.696,0.83822,0.83839,1.19,1.77
2014.09.01 22:47:16.561,0.8382,0.8384,1.46,1.71
2014.09.01 22:47:17.592,0.8382,0.83839,1.36,1.71
2014.09.01 22:47:28.581,0.83822,0.8384,1.19,2.96
2014.09.01 22:47:30.296,0.8382,0.8384,1.36,2.96
2014.09.01 22:47:31.310,0.8382,0.8384,1.36,2.96
2014.09.01 22:47:32.017,0.8382,0.8384,1.34,2.96
2014.09.01 22:47:33.289,0.83821,0.8384,1.29,2.96
2014.09.01 22:47:35.312,0.83822,0.8384,1.39,2.21
2014.09.01 22:47:36.417,0.8382,0.8384,1.36,2.21
2014.09.01 22:47:37.425,0.8382,0.83839,1.34,1.74
2014.09.01 22:47:37.948,0.8382,0.83839,1.36,2.21
2014.09.01 22:47:38.461,0.83819,0.83839,1.34,1.46
2014.09.01 22:47:46.411,0.83818,0.83839,1.34,3.71
2014.09.01 22:47:47.444,0.83818,0.83839,1.34,2.21
2014.09.01 22:47:48.456,0.83818,0.83839,1.34,3.71
2014.09.01 22:48:00.941,0.83822,0.83839,1.29,1.46
2014.09.01 22:48:01.943,0.8382,0.83839,1.34,1.46
2014.09.01 22:48:03.304,0.8382,0.83839,1.36,1.46
2014.09.01 22:48:14.997,0.83819,0.83836,1.34,1.00
2014.09.01 22:48:20.836,0.83818,0.83836,1.34,1.62
2014.09.01 22:48:20.887,0.83821,0.83836,1.29,1.37
2014.09.01 22:48:20.939,0.83821,0.83838,1.29,1.46
2014.09.01 22:48:21.827,0.83821,0.8384,1.34,4.46
2014.09.01 22:48:21.928,0.83819,0.83839,1.34,1.66
2014.09.01 22:48:22.030,0.83819,0.83837,1.36,1.46
2014.09.01 22:48:27.945,0.83819,0.83837,1.34,1.31
2014.09.01 22:48:28.369,0.83819,0.83837,1.34,1.62
2014.09.01 22:48:28.470,0.83819,0.8384,1.46,5.96
2014.09.01 22:48:41.158,0.83819,0.83836,1.34,1.37
2014.09.01 22:48:41.259,0.83819,0.83836,1.34,1.00
2014.09.01 22:48:43.058,0.8382,0.83839,1.34,1.74
2014.09.01 22:48:53.334,0.83819,0.83839,3.64,1.66
2014.09.01 22:48:53.385,0.83823,0.8384,1.36,2.70
2014.09.01 22:48:53.437,0.83823,0.8384,1.36,2.62
2014.09.01 22:48:54.397,0.83822,0.8384,1.34,2.81
2014.09.01 22:48:54.499,0.83822,0.8384,1.34,2.96
2014.09.01 22:48:55.370,0.83821,0.8384,1.34,2.81
2014.09.01 22:48:55.985,0.83821,0.8384,1.34,2.89
2014.09.01 22:49:01.098,0.83822,0.8384,1.34,2.89
2014.09.01 22:49:01.605,0.83822,0.8384,1.36,2.96
2014.09.01 22:49:01.656,0.83822,0.8384,1.36,2.96
2014.09.01 22:49:01.758,0.83822,0.8384,1.34,2.14
2014.09.01 22:49:09.896,0.83818,0.83839,3.64,1.66
2014.09.01 22:49:40.475,0.83822,0.83841,1.34,2.96
2014.09.01 22:49:40.526,0.83822,0.83841,1.34,2.14
2014.09.01 22:49:40.780,0.83825,0.83842,1.46,1.00
2014.09.01 22:49:41.135,0.83825,0.83844,1.34,1.26
2014.09.01 22:49:41.388,0.83825,0.83844,1.34,1.36
2014.09.01 22:49:41.919,0.83826,0.83844,1.36,1.17
2014.09.01 22:49:42.995,0.83827,0.83844,1.34,1.20
2014.09.01 22:49:43.569,0.83827,0.83844,1.29,1.17
2014.09.01 22:49:49.698,0.83827,0.83844,1.34,1.00
2014.09.01 22:49:50.204,0.83828,0.83843,1.39,1.00
2014.09.01 22:49:50.577,0.83825,0.83841,1.34,1.00
2014.09.01 22:49:53.305,0.83825,0.83842,1.34,1.25
2014.09.01 22:49:53.610,0.83828,0.83842,1.34,1.00
2014.09.01 22:49:54.506,0.83826,0.83842,1.36,1.00
2014.09.01 22:50:01.467,0.83826,0.83842,1.36,1.00
2014.09.01 22:50:07.487,0.83826,0.83842,1.36,1.00
2014.09.01 22:50:09.497,0.83827,0.83842,1.29,1.00
2014.09.01 22:50:13.296,0.83827,0.83843,1.66,1.10
2014.09.01 22:50:13.448,0.83827,0.83843,3.56,1.00
2014.09.01 22:50:13.989,0.83828,0.83843,2.89,1.00
2014.09.01 22:50:14.449,0.83827,0.83844,1.71,1.00
2014.09.01 22:50:14.501,0.83827,0.83844,1.34,1.37
2014.09.01 22:50:15.006,0.83827,0.83843,1.36,1.37
2014.09.01 22:50:28.760,0.83825,0.83844,3.64,1.31
2014.09.01 22:50:29.377,0.83825,0.83842,5.44,1.00
2014.09.01 22:50:29.918,0.83827,0.83844,1.34,1.56
2014.09.01 22:50:30.438,0.83825,0.83844,1.34,1.39
2014.09.01 22:50:32.822,0.83825,0.83844,1.34,1.39
2014.09.01 22:50:33.422,0.83825,0.83844,1.34,1.46
2014.09.01 22:50:40.781,0.83828,0.83844,1.19,1.27
2014.09.01 22:50:41.326,0.83826,0.83844,1.34,1.25
2014.09.01 22:50:41.774,0.83826,0.83844,1.36,1.09
2014.09.01 22:51:00.945,0.83827,0.83845,1.25,1.71
2014.09.01 22:51:00.996,0.83827,0.83845,1.40,1.46
2014.09.01 22:51:01.911,0.83825,0.83845,1.34,1.46
2014.09.01 22:51:03.657,0.83829,0.83845,1.00,1.46
2014.09.01 22:51:04.165,0.83829,0.83845,1.17,2.06
2014.09.01 22:51:04.671,0.83829,0.83845,1.07,2.06
2014.09.01 22:51:05.228,0.83829,0.83845,1.17,2.14
2014.09.01 22:51:05.329,0.83829,0.83845,1.10,2.14
2014.09.01 22:51:05.531,0.83829,0.83845,1.17,2.14
2014.09.01 22:51:05.734,0.83829,0.83845,1.10,2.14
2014.09.01 22:51:16.169,0.8383,0.83844,1.00,1.27
2014.09.01 22:51:17.028,0.8383,0.83844,1.00,1.09
2014.09.01 22:51:17.533,0.8383,0.83844,1.00,1.09
2014.09.01 22:51:18.039,0.8383,0.83844,1.10,1.01
2014.09.01 22:51:19.253,0.8383,0.83844,1.00,1.17
2014.09.01 22:51:19.870,0.8383,0.83844,1.00,1.15
2014.09.01 22:51:20.378,0.8383,0.83844,1.00,1.09
2014.09.01 22:51:22.246,0.8383,0.83844,1.00,1.36
2014.09.01 22:51:22.864,0.8383,0.83844,1.00,1.19
2014.09.01 22:51:23.451,0.8383,0.83844,1.00,1.34
2014.09.01 22:51:23.978,0.8383,0.83844,1.00,1.29
2014.09.01 22:51:24.344,0.83827,0.83844,2.51,1.36
2014.09.01 22:51:24.955,0.83827,0.83844,1.76,1.09
2014.09.01 22:51:25.161,0.83827,0.83844,1.84,1.25
2014.09.01 22:51:25.263,0.83827,0.83844,1.76,1.09
2014.09.01 22:51:26.213,0.83827,0.83844,1.84,1.32
2014.09.01 22:51:26.365,0.83827,0.83844,1.84,1.40
2014.09.01 22:51:27.215,0.83827,0.83844,1.84,1.32
2014.09.01 22:51:27.750,0.83827,0.83844,2.51,1.09
2014.09.01 22:51:28.259,0.83827,0.83844,2.59,1.01
2014.09.01 22:51:28.360,0.83827,0.83844,1.76,1.09
2014.09.01 22:51:28.955,0.83827,0.83844,1.76,1.09
2014.09.01 22:51:29.260,0.83827,0.83844,1.84,1.25
2014.09.01 22:51:29.665,0.83827,0.83844,2.51,1.65
2014.09.01 22:51:30.071,0.83829,0.83844,1.25,1.57
2014.09.01 22:51:30.577,0.83829,0.83844,1.00,2.21
2014.09.01 22:51:31.267,0.83829,0.83844,1.07,2.14
2014.09.01 22:51:31.798,0.83829,0.83844,1.00,2.21
2014.09.01 22:51:32.310,0.83829,0.83844,1.07,2.14
2014.09.01 22:51:32.816,0.83829,0.83844,1.00,2.21
2014.09.01 22:51:33.320,0.83829,0.83844,1.07,2.14
2014.09.01 22:51:33.826,0.83829,0.83844,1.01,2.06
2014.09.01 22:51:35.191,0.83829,0.83844,1.01,2.14
2014.09.01 22:51:35.697,0.83829,0.83844,1.25,2.14
2014.09.01 22:51:36.585,0.83829,0.83844,1.00,2.21
2014.09.01 22:51:38.771,0.83829,0.83844,1.20,1.69
2014.09.01 22:51:39.380,0.83829,0.83844,1.10,1.76
2014.09.01 22:51:39.891,0.83829,0.83844,1.07,1.57
2014.09.01 22:51:40.498,0.83829,0.83844,1.10,1.50
2014.09.01 22:51:41.004,0.83829,0.83844,1.07,1.57
2014.09.01 22:51:41.611,0.83829,0.83844,1.10,1.50
2014.09.01 22:51:43.229,0.83829,0.83844,1.07,1.57
2014.09.01 22:51:43.735,0.83829,0.83844,1.00,1.57
2014.09.01 22:51:44.256,0.83829,0.83844,1.10,1.57
2014.09.01 22:51:44.762,0.83829,0.83844,1.00,1.57
2014.09.01 22:51:46.428,0.83829,0.83844,1.07,1.57
2014.09.01 22:51:46.934,0.83829,0.83844,1.20,1.87
2014.09.01 22:51:47.440,0.83829,0.83844,1.07,1.95
2014.09.01 22:51:47.947,0.83829,0.83844,1.00,1.76
2014.09.01 22:51:49.414,0.83824,0.83844,1.34,1.76
2014.09.01 22:51:49.918,0.83825,0.83844,2.51,1.84
2014.09.01 22:51:50.324,0.83824,0.83844,1.34,1.84
2014.09.01 22:51:50.528,0.83826,0.83844,2.51,1.69
2014.09.01 22:51:50.732,0.83825,0.83844,1.34,1.69
2014.09.01 22:51:50.938,0.83825,0.83844,1.34,2.21
2014.09.01 22:51:51.416,0.83825,0.83844,3.26,2.21
2014.09.01 22:51:51.946,0.83825,0.83844,1.34,2.06
2014.09.01 22:51:52.453,0.83825,0.83844,3.26,1.69
2014.09.01 22:51:52.859,0.83825,0.83844,1.34,1.76
2014.09.01 22:51:53.366,0.83825,0.83844,1.34,1.76
2014.09.01 22:51:53.924,0.83825,0.83844,3.26,1.39
2014.09.01 22:51:54.430,0.83825,0.83844,1.34,1.62
2014.09.01 22:51:55.631,0.83825,0.83844,1.34,1.70
2014.09.01 22:51:56.417,0.83825,0.83844,2.51,1.76
2014.09.01 22:51:56.923,0.83825,0.83844,1.34,1.70
2014.09.01 22:51:57.430,0.83825,0.83844,1.34,1.39
2014.09.01 22:51:57.633,0.83825,0.83844,1.34,1.46
2014.09.01 22:51:58.156,0.83825,0.83844,1.34,1.69
2014.09.01 22:51:58.662,0.83825,0.83844,3.26,2.14
2014.09.01 22:51:59.168,0.83825,0.83844,1.34,1.62
2014.09.01 22:51:59.877,0.83825,0.83844,3.26,1.39
2014.09.01 22:52:00.383,0.83825,0.83844,1.34,1.62
2014.09.01 22:52:00.636,0.83825,0.83844,1.34,1.46
2014.09.01 22:52:01.142,0.83823,0.83844,1.84,2.21
2014.09.01 22:52:04.408,0.83823,0.83844,1.84,2.21
2014.09.01 22:52:05.081,0.83824,0.83844,1.34,1.74
2014.09.01 22:52:13.043,0.83828,0.83844,1.00,1.74
2014.09.01 22:52:31.406,0.83828,0.83845,1.00,3.71
2014.09.01 22:52:31.920,0.83828,0.83844,1.00,1.74
2014.09.01 22:52:44.116,0.83824,0.83845,1.34,3.71
2014.09.01 22:52:44.768,0.83824,0.83845,1.34,3.71
2014.09.01 22:52:54.027,0.83822,0.83844,3.07,2.21
2014.09.01 22:52:54.128,0.83822,0.83842,1.34,1.74
2014.09.01 22:52:54.432,0.83821,0.83841,1.34,1.71
2014.09.01 22:52:55.042,0.83821,0.83838,1.34,1.57
2014.09.01 22:52:55.452,0.83819,0.83838,3.71,1.74
2014.09.01 22:53:02.377,0.83819,0.83837,2.02,1.39
2014.09.01 22:53:10.350,0.83819,0.83836,2.02,1.19
2014.09.01 22:53:13.059,0.83822,0.83836,1.00,1.19
2014.09.01 22:53:13.602,0.83823,0.83837,1.00,1.39
2014.09.01 22:53:42.559,0.83823,0.83838,1.00,1.74
2014.09.01 22:53:53.145,0.83819,0.83838,1.77,1.74
2014.09.01 22:53:53.546,0.83819,0.83836,1.52,1.19
2014.09.01 22:53:55.677,0.83818,0.83836,1.37,1.19
2014.09.01 22:53:56.557,0.83818,0.83838,1.56,1.56
2014.09.01 22:54:00.585,0.83818,0.83837,1.77,1.36
2014.09.01 22:54:01.577,0.83818,0.83836,1.52,1.29
2014.09.01 22:54:02.582,0.83818,0.83837,1.77,1.36
2014.09.01 22:54:09.659,0.83818,0.83835,1.77,1.19
2014.09.01 22:54:13.051,0.83823,0.83835,1.00,1.19
2014.09.01 22:54:13.709,0.83823,0.83837,1.50,1.36
2014.09.01 22:54:18.311,0.83823,0.83839,1.50,2.21
2014.09.01 22:54:33.917,0.83823,0.83835,1.50,1.36
2014.09.01 22:54:34.183,0.8382,0.83835,1.50,2.21
2014.09.01 22:55:02.362,0.8382,0.83835,1.57,1.95
2014.09.01 22:55:05.465,0.83821,0.83835,1.10,2.14
2014.09.01 22:55:09.297,0.83816,0.83832,5.14,1.00
2014.09.01 22:55:26.553,0.83817,0.83835,2.21,1.12
2014.09.01 22:55:28.142,0.83819,0.83838,2.59,1.46
2014.09.01 22:55:28.193,0.83819,0.83838,2.59,1.62
2014.09.01 22:55:28.244,0.83819,0.8384,2.59,3.71
2014.09.01 22:55:28.589,0.83819,0.83837,1.84,1.17
2014.09.01 22:55:29.106,0.83819,0.83837,1.46,1.55
2014.09.01 22:55:29.208,0.83819,0.8384,3.34,2.21
2014.09.01 22:55:29.359,0.83819,0.83837,2.21,1.37
2014.09.01 22:55:29.410,0.83819,0.83837,2.21,1.47
2014.09.01 22:55:29.944,0.83819,0.83836,1.46,1.37
2014.09.01 22:56:03.173,0.83818,0.83836,2.21,2.21
2014.09.01 22:56:05.015,0.83818,0.83836,1.46,2.14
2014.09.01 22:56:07.071,0.83819,0.83836,1.84,2.06
2014.09.01 22:56:21.077,0.83819,0.83836,2.59,1.66
2014.09.01 22:56:21.610,0.8382,0.83836,1.15,1.25
2014.09.01 22:56:24.099,0.83819,0.83836,1.84,1.25
2014.09.01 22:56:24.404,0.83823,0.83838,1.10,1.76
2014.09.01 22:56:24.710,0.83823,0.8384,1.40,1.19
2014.09.01 22:56:25.467,0.83823,0.83842,1.40,2.59
2014.09.01 22:56:26.429,0.83823,0.83841,1.15,1.29
2014.09.01 22:56:28.457,0.83823,0.8384,1.15,1.19
2014.09.01 22:56:33.056,0.83823,0.83842,1.40,2.96
2014.09.01 22:56:38.680,0.83823,0.8384,1.40,1.56
2014.09.01 22:56:39.675,0.83823,0.83842,1.84,2.96
2014.09.01 22:56:41.762,0.83823,0.8384,1.84,1.56
2014.09.01 22:56:42.612,0.83823,0.8384,1.09,1.66
2014.09.01 22:56:43.181,0.83823,0.8384,1.40,1.56
2014.09.01 22:56:44.253,0.83823,0.8384,1.40,1.76
2014.09.01 22:56:44.765,0.83823,0.8384,1.09,1.64
2014.09.01 22:56:45.739,0.83823,0.8384,1.17,2.14
2014.09.01 22:56:46.246,0.83823,0.8384,1.15,2.06
2014.09.01 22:56:46.804,0.83823,0.8384,1.15,1.56
2014.09.01 22:56:55.691,0.8382,0.83837,3.82,1.19
2014.09.01 22:56:55.793,0.8382,0.8384,1.65,1.39
2014.09.01 22:56:55.844,0.83821,0.8384,2.32,1.39
2014.09.01 22:56:56.353,0.83821,0.8384,3.26,2.14
2014.09.01 22:57:00.705,0.83821,0.8384,4.01,1.39
2014.09.01 22:57:01.218,0.83821,0.8384,1.84,1.62
2014.09.01 22:57:02.710,0.83821,0.8384,1.40,2.06
2014.09.01 22:57:03.754,0.83821,0.83839,1.15,1.31
2014.09.01 22:57:06.726,0.83821,0.83837,1.15,1.19
2014.09.01 22:57:09.736,0.8382,0.83838,3.45,1.19
2014.09.01 22:57:15.282,0.83823,0.83838,1.17,1.19
2014.09.01 22:57:15.919,0.83823,0.83838,1.15,1.19
2014.09.01 22:57:16.387,0.83823,0.8384,1.15,2.06
2014.09.01 22:57:22.390,0.83823,0.83838,1.15,1.19
2014.09.01 22:57:54.020,0.83824,0.83839,1.65,1.56
2014.09.01 22:57:55.138,0.83823,0.83839,1.15,1.56
2014.09.01 22:58:01.027,0.83823,0.83839,1.00,1.56
2014.09.01 22:58:05.564,0.8382,0.83839,1.19,1.56
2014.09.01 22:58:13.054,0.83823,0.83838,1.00,1.31
2014.09.01 22:58:13.580,0.83823,0.83838,1.00,1.62
2014.09.01 22:58:27.802,0.83823,0.83838,1.00,2.06
2014.09.01 22:58:32.820,0.83823,0.83837,1.00,1.19
2014.09.01 22:58:36.849,0.83823,0.83838,1.00,1.31
2014.09.01 22:58:40.932,0.83823,0.83838,1.00,1.31
2014.09.01 22:58:45.321,0.83823,0.8384,1.00,2.06
2014.09.01 22:58:53.116,0.8382,0.8384,1.69,2.06
2014.09.01 22:58:53.167,0.8382,0.83837,1.00,1.19
2014.09.01 22:59:01.587,0.83821,0.83837,1.00,1.19
2014.09.01 22:59:10.382,0.8382,0.83837,1.00,1.19
2014.09.01 22:59:12.999,0.83822,0.83837,1.00,1.19
2014.09.01 22:59:13.680,0.83823,0.83837,1.00,1.19
2014.09.01 22:59:45.576,0.8382,0.83839,1.31,1.62
2014.09.01 22:59:46.536,0.83818,0.83839,3.56,2.06
2014.09.01 22:59:55.779,0.83818,0.83836,2.81,1.19
