2010.05.17 13:00:00.915,0.69985,0.7001,4.30,4.00
2010.05.17 13:00:01.376,0.6999,0.7001,2.40,1.00
2010.05.17 13:00:01.636,0.6999,0.70015,2.40,2.40
2010.05.17 13:00:02.854,0.6998,0.70005,2.40,2.40
2010.05.17 13:00:03.124,0.69975,0.7,4.80,2.40
2010.05.17 13:00:03.991,0.69975,0.7,4.40,2.40
2010.05.17 13:00:04.501,0.69975,0.70005,4.40,7.20
2010.05.17 13:00:05.689,0.69975,0.70005,4.40,7.30
2010.05.17 13:00:07.109,0.69975,0.7,4.40,2.40
2010.05.17 13:00:13.587,0.69975,0.7,4.20,2.40
2010.05.17 13:00:15.073,0.69985,0.70005,1.00,2.40
2010.05.17 13:00:15.633,0.69985,0.70005,1.00,3.20
2010.05.17 13:00:16.301,0.69985,0.70005,1.00,4.80
2010.05.17 13:00:18.687,0.69985,0.70005,1.00,3.20
2010.05.17 13:00:19.191,0.69985,0.70005,3.20,1.00
2010.05.17 13:00:19.887,0.69985,0.70005,3.50,1.00
2010.05.17 13:00:20.146,0.69985,0.7001,4.00,4.80
2010.05.17 13:00:20.404,0.69985,0.7001,3.90,4.80
2010.05.17 13:00:21.623,0.6999,0.70015,2.40,4.80
2010.05.17 13:00:24.081,0.69995,0.70015,1.00,4.80
2010.05.17 13:00:24.740,0.69995,0.70015,1.00,4.80
2010.05.17 13:00:27.226,0.69995,0.70015,1.10,4.80
2010.05.17 13:00:28.462,0.69995,0.70015,1.50,2.40
2010.05.17 13:00:28.756,0.69995,0.70015,1.40,2.40
2010.05.17 13:00:29.682,0.69995,0.70015,1.60,3.20
2010.05.17 13:00:29.975,0.70005,0.70015,1.00,2.40
2010.05.17 13:00:30.264,0.70005,0.70015,1.00,2.40
2010.05.17 13:00:30.902,0.70005,0.70015,1.00,2.40
2010.05.17 13:00:31.249,0.69995,0.7002,6.40,2.40
2010.05.17 13:00:34.335,0.70005,0.7002,1.00,2.40
2010.05.17 13:00:35.607,0.70005,0.70025,4.50,1.00
2010.05.17 13:00:35.898,0.70005,0.70035,11.70,4.80
2010.05.17 13:00:37.056,0.70005,0.70035,13.70,4.80
2010.05.17 13:00:37.329,0.70015,0.70045,9.00,6.10
2010.05.17 13:00:37.595,0.70015,0.70045,9.00,4.80
2010.05.17 13:00:38.791,0.70015,0.7004,3.90,6.40
2010.05.17 13:00:40.193,0.70015,0.7004,3.60,6.40
2010.05.17 13:00:40.423,0.70015,0.7004,2.80,6.40
2010.05.17 13:00:41.875,0.70015,0.7004,7.90,1.00
2010.05.17 13:00:42.133,0.70015,0.70045,7.90,5.00
2010.05.17 13:00:43.930,0.70015,0.7004,7.90,1.00
2010.05.17 13:00:44.084,0.70015,0.7004,7.50,2.80
2010.05.17 13:00:44.763,0.70015,0.7004,7.50,6.00
2010.05.17 13:00:44.820,0.70015,0.70035,1.00,4.80
2010.05.17 13:00:46.772,0.70015,0.70035,1.00,5.00
2010.05.17 13:00:48.156,0.70015,0.70035,1.00,4.80
2010.05.17 13:00:48.372,0.70015,0.70035,1.00,6.80
2010.05.17 13:00:49.038,0.70015,0.7003,1.00,1.00
2010.05.17 13:00:49.260,0.70015,0.70025,1.00,2.40
2010.05.17 13:00:54.852,0.70015,0.70025,1.00,4.80
2010.05.17 13:00:59.339,0.70015,0.7002,1.00,2.40
2010.05.17 13:00:59.641,0.69995,0.7002,5.10,2.40
2010.05.17 13:01:00.500,0.69995,0.7002,2.40,4.80
2010.05.17 13:01:00.774,0.6999,0.70015,3.10,2.40
2010.05.17 13:01:01.034,0.6999,0.70015,4.70,2.40
2010.05.17 13:01:01.661,0.6999,0.70015,3.10,2.40
2010.05.17 13:01:01.985,0.6999,0.70015,3.10,4.80
2010.05.17 13:01:02.307,0.6999,0.7001,2.40,3.60
2010.05.17 13:01:02.636,0.69985,0.70005,1.10,2.40
2010.05.17 13:01:03.549,0.69985,0.70005,1.00,4.40
2010.05.17 13:01:03.838,0.69985,0.7,1.00,2.40
2010.05.17 13:01:04.124,0.69975,0.7,8.00,2.40
2010.05.17 13:01:05.050,0.69975,0.7,4.40,2.40
2010.05.17 13:01:06.839,0.6998,0.70005,2.40,5.00
2010.05.17 13:01:10.421,0.6998,0.70005,3.10,5.00
2010.05.17 13:01:10.553,0.69985,0.70005,1.00,3.20
2010.05.17 13:01:10.821,0.69985,0.70005,1.00,2.40
2010.05.17 13:01:10.952,0.69985,0.70005,1.10,2.40
2010.05.17 13:01:20.972,0.69985,0.70005,1.00,2.40
2010.05.17 13:01:37.258,0.69985,0.70005,1.00,2.40
2010.05.17 13:01:40.521,0.69985,0.70005,1.00,2.40
2010.05.17 13:01:40.821,0.6998,0.70005,6.30,2.40
2010.05.17 13:01:44.161,0.6998,0.70005,4.70,2.40
2010.05.17 13:01:44.286,0.6998,0.70005,3.10,3.20
2010.05.17 13:01:45.258,0.6998,0.70005,3.10,5.20
2010.05.17 13:01:45.611,0.69975,0.7,8.50,2.40
2010.05.17 13:01:46.306,0.69975,0.7,7.90,2.40
2010.05.17 13:01:47.589,0.69975,0.7,7.50,2.40
2010.05.17 13:01:47.771,0.69975,0.7,5.50,3.20
2010.05.17 13:01:48.478,0.69975,0.7,5.10,3.20
2010.05.17 13:01:48.823,0.69975,0.7,5.50,3.20
2010.05.17 13:01:49.161,0.69975,0.7,5.80,3.20
2010.05.17 13:01:51.306,0.69975,0.7,7.40,2.40
2010.05.17 13:01:51.628,0.6999,0.7001,2.40,2.40
2010.05.17 13:01:51.946,0.6999,0.70015,2.40,4.80
2010.05.17 13:01:52.253,0.6999,0.70015,2.40,6.80
2010.05.17 13:01:53.000,0.6999,0.7001,2.40,2.40
2010.05.17 13:01:53.270,0.69985,0.7001,8.20,2.40
2010.05.17 13:01:53.532,0.69995,0.70015,1.10,4.80
2010.05.17 13:01:54.165,0.69995,0.70015,1.10,3.20
2010.05.17 13:01:54.842,0.69995,0.70015,1.10,4.80
2010.05.17 13:01:55.187,0.69995,0.7001,1.00,7.20
2010.05.17 13:01:55.524,0.69985,0.7001,4.50,9.60
2010.05.17 13:01:56.519,0.69985,0.7001,4.50,11.60
2010.05.17 13:01:56.647,0.69985,0.70005,1.00,6.40
2010.05.17 13:01:56.764,0.69985,0.70005,1.00,6.40
2010.05.17 13:01:57.499,0.6998,0.70005,2.40,8.80
2010.05.17 13:01:57.854,0.69975,0.7,4.00,4.80
2010.05.17 13:02:00.096,0.69985,0.7,1.00,4.80
2010.05.17 13:02:00.739,0.69985,0.7,1.00,4.80
2010.05.17 13:02:00.903,0.69985,0.7,1.10,3.20
2010.05.17 13:02:01.243,0.69975,0.7,6.30,3.20
2010.05.17 13:02:02.548,0.69975,0.7,6.70,3.20
2010.05.17 13:02:02.826,0.69975,0.7,5.10,3.20
2010.05.17 13:02:04.733,0.69975,0.7,5.50,3.20
2010.05.17 13:02:05.473,0.69975,0.7,7.90,3.20
2010.05.17 13:02:05.694,0.69975,0.7,11.50,3.20
2010.05.17 13:02:07.514,0.69975,0.7,11.20,3.20
2010.05.17 13:02:13.115,0.69975,0.7,10.40,3.20
2010.05.17 13:02:14.575,0.69975,0.7,8.00,3.20
2010.05.17 13:02:18.484,0.69975,0.7,7.60,3.20
2010.05.17 13:02:20.376,0.69975,0.7,8.40,3.20
2010.05.17 13:02:22.748,0.69975,0.7,8.10,3.20
2010.05.17 13:02:28.674,0.69975,0.7,7.70,3.20
2010.05.17 13:02:34.465,0.69975,0.7,8.50,3.20
2010.05.17 13:02:37.826,0.69975,0.7,10.10,3.20
2010.05.17 13:02:38.175,0.69975,0.7,8.50,3.20
2010.05.17 13:02:40.609,0.69975,0.7,8.50,4.80
2010.05.17 13:02:40.862,0.69975,0.7,8.10,4.80
2010.05.17 13:02:40.940,0.69975,0.7,7.40,4.80
2010.05.17 13:02:41.018,0.69975,0.7,5.80,4.80
2010.05.17 13:02:41.101,0.69975,0.7,4.20,4.80
2010.05.17 13:02:48.662,0.69985,0.7,1.00,4.80
2010.05.17 13:02:48.793,0.69985,0.7,1.00,4.00
2010.05.17 13:02:49.553,0.69985,0.7,1.00,2.40
2010.05.17 13:02:49.905,0.69985,0.7,1.00,2.40
2010.05.17 13:02:50.243,0.69985,0.7,1.10,2.40
2010.05.17 13:02:52.426,0.69975,0.7,8.80,2.40
2010.05.17 13:02:54.471,0.69975,0.7,8.70,2.40
2010.05.17 13:02:57.945,0.69975,0.70005,8.70,7.40
2010.05.17 13:03:00.028,0.69975,0.70005,8.40,7.40
2010.05.17 13:03:03.294,0.69975,0.70005,8.40,7.00
2010.05.17 13:03:06.288,0.69975,0.7,7.60,1.00
2010.05.17 13:03:09.926,0.69975,0.7,3.20,2.80
2010.05.17 13:03:14.332,0.69975,0.7,3.20,2.40
2010.05.17 13:03:15.011,0.69975,0.6999,1.00,3.20
2010.05.17 13:03:15.039,0.69975,0.6999,1.00,3.20
2010.05.17 13:03:16.129,0.69965,0.69985,1.00,2.40
2010.05.17 13:03:20.656,0.69965,0.6999,3.90,5.80
2010.05.17 13:03:20.958,0.69965,0.6999,6.00,3.20
2010.05.17 13:03:21.257,0.6997,0.6999,3.20,1.00
2010.05.17 13:03:22.173,0.6997,0.69995,7.50,2.70
2010.05.17 13:03:22.477,0.69975,0.69995,6.40,1.00
2010.05.17 13:03:24.409,0.69975,0.69995,6.40,1.00
2010.05.17 13:03:24.672,0.69975,0.7,6.40,5.20
2010.05.17 13:03:25.382,0.69975,0.7,6.40,4.80
2010.05.17 13:03:29.484,0.69985,0.70005,4.30,3.60
2010.05.17 13:03:30.542,0.6999,0.70005,2.80,2.40
2010.05.17 13:03:30.766,0.7,0.70025,6.70,4.80
2010.05.17 13:03:31.617,0.70005,0.70025,1.00,2.40
2010.05.17 13:03:31.966,0.7001,0.7003,2.40,1.00
2010.05.17 13:03:32.774,0.70005,0.7003,6.80,2.40
2010.05.17 13:03:33.118,0.70005,0.7003,3.20,6.40
2010.05.17 13:03:33.462,0.70005,0.7002,3.20,1.60
2010.05.17 13:03:34.868,0.70005,0.70025,3.20,1.00
2010.05.17 13:03:36.234,0.70005,0.70025,6.40,1.00
2010.05.17 13:03:38.181,0.70005,0.70025,7.20,1.00
2010.05.17 13:03:38.633,0.70005,0.7003,7.60,5.20
2010.05.17 13:03:39.614,0.70005,0.7003,6.60,4.80
2010.05.17 13:03:41.086,0.7001,0.7003,3.20,1.00
2010.05.17 13:03:42.610,0.70005,0.7003,7.00,4.80
2010.05.17 13:03:42.951,0.70005,0.7003,6.80,4.80
2010.05.17 13:03:46.145,0.7001,0.7003,4.80,1.00
2010.05.17 13:03:47.516,0.70015,0.7004,8.30,2.40
2010.05.17 13:03:47.855,0.70015,0.7004,8.70,2.40
2010.05.17 13:03:48.851,0.70035,0.7005,1.00,2.40
2010.05.17 13:03:49.179,0.7003,0.7005,4.80,2.40
2010.05.17 13:03:52.495,0.7003,0.7005,4.80,1.00
2010.05.17 13:03:56.127,0.7003,0.70055,4.80,4.80
2010.05.17 13:03:56.385,0.7003,0.70055,5.50,5.00
2010.05.17 13:03:57.465,0.7003,0.70055,4.80,5.00
2010.05.17 13:03:59.239,0.7003,0.70055,4.80,4.80
2010.05.17 13:04:00.503,0.70035,0.70055,1.00,4.80
2010.05.17 13:04:00.673,0.70035,0.70055,1.00,4.80
2010.05.17 13:04:01.481,0.70035,0.7006,10.30,3.20
2010.05.17 13:04:01.823,0.70035,0.7006,12.40,3.20
2010.05.17 13:04:02.488,0.70035,0.7006,12.00,3.20
2010.05.17 13:04:02.836,0.70035,0.7006,11.60,3.20
2010.05.17 13:04:03.178,0.7004,0.70065,2.00,6.60
2010.05.17 13:04:04.134,0.7004,0.70065,4.40,5.00
2010.05.17 13:04:04.484,0.70045,0.70065,3.20,1.00
2010.05.17 13:04:05.767,0.7005,0.70065,1.00,1.00
2010.05.17 13:04:05.954,0.7005,0.7007,3.20,3.20
2010.05.17 13:04:06.615,0.7005,0.70075,3.20,5.20
2010.05.17 13:04:06.958,0.7005,0.70075,7.10,2.80
2010.05.17 13:04:08.844,0.7005,0.70075,5.50,3.60
2010.05.17 13:04:09.017,0.7005,0.70075,3.90,3.60
2010.05.17 13:04:13.516,0.7005,0.70075,3.10,3.60
2010.05.17 13:04:14.613,0.7005,0.70075,1.00,3.60
2010.05.17 13:04:15.974,0.7005,0.70075,1.00,6.00
2010.05.17 13:04:16.812,0.7005,0.70075,1.00,6.20
2010.05.17 13:04:18.302,0.7005,0.70075,1.00,6.00
2010.05.17 13:04:23.070,0.70045,0.70075,10.40,7.80
2010.05.17 13:04:23.802,0.70045,0.7007,12.00,1.00
2010.05.17 13:04:24.140,0.70045,0.7006,5.60,4.40
2010.05.17 13:04:24.491,0.70045,0.70055,1.00,7.20
2010.05.17 13:04:25.224,0.7003,0.70055,1.00,7.20
2010.05.17 13:04:25.501,0.7004,0.70055,2.00,7.20
2010.05.17 13:04:25.766,0.70045,0.7006,7.10,2.30
2010.05.17 13:04:26.680,0.70045,0.70075,9.60,9.10
2010.05.17 13:04:27.010,0.7005,0.70075,1.00,6.30
2010.05.17 13:04:28.234,0.7005,0.7007,1.00,1.00
2010.05.17 13:04:28.533,0.7005,0.7007,2.30,1.00
2010.05.17 13:04:29.495,0.7005,0.70075,2.30,5.60
2010.05.17 13:04:32.500,0.70045,0.70075,10.30,8.00
2010.05.17 13:04:32.824,0.7005,0.70075,1.00,8.00
2010.05.17 13:04:33.147,0.70055,0.70075,1.00,1.20
2010.05.17 13:04:36.373,0.70055,0.70075,1.00,1.00
2010.05.17 13:04:37.178,0.7005,0.7007,2.30,1.00
2010.05.17 13:04:37.335,0.70045,0.7007,13.00,1.00
2010.05.17 13:04:37.482,0.70045,0.7007,12.60,1.00
2010.05.17 13:04:37.633,0.7005,0.7007,2.40,1.00
2010.05.17 13:04:37.782,0.7005,0.70075,6.70,1.20
2010.05.17 13:04:38.451,0.7005,0.70075,9.10,1.20
2010.05.17 13:04:38.798,0.7005,0.70075,10.70,1.00
2010.05.17 13:04:39.145,0.70055,0.70075,5.60,1.00
2010.05.17 13:04:39.484,0.70055,0.70075,9.10,1.00
2010.05.17 13:04:40.216,0.70055,0.70075,9.50,1.00
2010.05.17 13:04:40.554,0.70055,0.7008,9.50,1.00
2010.05.17 13:04:42.139,0.70055,0.7008,10.60,1.00
2010.05.17 13:04:42.356,0.7006,0.7008,1.00,1.00
2010.05.17 13:04:47.292,0.70055,0.7008,11.70,1.00
2010.05.17 13:04:48.017,0.70055,0.7008,11.30,1.00
2010.05.17 13:04:48.217,0.70055,0.7008,12.00,1.00
2010.05.17 13:04:49.710,0.70055,0.7008,10.90,1.00
2010.05.17 13:04:52.135,0.70055,0.7008,10.90,1.60
2010.05.17 13:04:52.401,0.7005,0.70075,3.40,5.60
2010.05.17 13:04:52.663,0.7005,0.70075,4.30,5.60
2010.05.17 13:04:53.665,0.7005,0.70075,2.70,5.60
2010.05.17 13:04:54.344,0.7005,0.7007,2.70,1.00
2010.05.17 13:04:55.605,0.7005,0.7007,1.00,1.00
2010.05.17 13:04:56.964,0.7005,0.7007,1.00,3.20
2010.05.17 13:05:02.413,0.70045,0.7007,9.10,3.20
2010.05.17 13:05:02.501,0.70045,0.7007,8.80,3.20
2010.05.17 13:05:02.591,0.70045,0.7007,4.40,5.60
2010.05.17 13:05:02.772,0.70045,0.7007,2.00,8.00
2010.05.17 13:05:04.056,0.70045,0.7007,1.20,8.00
2010.05.17 13:05:05.216,0.70045,0.7007,3.20,8.00
2010.05.17 13:05:05.496,0.7005,0.7007,8.00,2.80
2010.05.17 13:05:06.331,0.7005,0.70065,1.60,4.80
2010.05.17 13:05:06.639,0.70045,0.7007,1.10,8.00
2010.05.17 13:05:09.753,0.70045,0.70065,1.10,1.00
2010.05.17 13:05:10.721,0.70045,0.70065,1.60,1.00
2010.05.17 13:05:11.601,0.70045,0.7007,1.50,8.00
2010.05.17 13:05:12.082,0.70045,0.7007,1.40,8.00
2010.05.17 13:05:12.972,0.70045,0.70065,1.40,2.40
2010.05.17 13:05:13.273,0.70045,0.70065,1.10,2.40
2010.05.17 13:05:18.021,0.70035,0.70065,13.30,8.00
2010.05.17 13:05:18.842,0.70035,0.70065,13.20,8.00
2010.05.17 13:05:18.865,0.70035,0.70065,12.40,8.00
2010.05.17 13:05:19.210,0.70035,0.7006,6.00,4.80
2010.05.17 13:05:19.558,0.70035,0.7006,4.40,5.60
2010.05.17 13:05:20.546,0.70035,0.7006,3.90,5.60
2010.05.17 13:05:22.458,0.70035,0.7006,1.60,8.00
2010.05.17 13:05:22.644,0.70035,0.7006,1.90,8.00
2010.05.17 13:05:23.843,0.70035,0.7006,1.60,8.00
2010.05.17 13:05:27.614,0.70035,0.7006,1.90,8.00
2010.05.17 13:05:29.006,0.70035,0.7006,1.60,8.00
2010.05.17 13:05:30.235,0.70035,0.70055,1.60,1.00
2010.05.17 13:05:31.406,0.70035,0.7005,1.60,1.00
2010.05.17 13:05:31.738,0.70025,0.7005,2.30,5.60
2010.05.17 13:05:32.671,0.70025,0.7005,3.20,5.60
2010.05.17 13:05:33.016,0.70025,0.7005,1.60,5.60
2010.05.17 13:05:34.524,0.7002,0.7005,9.50,5.60
2010.05.17 13:05:36.001,0.7002,0.7005,8.70,5.60
2010.05.17 13:05:36.757,0.7002,0.70045,8.70,1.00
2010.05.17 13:05:36.886,0.7002,0.70045,8.70,1.60
2010.05.17 13:05:37.002,0.7002,0.70045,7.10,1.20
2010.05.17 13:05:37.725,0.7002,0.70045,5.50,1.20
2010.05.17 13:05:38.036,0.70015,0.70045,10.80,6.00
2010.05.17 13:05:38.338,0.70015,0.7004,10.80,1.00
2010.05.17 13:05:39.245,0.70015,0.7004,4.40,5.60
2010.05.17 13:05:40.898,0.70015,0.7004,3.20,5.60
2010.05.17 13:05:44.175,0.70015,0.7004,4.20,4.00
2010.05.17 13:05:49.573,0.70015,0.7004,6.60,4.00
2010.05.17 13:05:50.365,0.70015,0.7004,6.30,3.20
2010.05.17 13:05:51.934,0.70015,0.7004,3.20,3.20
2010.05.17 13:05:52.465,0.70015,0.7004,3.90,3.20
2010.05.17 13:05:53.346,0.70015,0.7004,5.80,3.20
2010.05.17 13:05:54.992,0.70015,0.7004,3.90,3.20
2010.05.17 13:05:57.996,0.70015,0.70035,3.90,1.00
2010.05.17 13:05:58.597,0.7001,0.7003,3.90,1.00
2010.05.17 13:05:59.256,0.7001,0.7003,1.00,1.00
2010.05.17 13:06:00.790,0.7001,0.70035,1.00,9.20
2010.05.17 13:06:02.267,0.7001,0.70035,1.00,9.40
2010.05.17 13:06:02.586,0.7001,0.70035,1.00,11.00
2010.05.17 13:06:02.904,0.70005,0.70035,6.30,11.00
2010.05.17 13:06:04.102,0.70005,0.70035,6.70,11.00
2010.05.17 13:06:04.393,0.70005,0.7003,5.50,1.60
2010.05.17 13:06:05.164,0.70005,0.7003,5.50,2.40
2010.05.17 13:06:05.413,0.70005,0.7003,3.10,4.80
2010.05.17 13:06:06.763,0.70005,0.7003,3.40,4.80
2010.05.17 13:06:07.056,0.70005,0.7003,6.40,2.40
2010.05.17 13:06:07.968,0.70005,0.70035,8.00,11.00
2010.05.17 13:06:09.214,0.70005,0.70035,9.60,11.00
2010.05.17 13:06:09.532,0.7002,0.7004,4.70,1.00
2010.05.17 13:06:09.849,0.7002,0.70045,1.00,3.20
2010.05.17 13:06:10.789,0.70015,0.70045,8.50,5.60
2010.05.17 13:06:11.755,0.70015,0.70045,9.30,5.60
2010.05.17 13:06:12.948,0.70015,0.7004,5.30,4.80
2010.05.17 13:06:13.083,0.70015,0.7004,4.60,4.80
2010.05.17 13:06:13.224,0.70015,0.70035,2.20,1.00
2010.05.17 13:06:14.023,0.70015,0.70035,1.90,1.00
2010.05.17 13:06:14.336,0.70015,0.70035,1.90,1.00
2010.05.17 13:06:16.033,0.70015,0.70035,9.00,1.00
2010.05.17 13:06:17.622,0.70015,0.70035,10.60,1.00
2010.05.17 13:06:23.338,0.70015,0.70035,1.70,1.00
2010.05.17 13:06:25.057,0.70015,0.70035,1.00,1.00
2010.05.17 13:06:25.284,0.70015,0.70035,1.00,1.00
2010.05.17 13:06:25.744,0.70015,0.70035,1.00,1.00
2010.05.17 13:06:38.593,0.70015,0.7004,1.10,5.60
2010.05.17 13:06:39.287,0.70015,0.7004,3.40,3.20
2010.05.17 13:06:39.432,0.70025,0.7004,1.10,1.60
2010.05.17 13:06:39.714,0.70025,0.7004,1.00,1.60
2010.05.17 13:06:41.383,0.70025,0.7004,1.00,1.00
2010.05.17 13:06:42.375,0.70025,0.70045,3.10,1.00
2010.05.17 13:06:47.152,0.70025,0.7005,8.70,1.00
2010.05.17 13:06:47.497,0.70025,0.7005,9.10,1.00
2010.05.17 13:06:48.408,0.70035,0.7005,1.00,1.00
2010.05.17 13:06:49.013,0.70025,0.7005,9.00,1.00
2010.05.17 13:06:49.313,0.70025,0.7005,8.70,1.00
2010.05.17 13:06:52.017,0.70025,0.70055,8.70,4.80
2010.05.17 13:06:53.132,0.70025,0.70055,9.50,4.80
2010.05.17 13:06:54.930,0.70025,0.70055,9.10,4.80
2010.05.17 13:06:58.742,0.70025,0.70055,8.60,5.00
2010.05.17 13:06:59.798,0.70025,0.70055,8.60,5.60
2010.05.17 13:07:08.025,0.70025,0.70055,9.00,5.60
2010.05.17 13:07:18.263,0.70025,0.70055,8.60,5.80
2010.05.17 13:07:21.747,0.70025,0.70055,8.60,10.30
2010.05.17 13:07:21.965,0.70025,0.7005,2.20,5.60
2010.05.17 13:07:23.548,0.70025,0.7005,6.70,2.40
2010.05.17 13:07:29.196,0.70025,0.7005,8.30,1.00
2010.05.17 13:07:30.298,0.70025,0.70055,8.30,7.20
2010.05.17 13:07:30.592,0.70025,0.70055,8.30,5.60
2010.05.17 13:07:31.184,0.70025,0.7005,7.90,1.00
2010.05.17 13:07:33.655,0.70025,0.7005,5.50,1.60
2010.05.17 13:07:33.880,0.70025,0.7005,3.10,4.00
2010.05.17 13:07:34.100,0.70035,0.7005,1.00,4.00
2010.05.17 13:07:34.925,0.70035,0.7005,1.00,4.00
2010.05.17 13:07:35.267,0.70025,0.7005,3.10,4.00
2010.05.17 13:07:35.604,0.70025,0.70045,1.50,2.40
2010.05.17 13:07:35.943,0.70025,0.70045,1.00,2.40
2010.05.17 13:07:42.286,0.70025,0.7005,1.50,4.00
2010.05.17 13:07:43.016,0.70025,0.7005,1.50,3.20
2010.05.17 13:07:59.235,0.70025,0.7005,1.00,4.80
2010.05.17 13:08:02.686,0.70025,0.7005,1.30,3.20
2010.05.17 13:08:02.840,0.70025,0.7005,6.70,1.00
2010.05.17 13:08:03.591,0.70035,0.7005,2.40,1.00
2010.05.17 13:08:03.758,0.7004,0.7007,7.90,8.80
2010.05.17 13:08:04.257,0.7004,0.7007,7.10,8.80
2010.05.17 13:08:10.349,0.7004,0.7007,7.10,7.20
2010.05.17 13:08:13.054,0.7004,0.7007,7.10,8.80
2010.05.17 13:08:13.994,0.7004,0.70065,5.50,1.00
2010.05.17 13:08:14.240,0.70035,0.7006,6.50,2.40
2010.05.17 13:08:15.078,0.70035,0.7006,1.10,7.60
2010.05.17 13:08:15.411,0.70035,0.7006,1.00,8.00
2010.05.17 13:08:15.737,0.70035,0.7006,1.00,7.20
2010.05.17 13:08:16.054,0.70035,0.7006,2.30,4.80
2010.05.17 13:08:19.692,0.7003,0.7006,7.10,7.20
2010.05.17 13:08:19.832,0.7003,0.7006,7.90,7.20
2010.05.17 13:08:20.595,0.7003,0.7006,9.50,7.20
2010.05.17 13:08:20.853,0.70035,0.7006,2.30,4.80
2010.05.17 13:08:21.362,0.70035,0.7006,3.10,4.80
2010.05.17 13:08:22.120,0.70035,0.70055,3.10,1.00
2010.05.17 13:08:22.829,0.70035,0.70055,2.30,1.00
2010.05.17 13:08:23.871,0.70045,0.7006,10.40,4.80
2010.05.17 13:08:24.104,0.7006,0.70065,3.10,1.00
2010.05.17 13:08:24.337,0.70065,0.7008,2.40,1.00
2010.05.17 13:08:25.164,0.70065,0.7009,2.40,6.40
2010.05.17 13:08:25.793,0.70065,0.7009,3.50,4.80
2010.05.17 13:08:27.564,0.70065,0.7009,2.40,4.80
2010.05.17 13:08:29.789,0.70065,0.7009,2.70,4.80
2010.05.17 13:08:30.431,0.70065,0.7009,3.10,4.80
2010.05.17 13:08:30.635,0.70065,0.7009,3.50,4.80
2010.05.17 13:08:35.793,0.70065,0.7009,5.90,2.40
2010.05.17 13:08:36.023,0.7007,0.70095,2.40,5.00
2010.05.17 13:08:40.314,0.7007,0.70095,2.40,4.80
2010.05.17 13:08:42.292,0.7007,0.70095,2.40,5.00
2010.05.17 13:08:44.112,0.7007,0.70095,2.40,6.60
2010.05.17 13:08:45.034,0.70075,0.70095,3.20,6.60
2010.05.17 13:08:48.610,0.70075,0.70095,3.20,8.60
2010.05.17 13:08:48.837,0.7007,0.7009,3.20,2.40
2010.05.17 13:08:51.549,0.70075,0.70095,3.20,6.60
2010.05.17 13:08:51.643,0.70075,0.70095,3.20,5.00
2010.05.17 13:08:51.828,0.70075,0.70095,3.20,4.80
2010.05.17 13:08:52.787,0.7007,0.7009,3.20,2.40
2010.05.17 13:08:56.942,0.7007,0.7009,3.20,3.20
2010.05.17 13:08:57.505,0.7007,0.70085,3.20,2.40
2010.05.17 13:08:58.316,0.70065,0.70085,4.70,2.40
2010.05.17 13:09:00.367,0.7008,0.7009,2.40,1.60
2010.05.17 13:09:00.492,0.7009,0.70095,2.40,3.20
2010.05.17 13:09:00.616,0.7009,0.701,2.40,2.40
2010.05.17 13:09:00.734,0.7008,0.701,5.20,7.60
2010.05.17 13:09:00.854,0.7008,0.701,4.20,5.20
2010.05.17 13:09:00.973,0.7008,0.701,3.20,7.20
2010.05.17 13:09:01.095,0.7008,0.701,3.20,6.40
2010.05.17 13:09:02.443,0.7008,0.701,3.20,4.80
2010.05.17 13:09:02.733,0.7008,0.701,3.20,6.40
2010.05.17 13:09:06.588,0.70085,0.701,1.00,4.80
2010.05.17 13:09:06.780,0.7008,0.701,3.20,2.40
2010.05.17 13:09:07.638,0.7008,0.701,3.20,4.80
2010.05.17 13:09:08.202,0.7008,0.701,3.20,6.40
2010.05.17 13:09:12.778,0.7008,0.701,3.20,4.80
2010.05.17 13:09:12.977,0.7008,0.70095,1.00,4.80
2010.05.17 13:09:13.174,0.7008,0.70095,1.00,6.80
2010.05.17 13:09:13.374,0.70075,0.7009,1.00,2.40
2010.05.17 13:09:14.170,0.70075,0.70095,4.00,4.80
2010.05.17 13:09:14.443,0.70075,0.70095,3.20,4.80
2010.05.17 13:09:19.905,0.70075,0.70095,3.50,4.80
2010.05.17 13:09:20.696,0.70075,0.70095,3.90,4.80
2010.05.17 13:09:20.791,0.70085,0.70105,2.40,5.20
2010.05.17 13:09:21.062,0.70085,0.70105,2.40,4.80
2010.05.17 13:09:23.383,0.70085,0.70105,2.40,6.80
2010.05.17 13:09:23.524,0.7008,0.701,3.20,2.40
2010.05.17 13:09:26.574,0.7008,0.701,3.20,3.20
2010.05.17 13:09:33.447,0.70085,0.701,3.20,1.00
2010.05.17 13:09:36.457,0.70085,0.701,4.00,1.00
2010.05.17 13:09:36.938,0.70085,0.701,3.60,1.00
2010.05.17 13:09:37.202,0.70085,0.701,3.20,1.00
2010.05.17 13:09:41.591,0.70085,0.701,3.20,3.20
2010.05.17 13:09:41.804,0.7008,0.701,3.20,3.20
2010.05.17 13:09:44.720,0.7009,0.701,3.20,1.00
2010.05.17 13:09:49.358,0.7009,0.70105,3.20,2.40
2010.05.17 13:09:49.632,0.701,0.7012,3.20,2.40
2010.05.17 13:09:51.052,0.70105,0.70125,3.20,5.00
2010.05.17 13:09:51.636,0.70105,0.70125,3.20,6.60
2010.05.17 13:09:52.606,0.70105,0.70125,3.20,6.50
2010.05.17 13:09:52.915,0.70105,0.70125,4.00,6.40
2010.05.17 13:09:53.848,0.70105,0.7012,4.00,1.00
2010.05.17 13:09:55.144,0.70105,0.7012,3.60,1.00
2010.05.17 13:09:55.791,0.70105,0.7012,3.20,1.00
2010.05.17 13:09:56.081,0.70105,0.7012,3.90,1.00
2010.05.17 13:09:56.223,0.70105,0.7012,4.30,1.00
2010.05.17 13:09:57.242,0.70105,0.7012,5.10,1.00
2010.05.17 13:09:57.525,0.70105,0.7012,4.00,1.00
2010.05.17 13:10:20.099,0.70105,0.7012,3.20,2.40
2010.05.17 13:10:22.709,0.70085,0.70105,4.80,1.00
2010.05.17 13:10:23.496,0.70085,0.70105,3.20,1.00
2010.05.17 13:10:23.847,0.70085,0.70105,3.20,2.60
2010.05.17 13:10:24.192,0.7008,0.701,1.00,1.00
2010.05.17 13:10:25.127,0.70075,0.701,6.30,3.20
2010.05.17 13:10:25.478,0.70075,0.701,4.00,4.80
2010.05.17 13:10:25.817,0.70075,0.701,6.30,3.20
2010.05.17 13:10:26.837,0.70075,0.701,5.50,3.20
2010.05.17 13:10:29.032,0.70075,0.701,5.90,3.20
2010.05.17 13:10:29.693,0.70075,0.701,5.90,2.40
2010.05.17 13:10:30.041,0.7008,0.70105,3.20,7.10
2010.05.17 13:10:32.768,0.7008,0.70105,3.20,3.20
2010.05.17 13:10:33.021,0.7008,0.70105,3.90,3.20
2010.05.17 13:10:34.236,0.7008,0.70105,3.90,3.40
2010.05.17 13:10:37.015,0.7008,0.701,3.20,1.00
2010.05.17 13:10:37.325,0.70075,0.70095,8.40,1.00
2010.05.17 13:10:37.624,0.70075,0.7009,1.60,1.00
2010.05.17 13:10:38.552,0.70065,0.70085,3.90,2.40
2010.05.17 13:10:39.506,0.7006,0.70085,6.50,2.40
2010.05.17 13:10:39.846,0.70065,0.70085,1.60,2.40
2010.05.17 13:10:40.182,0.7006,0.70085,5.50,2.40
2010.05.17 13:10:40.522,0.7006,0.70085,7.10,2.40
2010.05.17 13:10:40.753,0.7006,0.70085,5.50,2.40
2010.05.17 13:10:41.746,0.7006,0.70085,3.90,3.20
2010.05.17 13:10:48.693,0.7006,0.70085,3.90,3.40
2010.05.17 13:10:50.422,0.7006,0.70085,3.90,3.20
2010.05.17 13:11:03.417,0.7006,0.70085,3.90,3.40
2010.05.17 13:11:07.547,0.7006,0.70085,3.20,4.20
2010.05.17 13:11:07.776,0.7006,0.70085,3.20,5.80
2010.05.17 13:11:09.012,0.7006,0.70085,3.20,5.00
2010.05.17 13:11:10.650,0.7006,0.70085,3.20,5.80
2010.05.17 13:11:11.174,0.7006,0.70085,3.20,5.00
2010.05.17 13:11:12.216,0.7006,0.70085,3.20,5.80
2010.05.17 13:11:13.411,0.7006,0.7007,3.20,2.40
2010.05.17 13:11:13.731,0.70055,0.7007,1.00,6.40
2010.05.17 13:11:14.050,0.70055,0.7007,1.00,4.80
2010.05.17 13:11:19.016,0.70055,0.7007,1.00,6.80
2010.05.17 13:11:19.803,0.70055,0.70065,1.00,2.40
2010.05.17 13:11:21.365,0.7004,0.70065,3.20,4.80
2010.05.17 13:11:23.090,0.7004,0.7006,3.20,1.00
2010.05.17 13:11:25.151,0.70035,0.70055,4.00,1.00
2010.05.17 13:11:26.635,0.70035,0.7006,4.00,4.80
2010.05.17 13:11:27.824,0.70035,0.7006,4.70,4.80
2010.05.17 13:11:28.154,0.7004,0.7006,2.40,1.00
2010.05.17 13:11:30.321,0.7004,0.70065,2.40,7.00
2010.05.17 13:11:30.480,0.70035,0.7006,3.20,6.40
2010.05.17 13:11:31.728,0.70035,0.7006,2.80,6.40
2010.05.17 13:11:32.082,0.70035,0.7006,2.40,8.40
2010.05.17 13:11:33.021,0.70035,0.70055,2.40,1.60
2010.05.17 13:11:33.368,0.70035,0.7006,2.40,8.00
2010.05.17 13:11:34.026,0.70035,0.7006,2.40,6.40
2010.05.17 13:11:35.123,0.7003,0.70055,2.40,4.80
2010.05.17 13:11:35.282,0.70035,0.70055,1.00,4.80
2010.05.17 13:11:35.433,0.70035,0.70055,1.00,4.80
2010.05.17 13:11:41.425,0.70035,0.70055,3.20,3.20
2010.05.17 13:11:41.561,0.70035,0.70055,3.40,1.00
2010.05.17 13:11:47.673,0.70035,0.70055,2.60,1.00
2010.05.17 13:11:52.632,0.70035,0.70055,1.00,4.80
2010.05.17 13:11:57.514,0.70035,0.7005,1.00,1.00
2010.05.17 13:11:57.617,0.7003,0.7005,2.40,1.00
2010.05.17 13:12:01.290,0.7003,0.70055,3.10,2.50
2010.05.17 13:12:04.710,0.7003,0.70055,3.10,2.40
2010.05.17 13:12:06.375,0.70035,0.7006,4.70,2.40
2010.05.17 13:12:07.773,0.70035,0.7006,5.40,2.40
2010.05.17 13:12:08.120,0.70035,0.7006,5.50,2.40
2010.05.17 13:12:08.713,0.70035,0.7006,5.80,2.40
2010.05.17 13:12:16.135,0.70035,0.7006,6.60,2.40
2010.05.17 13:12:16.193,0.7004,0.7006,1.00,2.40
2010.05.17 13:12:16.253,0.7004,0.70065,1.00,7.50
2010.05.17 13:12:16.312,0.7004,0.70065,3.10,5.10
2010.05.17 13:12:18.933,0.7004,0.70065,5.50,5.10
2010.05.17 13:12:19.322,0.7004,0.70065,7.50,2.40
2010.05.17 13:12:22.942,0.7004,0.70065,9.10,2.40
2010.05.17 13:12:30.017,0.7004,0.70065,9.20,2.40
2010.05.17 13:12:32.808,0.7004,0.70065,10.80,2.40
2010.05.17 13:12:33.694,0.70045,0.7007,9.50,3.20
2010.05.17 13:12:35.062,0.70045,0.7007,9.10,3.20
2010.05.17 13:12:35.414,0.70045,0.7007,8.70,3.20
2010.05.17 13:12:35.757,0.70045,0.7007,7.10,3.20
2010.05.17 13:12:36.856,0.70045,0.7007,2.40,4.80
2010.05.17 13:12:39.004,0.70045,0.70065,2.40,5.20
2010.05.17 13:12:39.240,0.7004,0.7006,2.30,2.40
2010.05.17 13:12:40.026,0.7004,0.7006,1.00,2.40
2010.05.17 13:12:40.348,0.70035,0.7006,6.30,3.20
2010.05.17 13:12:43.707,0.70035,0.7006,4.70,3.20
2010.05.17 13:12:44.008,0.7004,0.7006,2.40,2.40
2010.05.17 13:12:44.308,0.70045,0.70065,1.60,1.00
2010.05.17 13:12:45.293,0.70045,0.7007,7.10,3.20
2010.05.17 13:12:47.444,0.70045,0.7007,9.50,1.00
2010.05.17 13:12:47.802,0.70045,0.7007,9.40,1.00
2010.05.17 13:12:48.648,0.70045,0.7007,7.00,3.20
2010.05.17 13:12:56.881,0.70045,0.7007,5.60,4.80
2010.05.17 13:12:57.013,0.70045,0.7007,6.10,3.20
2010.05.17 13:12:57.304,0.70045,0.7007,7.70,3.20
2010.05.17 13:12:57.443,0.70045,0.7007,8.40,3.20
2010.05.17 13:13:00.783,0.7005,0.7007,2.40,1.00
2010.05.17 13:13:03.406,0.70045,0.7007,9.50,3.20
2010.05.17 13:13:03.660,0.70045,0.7007,9.40,3.20
2010.05.17 13:13:03.916,0.7005,0.7007,2.40,3.20
2010.05.17 13:13:04.828,0.7005,0.70075,2.40,5.20
2010.05.17 13:13:05.183,0.7006,0.70085,7.20,1.10
2010.05.17 13:13:06.158,0.7006,0.7008,9.20,1.60
2010.05.17 13:13:06.417,0.7006,0.7008,6.80,1.60
2010.05.17 13:13:07.799,0.7006,0.70085,6.80,4.80
2010.05.17 13:13:08.147,0.7008,0.70085,1.00,3.20
2010.05.17 13:13:09.988,0.7006,0.70085,7.60,3.20
2010.05.17 13:13:12.334,0.7006,0.70085,7.10,3.20
2010.05.17 13:13:13.010,0.7006,0.70085,6.40,4.80
2010.05.17 13:13:13.306,0.7006,0.70085,2.40,6.40
2010.05.17 13:13:15.343,0.7006,0.70085,4.80,4.80
2010.05.17 13:13:20.954,0.7006,0.70085,2.40,4.80
2010.05.17 13:13:26.054,0.7006,0.70085,2.40,5.70
2010.05.17 13:13:27.102,0.70055,0.7008,6.30,2.40
2010.05.17 13:13:27.376,0.7005,0.70075,6.70,2.40
2010.05.17 13:13:28.079,0.7005,0.70075,5.10,2.40
2010.05.17 13:13:28.363,0.70045,0.7007,5.80,2.40
2010.05.17 13:13:37.346,0.70045,0.7007,6.40,3.20
2010.05.17 13:13:50.939,0.70045,0.7007,7.10,3.20
2010.05.17 13:13:50.980,0.7005,0.7007,1.00,2.40
2010.05.17 13:13:51.043,0.7005,0.70075,1.00,8.00
2010.05.17 13:13:51.105,0.7005,0.70075,1.00,5.60
2010.05.17 13:13:51.134,0.7005,0.70075,3.10,3.20
2010.05.17 13:13:51.237,0.70055,0.70075,1.60,3.20
2010.05.17 13:13:51.263,0.70055,0.70075,2.30,2.40
2010.05.17 13:13:51.950,0.7006,0.70085,2.40,4.80
2010.05.17 13:14:01.358,0.7006,0.70085,2.40,6.40
2010.05.17 13:14:02.192,0.7006,0.70085,2.40,4.80
2010.05.17 13:14:04.613,0.7006,0.70085,2.40,6.40
2010.05.17 13:14:04.943,0.7006,0.7008,2.40,1.00
2010.05.17 13:14:13.190,0.7006,0.70085,2.40,6.40
2010.05.17 13:14:15.526,0.7006,0.7008,2.40,2.40
2010.05.17 13:14:15.622,0.70055,0.7008,5.80,3.20
2010.05.17 13:14:20.125,0.70055,0.7008,5.50,3.20
2010.05.17 13:14:22.844,0.70055,0.7008,4.80,3.20
2010.05.17 13:14:22.957,0.70055,0.7008,3.20,4.80
2010.05.17 13:14:24.803,0.70055,0.7008,2.80,4.80
2010.05.17 13:14:25.017,0.70055,0.7008,2.40,4.80
2010.05.17 13:14:25.613,0.70055,0.7008,2.80,4.80
2010.05.17 13:14:25.754,0.7006,0.70085,2.40,5.40
2010.05.17 13:14:26.478,0.7006,0.70085,2.40,9.10
2010.05.17 13:14:26.692,0.70055,0.7008,5.20,4.80
2010.05.17 13:14:26.895,0.70055,0.7008,7.50,2.40
2010.05.17 13:14:27.727,0.70055,0.7008,7.10,2.40
2010.05.17 13:14:28.068,0.70055,0.7008,6.70,2.40
2010.05.17 13:14:29.184,0.70055,0.7008,4.40,5.60
2010.05.17 13:14:30.215,0.70055,0.70075,4.40,1.00
2010.05.17 13:14:31.073,0.70055,0.70075,4.40,1.00
2010.05.17 13:14:31.123,0.70055,0.70075,4.00,1.00
2010.05.17 13:14:31.173,0.70055,0.70075,4.00,2.80
2010.05.17 13:14:31.322,0.70055,0.70075,1.60,2.80
2010.05.17 13:14:31.453,0.7005,0.70075,6.70,2.80
2010.05.17 13:14:31.653,0.7005,0.70075,6.70,2.40
2010.05.17 13:14:31.894,0.7005,0.7008,9.10,8.40
2010.05.17 13:14:31.942,0.70055,0.7008,1.00,8.40
2010.05.17 13:14:32.205,0.70055,0.7008,4.00,5.60
2010.05.17 13:14:32.464,0.70055,0.7008,8.00,4.80
2010.05.17 13:14:32.723,0.70055,0.7008,9.60,2.40
2010.05.17 13:14:33.446,0.70055,0.7008,8.30,2.40
2010.05.17 13:14:35.287,0.70055,0.70075,6.70,1.00
2010.05.17 13:14:35.615,0.70055,0.70075,7.10,1.00
2010.05.17 13:14:40.355,0.70055,0.7008,8.70,2.80
2010.05.17 13:14:41.063,0.7006,0.7008,1.00,2.80
2010.05.17 13:14:41.305,0.7006,0.70085,4.40,5.00
2010.05.17 13:14:44.583,0.7006,0.70085,4.40,4.80
2010.05.17 13:14:49.856,0.70065,0.70085,3.20,4.00
2010.05.17 13:14:50.511,0.70065,0.7009,3.20,5.60
2010.05.17 13:14:50.689,0.70075,0.70095,5.50,1.00
2010.05.17 13:14:51.039,0.7008,0.70095,3.50,1.00
2010.05.17 13:14:51.971,0.7008,0.701,3.50,1.00
2010.05.17 13:14:53.829,0.7008,0.70105,3.50,5.20
2010.05.17 13:14:55.378,0.7008,0.70105,5.10,2.80
2010.05.17 13:14:59.904,0.7008,0.70105,6.70,2.80
2010.05.17 13:15:00.095,0.7008,0.701,2.00,2.40
2010.05.17 13:15:00.284,0.70075,0.701,8.30,2.40
2010.05.17 13:15:01.620,0.70075,0.70095,8.30,1.00
2010.05.17 13:15:06.575,0.70075,0.70095,1.60,3.90
2010.05.17 13:15:06.796,0.70075,0.70095,1.60,3.80
2010.05.17 13:15:08.289,0.70075,0.70095,1.60,1.40
2010.05.17 13:15:08.637,0.70075,0.70095,5.60,1.00
2010.05.17 13:15:08.917,0.70075,0.70095,5.60,1.00
2010.05.17 13:15:09.553,0.7008,0.70095,2.40,1.00
2010.05.17 13:15:09.841,0.7008,0.70095,4.80,1.00
2010.05.17 13:15:10.124,0.7008,0.70105,4.80,4.80
2010.05.17 13:15:11.445,0.7008,0.70105,5.50,4.80
2010.05.17 13:15:11.562,0.7008,0.70105,6.10,3.20
2010.05.17 13:15:12.904,0.7008,0.70105,5.30,3.20
2010.05.17 13:15:20.082,0.7008,0.70105,4.60,4.80
2010.05.17 13:15:22.406,0.7008,0.70105,4.00,4.80
2010.05.17 13:15:22.707,0.7008,0.70095,2.40,1.00
2010.05.17 13:15:25.242,0.7008,0.70095,2.40,1.00
2010.05.17 13:15:27.255,0.7008,0.70095,2.40,1.00
2010.05.17 13:15:27.823,0.7008,0.70095,2.40,1.00
2010.05.17 13:15:34.632,0.7008,0.701,2.40,1.00
2010.05.17 13:15:34.733,0.7008,0.70105,2.40,4.80
2010.05.17 13:15:35.870,0.7008,0.70105,3.10,3.20
2010.05.17 13:15:41.893,0.7008,0.70095,3.10,1.00
2010.05.17 13:15:43.048,0.7008,0.701,3.10,1.00
2010.05.17 13:15:45.020,0.7008,0.701,3.10,1.00
2010.05.17 13:15:45.116,0.7008,0.70105,3.10,3.20
2010.05.17 13:15:45.519,0.7008,0.70095,3.10,1.00
2010.05.17 13:15:52.317,0.7008,0.70095,2.40,1.00
2010.05.17 13:15:55.224,0.7008,0.701,2.40,1.00
2010.05.17 13:15:55.405,0.7008,0.70105,2.40,4.80
2010.05.17 13:15:55.584,0.7008,0.70105,3.10,4.80
2010.05.17 13:15:55.764,0.7008,0.70095,3.10,1.00
2010.05.17 13:16:02.355,0.7008,0.70095,2.40,1.00
2010.05.17 13:16:05.689,0.70075,0.7009,6.80,1.00
2010.05.17 13:16:06.543,0.70075,0.70095,6.80,1.00
2010.05.17 13:16:06.772,0.70075,0.70095,1.10,3.10
2010.05.17 13:16:07.048,0.70075,0.70095,1.10,2.80
2010.05.17 13:16:07.968,0.70075,0.7009,5.80,1.00
2010.05.17 13:16:08.278,0.70075,0.70095,6.30,1.00
2010.05.17 13:16:09.251,0.70075,0.70095,1.10,5.20
2010.05.17 13:16:09.598,0.7007,0.7009,2.40,2.80
2010.05.17 13:16:09.936,0.70065,0.70085,3.50,1.00
2010.05.17 13:16:11.452,0.70065,0.70085,4.30,1.00
2010.05.17 13:16:12.188,0.70065,0.70085,3.50,1.00
2010.05.17 13:16:17.029,0.7007,0.70085,2.40,1.00
2010.05.17 13:16:19.733,0.7007,0.7009,2.40,3.40
2010.05.17 13:16:22.594,0.7007,0.70095,2.40,4.80
2010.05.17 13:16:28.691,0.70085,0.701,2.40,4.40
2010.05.17 13:16:28.976,0.70085,0.70105,2.80,1.20
2010.05.17 13:16:29.268,0.7008,0.70105,5.60,4.40
2010.05.17 13:16:30.158,0.7008,0.70105,2.40,8.00
2010.05.17 13:16:30.506,0.70075,0.701,8.60,2.40
2010.05.17 13:16:30.848,0.7008,0.70105,3.10,4.00
2010.05.17 13:16:31.055,0.7008,0.70105,3.10,3.90
2010.05.17 13:16:32.060,0.70085,0.70105,3.60,3.90
2010.05.17 13:16:32.229,0.70095,0.70105,1.00,1.00
2010.05.17 13:16:32.899,0.70095,0.7011,1.00,2.90
2010.05.17 13:16:33.237,0.701,0.7012,2.40,3.20
2010.05.17 13:16:34.553,0.701,0.70125,2.40,5.20
2010.05.17 13:16:36.704,0.701,0.70125,2.40,4.80
2010.05.17 13:16:39.892,0.70095,0.7012,6.60,3.20
2010.05.17 13:16:40.184,0.70095,0.7012,5.80,3.20
2010.05.17 13:16:46.075,0.70095,0.7012,5.60,3.20
2010.05.17 13:16:48.541,0.701,0.7012,2.40,3.20
2010.05.17 13:16:48.891,0.701,0.70125,2.40,2.40
2010.05.17 13:17:00.993,0.70095,0.7012,6.80,3.20
2010.05.17 13:17:07.332,0.701,0.7012,2.40,1.00
2010.05.17 13:17:10.414,0.701,0.7012,2.40,3.20
2010.05.17 13:17:10.759,0.701,0.7012,2.40,1.00
2010.05.17 13:17:12.068,0.701,0.70125,5.10,3.20
2010.05.17 13:17:12.422,0.701,0.70125,7.10,2.40
2010.05.17 13:17:12.765,0.701,0.70125,6.70,2.40
2010.05.17 13:17:13.701,0.701,0.70125,5.10,3.20
2010.05.17 13:17:13.880,0.701,0.70125,3.50,3.20
2010.05.17 13:17:17.720,0.701,0.70125,4.30,3.20
2010.05.17 13:17:18.222,0.701,0.70125,3.50,3.20
2010.05.17 13:17:22.712,0.701,0.70125,2.80,3.20
2010.05.17 13:17:22.956,0.701,0.70125,2.80,4.80
2010.05.17 13:17:23.176,0.701,0.70125,2.40,4.80
2010.05.17 13:17:30.667,0.70095,0.70125,10.60,9.90
2010.05.17 13:17:30.977,0.70095,0.7012,5.40,2.40
2010.05.17 13:17:33.858,0.70095,0.7012,6.20,2.40
2010.05.17 13:17:37.457,0.70095,0.7012,6.50,2.40
2010.05.17 13:17:39.072,0.70095,0.70115,2.50,2.40
2010.05.17 13:17:39.198,0.70095,0.70115,1.00,2.40
2010.05.17 13:17:44.952,0.70095,0.7012,4.90,3.20
2010.05.17 13:17:55.096,0.70095,0.7012,4.80,3.20
2010.05.17 13:17:59.404,0.70095,0.7012,8.00,1.00
2010.05.17 13:17:59.593,0.70095,0.7012,8.40,1.00
2010.05.17 13:17:59.753,0.701,0.7012,2.40,1.00
2010.05.17 13:18:00.595,0.701,0.70125,2.40,4.80
2010.05.17 13:18:08.804,0.701,0.70125,3.20,4.80
2010.05.17 13:18:09.569,0.701,0.70125,2.40,4.80
2010.05.17 13:18:09.919,0.7012,0.7013,2.00,1.00
2010.05.17 13:18:10.898,0.70125,0.70135,2.00,1.60
2010.05.17 13:18:11.156,0.7012,0.70145,2.40,4.80
2010.05.17 13:18:12.718,0.70135,0.70145,1.00,4.80
2010.05.17 13:18:16.545,0.7014,0.70145,1.00,1.00
2010.05.17 13:18:16.891,0.7014,0.7015,1.00,1.60
2010.05.17 13:18:19.748,0.70155,0.70165,1.00,1.00
2010.05.17 13:18:19.966,0.70155,0.7017,1.00,4.80
2010.05.17 13:18:21.158,0.70155,0.70165,1.00,4.00
2010.05.17 13:18:22.107,0.70145,0.7016,1.00,4.80
2010.05.17 13:18:23.841,0.7015,0.7016,1.00,4.80
2010.05.17 13:18:24.448,0.70155,0.7017,1.00,8.00
2010.05.17 13:18:25.159,0.70145,0.7017,3.80,8.00
2010.05.17 13:18:25.465,0.7015,0.7016,1.00,3.20
2010.05.17 13:18:25.761,0.70145,0.7016,1.00,3.20
2010.05.17 13:18:26.691,0.7015,0.7016,1.00,4.80
2010.05.17 13:18:27.647,0.70145,0.7016,1.00,4.80
2010.05.17 13:18:27.918,0.7015,0.7016,1.00,4.80
2010.05.17 13:18:29.416,0.70145,0.7016,1.00,4.80
2010.05.17 13:18:32.601,0.70145,0.70155,1.00,2.40
2010.05.17 13:18:32.830,0.70145,0.7016,1.00,10.40
2010.05.17 13:18:33.654,0.70145,0.7016,1.00,4.80
2010.05.17 13:18:34.000,0.70145,0.70155,1.00,2.40
2010.05.17 13:18:35.524,0.7014,0.70155,1.00,4.80
2010.05.17 13:18:36.985,0.7014,0.70155,1.00,4.80
2010.05.17 13:18:37.254,0.7013,0.70155,2.40,4.80
2010.05.17 13:18:38.150,0.70135,0.70155,2.40,3.20
2010.05.17 13:18:38.501,0.7013,0.70155,2.40,4.80
2010.05.17 13:18:39.968,0.7013,0.7015,2.40,2.40
2010.05.17 13:18:40.162,0.70135,0.70155,2.40,4.80
2010.05.17 13:18:40.347,0.70135,0.70155,2.40,2.40
2010.05.17 13:18:41.131,0.7014,0.70155,2.40,1.00
2010.05.17 13:18:45.250,0.7014,0.7016,4.00,2.40
2010.05.17 13:18:46.376,0.7014,0.7016,4.00,2.80
2010.05.17 13:18:46.706,0.7014,0.7016,4.00,3.20
2010.05.17 13:18:48.484,0.7014,0.70155,4.00,1.00
2010.05.17 13:18:52.364,0.7014,0.70155,2.40,1.00
2010.05.17 13:18:56.837,0.7014,0.70155,4.00,1.00
2010.05.17 13:18:57.793,0.7014,0.70155,2.40,1.00
2010.05.17 13:18:59.285,0.7014,0.70155,4.00,1.00
2010.05.17 13:19:02.788,0.7014,0.70155,2.40,1.00
2010.05.17 13:19:03.122,0.7014,0.70155,4.00,1.00
2010.05.17 13:19:10.556,0.7014,0.7016,4.00,2.40
2010.05.17 13:19:10.866,0.7014,0.7016,2.40,2.40
2010.05.17 13:19:11.177,0.7013,0.70155,3.20,4.80
2010.05.17 13:19:11.486,0.70135,0.70155,2.40,2.40
2010.05.17 13:19:14.155,0.70125,0.70145,2.40,3.20
2010.05.17 13:19:14.308,0.70125,0.70145,1.60,3.20
2010.05.17 13:19:15.091,0.70125,0.70145,1.90,3.20
2010.05.17 13:19:15.445,0.70115,0.7014,5.90,2.40
2010.05.17 13:19:16.401,0.70115,0.7014,5.10,2.40
2010.05.17 13:19:16.707,0.70115,0.7014,5.50,2.40
2010.05.17 13:19:17.014,0.70115,0.7014,5.10,2.40
2010.05.17 13:19:17.329,0.70115,0.7014,5.80,2.40
2010.05.17 13:19:18.286,0.70125,0.7014,1.10,2.40
2010.05.17 13:19:18.630,0.7012,0.7014,1.00,2.40
2010.05.17 13:19:27.080,0.7012,0.70145,3.90,3.20
2010.05.17 13:19:28.196,0.7012,0.70145,6.30,1.00
2010.05.17 13:19:35.288,0.7013,0.70155,2.40,5.20
2010.05.17 13:19:35.567,0.7013,0.70155,2.40,6.80
2010.05.17 13:19:35.844,0.7013,0.70155,2.40,5.20
2010.05.17 13:19:36.777,0.7012,0.7015,6.70,5.60
2010.05.17 13:19:37.722,0.7012,0.7015,6.70,4.80
2010.05.17 13:19:38.019,0.7012,0.7015,6.30,4.80
2010.05.17 13:19:39.518,0.70125,0.7015,1.00,4.80
2010.05.17 13:19:39.815,0.7012,0.7015,6.30,5.00
2010.05.17 13:19:44.946,0.70125,0.7015,1.00,4.80
2010.05.17 13:19:45.093,0.7013,0.7015,2.40,2.40
2010.05.17 13:19:45.891,0.7013,0.7015,2.40,1.00
2010.05.17 13:19:46.036,0.7013,0.70155,2.40,5.20
2010.05.17 13:19:47.205,0.7013,0.70155,2.40,3.60
2010.05.17 13:19:47.395,0.7013,0.70155,3.10,3.60
2010.05.17 13:19:48.560,0.7013,0.70155,3.10,2.40
2010.05.17 13:19:51.619,0.70135,0.70155,1.00,2.40
2010.05.17 13:19:51.881,0.7013,0.70155,3.90,2.40
2010.05.17 13:19:52.527,0.7013,0.70155,3.10,2.40
2010.05.17 13:19:58.335,0.7013,0.70155,3.90,2.40
2010.05.17 13:19:59.282,0.7013,0.70155,3.10,2.40
2010.05.17 13:20:02.680,0.7013,0.70155,3.10,3.40
2010.05.17 13:20:02.999,0.7013,0.70155,2.40,4.20
2010.05.17 13:20:03.858,0.7013,0.70155,2.40,5.80
2010.05.17 13:20:04.078,0.7013,0.70155,2.40,5.00
2010.05.17 13:20:05.984,0.7013,0.70155,2.40,4.80
2010.05.17 13:20:06.600,0.70135,0.70155,4.00,1.00
2010.05.17 13:20:07.451,0.7013,0.7015,3.80,1.00
2010.05.17 13:20:07.777,0.7013,0.70155,3.10,3.20
2010.05.17 13:20:08.109,0.7013,0.70155,3.10,3.60
2010.05.17 13:20:09.894,0.7013,0.70155,5.50,3.60
2010.05.17 13:20:10.559,0.7013,0.70155,5.50,2.80
2010.05.17 13:20:10.807,0.7013,0.70155,4.70,2.80
2010.05.17 13:20:11.307,0.7013,0.70155,6.70,2.80
2010.05.17 13:20:12.200,0.70145,0.70155,4.40,1.00
2010.05.17 13:20:13.277,0.7015,0.70165,2.40,1.00
2010.05.17 13:20:15.075,0.7015,0.7017,2.40,1.00
2010.05.17 13:20:16.411,0.70155,0.7017,1.00,1.00
2010.05.17 13:20:16.669,0.70155,0.7017,1.00,1.00
2010.05.17 13:20:17.584,0.7016,0.7018,2.40,4.00
2010.05.17 13:20:17.851,0.7016,0.7018,4.40,2.40
2010.05.17 13:20:18.759,0.70165,0.70185,1.00,4.80
2010.05.17 13:20:20.187,0.70155,0.7018,3.90,2.40
2010.05.17 13:20:21.193,0.70155,0.7018,2.40,7.60
2010.05.17 13:20:21.491,0.7015,0.70175,2.40,4.80
2010.05.17 13:20:25.472,0.7015,0.7017,2.40,1.00
2010.05.17 13:20:30.017,0.7015,0.70175,2.40,4.80
2010.05.17 13:20:31.518,0.70155,0.7018,2.40,4.80
2010.05.17 13:20:31.805,0.70155,0.7018,2.40,6.40
2010.05.17 13:20:32.095,0.70155,0.7018,2.40,4.80
2010.05.17 13:20:32.719,0.70155,0.7018,2.40,6.40
2010.05.17 13:20:32.916,0.70155,0.7018,2.40,7.20
2010.05.17 13:20:33.524,0.70155,0.7018,2.40,6.40
2010.05.17 13:20:34.435,0.70155,0.7018,2.40,7.20
2010.05.17 13:20:35.033,0.70155,0.7018,2.40,6.40
2010.05.17 13:20:35.944,0.70155,0.7018,2.40,7.20
2010.05.17 13:20:36.267,0.70155,0.70175,2.40,4.80
2010.05.17 13:20:36.585,0.7015,0.70175,2.40,5.60
2010.05.17 13:20:37.223,0.7015,0.70175,2.40,4.80
2010.05.17 13:20:38.838,0.70155,0.70175,2.40,2.40
2010.05.17 13:20:39.116,0.7015,0.70175,3.20,4.80
2010.05.17 13:20:39.798,0.7015,0.70175,2.40,4.80
2010.05.17 13:20:40.137,0.7015,0.7017,2.40,1.00
2010.05.17 13:20:40.476,0.7015,0.7017,2.40,2.40
2010.05.17 13:20:46.046,0.7015,0.7017,2.40,3.20
2010.05.17 13:20:46.268,0.70145,0.7017,4.60,6.40
2010.05.17 13:20:46.915,0.70145,0.7017,4.60,7.20
2010.05.17 13:20:47.233,0.70145,0.7017,3.80,6.40
2010.05.17 13:20:49.220,0.70145,0.70165,2.40,2.40
2010.05.17 13:20:50.784,0.70145,0.70165,2.40,3.20
2010.05.17 13:20:51.025,0.70145,0.70165,2.40,2.40
2010.05.17 13:20:51.681,0.70145,0.70165,3.10,2.40
2010.05.17 13:20:52.015,0.70145,0.70165,2.40,2.40
2010.05.17 13:20:53.479,0.70145,0.70165,2.40,4.00
2010.05.17 13:20:56.633,0.70145,0.70165,2.40,2.40
2010.05.17 13:20:56.991,0.70145,0.70165,3.50,2.40
2010.05.17 13:20:57.106,0.70145,0.70165,3.20,2.40
2010.05.17 13:20:57.965,0.70145,0.70165,3.50,2.40
2010.05.17 13:20:58.083,0.70145,0.70165,3.20,2.40
2010.05.17 13:20:58.423,0.70145,0.70165,2.40,2.40
2010.05.17 13:20:59.865,0.70145,0.70165,2.80,2.40
2010.05.17 13:21:00.075,0.70145,0.70165,3.10,2.40
2010.05.17 13:21:01.001,0.7015,0.7017,5.60,1.00
2010.05.17 13:21:01.340,0.70155,0.7017,2.40,1.60
2010.05.17 13:21:02.437,0.70155,0.7018,2.40,6.40
2010.05.17 13:21:03.731,0.70155,0.7018,2.40,4.80
2010.05.17 13:21:04.045,0.70155,0.7018,2.40,6.40
2010.05.17 13:21:05.858,0.70155,0.7018,3.20,6.40
2010.05.17 13:21:06.801,0.70155,0.7018,3.20,4.80
2010.05.17 13:21:07.083,0.70155,0.7018,5.50,3.20
2010.05.17 13:21:10.480,0.70155,0.7018,3.20,6.40
2010.05.17 13:21:11.836,0.7015,0.7018,7.10,7.60
2010.05.17 13:21:12.178,0.7015,0.7018,7.10,7.20
2010.05.17 13:21:13.148,0.7015,0.7018,7.10,6.40
2010.05.17 13:21:13.490,0.7015,0.7018,7.10,5.60
2010.05.17 13:21:14.462,0.7015,0.70175,1.00,4.80
2010.05.17 13:21:14.766,0.7015,0.70175,1.00,5.60
2010.05.17 13:21:16.343,0.7015,0.70175,3.10,3.20
2010.05.17 13:21:16.597,0.7015,0.70175,5.50,1.00
2010.05.17 13:21:20.016,0.7015,0.70175,1.00,5.60
2010.05.17 13:21:21.987,0.70145,0.70175,10.00,5.60
2010.05.17 13:21:22.174,0.70145,0.70175,10.00,7.20
2010.05.17 13:21:26.356,0.70145,0.70175,10.00,8.00
2010.05.17 13:21:26.913,0.70145,0.70175,10.00,7.20
2010.05.17 13:21:27.865,0.7015,0.70175,3.10,4.80
2010.05.17 13:21:28.026,0.70165,0.7018,3.20,5.60
2010.05.17 13:21:28.186,0.70165,0.7018,3.20,4.00
2010.05.17 13:21:28.345,0.70165,0.7018,3.20,3.20
2010.05.17 13:21:29.104,0.70165,0.7018,3.20,2.40
2010.05.17 13:21:29.398,0.70165,0.70185,3.20,5.80
2010.05.17 13:21:30.714,0.70165,0.70185,3.20,6.00
2010.05.17 13:21:31.026,0.70165,0.70185,3.20,6.80
2010.05.17 13:21:31.335,0.70165,0.70185,3.60,6.80
2010.05.17 13:21:32.330,0.70165,0.70185,3.50,9.90
2010.05.17 13:21:32.668,0.70165,0.70185,2.70,9.90
2010.05.17 13:21:34.262,0.70165,0.70185,2.70,9.90
2010.05.17 13:21:35.600,0.70165,0.7018,2.70,1.00
2010.05.17 13:21:36.724,0.70165,0.70185,2.70,9.90
2010.05.17 13:21:37.068,0.70165,0.7018,2.70,1.00
2010.05.17 13:21:37.774,0.70165,0.70185,2.70,9.90
2010.05.17 13:21:38.716,0.70165,0.70185,2.70,7.50
2010.05.17 13:21:39.049,0.70165,0.70185,2.70,8.30
2010.05.17 13:21:41.194,0.70165,0.70185,2.70,7.50
2010.05.17 13:21:43.203,0.70165,0.70185,2.70,7.20
2010.05.17 13:21:51.678,0.70165,0.70185,2.70,5.60
2010.05.17 13:21:52.015,0.70165,0.70185,2.60,5.60
2010.05.17 13:21:53.225,0.70165,0.70185,2.60,4.80
2010.05.17 13:21:54.372,0.70165,0.7018,2.60,1.00
2010.05.17 13:21:54.649,0.70165,0.7018,2.60,3.60
2010.05.17 13:21:54.929,0.70165,0.7018,2.60,4.40
2010.05.17 13:21:55.816,0.70165,0.70175,2.60,1.00
2010.05.17 13:21:56.167,0.70165,0.70175,1.80,3.60
2010.05.17 13:21:56.435,0.70165,0.70175,1.00,3.20
2010.05.17 13:21:56.705,0.7015,0.70175,3.10,3.20
2010.05.17 13:21:57.234,0.7015,0.70175,2.40,4.80
2010.05.17 13:21:59.497,0.70165,0.70175,1.00,4.80
2010.05.17 13:21:59.645,0.70165,0.7018,1.00,12.80
2010.05.17 13:22:00.334,0.70165,0.7018,1.00,5.60
2010.05.17 13:22:00.490,0.7017,0.7018,2.30,2.40
2010.05.17 13:22:01.484,0.70175,0.7018,2.30,2.40
2010.05.17 13:22:01.804,0.70175,0.7018,1.00,1.60
2010.05.17 13:22:02.743,0.7017,0.70195,4.70,2.40
2010.05.17 13:22:02.999,0.7017,0.70195,3.10,3.20
2010.05.17 13:22:05.948,0.70165,0.7019,7.10,2.40
2010.05.17 13:22:08.675,0.70165,0.7019,6.30,2.40
2010.05.17 13:22:09.997,0.70165,0.70185,1.10,2.40
2010.05.17 13:22:11.820,0.70165,0.70185,1.00,2.40
2010.05.17 13:22:11.939,0.7016,0.70185,4.70,2.40
2010.05.17 13:22:14.572,0.7016,0.70185,5.50,2.40
2010.05.17 13:22:14.868,0.7016,0.70185,4.70,2.40
2010.05.17 13:22:15.167,0.7016,0.70185,3.10,3.20
2010.05.17 13:22:20.623,0.7016,0.70185,3.90,3.20
2010.05.17 13:22:21.565,0.7016,0.70185,5.50,2.40
2010.05.17 13:22:21.904,0.7016,0.70185,4.70,2.40
2010.05.17 13:22:22.915,0.7016,0.70185,5.50,2.40
2010.05.17 13:22:23.214,0.7016,0.70185,4.70,2.40
2010.05.17 13:22:26.000,0.7016,0.70185,3.10,3.20
2010.05.17 13:22:26.634,0.7016,0.70185,5.10,2.40
2010.05.17 13:22:28.775,0.7016,0.70185,2.70,4.80
2010.05.17 13:22:29.456,0.7016,0.70185,1.10,5.60
2010.05.17 13:22:34.444,0.7016,0.70185,1.90,5.60
2010.05.17 13:22:35.391,0.7016,0.70185,1.00,5.60
2010.05.17 13:22:38.160,0.7016,0.70185,1.50,5.60
2010.05.17 13:22:38.236,0.70165,0.70185,1.10,5.60
2010.05.17 13:22:38.282,0.70165,0.70185,1.60,5.60
2010.05.17 13:22:39.557,0.70165,0.70185,1.60,4.80
2010.05.17 13:22:40.406,0.70165,0.7019,5.60,2.40
2010.05.17 13:22:40.634,0.70165,0.7019,7.20,2.40
2010.05.17 13:22:41.687,0.70165,0.7019,7.20,2.40
2010.05.17 13:22:43.472,0.70165,0.7019,6.60,2.40
2010.05.17 13:22:44.007,0.70165,0.7019,5.80,2.40
2010.05.17 13:22:44.594,0.70165,0.7019,4.20,2.40
2010.05.17 13:22:44.821,0.70165,0.7018,2.40,3.20
2010.05.17 13:22:45.049,0.70165,0.7018,8.20,1.00
2010.05.17 13:22:45.680,0.7017,0.7018,1.00,1.00
2010.05.17 13:22:46.033,0.70175,0.70195,1.00,7.90
2010.05.17 13:22:46.359,0.70175,0.70195,1.00,6.30
2010.05.17 13:22:47.323,0.70175,0.70195,1.00,4.80
2010.05.17 13:22:48.206,0.70175,0.70195,1.00,6.40
2010.05.17 13:22:48.518,0.70175,0.70195,1.00,4.80
2010.05.17 13:22:49.786,0.70165,0.70195,16.30,4.80
2010.05.17 13:22:53.463,0.70165,0.70185,10.60,1.60
2010.05.17 13:22:53.602,0.70165,0.70185,3.20,2.40
2010.05.17 13:22:53.736,0.70165,0.7018,3.20,3.20
2010.05.17 13:22:54.502,0.70165,0.70185,1.60,3.10
2010.05.17 13:22:54.855,0.7016,0.7018,2.40,2.40
2010.05.17 13:22:55.722,0.70155,0.7018,7.90,2.40
2010.05.17 13:22:56.072,0.70165,0.7018,1.10,2.40
2010.05.17 13:22:57.337,0.70155,0.7018,9.50,2.40
2010.05.17 13:22:58.505,0.70155,0.7018,9.10,2.40
2010.05.17 13:22:59.787,0.70155,0.70185,12.20,7.40
2010.05.17 13:23:00.035,0.70155,0.70185,11.90,7.40
2010.05.17 13:23:03.186,0.70155,0.7018,10.70,1.00
2010.05.17 13:23:04.172,0.70155,0.7018,6.40,3.20
2010.05.17 13:23:04.448,0.70155,0.7018,6.40,2.40
2010.05.17 13:23:05.624,0.70165,0.70185,1.60,2.40
2010.05.17 13:23:05.966,0.70165,0.70185,1.60,2.60
2010.05.17 13:23:06.981,0.70155,0.7018,7.20,2.40
2010.05.17 13:23:07.248,0.70155,0.7018,7.50,2.40
2010.05.17 13:23:08.705,0.70155,0.7018,6.50,2.40
2010.05.17 13:23:09.640,0.70155,0.7018,6.40,2.40
2010.05.17 13:23:11.115,0.70155,0.7018,6.80,2.40
2010.05.17 13:23:12.081,0.70165,0.7018,1.00,2.40
2010.05.17 13:23:12.357,0.7016,0.7018,1.00,2.40
2010.05.17 13:23:13.979,0.70155,0.7018,7.60,2.40
2010.05.17 13:23:15.261,0.70155,0.70185,8.70,7.40
2010.05.17 13:23:16.481,0.70155,0.70185,10.30,7.40
2010.05.17 13:23:16.636,0.70155,0.70185,9.90,7.40
2010.05.17 13:23:17.400,0.70155,0.70185,10.20,7.20
2010.05.17 13:23:17.740,0.70165,0.70185,1.20,4.80
2010.05.17 13:23:18.746,0.7017,0.70195,1.50,5.00
2010.05.17 13:23:19.403,0.7017,0.70195,1.50,4.80
2010.05.17 13:23:20.651,0.70175,0.70195,1.00,4.80
2010.05.17 13:23:20.998,0.7017,0.70195,3.10,4.80
2010.05.17 13:23:21.972,0.7017,0.70195,4.70,4.80
2010.05.17 13:23:23.022,0.70175,0.70195,1.00,2.40
2010.05.17 13:23:24.348,0.7017,0.70195,2.30,2.40
2010.05.17 13:23:25.642,0.7017,0.70195,1.00,4.00
2010.05.17 13:23:25.968,0.70175,0.7019,1.00,2.40
2010.05.17 13:23:26.899,0.70175,0.70195,1.00,7.70
2010.05.17 13:23:27.208,0.70175,0.70195,1.00,2.40
2010.05.17 13:23:28.247,0.70175,0.70195,1.00,2.40
2010.05.17 13:23:28.518,0.7017,0.70195,1.00,2.40
2010.05.17 13:23:29.948,0.70175,0.70195,1.00,4.80
2010.05.17 13:23:30.433,0.70175,0.7019,1.10,2.40
2010.05.17 13:23:31.090,0.70165,0.7019,3.90,2.40
2010.05.17 13:23:32.221,0.70165,0.7019,5.50,2.40
2010.05.17 13:23:33.810,0.70165,0.7019,5.10,2.40
2010.05.17 13:23:39.552,0.70165,0.7019,5.30,2.40
2010.05.17 13:23:41.925,0.70165,0.7019,5.60,2.40
2010.05.17 13:23:43.232,0.70165,0.7019,7.60,2.40
2010.05.17 13:23:43.518,0.7018,0.70225,2.30,3.20
2010.05.17 13:23:44.427,0.70185,0.7023,3.10,2.40
2010.05.17 13:23:44.741,0.702,0.70225,2.40,6.70
2010.05.17 13:23:45.648,0.70205,0.7024,1.00,8.80
2010.05.17 13:23:45.951,0.70205,0.7024,3.40,2.40
2010.05.17 13:23:47.049,0.70205,0.70235,8.70,6.40
2010.05.17 13:23:48.012,0.70205,0.7022,8.70,1.60
2010.05.17 13:23:48.319,0.70215,0.70235,1.00,4.80
2010.05.17 13:23:49.651,0.70215,0.70225,1.00,1.60
2010.05.17 13:23:49.919,0.70215,0.70235,1.10,4.80
2010.05.17 13:23:50.817,0.70215,0.70225,1.10,1.60
2010.05.17 13:23:51.094,0.70215,0.70235,1.10,6.40
2010.05.17 13:23:52.036,0.70205,0.70235,8.70,4.80
2010.05.17 13:23:54.609,0.70205,0.7023,3.40,3.20
2010.05.17 13:23:55.876,0.70205,0.7023,2.30,3.20
2010.05.17 13:24:02.399,0.70205,0.7023,2.30,4.80
2010.05.17 13:24:05.960,0.70205,0.7023,2.70,3.20
2010.05.17 13:24:06.298,0.70205,0.7023,3.10,3.20
2010.05.17 13:24:07.280,0.70205,0.7023,1.90,4.00
2010.05.17 13:24:08.146,0.70205,0.7023,1.00,7.20
2010.05.17 13:24:08.477,0.70215,0.7023,16.00,1.60
2010.05.17 13:24:08.807,0.70215,0.7023,14.40,1.00
2010.05.17 13:24:09.141,0.70215,0.70245,24.60,7.10
2010.05.17 13:24:09.771,0.70215,0.70245,18.20,6.90
2010.05.17 13:24:10.120,0.70215,0.70245,23.90,2.40
2010.05.17 13:24:11.063,0.70215,0.70235,23.90,1.60
2010.05.17 13:24:11.320,0.7022,0.70245,1.00,1.60
2010.05.17 13:24:12.528,0.7022,0.70235,1.00,1.60
2010.05.17 13:24:12.806,0.7022,0.7025,7.10,8.00
2010.05.17 13:24:13.505,0.7022,0.7025,7.10,9.60
2010.05.17 13:24:13.793,0.7023,0.70255,7.90,1.00
2010.05.17 13:24:14.763,0.7023,0.70255,9.50,1.00
2010.05.17 13:24:15.094,0.7023,0.70255,9.50,1.80
2010.05.17 13:24:15.421,0.70235,0.70255,2.80,1.00
2010.05.17 13:24:16.130,0.70235,0.70255,8.00,1.00
2010.05.17 13:24:16.479,0.70235,0.70255,14.40,1.00
2010.05.17 13:24:17.422,0.70235,0.70255,11.50,1.00
2010.05.17 13:24:17.712,0.7024,0.70255,4.80,1.00
2010.05.17 13:24:18.001,0.7024,0.70255,2.40,1.00
2010.05.17 13:24:18.681,0.7024,0.70255,7.20,1.00
2010.05.17 13:24:19.020,0.7024,0.70265,9.50,1.70
2010.05.17 13:24:19.943,0.70245,0.70265,2.30,1.70
2010.05.17 13:24:20.289,0.7024,0.7026,1.00,4.00
2010.05.17 13:24:21.584,0.7024,0.70265,2.30,2.50
2010.05.17 13:24:22.929,0.7024,0.70265,1.00,3.40
2010.05.17 13:24:23.275,0.7024,0.70265,1.00,3.50
2010.05.17 13:24:24.194,0.7024,0.70265,2.30,3.50
2010.05.17 13:24:24.539,0.7024,0.70265,1.00,2.70
2010.05.17 13:24:28.295,0.7024,0.70265,1.00,3.50
2010.05.17 13:24:28.535,0.7024,0.70265,2.30,2.70
2010.05.17 13:24:28.774,0.7024,0.70265,3.10,3.50
2010.05.17 13:24:29.669,0.7024,0.70265,3.10,2.70
2010.05.17 13:24:31.710,0.7024,0.70265,4.70,2.70
2010.05.17 13:24:32.612,0.7024,0.70265,4.70,2.40
2010.05.17 13:24:32.766,0.7024,0.70265,2.40,6.40
2010.05.17 13:24:33.105,0.7024,0.70265,2.00,6.40
2010.05.17 13:24:34.363,0.7024,0.70265,2.00,4.80
2010.05.17 13:24:35.287,0.70235,0.70265,11.90,4.80
2010.05.17 13:24:35.630,0.70235,0.7025,1.10,3.20
2010.05.17 13:24:36.606,0.70235,0.70255,7.10,3.80
2010.05.17 13:24:36.889,0.70245,0.7026,1.00,5.60
2010.05.17 13:24:39.429,0.70245,0.7026,1.00,4.80
2010.05.17 13:24:39.680,0.70245,0.7026,1.00,5.60
2010.05.17 13:24:40.549,0.70245,0.7026,1.00,7.20
2010.05.17 13:24:40.890,0.70235,0.7026,1.50,7.20
2010.05.17 13:24:41.871,0.70235,0.7026,1.00,7.20
2010.05.17 13:24:42.170,0.7023,0.7026,7.10,7.20
2010.05.17 13:24:44.319,0.70235,0.7026,1.00,7.20
2010.05.17 13:24:45.167,0.70235,0.7026,1.30,7.20
2010.05.17 13:24:45.524,0.70235,0.7026,1.00,7.70
2010.05.17 13:24:45.759,0.70235,0.7026,1.00,7.20
2010.05.17 13:24:47.252,0.70235,0.70255,1.00,2.40
2010.05.17 13:24:47.887,0.70235,0.7026,1.00,9.60
2010.05.17 13:24:48.132,0.70235,0.7026,1.10,7.20
2010.05.17 13:24:48.409,0.70235,0.7026,1.20,7.20
2010.05.17 13:24:49.435,0.70235,0.7026,1.00,7.60
2010.05.17 13:24:49.780,0.70235,0.7026,1.90,7.20
2010.05.17 13:24:50.745,0.70235,0.7026,3.40,7.20
2010.05.17 13:24:51.089,0.70235,0.7026,3.40,4.80
2010.05.17 13:24:51.438,0.70235,0.7026,1.10,7.10
2010.05.17 13:24:52.322,0.70235,0.7026,3.10,5.60
2010.05.17 13:24:52.559,0.70235,0.7026,3.40,5.60
2010.05.17 13:24:53.839,0.70235,0.7026,5.40,4.80
2010.05.17 13:24:55.750,0.70245,0.70265,1.00,13.00
2010.05.17 13:24:56.694,0.70235,0.7026,5.90,4.80
2010.05.17 13:24:57.533,0.70235,0.7026,5.10,4.80
2010.05.17 13:25:00.786,0.70235,0.7026,2.80,4.80
2010.05.17 13:25:01.057,0.70235,0.7026,2.80,6.40
2010.05.17 13:25:01.992,0.70235,0.7026,1.60,7.20
2010.05.17 13:25:02.267,0.70235,0.7026,1.60,8.80
2010.05.17 13:25:03.233,0.70225,0.70255,15.80,4.80
2010.05.17 13:25:03.578,0.70225,0.70255,13.40,4.80
2010.05.17 13:25:04.532,0.70225,0.70255,15.00,4.80
2010.05.17 13:25:06.078,0.70225,0.70255,14.60,4.80
2010.05.17 13:25:06.416,0.70225,0.70255,14.80,5.00
2010.05.17 13:25:07.598,0.70225,0.70255,10.80,7.60
2010.05.17 13:25:08.595,0.70225,0.70255,9.20,7.60
2010.05.17 13:25:08.873,0.7022,0.7025,9.10,4.80
2010.05.17 13:25:09.219,0.70225,0.7025,1.00,3.20
2010.05.17 13:25:10.285,0.7022,0.7025,8.70,4.80
2010.05.17 13:25:12.920,0.7022,0.7025,9.10,4.80
2010.05.17 13:25:13.099,0.70225,0.70245,1.60,1.00
2010.05.17 13:25:14.702,0.7022,0.70225,1.60,2.40
2010.05.17 13:25:14.861,0.7021,0.70225,1.10,2.40
2010.05.17 13:25:15.625,0.7021,0.70225,1.10,4.80
2010.05.17 13:25:15.972,0.7021,0.70225,1.10,2.40
2010.05.17 13:25:16.317,0.7021,0.70225,1.10,4.80
2010.05.17 13:25:17.307,0.7021,0.7022,1.00,2.40
2010.05.17 13:25:17.653,0.70205,0.7022,6.20,2.40
2010.05.17 13:25:17.910,0.70205,0.7022,3.10,2.40
2010.05.17 13:25:18.816,0.702,0.70215,1.20,2.40
2010.05.17 13:25:19.077,0.702,0.70215,1.00,2.40
2010.05.17 13:25:19.333,0.702,0.70225,2.80,2.40
2010.05.17 13:25:21.851,0.702,0.70225,3.60,3.40
2010.05.17 13:25:22.179,0.702,0.70225,4.40,3.50
2010.05.17 13:25:23.129,0.702,0.70225,4.40,3.10
2010.05.17 13:25:23.411,0.70205,0.70225,4.80,1.00
2010.05.17 13:25:24.225,0.70205,0.70225,4.80,1.00
2010.05.17 13:25:25.204,0.702,0.70225,4.70,3.70
2010.05.17 13:25:25.705,0.702,0.70225,4.70,4.10
2010.05.17 13:25:26.847,0.70195,0.7022,1.00,7.20
2010.05.17 13:25:28.334,0.7019,0.70215,7.10,2.40
2010.05.17 13:25:31.165,0.70185,0.70215,6.30,8.70
2010.05.17 13:25:31.455,0.70185,0.70215,7.10,9.00
2010.05.17 13:25:31.726,0.70185,0.70215,8.70,9.00
2010.05.17 13:25:32.665,0.7019,0.70215,7.10,1.50
2010.05.17 13:25:34.187,0.7019,0.70215,4.70,1.50
2010.05.17 13:25:35.821,0.70195,0.70215,3.10,1.50
2010.05.17 13:25:37.254,0.70195,0.70215,3.10,1.40
2010.05.17 13:25:39.397,0.70195,0.70215,3.10,1.00
2010.05.17 13:25:39.816,0.70195,0.70215,3.10,1.00
2010.05.17 13:25:40.662,0.70195,0.70215,3.10,1.00
2010.05.17 13:25:42.079,0.70195,0.70215,4.70,1.00
2010.05.17 13:25:42.383,0.70195,0.70215,3.10,1.00
2010.05.17 13:25:45.283,0.70205,0.7022,1.00,1.00
2010.05.17 13:25:47.918,0.7019,0.7022,3.10,9.60
2010.05.17 13:25:49.477,0.70195,0.7022,1.00,9.60
2010.05.17 13:25:57.277,0.70195,0.70215,1.00,1.10
2010.05.17 13:26:06.854,0.70195,0.70215,1.00,1.00
2010.05.17 13:26:15.847,0.70195,0.7022,1.00,9.60
2010.05.17 13:26:17.308,0.70195,0.7022,1.00,9.70
2010.05.17 13:26:18.357,0.70195,0.7022,1.00,9.60
2010.05.17 13:26:18.701,0.70195,0.70215,1.00,6.40
2010.05.17 13:26:19.628,0.70195,0.70215,1.00,9.10
2010.05.17 13:26:19.896,0.70195,0.70215,1.00,8.80
2010.05.17 13:26:24.427,0.70195,0.70215,1.00,9.10
2010.05.17 13:26:25.061,0.70195,0.70215,1.00,11.00
2010.05.17 13:26:25.368,0.70195,0.70215,1.00,11.20
2010.05.17 13:26:26.316,0.70195,0.70215,1.00,12.80
2010.05.17 13:26:26.627,0.70195,0.70215,1.00,13.60
2010.05.17 13:26:27.838,0.70195,0.7021,1.00,1.00
2010.05.17 13:26:28.098,0.70195,0.70215,1.00,12.80
2010.05.17 13:26:29.274,0.70195,0.70215,1.00,13.60
2010.05.17 13:26:29.613,0.70195,0.7021,1.00,1.00
2010.05.17 13:26:32.072,0.70195,0.70215,1.00,8.80
2010.05.17 13:26:32.423,0.70195,0.7022,1.00,8.80
2010.05.17 13:26:32.767,0.70195,0.7022,1.00,8.00
2010.05.17 13:26:34.889,0.70195,0.7022,1.20,8.00
2010.05.17 13:26:35.229,0.70195,0.7022,1.10,8.00
2010.05.17 13:26:36.115,0.70195,0.7022,1.90,7.20
2010.05.17 13:26:36.842,0.70195,0.7022,5.90,4.80
2010.05.17 13:26:37.192,0.702,0.70225,3.10,1.60
2010.05.17 13:26:37.475,0.702,0.7023,3.10,8.00
2010.05.17 13:26:38.249,0.70205,0.7023,1.00,8.00
2010.05.17 13:26:38.587,0.70205,0.7023,5.50,3.20
2010.05.17 13:26:39.929,0.70205,0.7023,5.90,3.20
2010.05.17 13:26:45.254,0.70205,0.7023,5.90,2.80
2010.05.17 13:26:45.784,0.70205,0.7023,5.90,2.40
2010.05.17 13:26:46.742,0.70205,0.7023,5.90,2.80
2010.05.17 13:26:49.037,0.70205,0.70225,5.20,14.40
2010.05.17 13:26:49.172,0.70195,0.70215,3.10,4.80
2010.05.17 13:26:50.343,0.70195,0.70215,5.50,2.40
2010.05.17 13:26:50.574,0.70205,0.7023,2.30,5.20
2010.05.17 13:26:50.811,0.70205,0.7023,2.30,6.40
2010.05.17 13:26:51.871,0.70205,0.7023,1.00,6.40
2010.05.17 13:26:52.818,0.70205,0.7023,1.00,8.80
2010.05.17 13:26:54.120,0.70205,0.7023,4.70,2.40
2010.05.17 13:26:54.440,0.70205,0.70235,7.10,16.30
2010.05.17 13:26:54.749,0.70205,0.70235,7.10,16.70
2010.05.17 13:26:55.662,0.70205,0.70235,7.10,16.30
2010.05.17 13:26:55.975,0.70205,0.7023,1.00,7.20
2010.05.17 13:26:56.281,0.70205,0.7023,4.70,4.00
2010.05.17 13:26:56.586,0.70205,0.7023,1.00,6.40
2010.05.17 13:26:57.557,0.70205,0.7023,7.10,1.60
2010.05.17 13:26:57.899,0.70205,0.7023,1.00,7.20
2010.05.17 13:26:59.186,0.70205,0.70225,1.00,1.00
2010.05.17 13:26:59.714,0.702,0.70225,4.70,1.00
2010.05.17 13:27:00.553,0.702,0.70225,3.10,1.10
2010.05.17 13:27:00.847,0.702,0.70225,4.70,1.10
2010.05.17 13:27:02.590,0.702,0.70225,4.70,1.00
2010.05.17 13:27:09.814,0.70195,0.7022,4.60,6.40
2010.05.17 13:27:10.098,0.70195,0.7022,4.30,9.60
2010.05.17 13:27:10.989,0.70195,0.70215,4.30,4.80
2010.05.17 13:27:11.263,0.70195,0.70215,3.50,4.80
2010.05.17 13:27:14.072,0.70195,0.7022,3.50,6.40
2010.05.17 13:27:15.288,0.702,0.7022,1.00,6.40
2010.05.17 13:27:15.589,0.70195,0.7022,3.50,6.40
2010.05.17 13:27:15.887,0.70195,0.7022,4.30,6.40
2010.05.17 13:27:16.187,0.70195,0.7022,3.50,6.40
2010.05.17 13:27:17.125,0.70195,0.7022,3.10,6.40
2010.05.17 13:27:18.856,0.70195,0.7022,1.00,10.40
2010.05.17 13:27:20.244,0.70205,0.70225,4.80,4.80
2010.05.17 13:27:20.533,0.70205,0.70225,5.80,1.60
2010.05.17 13:27:21.505,0.7021,0.70235,3.10,9.80
2010.05.17 13:27:21.845,0.7021,0.70235,3.10,9.70
2010.05.17 13:27:23.119,0.7021,0.70235,2.40,9.70
2010.05.17 13:27:23.436,0.70205,0.70235,7.40,14.90
2010.05.17 13:27:24.295,0.70205,0.70235,7.40,14.50
2010.05.17 13:27:24.423,0.7021,0.70235,3.10,10.00
2010.05.17 13:27:24.767,0.7021,0.70235,3.10,10.40
2010.05.17 13:27:25.742,0.7021,0.70235,2.40,12.80
2010.05.17 13:27:26.027,0.7021,0.70235,3.10,7.20
2010.05.17 13:27:27.588,0.7021,0.7023,3.10,1.00
2010.05.17 13:27:28.469,0.70205,0.7023,5.00,3.20
2010.05.17 13:27:29.629,0.70205,0.7023,6.60,3.20
2010.05.17 13:27:29.951,0.70205,0.7023,1.00,9.60
2010.05.17 13:27:32.215,0.70205,0.70225,1.00,1.00
2010.05.17 13:27:32.873,0.70205,0.7023,1.00,9.60
2010.05.17 13:27:34.368,0.70205,0.70225,1.00,1.00
2010.05.17 13:27:37.316,0.70205,0.7023,1.00,9.60
2010.05.17 13:27:37.587,0.70205,0.70225,1.00,1.00
2010.05.17 13:27:39.006,0.70205,0.70225,1.00,3.20
2010.05.17 13:27:43.416,0.70205,0.70225,1.00,2.40
2010.05.17 13:27:44.508,0.70205,0.70225,1.00,3.20
2010.05.17 13:27:48.607,0.70205,0.70225,1.00,4.80
2010.05.17 13:27:49.529,0.70205,0.70225,1.00,3.20
2010.05.17 13:27:52.904,0.70205,0.70225,1.00,1.00
2010.05.17 13:27:54.134,0.70205,0.7023,1.00,9.60
2010.05.17 13:27:56.572,0.70205,0.7023,1.00,8.00
2010.05.17 13:27:57.983,0.70205,0.7023,1.00,8.40
2010.05.17 13:27:58.328,0.70205,0.7023,1.00,7.60
2010.05.17 13:27:58.896,0.70205,0.7023,1.00,7.20
2010.05.17 13:28:01.050,0.70215,0.70235,1.60,6.40
2010.05.17 13:28:01.396,0.70215,0.70235,2.60,3.10
2010.05.17 13:28:01.735,0.70215,0.70235,1.00,3.10
2010.05.17 13:28:10.976,0.70215,0.70235,1.00,2.40
2010.05.17 13:28:16.416,0.70215,0.70235,1.00,4.80
2010.05.17 13:28:16.664,0.70215,0.70235,1.00,2.40
2010.05.17 13:28:19.971,0.7022,0.70235,1.60,5.60
2010.05.17 13:28:20.250,0.70215,0.70235,8.80,1.00
2010.05.17 13:28:21.126,0.7022,0.70245,3.10,2.40
2010.05.17 13:28:21.347,0.7022,0.7025,3.10,9.60
2010.05.17 13:28:22.438,0.7022,0.7025,3.10,9.80
2010.05.17 13:28:22.737,0.7022,0.70245,3.10,1.00
2010.05.17 13:28:23.036,0.7022,0.70245,2.40,5.60
2010.05.17 13:28:23.951,0.7022,0.70245,4.00,1.00
2010.05.17 13:28:24.236,0.7022,0.70245,4.70,1.00
2010.05.17 13:28:24.534,0.7022,0.70245,4.70,1.60
2010.05.17 13:28:26.675,0.7022,0.70245,4.70,2.40
2010.05.17 13:28:27.320,0.7022,0.70245,4.70,1.60
2010.05.17 13:28:27.662,0.70225,0.70245,2.60,1.00
2010.05.17 13:28:29.254,0.70225,0.70235,2.60,1.00
2010.05.17 13:28:29.534,0.70225,0.7023,1.00,4.80
2010.05.17 13:28:30.480,0.7022,0.7023,1.00,4.80
2010.05.17 13:28:31.064,0.70205,0.70235,9.00,7.20
2010.05.17 13:28:31.277,0.7021,0.70235,1.60,7.20
2010.05.17 13:28:31.902,0.70205,0.70235,7.40,8.80
2010.05.17 13:28:32.111,0.70205,0.70235,9.00,7.20
2010.05.17 13:28:37.705,0.70205,0.70235,7.40,8.80
2010.05.17 13:28:38.696,0.70205,0.70235,9.00,7.20
2010.05.17 13:28:39.714,0.70205,0.70235,8.70,7.20
2010.05.17 13:28:40.921,0.70205,0.70235,7.10,9.60
2010.05.17 13:28:41.728,0.70205,0.70235,7.10,8.80
2010.05.17 13:28:41.906,0.70205,0.70235,7.10,9.60
2010.05.17 13:28:42.114,0.70205,0.70235,7.10,8.80
2010.05.17 13:28:43.000,0.70205,0.70235,7.10,9.60
2010.05.17 13:28:43.477,0.70205,0.70235,7.10,10.00
2010.05.17 13:28:44.314,0.70205,0.70225,5.50,1.00
2010.05.17 13:28:44.624,0.7019,0.7022,7.10,9.60
2010.05.17 13:28:45.476,0.7019,0.70215,7.10,1.00
2010.05.17 13:28:45.771,0.70185,0.70215,9.10,8.00
2010.05.17 13:28:46.066,0.70185,0.70215,7.50,9.60
2010.05.17 13:28:46.380,0.70185,0.70215,7.40,9.60
2010.05.17 13:28:47.704,0.70185,0.70215,7.40,8.80
2010.05.17 13:28:49.091,0.70185,0.70215,9.80,7.20
2010.05.17 13:28:49.306,0.70185,0.70215,9.00,7.20
2010.05.17 13:28:49.516,0.7019,0.70215,1.00,4.80
2010.05.17 13:28:59.909,0.70185,0.70215,7.30,19.60
2010.05.17 13:29:00.889,0.70185,0.70205,1.00,4.80
2010.05.17 13:29:01.169,0.7018,0.7021,8.70,7.20
2010.05.17 13:29:01.445,0.7018,0.7021,7.10,8.80
2010.05.17 13:29:05.026,0.7018,0.7021,7.90,8.80
2010.05.17 13:29:06.308,0.7018,0.7021,7.10,8.80
2010.05.17 13:29:07.285,0.7018,0.7021,7.90,8.80
2010.05.17 13:29:07.604,0.7018,0.7021,7.10,8.80
2010.05.17 13:29:09.417,0.7018,0.70205,7.10,1.00
2010.05.17 13:29:10.095,0.7018,0.7021,7.10,8.80
2010.05.17 13:29:12.347,0.7018,0.70205,7.10,1.10
2010.05.17 13:29:12.555,0.7018,0.70205,7.10,1.00
2010.05.17 13:29:13.467,0.7018,0.7021,7.10,9.60
2010.05.17 13:29:14.144,0.7018,0.7021,7.10,9.80
2010.05.17 13:29:16.675,0.7018,0.7021,7.10,9.00
2010.05.17 13:29:18.034,0.7018,0.7021,7.10,9.80
2010.05.17 13:29:20.607,0.7018,0.7021,7.10,8.80
2010.05.17 13:29:22.825,0.7018,0.7021,7.10,9.00
2010.05.17 13:29:23.986,0.7018,0.7021,7.10,8.80
2010.05.17 13:29:24.758,0.70175,0.70205,9.80,8.80
2010.05.17 13:29:25.641,0.70175,0.702,1.00,7.20
2010.05.17 13:29:27.060,0.70175,0.702,1.20,7.20
2010.05.17 13:29:27.349,0.70175,0.702,11.60,7.20
2010.05.17 13:29:28.238,0.70185,0.702,2.40,1.00
2010.05.17 13:29:28.503,0.70185,0.7021,1.00,7.20
2010.05.17 13:29:28.756,0.70185,0.7021,1.00,9.20
2010.05.17 13:29:29.982,0.70185,0.7021,1.00,10.80
2010.05.17 13:29:30.947,0.70185,0.7021,1.00,12.80
2010.05.17 13:29:31.912,0.70185,0.7021,1.00,12.40
2010.05.17 13:29:32.616,0.7018,0.7021,7.50,12.40
2010.05.17 13:29:33.432,0.70175,0.702,1.90,6.80
2010.05.17 13:29:33.678,0.70175,0.702,1.00,6.80
2010.05.17 13:29:34.644,0.70175,0.702,1.00,9.20
2010.05.17 13:29:34.920,0.70175,0.702,1.00,7.20
2010.05.17 13:29:35.469,0.70175,0.702,1.00,7.20
2010.05.17 13:29:45.276,0.7017,0.702,10.60,7.20
2010.05.17 13:29:55.626,0.7017,0.702,9.00,7.20
2010.05.17 13:29:56.563,0.7017,0.702,10.60,7.20
2010.05.17 13:29:57.365,0.7017,0.702,11.40,7.20
2010.05.17 13:29:57.626,0.70175,0.702,1.00,7.20
2010.05.17 13:29:57.884,0.70175,0.702,1.00,7.20
2010.05.17 13:29:58.657,0.7018,0.702,1.00,7.20
2010.05.17 13:29:58.936,0.7018,0.702,1.00,7.20
2010.05.17 13:30:01.538,0.70175,0.702,1.00,7.20
2010.05.17 13:30:03.261,0.70185,0.702,1.00,7.20
2010.05.17 13:30:04.646,0.70185,0.7021,4.80,4.00
2010.05.17 13:30:04.920,0.70185,0.7021,2.40,4.00
2010.05.17 13:30:07.380,0.70185,0.7021,4.70,1.60
2010.05.17 13:30:07.686,0.70185,0.7021,15.10,1.60
2010.05.17 13:30:08.601,0.70195,0.70215,2.40,1.60
2010.05.17 13:30:08.840,0.70195,0.70215,2.40,2.00
2010.05.17 13:30:10.261,0.70185,0.7021,2.80,2.40
2010.05.17 13:30:10.610,0.70185,0.70215,4.70,12.30
2010.05.17 13:30:11.568,0.70185,0.70215,4.70,11.40
2010.05.17 13:30:11.906,0.70185,0.70215,4.70,9.80
2010.05.17 13:30:13.482,0.70185,0.70215,6.30,8.80
2010.05.17 13:30:13.608,0.7019,0.70215,2.40,6.40
2010.05.17 13:30:14.329,0.7019,0.70215,2.40,3.70
2010.05.17 13:30:15.765,0.7019,0.7021,2.40,2.40
2010.05.17 13:30:16.053,0.70185,0.7021,3.20,3.20
2010.05.17 13:30:16.339,0.70185,0.7021,1.00,9.60
2010.05.17 13:30:17.212,0.7018,0.7021,6.40,9.60
2010.05.17 13:30:17.509,0.70185,0.7021,1.00,9.60
2010.05.17 13:30:17.820,0.70185,0.7021,1.00,4.00
2010.05.17 13:30:18.491,0.70185,0.7021,3.40,1.00
2010.05.17 13:30:18.815,0.70185,0.70215,3.30,10.10
2010.05.17 13:30:19.142,0.7019,0.70215,2.40,6.10
2010.05.17 13:30:20.306,0.7019,0.70215,2.40,4.80
2010.05.17 13:30:20.565,0.7019,0.70215,2.40,4.40
2010.05.17 13:30:20.826,0.7019,0.70215,2.40,4.00
2010.05.17 13:30:21.495,0.7019,0.70215,2.40,4.30
2010.05.17 13:30:21.838,0.7019,0.70215,2.40,5.10
2010.05.17 13:30:22.514,0.7019,0.70215,2.40,5.90
2010.05.17 13:30:23.492,0.7019,0.70215,2.40,5.10
2010.05.17 13:30:26.605,0.7019,0.70215,2.40,4.70
2010.05.17 13:30:26.950,0.70205,0.70215,1.00,4.00
2010.05.17 13:30:27.097,0.70205,0.70215,1.00,2.40
2010.05.17 13:30:27.867,0.70205,0.7023,1.00,9.60
2010.05.17 13:30:27.937,0.70205,0.7023,1.00,8.80
2010.05.17 13:30:29.268,0.70205,0.7023,2.80,4.80
2010.05.17 13:30:32.084,0.70205,0.7023,2.70,4.80
2010.05.17 13:30:40.771,0.70205,0.7023,3.50,4.80
2010.05.17 13:30:41.074,0.70205,0.7023,2.70,4.80
2010.05.17 13:30:41.868,0.70205,0.7023,2.30,4.80
2010.05.17 13:30:43.787,0.70205,0.7023,3.10,4.80
2010.05.17 13:30:44.429,0.70205,0.7023,2.30,4.80
2010.05.17 13:30:44.765,0.70205,0.7023,3.10,4.80
2010.05.17 13:30:45.105,0.70205,0.7023,2.30,4.80
2010.05.17 13:30:45.937,0.70205,0.7023,2.90,4.80
2010.05.17 13:30:46.537,0.70205,0.7023,3.70,4.80
2010.05.17 13:30:47.500,0.70205,0.7023,2.90,4.80
2010.05.17 13:30:47.811,0.7022,0.7023,1.00,2.40
2010.05.17 13:30:48.773,0.7022,0.7024,3.20,1.00
2010.05.17 13:30:49.012,0.7023,0.7025,1.00,4.80
2010.05.17 13:30:49.676,0.7023,0.7025,1.00,4.80
2010.05.17 13:30:49.912,0.70225,0.7025,2.80,6.40
2010.05.17 13:30:50.259,0.70225,0.7025,3.60,6.40
2010.05.17 13:30:51.237,0.70225,0.7025,3.60,4.80
2010.05.17 13:30:51.575,0.70225,0.7025,2.80,4.80
2010.05.17 13:30:52.909,0.70225,0.7025,3.60,4.80
2010.05.17 13:30:53.254,0.70225,0.7025,2.80,4.80
2010.05.17 13:30:54.738,0.70225,0.7025,2.70,4.80
2010.05.17 13:30:56.395,0.70225,0.7025,4.30,4.80
2010.05.17 13:30:57.316,0.7023,0.70255,1.00,7.20
2010.05.17 13:31:01.618,0.7023,0.70255,1.00,7.60
2010.05.17 13:31:02.256,0.7023,0.70255,1.00,8.20
2010.05.17 13:31:02.534,0.7022,0.7025,3.10,8.00
2010.05.17 13:31:03.476,0.7022,0.70245,3.10,2.40
2010.05.17 13:31:04.935,0.70225,0.70245,1.60,2.40
2010.05.17 13:31:05.046,0.7023,0.70245,4.00,2.40
2010.05.17 13:31:05.155,0.7023,0.7025,4.00,2.40
2010.05.17 13:31:05.266,0.7023,0.7025,5.60,2.40
2010.05.17 13:31:05.897,0.7023,0.7025,3.20,5.60
2010.05.17 13:31:06.018,0.7023,0.70255,2.40,5.50
2010.05.17 13:31:06.264,0.7023,0.70255,4.70,2.40
2010.05.17 13:31:07.133,0.7023,0.7026,7.10,8.80
2010.05.17 13:31:07.483,0.70235,0.7026,1.00,7.20
2010.05.17 13:31:08.338,0.70235,0.7026,5.30,2.40
2010.05.17 13:31:08.592,0.7024,0.70265,5.50,1.00
2010.05.17 13:31:14.578,0.7024,0.70265,8.70,1.90
2010.05.17 13:31:14.919,0.70245,0.70265,4.80,1.10
2010.05.17 13:31:15.564,0.70245,0.70265,5.50,1.10
2010.05.17 13:31:15.846,0.70245,0.70265,7.10,1.10
2010.05.17 13:31:18.249,0.70245,0.70265,4.70,1.10
2010.05.17 13:31:19.372,0.70245,0.70265,2.30,1.10
2010.05.17 13:31:24.894,0.70245,0.70265,2.30,1.00
2010.05.17 13:31:30.075,0.70245,0.70265,2.30,1.00
2010.05.17 13:31:30.243,0.70245,0.7027,2.30,5.60
2010.05.17 13:31:32.615,0.70245,0.70265,2.30,1.00
2010.05.17 13:31:34.697,0.70245,0.70265,4.70,1.00
2010.05.17 13:31:35.811,0.70245,0.70265,2.30,1.00
2010.05.17 13:31:37.231,0.7025,0.70265,1.50,1.00
2010.05.17 13:31:37.506,0.70245,0.7027,4.70,2.40
2010.05.17 13:31:40.315,0.70245,0.70265,6.20,1.00
2010.05.17 13:31:41.898,0.7024,0.7026,3.10,2.40
2010.05.17 13:31:42.090,0.7024,0.7026,2.40,4.00
2010.05.17 13:31:42.279,0.70235,0.7026,1.00,8.80
2010.05.17 13:31:42.465,0.70235,0.7026,1.00,9.60
2010.05.17 13:31:48.662,0.7023,0.70255,2.30,5.60
2010.05.17 13:31:52.261,0.70225,0.70255,5.60,9.10
2010.05.17 13:31:52.914,0.70225,0.70255,5.60,10.70
2010.05.17 13:31:53.054,0.70225,0.70255,4.80,10.70
2010.05.17 13:31:56.740,0.70225,0.70255,4.80,9.10
2010.05.17 13:31:56.875,0.7023,0.70255,2.40,6.70
2010.05.17 13:31:57.004,0.7023,0.70255,2.40,3.20
2010.05.17 13:31:57.196,0.7023,0.70255,2.40,4.00
2010.05.17 13:31:57.387,0.70225,0.7025,2.50,2.40
2010.05.17 13:31:58.230,0.70215,0.70245,5.10,13.10
2010.05.17 13:31:58.447,0.70215,0.70245,5.00,10.70
2010.05.17 13:31:59.461,0.70215,0.70245,4.90,10.70
2010.05.17 13:32:01.549,0.70215,0.70245,5.70,10.70
2010.05.17 13:32:03.023,0.7022,0.70245,1.00,9.60
2010.05.17 13:32:03.311,0.7022,0.70245,4.70,1.60
2010.05.17 13:32:03.597,0.7022,0.7025,4.70,9.60
2010.05.17 13:32:05.575,0.7024,0.70255,1.00,2.40
2010.05.17 13:32:05.646,0.70235,0.70255,1.00,2.40
2010.05.17 13:32:05.715,0.70235,0.70255,1.00,7.20
2010.05.17 13:32:06.497,0.70235,0.70255,1.00,4.80
2010.05.17 13:32:06.841,0.70235,0.7026,1.00,8.80
2010.05.17 13:32:08.601,0.70235,0.7026,1.00,8.80
2010.05.17 13:32:11.854,0.70235,0.7026,1.20,8.80
2010.05.17 13:32:12.135,0.70235,0.7026,1.40,8.80
2010.05.17 13:32:17.097,0.70235,0.7026,3.00,4.80
2010.05.17 13:32:22.668,0.70235,0.7026,2.30,4.80
2010.05.17 13:32:24.590,0.70235,0.7026,2.90,6.40
2010.05.17 13:32:24.718,0.70235,0.7026,1.30,8.80
2010.05.17 13:32:24.845,0.70235,0.7026,1.30,9.60
2010.05.17 13:32:25.860,0.70225,0.70255,7.90,9.60
2010.05.17 13:32:26.549,0.70225,0.70255,7.90,8.00
2010.05.17 13:32:27.201,0.70225,0.70255,7.90,9.60
2010.05.17 13:32:30.321,0.70225,0.70255,7.10,9.60
2010.05.17 13:32:30.580,0.70235,0.70255,1.00,8.00
2010.05.17 13:32:32.446,0.70235,0.7026,1.00,9.60
2010.05.17 13:32:32.640,0.70235,0.7026,1.00,9.60
2010.05.17 13:32:33.364,0.70235,0.70255,1.00,4.80
2010.05.17 13:32:33.681,0.70235,0.70255,1.00,8.00
2010.05.17 13:32:34.929,0.70235,0.70255,1.00,9.60
2010.05.17 13:32:36.269,0.70235,0.70255,1.00,8.00
2010.05.17 13:32:37.716,0.70235,0.70255,1.00,7.20
2010.05.17 13:32:38.063,0.7024,0.7026,1.00,9.60
2010.05.17 13:32:38.168,0.70235,0.7026,1.00,9.60
2010.05.17 13:32:41.499,0.70235,0.70255,1.00,1.00
2010.05.17 13:32:41.910,0.70235,0.70255,1.00,2.40
2010.05.17 13:32:42.657,0.70235,0.70255,1.00,2.40
2010.05.17 13:32:44.010,0.70235,0.70255,1.00,2.40
2010.05.17 13:32:50.268,0.70235,0.70255,1.00,4.00
2010.05.17 13:32:50.540,0.70235,0.70255,1.00,4.00
2010.05.17 13:32:55.557,0.70235,0.7025,1.00,1.00
2010.05.17 13:32:56.603,0.70225,0.7024,1.00,2.40
2010.05.17 13:32:56.929,0.70215,0.7024,1.00,9.60
2010.05.17 13:32:57.860,0.7021,0.7024,9.10,9.60
2010.05.17 13:32:59.688,0.70215,0.7024,1.00,9.60
2010.05.17 13:33:01.245,0.70215,0.7024,1.00,9.60
2010.05.17 13:33:02.605,0.70215,0.7024,1.00,9.60
2010.05.17 13:33:07.769,0.70215,0.70235,1.00,1.60
2010.05.17 13:33:08.086,0.70215,0.70235,1.00,8.80
2010.05.17 13:33:08.847,0.70215,0.70235,1.00,9.60
2010.05.17 13:33:12.171,0.7021,0.70235,4.10,9.60
2010.05.17 13:33:15.866,0.7021,0.70235,3.30,9.60
2010.05.17 13:33:16.066,0.70215,0.70235,1.00,9.60
2010.05.17 13:33:21.244,0.70215,0.70235,1.00,20.00
2010.05.17 13:33:21.478,0.70205,0.70225,1.00,5.60
2010.05.17 13:33:23.067,0.70205,0.70225,1.00,8.80
2010.05.17 13:33:23.346,0.70205,0.70225,1.00,9.60
2010.05.17 13:33:26.220,0.70205,0.70225,1.00,9.60
2010.05.17 13:33:27.424,0.70205,0.70225,1.00,9.60
2010.05.17 13:33:27.622,0.70195,0.7022,1.10,5.60
2010.05.17 13:33:27.816,0.70195,0.7022,1.10,8.00
2010.05.17 13:33:30.114,0.70195,0.70215,1.10,8.00
2010.05.17 13:33:30.791,0.70195,0.70215,1.10,5.60
2010.05.17 13:33:31.004,0.7019,0.70215,3.20,2.40
2010.05.17 13:33:32.391,0.70195,0.70215,1.00,2.40
2010.05.17 13:33:32.976,0.70195,0.70215,1.00,4.00
2010.05.17 13:33:33.918,0.70195,0.70215,1.00,2.40
2010.05.17 13:33:37.427,0.70195,0.70215,1.00,8.00
2010.05.17 13:33:37.755,0.70195,0.70215,1.00,9.60
2010.05.17 13:33:38.493,0.70195,0.7021,1.00,1.00
2010.05.17 13:33:38.801,0.70195,0.70215,1.00,6.40
2010.05.17 13:33:40.033,0.70195,0.70215,1.00,4.80
2010.05.17 13:33:40.290,0.7019,0.70215,1.00,4.80
2010.05.17 13:33:40.546,0.70195,0.70215,1.00,4.80
2010.05.17 13:33:43.675,0.7019,0.70215,1.00,6.40
2010.05.17 13:33:43.845,0.7019,0.7021,1.00,1.00
2010.05.17 13:33:44.500,0.70185,0.7021,7.90,1.00
2010.05.17 13:33:44.996,0.7019,0.7021,1.00,1.00
2010.05.17 13:33:45.856,0.7019,0.7021,1.00,1.00
2010.05.17 13:33:53.603,0.70195,0.7021,1.00,1.00
2010.05.17 13:33:54.288,0.70185,0.7021,7.10,1.00
2010.05.17 13:33:56.316,0.7019,0.70215,3.20,2.40
2010.05.17 13:33:56.656,0.70195,0.70215,1.00,2.40
2010.05.17 13:33:59.500,0.70195,0.7022,5.20,2.40
2010.05.17 13:34:02.050,0.70195,0.7022,5.10,2.40
2010.05.17 13:34:02.359,0.70195,0.7022,5.50,2.40
2010.05.17 13:34:03.517,0.70195,0.7022,4.80,3.20
2010.05.17 13:34:04.495,0.70195,0.70215,4.80,1.00
2010.05.17 13:34:08.136,0.70195,0.70215,4.90,1.00
2010.05.17 13:34:09.495,0.70195,0.70215,4.80,1.00
2010.05.17 13:34:13.630,0.70195,0.70215,4.90,1.00
2010.05.17 13:34:18.130,0.70195,0.7022,4.90,2.40
2010.05.17 13:34:22.828,0.70195,0.7022,4.80,2.40
2010.05.17 13:34:24.059,0.70195,0.70215,2.40,1.00
2010.05.17 13:34:24.279,0.7019,0.70215,6.40,1.00
2010.05.17 13:34:25.748,0.7019,0.70215,1.00,6.70
2010.05.17 13:34:26.088,0.70185,0.702,2.40,7.20
2010.05.17 13:34:26.427,0.70175,0.702,1.00,12.00
2010.05.17 13:34:26.766,0.70175,0.70195,1.00,2.40
2010.05.17 13:34:27.748,0.7017,0.70195,8.80,2.40
2010.05.17 13:34:33.077,0.70175,0.70195,1.00,1.00
2010.05.17 13:34:33.407,0.70175,0.702,8.00,1.00
2010.05.17 13:34:34.298,0.7018,0.702,2.40,1.00
2010.05.17 13:34:34.541,0.7018,0.702,4.80,1.00
2010.05.17 13:34:45.655,0.7018,0.702,2.40,1.00
2010.05.17 13:34:48.741,0.70175,0.702,4.40,2.40
2010.05.17 13:34:48.828,0.70175,0.702,6.80,2.40
2010.05.17 13:34:48.866,0.70175,0.702,7.80,1.00
2010.05.17 13:34:49.583,0.7018,0.702,2.40,1.00
2010.05.17 13:34:50.823,0.7017,0.70195,3.20,2.80
2010.05.17 13:34:50.966,0.7017,0.70195,3.20,3.10
2010.05.17 13:34:51.116,0.7017,0.70195,3.20,3.50
2010.05.17 13:34:51.924,0.70165,0.70195,5.90,9.90
2010.05.17 13:34:52.274,0.7016,0.7019,7.20,4.80
2010.05.17 13:34:53.246,0.70165,0.70185,1.60,2.40
2010.05.17 13:34:53.520,0.7016,0.70185,3.10,3.20
2010.05.17 13:34:53.786,0.7016,0.70185,3.90,3.20
2010.05.17 13:34:54.047,0.7016,0.70185,3.10,3.20
2010.05.17 13:34:57.157,0.7016,0.70185,4.70,2.40
2010.05.17 13:34:58.256,0.70165,0.70185,1.00,2.40
2010.05.17 13:34:58.599,0.7016,0.70185,6.40,2.40
2010.05.17 13:34:59.599,0.7016,0.70185,5.50,2.40
2010.05.17 13:35:01.227,0.70165,0.70185,1.00,2.40
2010.05.17 13:35:02.567,0.7016,0.70185,5.50,2.40
2010.05.17 13:35:03.442,0.7016,0.70185,5.10,2.40
2010.05.17 13:35:03.750,0.7016,0.70185,4.70,2.40
2010.05.17 13:35:04.856,0.7016,0.70185,5.10,2.40
2010.05.17 13:35:05.155,0.7016,0.70185,5.50,2.40
2010.05.17 13:35:06.338,0.70165,0.70185,1.00,2.40
2010.05.17 13:35:08.029,0.70165,0.70185,1.00,2.40
2010.05.17 13:35:10.492,0.70175,0.70195,2.40,3.10
2010.05.17 13:35:11.300,0.70175,0.702,5.50,6.40
2010.05.17 13:35:11.622,0.7019,0.70215,3.10,1.50
2010.05.17 13:35:11.940,0.7019,0.70215,3.10,3.90
2010.05.17 13:35:12.588,0.7019,0.70215,3.10,5.50
2010.05.17 13:35:12.934,0.70185,0.70215,10.40,8.00
2010.05.17 13:35:13.268,0.70185,0.70215,11.20,8.00
2010.05.17 13:35:14.140,0.70185,0.70215,11.20,7.20
2010.05.17 13:35:14.380,0.70185,0.70205,9.60,1.60
2010.05.17 13:35:15.219,0.70185,0.70205,8.80,1.60
2010.05.17 13:35:15.570,0.70185,0.70205,9.80,1.60
2010.05.17 13:35:15.907,0.70185,0.702,9.80,1.60
2010.05.17 13:35:16.900,0.70185,0.70215,10.40,7.90
2010.05.17 13:35:17.727,0.70185,0.70215,11.20,8.30
2010.05.17 13:35:18.067,0.70185,0.70215,11.20,5.60
2010.05.17 13:35:18.409,0.7019,0.70215,1.50,4.80
2010.05.17 13:35:19.318,0.7019,0.7022,7.90,7.20
2010.05.17 13:35:19.583,0.70195,0.7022,8.00,1.00
2010.05.17 13:35:20.237,0.70195,0.70225,8.70,11.80
2010.05.17 13:35:20.563,0.702,0.70225,4.70,2.00
2010.05.17 13:35:21.853,0.702,0.70225,2.30,8.40
2010.05.17 13:35:23.136,0.70205,0.70225,1.00,7.60
2010.05.17 13:35:23.427,0.702,0.70225,5.50,2.40
2010.05.17 13:35:24.319,0.70205,0.7023,1.00,7.20
2010.05.17 13:35:24.559,0.702,0.7023,5.50,7.20
2010.05.17 13:35:26.039,0.702,0.7023,6.30,7.20
2010.05.17 13:35:27.775,0.702,0.7023,4.70,7.20
2010.05.17 13:35:28.692,0.702,0.7023,6.30,7.20
2010.05.17 13:35:31.511,0.702,0.70225,2.30,4.80
2010.05.17 13:35:32.652,0.702,0.70225,2.30,5.20
2010.05.17 13:35:32.914,0.70195,0.70225,10.50,8.90
2010.05.17 13:35:34.179,0.70195,0.70225,10.50,8.80
2010.05.17 13:35:35.787,0.70195,0.70215,8.70,1.00
2010.05.17 13:35:36.139,0.70185,0.70205,10.30,1.00
2010.05.17 13:35:38.714,0.70185,0.70215,10.30,9.10
2010.05.17 13:35:40.591,0.70185,0.70215,10.30,8.80
2010.05.17 13:35:40.916,0.70185,0.70215,10.40,8.80
2010.05.17 13:35:41.709,0.70185,0.70215,10.30,8.80
2010.05.17 13:35:42.393,0.70185,0.70215,10.30,8.70
2010.05.17 13:35:42.654,0.70185,0.70215,10.30,9.30
2010.05.17 13:35:43.734,0.70185,0.70215,10.30,9.10
2010.05.17 13:35:46.802,0.70185,0.70215,10.30,10.20
2010.05.17 13:35:48.102,0.70185,0.70215,10.30,9.40
2010.05.17 13:35:49.768,0.7019,0.70215,3.10,5.60
2010.05.17 13:35:50.033,0.702,0.7022,1.00,3.20
2010.05.17 13:35:50.721,0.702,0.7022,1.50,3.20
2010.05.17 13:35:51.071,0.702,0.70225,4.30,2.10
2010.05.17 13:35:51.953,0.70205,0.70225,1.00,2.40
2010.05.17 13:35:52.243,0.702,0.70225,3.90,1.00
2010.05.17 13:35:53.202,0.7021,0.7023,1.00,5.60
2010.05.17 13:35:54.157,0.7022,0.7024,1.60,2.40
2010.05.17 13:35:54.213,0.7022,0.7024,2.00,2.40
2010.05.17 13:35:54.479,0.7023,0.7025,4.80,4.00
2010.05.17 13:35:55.349,0.7023,0.70255,4.80,2.40
2010.05.17 13:35:55.680,0.7023,0.7026,8.70,7.20
2010.05.17 13:35:56.920,0.70235,0.7026,1.60,7.20
2010.05.17 13:35:58.145,0.70235,0.7026,2.00,8.00
2010.05.17 13:35:58.405,0.70245,0.70265,1.50,2.80
2010.05.17 13:35:59.090,0.70245,0.70265,2.30,2.80
2010.05.17 13:35:59.343,0.70245,0.70265,7.20,1.00
2010.05.17 13:36:00.158,0.70255,0.70265,1.00,1.00
2010.05.17 13:36:00.502,0.70255,0.7028,6.30,1.00
2010.05.17 13:36:01.582,0.70255,0.7028,8.70,1.00
2010.05.17 13:36:01.903,0.70255,0.7028,9.10,1.40
2010.05.17 13:36:02.847,0.70255,0.7028,9.10,1.00
2010.05.17 13:36:03.139,0.70255,0.7028,7.30,2.40
2010.05.17 13:36:04.068,0.70255,0.7028,6.50,1.00
2010.05.17 13:36:05.009,0.70255,0.7028,5.70,1.00
2010.05.17 13:36:05.351,0.70255,0.7028,6.50,2.40
2010.05.17 13:36:06.467,0.70255,0.70285,7.30,5.60
2010.05.17 13:36:06.746,0.70255,0.70285,7.30,6.70
2010.05.17 13:36:07.714,0.70255,0.70275,1.00,1.00
2010.05.17 13:36:08.696,0.70245,0.70255,3.00,3.20
2010.05.17 13:36:08.959,0.70245,0.70255,1.00,2.40
2010.05.17 13:36:09.876,0.70235,0.70255,1.00,2.40
2010.05.17 13:36:10.223,0.7023,0.70255,1.00,5.60
2010.05.17 13:36:11.485,0.70235,0.7026,2.40,5.20
2010.05.17 13:36:11.794,0.70235,0.7026,6.50,2.40
2010.05.17 13:36:12.719,0.70235,0.7026,7.20,2.40
2010.05.17 13:36:13.945,0.7024,0.70265,5.60,2.40
2010.05.17 13:36:14.167,0.7024,0.70265,4.80,2.40
2010.05.17 13:36:16.396,0.70235,0.70255,1.00,1.00
2010.05.17 13:36:16.661,0.70235,0.70255,1.00,5.60
2010.05.17 13:36:17.342,0.70235,0.70255,1.00,7.20
2010.05.17 13:36:17.696,0.70235,0.70255,1.00,2.40
2010.05.17 13:36:18.684,0.70235,0.7026,4.90,4.80
2010.05.17 13:36:18.963,0.70235,0.7026,6.70,2.40
2010.05.17 13:36:19.701,0.70235,0.70265,9.00,7.20
2010.05.17 13:36:20.066,0.70245,0.70265,1.00,7.20
2010.05.17 13:36:21.020,0.70245,0.70265,6.80,1.00
2010.05.17 13:36:21.340,0.7026,0.70285,5.50,2.80
2010.05.17 13:36:22.188,0.70255,0.7028,7.20,1.00
2010.05.17 13:36:22.523,0.70255,0.70265,1.00,1.60
2010.05.17 13:36:23.446,0.70255,0.7027,1.00,1.60
2010.05.17 13:36:23.485,0.7026,0.7027,2.40,1.60
2010.05.17 13:36:23.778,0.70255,0.7028,1.00,7.20
2010.05.17 13:36:24.069,0.70255,0.7027,1.00,1.60
2010.05.17 13:36:25.083,0.70255,0.7028,1.00,7.20
2010.05.17 13:36:29.210,0.70255,0.70275,1.00,5.60
2010.05.17 13:36:29.406,0.70255,0.70275,1.30,5.60
2010.05.17 13:36:31.077,0.7026,0.70275,1.00,5.60
2010.05.17 13:36:31.756,0.70265,0.70275,1.00,5.60
2010.05.17 13:36:32.099,0.7026,0.70275,1.00,5.60
2010.05.17 13:36:33.077,0.70265,0.7028,2.40,4.00
2010.05.17 13:36:33.392,0.70265,0.7029,1.00,5.60
2010.05.17 13:36:34.378,0.7027,0.70295,3.90,1.60
2010.05.17 13:36:35.281,0.70275,0.70295,1.00,2.40
2010.05.17 13:36:35.610,0.7028,0.70295,3.10,1.60
2010.05.17 13:36:36.587,0.7028,0.7031,6.30,8.80
2010.05.17 13:36:36.872,0.70285,0.70305,1.00,1.60
2010.05.17 13:36:38.099,0.70285,0.7031,1.00,7.20
2010.05.17 13:36:39.397,0.70285,0.7031,1.10,5.60
2010.05.17 13:36:40.587,0.70285,0.703,1.00,1.60
2010.05.17 13:36:40.855,0.70285,0.703,1.00,1.60
2010.05.17 13:36:41.799,0.70285,0.70315,8.50,9.20
2010.05.17 13:36:42.137,0.70285,0.70315,7.70,10.80
2010.05.17 13:36:42.803,0.70285,0.70315,7.70,21.20
2010.05.17 13:36:43.061,0.70285,0.70305,1.00,4.80
2010.05.17 13:36:43.478,0.70285,0.70305,1.00,4.80
2010.05.17 13:36:44.387,0.70285,0.70305,1.10,4.80
2010.05.17 13:36:44.630,0.70285,0.70305,1.00,4.80
2010.05.17 13:36:45.487,0.7028,0.70305,3.10,4.80
2010.05.17 13:36:45.830,0.7028,0.70305,7.90,2.40
2010.05.17 13:36:46.167,0.70285,0.7031,1.00,8.80
2010.05.17 13:36:46.861,0.70285,0.7031,1.00,8.80
2010.05.17 13:36:47.111,0.70285,0.7031,1.00,8.80
2010.05.17 13:36:48.380,0.7029,0.7031,2.40,3.20
2010.05.17 13:36:48.670,0.7029,0.70315,5.50,4.50
2010.05.17 13:36:49.300,0.7029,0.70315,7.10,4.50
2010.05.17 13:36:49.594,0.70295,0.7032,1.00,7.20
2010.05.17 13:36:50.561,0.70295,0.7032,1.00,7.20
2010.05.17 13:36:50.912,0.70295,0.7032,1.00,7.20
2010.05.17 13:36:51.914,0.70295,0.7032,1.10,7.20
2010.05.17 13:36:52.183,0.703,0.7032,4.80,1.00
2010.05.17 13:36:52.450,0.703,0.70325,5.60,1.60
2010.05.17 13:36:53.123,0.703,0.70315,3.20,2.40
2010.05.17 13:36:53.474,0.703,0.70315,5.50,2.40
2010.05.17 13:36:54.437,0.70305,0.70315,1.00,2.40
2010.05.17 13:36:54.693,0.7031,0.70315,1.00,2.40
2010.05.17 13:36:55.585,0.70315,0.7033,1.00,2.40
2010.05.17 13:36:56.371,0.7032,0.70335,1.60,3.20
2010.05.17 13:36:56.690,0.7032,0.70335,2.40,3.20
2010.05.17 13:36:57.013,0.70315,0.7033,3.90,2.40
2010.05.17 13:36:57.994,0.7031,0.70335,1.00,6.70
2010.05.17 13:36:58.940,0.70305,0.7033,3.90,3.20
2010.05.17 13:36:59.202,0.7031,0.70335,1.00,5.90
2010.05.17 13:37:00.548,0.7031,0.70335,1.00,5.60
2010.05.17 13:37:00.866,0.7032,0.70335,1.60,5.60
2010.05.17 13:37:01.765,0.70315,0.70335,1.60,4.80
2010.05.17 13:37:02.678,0.70315,0.70335,1.00,4.80
2010.05.17 13:37:03.014,0.7032,0.70345,4.80,5.10
2010.05.17 13:37:03.891,0.70315,0.7034,5.90,2.40
2010.05.17 13:37:04.205,0.70315,0.7034,1.20,7.20
2010.05.17 13:37:04.519,0.70315,0.7034,1.10,8.00
2010.05.17 13:37:05.510,0.70305,0.70335,7.30,8.30
2010.05.17 13:37:05.864,0.70305,0.7033,4.90,4.80
2010.05.17 13:37:06.776,0.703,0.7032,3.10,4.00
2010.05.17 13:37:07.051,0.70285,0.70315,9.00,7.20
2010.05.17 13:37:09.248,0.70285,0.70315,9.80,7.20
2010.05.17 13:37:09.508,0.70285,0.70315,10.00,7.20
2010.05.17 13:37:09.768,0.70295,0.70315,1.00,7.20
2010.05.17 13:37:10.732,0.703,0.7032,1.00,1.00
2010.05.17 13:37:11.999,0.70295,0.7032,9.80,1.00
2010.05.17 13:37:13.237,0.703,0.7032,1.00,1.00
2010.05.17 13:37:13.575,0.70295,0.7032,7.40,1.00
2010.05.17 13:37:14.537,0.70295,0.7032,7.60,1.00
2010.05.17 13:37:15.744,0.70295,0.7032,7.50,1.00
2010.05.17 13:37:16.079,0.70295,0.7032,9.10,1.00
2010.05.17 13:37:16.714,0.70295,0.7032,7.50,1.00
2010.05.17 13:37:17.026,0.70295,0.7032,2.30,5.60
2010.05.17 13:37:17.334,0.7029,0.7032,7.10,7.20
2010.05.17 13:37:18.011,0.7029,0.70315,7.10,1.00
2010.05.17 13:37:19.289,0.7029,0.70315,1.00,7.60
2010.05.17 13:37:19.560,0.70285,0.70315,7.40,7.40
2010.05.17 13:37:19.830,0.70285,0.703,1.00,7.20
2010.05.17 13:37:20.526,0.70285,0.703,1.00,10.40
2010.05.17 13:37:20.871,0.70275,0.70295,1.00,1.00
2010.05.17 13:37:23.112,0.70275,0.70295,1.00,1.00
2010.05.17 13:37:23.995,0.70275,0.7029,1.00,2.40
2010.05.17 13:37:24.312,0.70275,0.7029,1.00,3.90
2010.05.17 13:37:25.232,0.70275,0.70295,1.00,1.00
2010.05.17 13:37:25.544,0.70275,0.7029,1.00,7.20
2010.05.17 13:37:25.854,0.70265,0.7029,4.50,4.80
2010.05.17 13:37:26.738,0.7027,0.7029,1.00,2.40
2010.05.17 13:37:27.042,0.7027,0.70295,1.00,7.40
2010.05.17 13:37:27.339,0.7027,0.70295,2.30,7.40
2010.05.17 13:37:28.552,0.70265,0.70295,8.70,9.80
2010.05.17 13:37:29.421,0.70265,0.70295,8.70,7.40
2010.05.17 13:37:29.720,0.70265,0.70295,8.70,9.00
2010.05.17 13:37:30.617,0.70265,0.70295,9.50,7.40
2010.05.17 13:37:30.957,0.70265,0.70295,8.50,7.40
2010.05.17 13:37:31.884,0.70265,0.70295,8.50,8.20
2010.05.17 13:37:32.176,0.70265,0.70295,7.70,8.20
2010.05.17 13:37:32.478,0.70275,0.70295,1.00,9.00
2010.05.17 13:37:34.460,0.70265,0.70295,8.80,9.00
2010.05.17 13:37:35.948,0.7027,0.70295,1.00,9.00
2010.05.17 13:37:36.289,0.70275,0.70295,1.00,7.40
2010.05.17 13:37:37.148,0.70265,0.70295,8.00,8.20
2010.05.17 13:37:37.387,0.70265,0.70295,7.70,8.20
2010.05.17 13:37:38.358,0.70265,0.70295,8.50,7.80
2010.05.17 13:37:38.696,0.70265,0.70295,8.50,7.40
2010.05.17 13:37:39.640,0.70265,0.70295,8.80,7.40
2010.05.17 13:37:39.921,0.70265,0.70295,8.70,7.40
2010.05.17 13:37:41.156,0.7027,0.70295,2.30,6.60
2010.05.17 13:37:41.502,0.7027,0.70295,4.70,2.40
2010.05.17 13:37:42.192,0.7027,0.703,7.10,10.40
2010.05.17 13:37:42.450,0.70275,0.703,1.00,8.80
2010.05.17 13:37:43.681,0.7027,0.70295,6.30,1.00
2010.05.17 13:37:44.660,0.7027,0.70295,4.80,3.20
2010.05.17 13:37:44.934,0.70265,0.70275,2.40,2.40
2010.05.17 13:37:45.805,0.70265,0.70285,4.00,4.00
2010.05.17 13:37:46.150,0.7026,0.7028,1.00,1.60
2010.05.17 13:37:46.489,0.7026,0.70285,1.00,5.60
2010.05.17 13:37:47.422,0.70255,0.70285,8.40,9.60
2010.05.17 13:37:47.700,0.70255,0.70285,8.30,9.60
2010.05.17 13:37:48.376,0.70255,0.70285,8.30,12.00
2010.05.17 13:37:48.731,0.70255,0.70275,1.00,4.80
2010.05.17 13:37:49.709,0.70255,0.7028,6.00,1.20
2010.05.17 13:37:49.948,0.70265,0.70285,1.00,2.40
2010.05.17 13:37:50.987,0.70265,0.7029,1.00,4.80
2010.05.17 13:37:51.326,0.70265,0.7029,1.00,6.40
2010.05.17 13:37:52.561,0.7028,0.70295,1.00,4.00
2010.05.17 13:37:53.300,0.7028,0.70295,1.10,4.00
2010.05.17 13:37:53.640,0.70285,0.70305,2.40,1.00
2010.05.17 13:37:53.978,0.70285,0.70295,2.40,1.60
2010.05.17 13:37:55.547,0.70285,0.70305,2.40,1.00
2010.05.17 13:37:55.698,0.7028,0.70305,1.00,4.80
2010.05.17 13:37:56.386,0.7028,0.70305,7.20,2.40
2010.05.17 13:37:56.544,0.7028,0.7031,10.50,4.80
2010.05.17 13:37:56.890,0.7028,0.7031,9.50,4.80
2010.05.17 13:37:57.855,0.70285,0.7031,4.90,2.40
2010.05.17 13:37:59.025,0.7028,0.7031,8.40,4.80
2010.05.17 13:37:59.964,0.7028,0.7031,7.90,4.80
2010.05.17 13:38:00.292,0.7028,0.7031,8.70,4.80
2010.05.17 13:38:01.255,0.7028,0.7031,9.50,4.80
2010.05.17 13:38:01.591,0.70285,0.7031,1.00,4.80
2010.05.17 13:38:05.286,0.7028,0.7031,7.90,4.80
2010.05.17 13:38:05.588,0.7028,0.70305,7.50,1.00
2010.05.17 13:38:06.263,0.7028,0.7031,7.90,5.60
2010.05.17 13:38:07.030,0.70285,0.7031,1.00,4.80
2010.05.17 13:38:07.982,0.7028,0.70305,5.50,2.70
2010.05.17 13:38:08.277,0.7028,0.70305,5.50,2.40
2010.05.17 13:38:10.660,0.7028,0.70305,5.50,3.50
2010.05.17 13:38:10.961,0.7028,0.70305,3.10,6.20
2010.05.17 13:38:11.618,0.70275,0.70305,9.30,6.20
2010.05.17 13:38:11.914,0.70275,0.703,5.50,2.40
2010.05.17 13:38:12.870,0.70275,0.703,5.60,2.40
2010.05.17 13:38:13.126,0.7028,0.70305,4.80,3.90
2010.05.17 13:38:13.380,0.7028,0.70305,4.80,3.50
2010.05.17 13:38:14.112,0.7028,0.70305,4.80,2.80
2010.05.17 13:38:14.410,0.7028,0.70305,4.80,2.40
2010.05.17 13:38:15.935,0.7028,0.70305,4.80,2.80
2010.05.17 13:38:16.266,0.7028,0.70305,4.80,3.20
2010.05.17 13:38:17.421,0.70265,0.70295,9.50,8.80
2010.05.17 13:38:18.630,0.70265,0.70295,7.10,9.30
2010.05.17 13:38:18.921,0.70265,0.70295,7.10,7.60
2010.05.17 13:38:19.892,0.70265,0.70295,7.10,7.90
2010.05.17 13:38:21.568,0.70265,0.70295,7.90,7.90
2010.05.17 13:38:22.393,0.70265,0.70295,7.10,7.90
2010.05.17 13:38:22.686,0.70265,0.70285,7.10,1.00
2010.05.17 13:38:22.969,0.70265,0.70285,7.10,1.00
2010.05.17 13:38:25.069,0.70265,0.70295,7.90,7.90
2010.05.17 13:38:27.688,0.7027,0.70295,9.50,2.50
2010.05.17 13:38:28.031,0.7027,0.70295,7.10,2.50
2010.05.17 13:38:28.734,0.7027,0.70285,7.10,1.00
2010.05.17 13:38:28.985,0.7027,0.70285,2.30,1.10
2010.05.17 13:38:30.379,0.7027,0.70285,1.00,1.10
2010.05.17 13:38:30.721,0.7027,0.70285,1.00,1.00
2010.05.17 13:38:31.921,0.7027,0.70285,1.00,1.10
2010.05.17 13:38:34.896,0.7027,0.70285,1.00,1.00
2010.05.17 13:38:35.107,0.7027,0.70285,1.00,1.00
2010.05.17 13:38:36.146,0.7027,0.70285,1.00,1.00
2010.05.17 13:38:37.507,0.7027,0.70295,1.00,7.80
2010.05.17 13:38:39.146,0.7027,0.70295,1.00,7.70
2010.05.17 13:38:40.319,0.7027,0.70285,1.00,1.10
2010.05.17 13:38:41.213,0.7027,0.70285,1.00,1.00
2010.05.17 13:38:41.897,0.7027,0.70285,1.00,1.00
2010.05.17 13:38:42.859,0.7027,0.703,9.90,3.20
2010.05.17 13:38:43.551,0.7027,0.703,9.50,4.00
2010.05.17 13:38:44.174,0.70275,0.703,2.30,4.00
2010.05.17 13:38:44.464,0.70275,0.703,2.30,3.20
2010.05.17 13:38:45.590,0.70275,0.70295,2.30,1.10
2010.05.17 13:38:45.927,0.70275,0.70295,2.30,1.30
2010.05.17 13:38:46.998,0.70275,0.70295,2.30,1.10
2010.05.17 13:38:48.217,0.70275,0.70295,2.30,1.30
2010.05.17 13:38:48.445,0.70275,0.70295,2.30,1.00
2010.05.17 13:38:49.379,0.70275,0.70305,9.50,8.70
2010.05.17 13:38:50.331,0.7028,0.70305,7.10,7.40
2010.05.17 13:38:50.669,0.7029,0.70315,5.60,1.00
2010.05.17 13:38:51.504,0.70295,0.70315,1.00,1.60
2010.05.17 13:38:51.824,0.70295,0.7032,7.10,1.60
2010.05.17 13:38:53.074,0.703,0.70325,6.80,4.80
2010.05.17 13:38:54.078,0.703,0.70325,4.80,4.80
2010.05.17 13:38:54.301,0.703,0.70325,1.00,6.40
2010.05.17 13:38:55.146,0.70295,0.70325,7.50,7.20
2010.05.17 13:38:55.492,0.70295,0.70325,8.90,5.60
2010.05.17 13:38:56.469,0.70295,0.70325,7.30,5.20
2010.05.17 13:38:56.783,0.70295,0.70325,8.80,7.20
2010.05.17 13:38:57.760,0.703,0.70325,1.60,7.20
2010.05.17 13:38:58.071,0.70295,0.70325,8.70,7.20
2010.05.17 13:38:58.992,0.70295,0.7032,8.70,1.00
2010.05.17 13:38:59.318,0.703,0.70325,1.60,5.60
2010.05.17 13:39:00.248,0.703,0.70325,1.60,4.80
2010.05.17 13:39:00.570,0.703,0.70325,4.00,4.80
2010.05.17 13:39:01.896,0.703,0.70325,4.00,5.90
2010.05.17 13:39:02.206,0.703,0.70325,4.00,5.20
2010.05.17 13:39:02.855,0.703,0.70325,4.00,4.80
2010.05.17 13:39:10.828,0.703,0.70325,4.00,5.20
2010.05.17 13:39:11.170,0.703,0.70325,4.00,5.60
2010.05.17 13:39:12.479,0.703,0.70325,4.80,4.80
2010.05.17 13:39:14.165,0.703,0.70325,7.90,2.40
2010.05.17 13:39:14.817,0.703,0.7033,10.30,7.90
2010.05.17 13:39:15.101,0.7031,0.70335,2.40,3.20
2010.05.17 13:39:16.001,0.70315,0.70335,1.60,1.00
2010.05.17 13:39:16.708,0.7031,0.70335,7.90,1.00
2010.05.17 13:39:17.050,0.70315,0.70335,1.60,1.00
2010.05.17 13:39:17.907,0.70315,0.7034,1.60,4.80
2010.05.17 13:39:19.318,0.70315,0.7034,1.60,3.20
2010.05.17 13:39:19.537,0.70315,0.7034,2.40,3.20
2010.05.17 13:39:20.390,0.7032,0.7034,2.40,3.20
2010.05.17 13:39:20.682,0.7032,0.70335,4.00,1.00
2010.05.17 13:39:21.592,0.7032,0.7034,3.10,2.40
2010.05.17 13:39:21.908,0.70325,0.7034,1.60,2.40
2010.05.17 13:39:22.207,0.70325,0.70345,1.60,5.60
2010.05.17 13:39:24.515,0.70325,0.70345,1.60,4.80
2010.05.17 13:39:26.386,0.70325,0.70345,1.60,5.60
2010.05.17 13:39:27.420,0.70325,0.70345,1.60,4.80
2010.05.17 13:39:28.721,0.7032,0.70345,3.10,4.80
2010.05.17 13:39:28.955,0.7031,0.70335,6.30,3.80
2010.05.17 13:39:29.841,0.7031,0.70335,6.30,4.20
2010.05.17 13:39:30.184,0.70305,0.7032,4.00,3.20
2010.05.17 13:39:31.130,0.70295,0.7031,1.60,2.40
2010.05.17 13:39:31.688,0.70285,0.7031,7.00,2.40
2010.05.17 13:39:32.647,0.70285,0.7031,5.00,2.40
2010.05.17 13:39:32.978,0.7029,0.7031,1.00,2.40
2010.05.17 13:39:33.645,0.70295,0.7031,1.00,2.40
2010.05.17 13:39:34.308,0.70285,0.7031,5.00,2.40
2010.05.17 13:39:35.269,0.70285,0.70305,2.70,1.00
2010.05.17 13:39:36.505,0.70285,0.7031,2.70,4.80
2010.05.17 13:39:38.168,0.7029,0.7031,1.00,4.80
2010.05.17 13:39:38.479,0.70295,0.7031,1.00,2.40
2010.05.17 13:39:39.163,0.70295,0.7031,1.00,2.40
2010.05.17 13:39:39.496,0.70295,0.7032,2.80,4.80
2010.05.17 13:39:41.007,0.70295,0.7032,2.60,4.80
2010.05.17 13:39:41.286,0.70295,0.70315,2.40,4.80
2010.05.17 13:39:42.203,0.7029,0.7031,2.40,2.40
2010.05.17 13:39:43.571,0.7029,0.7031,4.00,2.40
2010.05.17 13:39:43.862,0.7029,0.70315,2.40,5.20
2010.05.17 13:39:44.773,0.70285,0.7031,2.40,5.60
2010.05.17 13:39:45.068,0.70275,0.703,5.00,2.40
2010.05.17 13:39:45.998,0.7028,0.703,1.60,3.20
2010.05.17 13:39:46.315,0.70275,0.703,6.60,3.20
2010.05.17 13:39:47.024,0.7028,0.703,1.60,3.20
2010.05.17 13:39:47.362,0.70275,0.703,5.00,3.20
2010.05.17 13:39:47.690,0.70275,0.703,4.30,3.20
2010.05.17 13:39:48.616,0.70275,0.703,2.70,5.20
2010.05.17 13:39:48.870,0.70285,0.703,1.00,4.80
2010.05.17 13:39:49.749,0.7028,0.703,1.00,3.20
2010.05.17 13:39:50.091,0.70275,0.703,5.00,3.20
2010.05.17 13:39:51.027,0.70275,0.703,6.50,3.20
2010.05.17 13:39:51.373,0.70275,0.703,2.60,4.80
2010.05.17 13:39:52.677,0.70275,0.703,2.40,5.60
2010.05.17 13:39:52.965,0.70275,0.703,2.40,4.80
2010.05.17 13:39:53.987,0.70275,0.703,2.50,4.80
2010.05.17 13:39:56.499,0.70275,0.703,6.40,2.40
2010.05.17 13:39:56.784,0.70295,0.70305,4.00,1.00
2010.05.17 13:39:57.704,0.7029,0.703,2.40,2.40
2010.05.17 13:39:58.034,0.7029,0.7031,2.40,2.40
2010.05.17 13:39:58.977,0.70295,0.70315,1.00,4.80
2010.05.17 13:39:59.317,0.7029,0.70305,1.00,4.00
2010.05.17 13:40:02.030,0.70285,0.70305,1.00,2.40
2010.05.17 13:40:03.220,0.70285,0.7031,6.50,5.60
2010.05.17 13:40:03.566,0.70285,0.7031,4.90,4.00
2010.05.17 13:40:04.271,0.70285,0.7031,5.20,4.00
2010.05.17 13:40:04.767,0.70285,0.70305,2.90,2.40
2010.05.17 13:40:05.626,0.7028,0.703,1.00,4.00
2010.05.17 13:40:05.933,0.70295,0.7031,1.00,1.00
2010.05.17 13:40:06.239,0.70295,0.7031,2.60,1.00
2010.05.17 13:40:06.926,0.70295,0.70315,2.60,2.40
2010.05.17 13:40:07.272,0.70295,0.70315,2.90,3.20
2010.05.17 13:40:08.512,0.70295,0.70315,3.20,2.40
2010.05.17 13:40:08.820,0.70295,0.70315,3.20,1.60
2010.05.17 13:40:09.792,0.70295,0.70315,1.00,4.80
2010.05.17 13:40:10.122,0.703,0.70315,1.00,4.80
2010.05.17 13:40:11.096,0.703,0.7031,1.00,2.40
2010.05.17 13:40:11.433,0.70295,0.7031,1.00,4.00
2010.05.17 13:40:12.398,0.70295,0.7031,1.00,4.80
2010.05.17 13:40:12.710,0.7029,0.7031,1.00,4.80
2010.05.17 13:40:13.917,0.7029,0.7031,3.20,1.00
2010.05.17 13:40:15.428,0.7029,0.7031,2.80,1.00
2010.05.17 13:40:16.208,0.7029,0.7031,2.40,1.00
2010.05.17 13:40:16.553,0.7029,0.7031,2.40,1.60
2010.05.17 13:40:17.873,0.70285,0.70305,1.00,4.00
2010.05.17 13:40:18.201,0.70285,0.70305,1.00,10.40
2010.05.17 13:40:19.182,0.70275,0.70295,1.00,2.00
2010.05.17 13:40:19.504,0.70275,0.70295,3.00,3.20
2010.05.17 13:40:20.469,0.70275,0.70295,2.80,1.00
2010.05.17 13:40:21.744,0.7027,0.7029,2.40,2.40
2010.05.17 13:40:22.000,0.7027,0.70295,2.40,6.40
2010.05.17 13:40:23.007,0.7027,0.70295,2.40,5.60
2010.05.17 13:40:23.356,0.70275,0.70295,2.40,2.40
2010.05.17 13:40:27.056,0.70275,0.70295,2.50,2.40
2010.05.17 13:40:28.591,0.70275,0.703,2.80,4.80
2010.05.17 13:40:28.917,0.70275,0.703,3.00,4.80
2010.05.17 13:40:29.898,0.70275,0.703,2.90,4.80
2010.05.17 13:40:31.448,0.70275,0.703,3.00,4.80
2010.05.17 13:40:33.277,0.70275,0.703,3.20,4.80
2010.05.17 13:40:34.969,0.70275,0.703,3.10,4.80
2010.05.17 13:40:35.898,0.70275,0.703,2.80,5.60
2010.05.17 13:40:36.206,0.70275,0.703,2.70,7.20
2010.05.17 13:40:37.185,0.70275,0.703,2.70,5.60
2010.05.17 13:40:37.498,0.70275,0.703,2.70,5.70
2010.05.17 13:40:38.775,0.70275,0.703,2.70,4.90
2010.05.17 13:40:39.095,0.70275,0.703,2.70,5.60
2010.05.17 13:40:40.095,0.70275,0.703,2.70,4.80
2010.05.17 13:40:40.422,0.70275,0.703,2.70,5.60
2010.05.17 13:40:40.639,0.70275,0.703,2.90,4.80
2010.05.17 13:40:42.207,0.70275,0.703,3.20,4.80
2010.05.17 13:40:46.292,0.70275,0.703,2.90,4.80
2010.05.17 13:40:46.638,0.70275,0.703,3.20,5.60
2010.05.17 13:40:47.612,0.70275,0.703,2.70,5.60
2010.05.17 13:40:47.961,0.70275,0.703,1.00,5.60
2010.05.17 13:40:49.258,0.70265,0.7029,3.00,4.00
2010.05.17 13:40:49.599,0.70265,0.7029,3.00,4.80
2010.05.17 13:40:50.753,0.70275,0.7029,1.00,4.00
2010.05.17 13:40:51.713,0.70275,0.703,2.30,4.80
2010.05.17 13:40:52.619,0.70285,0.70305,1.00,8.20
2010.05.17 13:40:52.660,0.70285,0.70305,1.00,6.60
2010.05.17 13:40:52.984,0.70285,0.70305,1.00,3.20
2010.05.17 13:40:53.303,0.70285,0.703,1.00,2.40
2010.05.17 13:40:54.189,0.7028,0.703,1.00,2.40
2010.05.17 13:40:54.443,0.70275,0.703,2.80,2.40
2010.05.17 13:40:54.689,0.70275,0.703,2.80,2.40
2010.05.17 13:40:55.694,0.7027,0.70295,1.00,3.20
2010.05.17 13:40:56.520,0.7027,0.70295,2.30,4.00
2010.05.17 13:40:56.797,0.70275,0.70295,1.00,3.20
2010.05.17 13:40:57.677,0.70275,0.70295,1.00,2.40
2010.05.17 13:40:58.001,0.70275,0.703,2.70,3.20
2010.05.17 13:40:58.939,0.70275,0.70295,2.30,1.10
2010.05.17 13:40:59.226,0.70275,0.70295,1.00,3.20
2010.05.17 13:41:00.127,0.70275,0.70295,1.00,4.00
2010.05.17 13:41:00.464,0.7027,0.70295,1.00,3.20
2010.05.17 13:41:00.808,0.7027,0.7029,1.00,1.00
2010.05.17 13:41:01.795,0.7026,0.70285,1.00,5.60
2010.05.17 13:41:02.118,0.70255,0.7028,6.10,2.40
2010.05.17 13:41:03.597,0.70265,0.7028,1.00,2.40
2010.05.17 13:41:04.506,0.70265,0.7029,1.00,6.40
2010.05.17 13:41:05.422,0.70265,0.7029,1.00,4.80
2010.05.17 13:41:05.736,0.70265,0.7029,1.00,4.80
2010.05.17 13:41:07.594,0.70265,0.7029,2.80,4.80
2010.05.17 13:41:07.788,0.70265,0.7029,3.10,4.80
2010.05.17 13:41:07.976,0.70265,0.7029,3.00,4.80
2010.05.17 13:41:12.062,0.70265,0.7029,2.90,4.80
2010.05.17 13:41:12.320,0.70265,0.7029,2.80,4.80
2010.05.17 13:41:13.217,0.70255,0.7028,5.90,3.20
2010.05.17 13:41:14.495,0.70255,0.7028,7.50,3.20
2010.05.17 13:41:14.734,0.7026,0.7028,2.40,1.00
2010.05.17 13:41:21.042,0.70245,0.70265,1.00,3.20
2010.05.17 13:41:21.349,0.7024,0.70265,4.00,3.20
2010.05.17 13:41:22.200,0.70245,0.70265,1.60,4.80
2010.05.17 13:41:22.490,0.7024,0.70265,4.00,4.80
2010.05.17 13:41:22.782,0.70245,0.70265,1.00,4.80
2010.05.17 13:41:23.681,0.70245,0.70265,1.00,6.00
2010.05.17 13:41:23.980,0.70235,0.7026,3.20,6.40
2010.05.17 13:41:24.277,0.70235,0.70255,1.00,4.40
2010.05.17 13:41:25.150,0.70235,0.70255,1.80,4.40
2010.05.17 13:41:25.447,0.70235,0.70255,1.00,5.20
2010.05.17 13:41:26.682,0.7023,0.70255,3.10,6.00
2010.05.17 13:41:26.983,0.7023,0.70255,3.10,6.30
2010.05.17 13:41:27.939,0.7023,0.70255,3.10,6.00
2010.05.17 13:41:29.281,0.7023,0.70255,3.90,5.20
2010.05.17 13:41:30.576,0.7023,0.70255,3.10,5.20
2010.05.17 13:41:30.925,0.7023,0.7024,1.00,2.40
2010.05.17 13:41:31.916,0.70215,0.7024,5.80,3.20
2010.05.17 13:41:32.231,0.70215,0.7024,4.00,7.20
2010.05.17 13:41:33.281,0.7022,0.7024,1.60,6.40
2010.05.17 13:41:34.548,0.70215,0.7024,3.40,6.40
2010.05.17 13:41:34.869,0.70215,0.7024,3.40,7.20
2010.05.17 13:41:35.769,0.70215,0.7024,3.60,8.80
2010.05.17 13:41:36.082,0.70215,0.7024,3.60,6.40
2010.05.17 13:41:36.389,0.70215,0.7024,3.40,6.40
2010.05.17 13:41:37.348,0.70215,0.7024,3.60,4.80
2010.05.17 13:41:37.690,0.70215,0.7024,3.40,4.80
2010.05.17 13:41:38.661,0.70215,0.7024,3.60,4.80
2010.05.17 13:41:38.949,0.70225,0.70245,2.40,4.00
2010.05.17 13:41:40.101,0.7022,0.70245,1.10,8.80
2010.05.17 13:41:40.990,0.7022,0.70245,3.90,4.00
2010.05.17 13:41:41.329,0.70215,0.70245,11.00,7.20
2010.05.17 13:41:41.865,0.70215,0.70245,11.20,7.20
2010.05.17 13:41:42.771,0.7022,0.70245,1.00,7.20
2010.05.17 13:41:44.201,0.7022,0.70245,1.00,4.80
2010.05.17 13:41:45.461,0.70225,0.7025,2.40,5.80
2010.05.17 13:41:45.753,0.70225,0.7025,2.50,4.80
2010.05.17 13:41:46.909,0.70225,0.7025,2.80,4.80
2010.05.17 13:41:48.155,0.7023,0.7025,2.40,2.40
2010.05.17 13:41:52.447,0.70225,0.7025,2.90,4.80
2010.05.17 13:41:52.728,0.7023,0.7025,2.40,2.40
2010.05.17 13:41:55.305,0.70235,0.7025,1.00,2.40
2010.05.17 13:41:56.748,0.70235,0.70255,1.00,5.00
2010.05.17 13:41:57.089,0.70235,0.70255,2.80,4.80
2010.05.17 13:41:57.960,0.70245,0.7026,2.40,1.60
2010.05.17 13:41:58.255,0.70245,0.70275,7.80,10.30
2010.05.17 13:41:59.185,0.7025,0.70275,2.40,6.30
2010.05.17 13:41:59.484,0.70255,0.70275,1.00,4.80
2010.05.17 13:42:00.697,0.7025,0.70275,2.40,5.60
2010.05.17 13:42:01.598,0.7025,0.70275,2.40,5.10
2010.05.17 13:42:01.879,0.7025,0.70275,2.40,5.90
2010.05.17 13:42:02.171,0.7025,0.70275,2.40,6.40
2010.05.17 13:42:02.830,0.7025,0.7027,2.40,2.40
2010.05.17 13:42:03.193,0.70245,0.7027,6.40,3.20
2010.05.17 13:42:04.435,0.70245,0.7027,4.70,3.20
2010.05.17 13:42:04.692,0.70245,0.70265,2.40,1.00
2010.05.17 13:42:05.557,0.70245,0.7027,2.40,5.60
2010.05.17 13:42:05.818,0.70245,0.7027,2.40,4.80
2010.05.17 13:42:07.470,0.70245,0.70265,2.40,1.00
2010.05.17 13:42:08.406,0.7024,0.70265,4.80,4.00
2010.05.17 13:42:08.736,0.70235,0.7026,5.00,4.80
2010.05.17 13:42:09.678,0.70245,0.70265,2.40,5.60
2010.05.17 13:42:09.904,0.70245,0.70265,2.40,2.40
2010.05.17 13:42:13.763,0.70245,0.7027,2.40,4.80
2010.05.17 13:42:14.035,0.7025,0.70275,2.40,6.40
2010.05.17 13:42:14.991,0.7025,0.70275,2.40,4.80
2010.05.17 13:42:15.332,0.7025,0.70275,2.40,5.20
2010.05.17 13:42:15.602,0.70245,0.7027,7.50,1.00
2010.05.17 13:42:16.466,0.70245,0.7027,5.10,3.20
2010.05.17 13:42:17.130,0.70245,0.7027,4.30,4.00
2010.05.17 13:42:17.981,0.70245,0.70265,2.40,1.00
2010.05.17 13:42:18.272,0.70245,0.70265,2.40,2.40
2010.05.17 13:42:18.577,0.70245,0.70265,2.50,2.40
2010.05.17 13:42:19.549,0.70245,0.7027,2.50,4.80
2010.05.17 13:42:20.515,0.70245,0.7027,2.50,5.60
2010.05.17 13:42:21.956,0.7024,0.70265,2.40,4.80
2010.05.17 13:42:22.271,0.70245,0.70265,2.50,2.40
2010.05.17 13:42:22.579,0.70245,0.70265,2.40,2.40
2010.05.17 13:42:24.300,0.70245,0.70265,1.00,6.40
2010.05.17 13:42:24.486,0.70245,0.70265,1.00,5.60
2010.05.17 13:42:24.678,0.70245,0.70265,1.00,2.40
2010.05.17 13:42:25.661,0.70245,0.70265,2.40,3.20
2010.05.17 13:42:26.970,0.70245,0.70265,2.40,2.40
2010.05.17 13:42:28.074,0.70245,0.70265,2.50,1.60
2010.05.17 13:42:28.402,0.70245,0.7027,2.50,3.20
2010.05.17 13:42:29.619,0.70245,0.7027,2.50,4.80
2010.05.17 13:42:29.909,0.70245,0.7027,2.70,4.80
2010.05.17 13:42:31.118,0.70245,0.7027,3.60,3.20
2010.05.17 13:42:31.438,0.70245,0.7027,1.00,7.20
2010.05.17 13:42:32.377,0.70245,0.7027,1.00,10.40
2010.05.17 13:42:32.687,0.70245,0.70265,1.00,2.40
2010.05.17 13:42:35.641,0.70235,0.7026,5.10,2.40
2010.05.17 13:42:35.898,0.70235,0.7026,5.30,2.40
2010.05.17 13:42:36.787,0.70235,0.7026,3.10,4.80
2010.05.17 13:42:37.426,0.70235,0.7026,2.40,4.80
2010.05.17 13:42:38.717,0.70235,0.7026,2.40,5.60
2010.05.17 13:42:39.874,0.7023,0.70255,4.80,4.00
2010.05.17 13:42:40.104,0.7024,0.7026,1.00,7.40
2010.05.17 13:42:40.327,0.7024,0.7026,1.00,4.80
2010.05.17 13:42:41.178,0.70235,0.7026,3.00,4.80
2010.05.17 13:42:41.858,0.70235,0.7026,2.90,4.80
2010.05.17 13:42:42.783,0.7024,0.7026,1.00,2.40
2010.05.17 13:42:43.069,0.70245,0.7026,1.00,2.40
2010.05.17 13:42:43.724,0.70245,0.7026,1.00,2.40
2010.05.17 13:42:44.024,0.70245,0.70265,1.00,4.80
2010.05.17 13:42:44.608,0.70245,0.70265,1.00,2.40
2010.05.17 13:42:45.570,0.7024,0.7026,1.00,4.00
2010.05.17 13:42:45.880,0.70235,0.7026,6.50,4.80
2010.05.17 13:42:46.824,0.70245,0.7027,2.50,6.40
2010.05.17 13:42:47.131,0.70255,0.70265,1.00,4.80
2010.05.17 13:42:47.434,0.70255,0.7027,1.00,3.20
2010.05.17 13:42:48.085,0.70255,0.7027,1.00,2.40
2010.05.17 13:42:48.436,0.7026,0.7028,1.00,6.40
2010.05.17 13:42:49.356,0.7026,0.7028,1.00,4.80
2010.05.17 13:42:49.594,0.70265,0.7028,1.00,3.20
2010.05.17 13:42:50.649,0.70265,0.70285,1.00,4.00
2010.05.17 13:42:50.988,0.7027,0.7029,4.00,2.90
2010.05.17 13:42:51.767,0.70275,0.7029,2.40,2.90
2010.05.17 13:42:52.092,0.7028,0.70295,2.40,1.90
2010.05.17 13:42:52.417,0.70275,0.70295,2.40,1.60
2010.05.17 13:42:54.310,0.70275,0.70295,2.40,2.40
2010.05.17 13:42:55.374,0.70265,0.7029,3.50,2.40
2010.05.17 13:42:55.682,0.7027,0.7029,2.40,1.00
2010.05.17 13:42:58.457,0.7027,0.70285,2.40,1.00
2010.05.17 13:42:59.422,0.7026,0.70285,3.10,5.90
2010.05.17 13:42:59.747,0.70265,0.70285,1.60,7.00
2010.05.17 13:43:00.709,0.7026,0.7028,2.40,1.60
2010.05.17 13:43:00.999,0.70255,0.70275,2.40,1.00
2010.05.17 13:43:02.222,0.70255,0.70275,2.40,2.40
2010.05.17 13:43:02.538,0.70255,0.70275,2.40,3.20
2010.05.17 13:43:05.707,0.7024,0.70265,3.90,2.40
2010.05.17 13:43:06.013,0.7024,0.7026,1.00,2.40
2010.05.17 13:43:06.966,0.70235,0.70255,2.40,1.00
2010.05.17 13:43:07.180,0.7023,0.70255,6.30,3.20
2010.05.17 13:43:08.066,0.7023,0.70255,5.60,4.00
2010.05.17 13:43:08.415,0.70235,0.70265,10.00,8.00
2010.05.17 13:43:09.398,0.7024,0.70265,4.80,1.00
2010.05.17 13:43:09.671,0.7024,0.70265,5.50,2.40
2010.05.17 13:43:10.547,0.7024,0.70265,2.40,3.20
2010.05.17 13:43:10.872,0.70245,0.70265,1.00,3.20
2010.05.17 13:43:11.190,0.70245,0.70265,1.00,4.80
2010.05.17 13:43:13.124,0.70245,0.70265,1.00,3.20
2010.05.17 13:43:15.469,0.7024,0.7026,1.00,2.40
2010.05.17 13:43:15.807,0.70235,0.7026,5.20,2.40
2010.05.17 13:43:17.456,0.7024,0.7026,1.00,2.40
2010.05.17 13:43:18.211,0.7024,0.7026,1.00,2.40
2010.05.17 13:43:18.533,0.7025,0.7027,1.00,5.60
2010.05.17 13:43:18.848,0.7025,0.7027,1.00,4.80
2010.05.17 13:43:21.587,0.7025,0.7027,1.00,4.80
2010.05.17 13:43:21.903,0.70245,0.70265,2.70,2.40
2010.05.17 13:43:22.220,0.70245,0.70265,1.00,4.80
2010.05.17 13:43:22.859,0.70245,0.70265,1.00,4.80
2010.05.17 13:43:23.153,0.70235,0.7026,6.80,3.20
2010.05.17 13:43:24.488,0.70235,0.70255,2.40,2.40
2010.05.17 13:43:24.650,0.7023,0.70255,7.10,2.40
2010.05.17 13:43:25.436,0.70235,0.70255,1.00,2.40
2010.05.17 13:43:25.762,0.70245,0.7026,2.40,5.60
2010.05.17 13:43:26.092,0.70235,0.70255,2.60,8.00
2010.05.17 13:43:26.709,0.70235,0.70255,1.00,10.40
2010.05.17 13:43:27.009,0.70235,0.7026,2.40,7.20
2010.05.17 13:43:27.315,0.70235,0.70255,2.40,3.60
2010.05.17 13:43:27.615,0.7023,0.70255,3.10,6.40
2010.05.17 13:43:28.545,0.70225,0.7025,7.00,2.40
2010.05.17 13:43:28.851,0.70225,0.70245,1.00,2.40
2010.05.17 13:43:31.242,0.70235,0.7025,1.00,5.60
2010.05.17 13:43:31.739,0.70235,0.7025,1.00,3.20
2010.05.17 13:43:32.357,0.7024,0.7025,1.00,1.00
2010.05.17 13:43:32.504,0.7024,0.7025,1.00,1.00
2010.05.17 13:43:33.281,0.7024,0.7025,1.00,2.40
2010.05.17 13:43:33.616,0.70225,0.7025,3.10,3.20
2010.05.17 13:43:34.613,0.70225,0.7025,1.00,6.40
2010.05.17 13:43:34.883,0.70215,0.7024,9.00,1.00
2010.05.17 13:43:35.793,0.70215,0.7024,4.70,6.40
2010.05.17 13:43:36.142,0.70215,0.7024,1.90,4.80
2010.05.17 13:43:37.426,0.70215,0.7024,1.30,7.20
2010.05.17 13:43:37.741,0.70215,0.70235,1.00,1.10
2010.05.17 13:43:38.700,0.70225,0.7024,1.00,2.40
2010.05.17 13:43:39.032,0.70225,0.70245,1.00,7.20
2010.05.17 13:43:39.671,0.70225,0.70245,1.00,4.00
2010.05.17 13:43:39.894,0.70225,0.70245,1.00,1.60
2010.05.17 13:43:41.069,0.7023,0.70245,1.00,1.60
2010.05.17 13:43:41.407,0.7023,0.7025,1.00,8.00
2010.05.17 13:43:42.995,0.7023,0.7024,1.00,1.60
2010.05.17 13:43:43.579,0.7023,0.7024,1.00,1.60
2010.05.17 13:43:43.745,0.70225,0.7024,1.00,1.60
2010.05.17 13:43:45.308,0.70225,0.7025,1.00,5.60
2010.05.17 13:43:46.316,0.7023,0.7025,1.00,4.80
2010.05.17 13:43:48.470,0.7023,0.7025,1.00,7.20
2010.05.17 13:43:48.726,0.7023,0.7025,1.00,5.60
2010.05.17 13:43:50.255,0.70235,0.7025,1.00,5.60
2010.05.17 13:43:51.385,0.70235,0.70255,1.00,7.20
2010.05.17 13:43:51.701,0.70235,0.70255,1.00,7.20
2010.05.17 13:43:52.648,0.70225,0.7024,1.60,2.40
2010.05.17 13:43:52.934,0.7022,0.70235,1.00,2.40
2010.05.17 13:43:53.842,0.7022,0.70235,1.00,2.40
2010.05.17 13:43:54.119,0.70215,0.70225,3.80,2.40
2010.05.17 13:43:55.376,0.70215,0.70225,1.00,2.40
2010.05.17 13:43:56.579,0.70215,0.7022,1.00,2.40
2010.05.17 13:43:56.920,0.70215,0.70225,1.00,2.40
2010.05.17 13:43:58.243,0.70215,0.70235,1.00,2.40
2010.05.17 13:43:59.892,0.70215,0.70235,1.00,3.40
2010.05.17 13:44:00.236,0.70215,0.70235,1.00,3.20
2010.05.17 13:44:01.135,0.70215,0.70235,1.00,2.40
2010.05.17 13:44:01.240,0.70215,0.70235,1.00,2.40
2010.05.17 13:44:01.615,0.70215,0.70235,1.00,2.40
2010.05.17 13:44:02.804,0.7021,0.70235,1.00,9.20
2010.05.17 13:44:03.061,0.70205,0.70235,7.20,9.20
2010.05.17 13:44:03.317,0.70205,0.70235,7.20,8.40
2010.05.17 13:44:03.965,0.70205,0.70235,7.50,8.40
2010.05.17 13:44:04.298,0.7021,0.70235,2.40,2.40
2010.05.17 13:44:04.622,0.70215,0.70235,1.00,2.40
2010.05.17 13:44:06.318,0.7021,0.70235,3.20,2.40
2010.05.17 13:44:07.228,0.7021,0.70235,2.40,3.40
2010.05.17 13:44:08.679,0.70205,0.70235,5.50,10.00
2010.05.17 13:44:08.963,0.70205,0.70235,5.60,8.40
2010.05.17 13:44:09.952,0.70205,0.7023,5.70,2.40
2010.05.17 13:44:10.301,0.70205,0.7023,5.60,2.40
2010.05.17 13:44:11.601,0.7021,0.7023,2.40,1.60
2010.05.17 13:44:11.928,0.7021,0.70235,2.40,3.60
2010.05.17 13:44:12.842,0.70205,0.70235,7.20,8.40
2010.05.17 13:44:14.499,0.70205,0.70225,7.10,1.00
2010.05.17 13:44:15.833,0.70185,0.70215,7.30,6.60
2010.05.17 13:44:16.157,0.70185,0.70215,7.30,8.20
2010.05.17 13:44:17.100,0.7019,0.70215,1.00,8.20
2010.05.17 13:44:17.389,0.7019,0.7021,1.00,2.40
2010.05.17 13:44:17.951,0.70185,0.7021,3.90,4.80
2010.05.17 13:44:18.581,0.70185,0.7021,2.30,4.80
2010.05.17 13:44:21.362,0.70185,0.7021,3.10,4.80
2010.05.17 13:44:21.710,0.70185,0.7021,2.30,4.80
2010.05.17 13:44:28.476,0.7018,0.7021,7.10,7.20
2010.05.17 13:44:29.412,0.7018,0.70205,1.00,4.80
2010.05.17 13:44:29.637,0.7018,0.7021,8.70,7.20
2010.05.17 13:44:30.479,0.70185,0.7021,2.30,4.80
2010.05.17 13:44:31.434,0.70185,0.7021,2.40,4.80
2010.05.17 13:44:32.397,0.70185,0.7021,2.30,4.80
2010.05.17 13:44:34.877,0.70185,0.7021,2.40,4.80
2010.05.17 13:44:35.871,0.70185,0.7021,2.30,4.80
2010.05.17 13:44:37.377,0.70185,0.7021,2.40,4.80
2010.05.17 13:44:37.646,0.70185,0.7021,2.30,4.80
2010.05.17 13:44:38.611,0.7018,0.7021,7.90,7.20
2010.05.17 13:44:39.699,0.7018,0.7021,7.50,7.20
2010.05.17 13:44:39.979,0.7018,0.7021,7.10,8.00
2010.05.17 13:44:40.537,0.7018,0.7021,7.10,7.20
2010.05.17 13:44:40.816,0.7018,0.7021,7.10,8.00
2010.05.17 13:44:41.790,0.7018,0.70205,7.10,1.00
2010.05.17 13:44:43.386,0.7018,0.70205,7.10,1.20
2010.05.17 13:44:43.649,0.70175,0.70205,10.30,8.40
2010.05.17 13:44:44.613,0.70175,0.70205,9.50,10.30
2010.05.17 13:44:46.255,0.70175,0.70205,9.50,8.70
2010.05.17 13:44:47.414,0.70175,0.70205,9.60,8.70
2010.05.17 13:44:47.608,0.70175,0.70195,9.50,1.00
2010.05.17 13:44:48.006,0.70175,0.70195,9.50,1.00
2010.05.17 13:44:48.999,0.7018,0.70205,1.00,7.10
2010.05.17 13:44:50.183,0.7018,0.70205,1.00,6.80
2010.05.17 13:44:52.076,0.7018,0.70205,1.00,7.10
2010.05.17 13:44:53.651,0.7018,0.70195,1.00,1.00
2010.05.17 13:44:53.994,0.7018,0.70195,1.00,1.20
2010.05.17 13:44:55.605,0.70175,0.70195,2.40,3.60
2010.05.17 13:44:55.960,0.70175,0.70185,1.20,1.00
2010.05.17 13:44:56.310,0.7017,0.70195,1.00,12.10
2010.05.17 13:44:57.282,0.70175,0.70195,1.00,12.10
2010.05.17 13:44:58.469,0.70175,0.70195,1.00,1.00
2010.05.17 13:44:59.186,0.70175,0.702,1.00,8.80
2010.05.17 13:45:00.703,0.70175,0.70195,1.00,10.30
2010.05.17 13:45:01.902,0.70175,0.7019,1.00,1.60
2010.05.17 13:45:02.186,0.7016,0.7019,7.10,9.60
2010.05.17 13:45:03.089,0.7017,0.7019,1.00,9.60
2010.05.17 13:45:03.435,0.7016,0.70185,7.10,1.00
2010.05.17 13:45:04.408,0.7016,0.7019,9.50,7.20
2010.05.17 13:45:04.608,0.7016,0.7019,7.90,8.00
2010.05.17 13:45:04.803,0.7016,0.7019,8.70,7.20
2010.05.17 13:45:05.454,0.70165,0.7019,2.50,4.80
2010.05.17 13:45:05.794,0.70165,0.70195,8.30,8.40
2010.05.17 13:45:06.754,0.7017,0.70195,4.80,2.40
2010.05.17 13:45:07.023,0.70175,0.7019,1.00,1.60
2010.05.17 13:45:07.292,0.70175,0.702,2.50,4.80
2010.05.17 13:45:08.199,0.70175,0.702,4.90,2.40
2010.05.17 13:45:09.463,0.70175,0.70195,4.90,1.00
2010.05.17 13:45:09.738,0.70175,0.702,4.80,3.20
2010.05.17 13:45:12.285,0.7017,0.70195,11.50,1.70
2010.05.17 13:45:12.562,0.7017,0.70195,6.30,1.70
2010.05.17 13:45:13.538,0.70165,0.7019,2.40,3.20
2010.05.17 13:45:14.895,0.7016,0.7018,6.20,2.40
2010.05.17 13:45:15.221,0.7016,0.7018,2.40,3.20
2010.05.17 13:45:22.110,0.7016,0.7018,3.20,3.20
2010.05.17 13:45:23.420,0.7016,0.7018,2.40,3.20
2010.05.17 13:45:24.876,0.7016,0.7018,3.20,3.20
2010.05.17 13:45:26.145,0.7016,0.7018,2.40,3.20
2010.05.17 13:45:32.228,0.7016,0.7018,3.20,3.20
2010.05.17 13:45:33.627,0.7016,0.7018,2.40,3.20
2010.05.17 13:45:34.309,0.7016,0.7018,3.20,3.20
2010.05.17 13:45:34.958,0.70165,0.7018,1.00,3.20
2010.05.17 13:45:35.305,0.7017,0.70185,1.00,2.40
2010.05.17 13:45:35.598,0.70175,0.70185,1.00,2.40
2010.05.17 13:45:37.975,0.7017,0.7019,4.00,2.40
2010.05.17 13:45:38.233,0.7017,0.70185,1.00,2.40
2010.05.17 13:45:39.084,0.70165,0.7019,3.00,2.40
2010.05.17 13:45:39.393,0.70165,0.7019,2.90,2.40
2010.05.17 13:45:41.406,0.70175,0.7019,1.00,2.40
2010.05.17 13:45:41.955,0.7017,0.7019,1.00,2.40
2010.05.17 13:45:43.495,0.7017,0.7019,1.00,2.40
2010.05.17 13:45:44.303,0.70165,0.7019,3.10,2.40
2010.05.17 13:45:44.871,0.70165,0.7019,7.00,1.60
2010.05.17 13:45:45.762,0.7017,0.70195,4.00,3.20
2010.05.17 13:45:47.267,0.70165,0.7019,3.60,2.40
2010.05.17 13:45:48.386,0.70165,0.7019,2.80,2.40
2010.05.17 13:45:50.287,0.70165,0.7019,1.00,6.40
2010.05.17 13:45:51.293,0.70165,0.70185,1.00,4.80
2010.05.17 13:45:52.769,0.70165,0.70185,2.90,2.40
2010.05.17 13:45:53.077,0.70165,0.7019,3.70,3.20
2010.05.17 13:45:53.386,0.70165,0.7019,2.90,3.20
2010.05.17 13:45:54.356,0.70175,0.7019,1.00,3.20
2010.05.17 13:45:55.681,0.70175,0.70195,1.00,2.40
2010.05.17 13:45:57.010,0.7017,0.70195,2.40,3.20
2010.05.17 13:45:57.350,0.7017,0.70195,3.20,3.20
2010.05.17 13:45:58.233,0.70175,0.70195,1.00,3.20
2010.05.17 13:45:58.810,0.70175,0.70195,1.00,3.20
2010.05.17 13:45:59.774,0.70175,0.70195,1.00,2.40
2010.05.17 13:46:00.053,0.70175,0.70195,1.00,2.40
2010.05.17 13:46:00.927,0.70175,0.70195,1.00,2.40
2010.05.17 13:46:01.272,0.7017,0.70195,2.40,3.20
2010.05.17 13:46:03.268,0.7017,0.70195,2.80,3.20
2010.05.17 13:46:03.982,0.70175,0.70195,1.00,3.20
2010.05.17 13:46:04.252,0.70175,0.70195,1.00,2.40
2010.05.17 13:46:05.649,0.70175,0.70195,1.00,2.40
2010.05.17 13:46:07.380,0.7017,0.70195,3.20,3.20
2010.05.17 13:46:09.462,0.7017,0.70195,2.40,4.40
2010.05.17 13:46:09.612,0.70165,0.7019,2.80,2.40
2010.05.17 13:46:10.706,0.70165,0.7019,2.40,3.20
2010.05.17 13:46:10.940,0.70165,0.7019,2.50,3.20
2010.05.17 13:46:11.977,0.70165,0.7019,2.40,3.20
2010.05.17 13:46:15.136,0.70165,0.7019,2.50,3.20
2010.05.17 13:46:15.668,0.70165,0.7019,2.80,3.20
2010.05.17 13:46:16.657,0.70165,0.7019,2.40,3.20
2010.05.17 13:46:20.730,0.70165,0.7019,2.60,3.20
2010.05.17 13:46:21.001,0.70175,0.7019,1.00,3.20
2010.05.17 13:46:21.953,0.7017,0.7019,1.00,3.20
2010.05.17 13:46:22.267,0.70165,0.7019,2.70,3.20
2010.05.17 13:46:23.677,0.70165,0.7019,2.60,3.20
2010.05.17 13:46:23.957,0.70165,0.7019,3.70,3.20
2010.05.17 13:46:24.931,0.70165,0.7019,2.90,3.20
2010.05.17 13:46:26.907,0.70165,0.7019,2.50,3.20
2010.05.17 13:46:27.895,0.7017,0.7019,1.00,3.20
2010.05.17 13:46:28.242,0.7018,0.70195,1.00,3.20
2010.05.17 13:46:29.203,0.70175,0.702,6.00,1.60
2010.05.17 13:46:29.491,0.70175,0.702,7.30,1.60
2010.05.17 13:46:30.146,0.70175,0.70205,7.30,8.30
2010.05.17 13:46:30.355,0.70175,0.702,1.00,8.80
2010.05.17 13:46:30.758,0.7017,0.702,6.70,8.80
2010.05.17 13:46:31.421,0.7017,0.702,6.30,8.80
2010.05.17 13:46:31.938,0.7017,0.702,7.90,7.20
2010.05.17 13:46:32.907,0.7017,0.702,6.30,7.20
2010.05.17 13:46:34.679,0.7017,0.702,5.50,7.20
2010.05.17 13:46:34.776,0.70175,0.702,1.00,7.20
2010.05.17 13:46:35.494,0.7018,0.70195,1.60,1.40
2010.05.17 13:46:35.607,0.70165,0.70195,8.70,6.80
2010.05.17 13:46:35.710,0.70165,0.70195,8.80,6.80
2010.05.17 13:46:36.657,0.70165,0.70195,7.20,8.40
2010.05.17 13:46:36.842,0.70165,0.70195,8.00,8.40
2010.05.17 13:46:38.138,0.70165,0.70195,7.20,8.40
2010.05.17 13:46:38.478,0.70165,0.70195,7.10,8.40
2010.05.17 13:46:38.820,0.7017,0.70195,7.10,1.20
2010.05.17 13:46:40.352,0.7017,0.70195,8.70,1.20
2010.05.17 13:46:41.086,0.7017,0.70195,6.30,3.60
2010.05.17 13:46:41.811,0.7016,0.70185,5.50,1.00
2010.05.17 13:46:43.542,0.70165,0.7019,4.80,2.40
2010.05.17 13:46:43.828,0.70165,0.70185,4.80,1.00
2010.05.17 13:46:44.118,0.70165,0.70185,4.80,1.00
2010.05.17 13:46:45.360,0.70165,0.70185,4.80,1.00
2010.05.17 13:46:47.153,0.70165,0.70185,4.80,1.20
2010.05.17 13:46:48.007,0.70165,0.70185,2.40,1.20
2010.05.17 13:46:48.284,0.70155,0.70185,8.00,8.50
2010.05.17 13:46:48.563,0.7015,0.7018,11.50,7.20
2010.05.17 13:46:49.411,0.7015,0.7018,3.10,7.20
2010.05.17 13:46:49.715,0.7015,0.7018,5.50,7.20
2010.05.17 13:46:50.013,0.7015,0.7018,5.50,8.00
2010.05.17 13:46:50.931,0.7015,0.70175,5.50,1.00
2010.05.17 13:46:51.271,0.7014,0.7017,6.30,4.80
2010.05.17 13:46:51.612,0.7014,0.7017,7.10,7.20
2010.05.17 13:46:52.236,0.7014,0.7017,8.70,7.20
2010.05.17 13:46:52.740,0.7014,0.7017,9.50,4.80
2010.05.17 13:46:52.989,0.7014,0.7017,7.90,4.80
2010.05.17 13:46:53.855,0.70155,0.7017,2.40,2.40
2010.05.17 13:46:54.207,0.7015,0.70175,4.70,1.60
2010.05.17 13:46:54.555,0.7015,0.70175,3.10,4.20
2010.05.17 13:46:59.436,0.7015,0.70175,3.10,5.00
2010.05.17 13:46:59.656,0.7015,0.70175,3.10,4.20
2010.05.17 13:46:59.868,0.7015,0.70175,3.10,6.00
2010.05.17 13:47:00.088,0.7015,0.70165,2.40,1.00
2010.05.17 13:47:00.920,0.7014,0.70165,3.20,6.00
2010.05.17 13:47:01.259,0.7014,0.70165,4.80,3.60
2010.05.17 13:47:02.057,0.7014,0.70165,3.10,6.00
2010.05.17 13:47:02.405,0.7014,0.7016,2.40,3.20
2010.05.17 13:47:03.395,0.70135,0.7016,4.70,3.20
2010.05.17 13:47:03.705,0.70135,0.70155,3.10,2.50
2010.05.17 13:47:04.648,0.70135,0.7015,2.40,1.00
2010.05.17 13:47:04.925,0.7013,0.7015,1.60,4.80
2010.05.17 13:47:06.376,0.70125,0.7015,1.60,5.60
2010.05.17 13:47:06.727,0.70125,0.7014,1.60,2.40
2010.05.17 13:47:07.026,0.7012,0.70145,6.30,3.00
2010.05.17 13:47:07.729,0.7012,0.70145,6.30,1.40
2010.05.17 13:47:08.037,0.7012,0.70145,2.40,6.30
2010.05.17 13:47:08.342,0.7012,0.70135,2.40,1.00
2010.05.17 13:47:09.231,0.7012,0.70135,6.40,1.00
2010.05.17 13:47:09.447,0.7013,0.7015,2.40,4.00
2010.05.17 13:47:10.752,0.7013,0.7014,2.40,1.00
2010.05.17 13:47:13.026,0.7012,0.70135,2.40,2.40
2010.05.17 13:47:13.994,0.70115,0.70135,1.00,1.00
2010.05.17 13:47:14.342,0.7011,0.70135,7.90,1.00
2010.05.17 13:47:15.897,0.7011,0.70135,8.30,1.00
2010.05.17 13:47:16.889,0.70115,0.7014,1.00,4.80
2010.05.17 13:47:17.219,0.70115,0.7014,4.60,1.00
2010.05.17 13:47:18.124,0.70125,0.70145,1.00,2.40
2010.05.17 13:47:19.258,0.7013,0.7015,1.00,4.80
2010.05.17 13:47:19.581,0.70135,0.7015,1.00,2.40
2010.05.17 13:47:20.338,0.70135,0.70155,1.00,3.20
2010.05.17 13:47:20.618,0.7014,0.70165,7.90,1.00
2010.05.17 13:47:21.741,0.70135,0.7016,2.00,4.80
2010.05.17 13:47:22.060,0.70135,0.70155,2.40,4.90
2010.05.17 13:47:22.733,0.70135,0.70155,1.60,5.80
2010.05.17 13:47:23.042,0.7013,0.70155,4.00,4.80
2010.05.17 13:47:24.258,0.7013,0.70155,2.40,5.20
2010.05.17 13:47:24.577,0.70135,0.70155,1.00,5.20
2010.05.17 13:47:25.539,0.70145,0.70165,2.40,1.00
2010.05.17 13:47:26.519,0.7015,0.7016,2.40,1.60
2010.05.17 13:47:26.859,0.7015,0.70165,2.40,2.80
2010.05.17 13:47:27.535,0.70145,0.70165,2.40,13.20
2010.05.17 13:47:27.833,0.7015,0.70155,2.40,1.60
2010.05.17 13:47:28.133,0.70145,0.7016,4.90,2.40
2010.05.17 13:47:28.776,0.70145,0.7016,2.50,2.40
2010.05.17 13:47:29.078,0.70145,0.70165,2.40,2.40
2010.05.17 13:47:30.223,0.70145,0.70165,2.50,2.40
2010.05.17 13:47:30.483,0.70145,0.7017,4.80,5.20
2010.05.17 13:47:30.740,0.70145,0.7017,4.80,7.20
2010.05.17 13:47:31.710,0.70145,0.70165,2.40,4.20
2010.05.17 13:47:32.051,0.7014,0.70165,2.40,6.40
2010.05.17 13:47:33.038,0.70135,0.7016,2.40,7.80
2010.05.17 13:47:34.006,0.70135,0.7016,2.40,8.80
2010.05.17 13:47:34.299,0.7013,0.70155,4.70,3.20
2010.05.17 13:47:36.926,0.7013,0.70145,1.00,2.40
2010.05.17 13:47:37.274,0.7014,0.7016,2.40,5.60
2010.05.17 13:47:37.974,0.7014,0.7016,2.40,3.20
2010.05.17 13:47:38.294,0.7013,0.70155,3.10,6.80
2010.05.17 13:47:41.849,0.7013,0.70155,2.40,8.40
2010.05.17 13:47:42.186,0.7013,0.70155,2.40,9.20
2010.05.17 13:47:42.974,0.70135,0.70155,2.40,7.60
2010.05.17 13:47:43.210,0.70135,0.70155,2.40,4.40
2010.05.17 13:47:45.592,0.70135,0.70155,2.50,1.60
2010.05.17 13:47:45.880,0.70135,0.7016,3.30,9.60
2010.05.17 13:47:46.545,0.70135,0.7016,5.20,8.00
2010.05.17 13:47:46.882,0.7014,0.70165,2.40,12.30
2010.05.17 13:47:47.220,0.7014,0.70165,2.40,11.00
2010.05.17 13:47:48.219,0.7014,0.70165,2.40,11.50
2010.05.17 13:47:48.520,0.70145,0.70165,1.00,10.70
2010.05.17 13:47:49.444,0.70145,0.70165,1.00,8.20
2010.05.17 13:47:49.694,0.70145,0.7017,2.50,10.00
2010.05.17 13:47:50.577,0.70145,0.7017,2.40,10.00
2010.05.17 13:47:50.907,0.7015,0.7016,2.40,1.60
2010.05.17 13:47:51.880,0.70145,0.70165,2.40,6.40
2010.05.17 13:47:52.200,0.70145,0.70165,2.40,2.40
2010.05.17 13:47:53.141,0.70145,0.70165,2.50,2.40
2010.05.17 13:47:53.752,0.7015,0.70165,1.00,1.00
2010.05.17 13:47:54.421,0.7015,0.70165,1.00,1.00
2010.05.17 13:47:54.774,0.70155,0.7017,1.00,2.40
2010.05.17 13:47:55.728,0.70155,0.7017,1.00,4.00
2010.05.17 13:47:56.012,0.70145,0.7017,2.40,4.80
2010.05.17 13:47:57.094,0.70145,0.70165,2.40,1.60
2010.05.17 13:47:57.442,0.70145,0.7017,2.50,4.80
2010.05.17 13:47:58.439,0.70145,0.7017,2.40,7.20
2010.05.17 13:47:58.787,0.70125,0.7015,3.20,2.40
2010.05.17 13:47:59.972,0.70135,0.70155,1.00,4.80
2010.05.17 13:48:00.267,0.7013,0.70155,3.20,6.40
2010.05.17 13:48:01.210,0.70135,0.70155,1.00,4.80
2010.05.17 13:48:02.545,0.7014,0.70155,2.40,2.40
2010.05.17 13:48:02.897,0.70145,0.70155,2.40,2.40
2010.05.17 13:48:04.165,0.70155,0.70165,2.80,1.60
2010.05.17 13:48:05.115,0.70155,0.7018,2.80,4.00
2010.05.17 13:48:05.316,0.70155,0.7017,2.80,1.60
2010.05.17 13:48:05.828,0.70155,0.7018,2.80,4.00
2010.05.17 13:48:06.902,0.70155,0.7018,2.80,4.80
2010.05.17 13:48:07.119,0.70155,0.7018,2.40,4.80
2010.05.17 13:48:08.266,0.7015,0.70175,2.40,8.60
2010.05.17 13:48:09.572,0.7015,0.70175,2.40,7.60
2010.05.17 13:48:09.892,0.7015,0.70175,2.40,6.80
2010.05.17 13:48:10.211,0.7015,0.70175,3.20,2.40
2010.05.17 13:48:10.850,0.70155,0.70175,2.40,2.40
2010.05.17 13:48:11.137,0.70155,0.7018,2.50,4.00
2010.05.17 13:48:11.423,0.70155,0.7016,2.50,2.40
2010.05.17 13:48:12.343,0.70155,0.7018,2.90,4.00
2010.05.17 13:48:12.628,0.70155,0.7018,2.90,5.60
2010.05.17 13:48:13.269,0.70155,0.7018,2.90,7.20
2010.05.17 13:48:13.595,0.70155,0.7018,2.80,4.00
2010.05.17 13:48:15.163,0.7016,0.7018,3.20,4.00
2010.05.17 13:48:15.421,0.7016,0.70185,3.20,6.40
2010.05.17 13:48:16.284,0.7016,0.70185,3.20,7.20
2010.05.17 13:48:16.637,0.70155,0.7018,2.80,8.40
2010.05.17 13:48:17.618,0.7015,0.7017,3.20,4.00
2010.05.17 13:48:17.955,0.7015,0.7017,1.00,2.40
2010.05.17 13:48:19.524,0.70155,0.70175,1.00,7.20
2010.05.17 13:48:20.396,0.70155,0.7017,1.00,2.40
2010.05.17 13:48:20.740,0.70155,0.70175,1.00,8.80
2010.05.17 13:48:21.077,0.70155,0.70175,1.00,7.20
2010.05.17 13:48:22.000,0.70155,0.70175,1.00,7.20
2010.05.17 13:48:22.501,0.70155,0.70175,1.00,6.80
2010.05.17 13:48:23.396,0.7015,0.70175,3.20,6.80
2010.05.17 13:48:23.745,0.7015,0.7017,1.00,2.40
2010.05.17 13:48:25.359,0.7015,0.7017,1.00,4.00
2010.05.17 13:48:27.806,0.7016,0.70175,2.40,2.40
2010.05.17 13:48:28.779,0.70165,0.7018,2.40,1.00
2010.05.17 13:48:29.075,0.70165,0.7019,3.00,8.80
2010.05.17 13:48:29.964,0.70165,0.7018,1.00,4.00
2010.05.17 13:48:30.448,0.70155,0.70175,1.00,2.40
2010.05.17 13:48:30.741,0.70155,0.7017,1.00,2.40
2010.05.17 13:48:31.803,0.70155,0.7017,1.00,2.40
2010.05.17 13:48:32.744,0.7015,0.7017,1.60,2.40
2010.05.17 13:48:33.037,0.70145,0.7017,4.10,2.40
2010.05.17 13:48:34.376,0.70145,0.7017,4.00,2.40
2010.05.17 13:48:35.981,0.7015,0.7017,1.00,2.40
2010.05.17 13:48:36.277,0.70145,0.7017,4.80,2.40
2010.05.17 13:48:38.773,0.70155,0.70175,1.00,2.40
2010.05.17 13:48:39.999,0.7016,0.70175,2.40,1.60
2010.05.17 13:48:40.294,0.70165,0.7018,2.40,1.00
2010.05.17 13:48:41.298,0.70165,0.7019,2.80,6.40
2010.05.17 13:48:42.534,0.70155,0.7018,2.70,5.60
2010.05.17 13:48:42.781,0.7015,0.70175,2.40,2.40
2010.05.17 13:48:44.000,0.7015,0.70175,2.40,3.20
2010.05.17 13:48:44.762,0.7015,0.70175,2.40,3.60
2010.05.17 13:48:45.009,0.7015,0.70175,2.40,3.30
2010.05.17 13:48:45.268,0.7015,0.70175,2.40,4.10
2010.05.17 13:48:46.179,0.7015,0.70175,2.40,8.20
2010.05.17 13:48:47.510,0.7015,0.70175,2.40,7.20
2010.05.17 13:48:47.849,0.7015,0.70175,2.80,7.20
2010.05.17 13:48:48.835,0.70155,0.70175,2.40,3.20
2010.05.17 13:48:49.705,0.70155,0.70175,2.40,4.80
2010.05.17 13:48:49.981,0.7015,0.7017,2.40,3.60
2010.05.17 13:48:52.680,0.70145,0.7017,2.80,9.40
2010.05.17 13:48:53.617,0.70145,0.7017,2.80,11.00
2010.05.17 13:48:53.963,0.70145,0.70165,3.70,1.00
2010.05.17 13:48:56.899,0.70145,0.70165,3.70,2.00
2010.05.17 13:48:58.407,0.70145,0.70165,3.60,2.00
2010.05.17 13:48:58.826,0.70145,0.70165,3.60,2.80
2010.05.17 13:48:59.809,0.70145,0.70165,3.60,1.60
2010.05.17 13:49:01.717,0.70145,0.7017,3.50,9.30
2010.05.17 13:49:02.932,0.70145,0.7017,3.50,8.80
2010.05.17 13:49:03.219,0.70145,0.70165,3.10,1.60
2010.05.17 13:49:04.605,0.7014,0.70165,2.40,4.80
2010.05.17 13:49:05.495,0.7014,0.70165,2.40,7.20
2010.05.17 13:49:05.722,0.7014,0.70165,2.40,5.60
2010.05.17 13:49:06.177,0.7014,0.70165,2.40,7.20
2010.05.17 13:49:07.692,0.7014,0.70165,2.80,7.20
2010.05.17 13:49:07.950,0.7015,0.70165,1.00,5.20
2010.05.17 13:49:08.197,0.70145,0.70165,1.00,3.40
2010.05.17 13:49:09.090,0.70145,0.70165,1.00,2.80
2010.05.17 13:49:09.363,0.7014,0.70165,3.20,6.80
2010.05.17 13:49:10.733,0.7014,0.7016,1.00,2.40
2010.05.17 13:49:10.990,0.70145,0.7016,1.00,2.40
2010.05.17 13:49:11.806,0.70145,0.7016,1.00,2.40
2010.05.17 13:49:12.122,0.7015,0.70165,1.00,4.40
2010.05.17 13:49:13.415,0.70145,0.7017,3.00,4.00
2010.05.17 13:49:13.759,0.70145,0.7017,3.70,4.80
2010.05.17 13:49:14.392,0.70145,0.7017,3.70,3.20
2010.05.17 13:49:14.717,0.70145,0.7017,3.60,3.20
2010.05.17 13:49:15.039,0.7015,0.7017,1.00,3.20
2010.05.17 13:49:16.018,0.70145,0.7017,3.60,3.20
2010.05.17 13:49:16.351,0.7015,0.7017,2.40,2.40
2010.05.17 13:49:16.688,0.7015,0.7017,2.40,1.00
2010.05.17 13:49:17.671,0.7015,0.7017,2.40,2.00
2010.05.17 13:49:21.488,0.7015,0.7017,2.40,1.60
2010.05.17 13:49:22.178,0.7015,0.70175,2.40,10.00
2010.05.17 13:49:22.481,0.7015,0.70175,2.80,8.40
2010.05.17 13:49:22.787,0.7015,0.70175,3.20,8.40
2010.05.17 13:49:23.726,0.70155,0.70175,1.00,6.80
2010.05.17 13:49:24.011,0.7015,0.70175,2.40,6.80
2010.05.17 13:49:24.577,0.7015,0.70175,3.10,5.20
2010.05.17 13:49:26.886,0.7015,0.70175,3.90,5.20
2010.05.17 13:49:27.164,0.70155,0.70175,1.00,5.20
2010.05.17 13:49:27.432,0.70155,0.7018,1.00,18.30
2010.05.17 13:49:28.098,0.70155,0.7018,1.00,18.60
2010.05.17 13:49:28.404,0.7016,0.70185,3.10,7.20
2010.05.17 13:49:28.702,0.70165,0.70185,2.40,4.00
2010.05.17 13:49:29.597,0.70165,0.70185,3.10,2.40
2010.05.17 13:49:34.287,0.70165,0.70185,2.40,2.40
2010.05.17 13:49:35.076,0.70155,0.7018,2.90,6.40
2010.05.17 13:49:35.325,0.70155,0.7018,2.90,4.80
2010.05.17 13:49:41.051,0.70165,0.7018,1.00,2.40
2010.05.17 13:49:41.894,0.70165,0.70185,5.30,1.60
2010.05.17 13:49:42.245,0.7017,0.70185,2.40,1.60
2010.05.17 13:49:42.589,0.7017,0.70195,2.40,6.40
2010.05.17 13:49:43.529,0.70175,0.70195,1.00,4.80
2010.05.17 13:49:43.794,0.70175,0.70195,2.80,2.40
2010.05.17 13:49:44.515,0.70175,0.70195,2.80,1.00
2010.05.17 13:49:44.818,0.70175,0.702,2.80,6.40
2010.05.17 13:49:45.130,0.70175,0.702,2.80,4.80
2010.05.17 13:49:45.437,0.70175,0.702,3.60,4.80
2010.05.17 13:49:46.647,0.70175,0.702,3.60,3.20
2010.05.17 13:49:46.988,0.7018,0.702,1.00,2.40
2010.05.17 13:49:47.096,0.7018,0.702,1.00,2.40
2010.05.17 13:49:48.285,0.70185,0.702,1.00,2.40
2010.05.17 13:49:48.595,0.7018,0.70205,3.20,8.00
2010.05.17 13:49:52.010,0.70195,0.70215,2.50,4.40
2010.05.17 13:49:52.191,0.7019,0.70215,3.20,3.20
2010.05.17 13:49:52.379,0.7019,0.70215,2.40,3.20
2010.05.17 13:49:54.969,0.7019,0.70215,2.40,4.80
2010.05.17 13:49:55.315,0.70185,0.7021,3.60,3.20
2010.05.17 13:49:56.685,0.7019,0.70215,2.40,6.40
2010.05.17 13:50:02.888,0.70195,0.70215,2.80,4.00
2010.05.17 13:50:02.942,0.70195,0.70215,2.80,1.00
2010.05.17 13:50:03.988,0.70195,0.7022,3.80,6.40
2010.05.17 13:50:04.207,0.70195,0.7022,3.80,4.80
2010.05.17 13:50:09.006,0.70205,0.7022,2.40,2.40
2010.05.17 13:50:09.249,0.70205,0.70225,2.50,8.80
2010.05.17 13:50:10.358,0.70205,0.70225,3.00,7.10
2010.05.17 13:50:11.669,0.70205,0.70225,2.90,7.10
2010.05.17 13:50:13.269,0.70205,0.70225,2.80,7.10
2010.05.17 13:50:13.539,0.70205,0.70225,2.40,8.70
2010.05.17 13:50:14.470,0.702,0.70225,1.00,9.10
2010.05.17 13:50:14.776,0.70195,0.7022,3.30,3.20
2010.05.17 13:50:15.954,0.70195,0.7022,3.10,3.20
2010.05.17 13:50:17.468,0.70195,0.7022,3.20,3.20
2010.05.17 13:50:17.977,0.70195,0.7022,3.10,3.20
2010.05.17 13:50:18.871,0.70195,0.7022,7.30,4.00
2010.05.17 13:50:19.220,0.70205,0.70225,2.40,11.10
2010.05.17 13:50:20.241,0.70195,0.7022,3.00,4.80
2010.05.17 13:50:23.050,0.70195,0.7022,2.90,4.80
2010.05.17 13:50:25.394,0.70195,0.7022,8.40,1.00
2010.05.17 13:50:27.419,0.702,0.7022,1.00,1.00
2010.05.17 13:50:28.375,0.70205,0.70225,2.40,9.50
2010.05.17 13:50:29.202,0.70205,0.70225,2.40,8.20
2010.05.17 13:50:29.897,0.70205,0.70225,2.40,9.80
2010.05.17 13:50:30.079,0.70195,0.70225,8.30,9.80
2010.05.17 13:50:31.199,0.70195,0.70225,8.50,11.10
2010.05.17 13:50:31.537,0.70195,0.70225,8.50,10.70
2010.05.17 13:50:32.384,0.70195,0.70225,8.40,10.30
2010.05.17 13:50:36.287,0.702,0.70225,1.00,10.30
2010.05.17 13:50:36.566,0.70205,0.70225,1.00,10.30
2010.05.17 13:50:37.489,0.70205,0.70225,1.00,8.70
2010.05.17 13:50:37.771,0.70205,0.70225,1.00,10.30
2010.05.17 13:50:38.051,0.70205,0.70225,1.00,6.30
2010.05.17 13:50:38.938,0.702,0.70225,1.20,9.40
2010.05.17 13:50:39.217,0.70195,0.70225,8.40,11.90
2010.05.17 13:50:39.557,0.70195,0.70225,9.50,11.90
2010.05.17 13:50:40.629,0.702,0.70225,1.00,11.00
2010.05.17 13:50:40.886,0.70195,0.70225,8.60,10.70
2010.05.17 13:50:41.149,0.70195,0.70225,8.40,10.70
2010.05.17 13:50:42.089,0.70205,0.70225,2.40,4.70
2010.05.17 13:50:43.879,0.70205,0.70225,2.40,5.10
2010.05.17 13:50:44.139,0.702,0.70225,1.00,10.70
2010.05.17 13:50:45.016,0.70195,0.70225,8.70,10.30
2010.05.17 13:50:45.360,0.70195,0.70225,8.30,8.70
2010.05.17 13:50:45.608,0.70195,0.70225,8.30,8.20
2010.05.17 13:50:46.450,0.70195,0.70225,8.30,7.80
2010.05.17 13:50:46.702,0.70195,0.70225,8.30,8.70
2010.05.17 13:50:46.962,0.70195,0.70225,8.40,8.70
2010.05.17 13:50:47.682,0.70195,0.70225,8.70,8.70
2010.05.17 13:50:48.270,0.70195,0.70225,9.40,8.70
2010.05.17 13:50:49.483,0.70195,0.70225,9.30,8.70
2010.05.17 13:50:51.057,0.70195,0.70225,9.60,8.70
2010.05.17 13:50:53.472,0.70195,0.70225,8.70,8.70
2010.05.17 13:50:54.018,0.70195,0.70225,8.60,8.70
2010.05.17 13:50:54.651,0.70195,0.70225,8.60,9.10
2010.05.17 13:50:54.818,0.70195,0.70225,8.50,8.70
2010.05.17 13:50:56.153,0.70195,0.70225,8.40,10.30
2010.05.17 13:50:56.417,0.70195,0.70225,8.30,10.30
2010.05.17 13:50:56.945,0.70195,0.70225,8.30,8.70
2010.05.17 13:50:59.375,0.70195,0.70225,8.70,8.70
2010.05.17 13:51:00.046,0.702,0.70225,1.00,8.70
2010.05.17 13:51:00.723,0.70205,0.70225,1.00,8.70
2010.05.17 13:51:02.389,0.70195,0.70225,8.80,9.10
2010.05.17 13:51:02.978,0.70195,0.70225,8.80,9.50
2010.05.17 13:51:03.930,0.70195,0.70225,8.60,9.10
2010.05.17 13:51:04.186,0.70195,0.70225,8.60,8.70
2010.05.17 13:51:04.447,0.70195,0.70225,8.40,10.70
2010.05.17 13:51:05.142,0.70195,0.70225,8.30,11.10
2010.05.17 13:51:05.378,0.70195,0.70225,8.30,10.70
2010.05.17 13:51:05.617,0.70195,0.70225,8.30,11.10
2010.05.17 13:51:06.855,0.70195,0.7022,2.40,4.80
2010.05.17 13:51:07.199,0.70195,0.70215,2.40,2.40
2010.05.17 13:51:12.566,0.70195,0.70215,2.50,2.40
2010.05.17 13:51:12.825,0.70195,0.7022,2.50,6.40
2010.05.17 13:51:13.070,0.70195,0.70215,2.50,1.00
2010.05.17 13:51:17.488,0.70195,0.7022,5.10,4.80
2010.05.17 13:51:17.786,0.70195,0.70225,8.40,10.30
2010.05.17 13:51:18.080,0.70195,0.70225,8.70,10.30
2010.05.17 13:51:19.319,0.70195,0.70225,9.50,10.30
2010.05.17 13:51:20.538,0.70195,0.70225,9.60,10.30
2010.05.17 13:51:20.880,0.70195,0.70225,8.40,9.80
2010.05.17 13:51:21.218,0.70195,0.70225,9.20,9.10
2010.05.17 13:51:22.251,0.70195,0.70225,7.90,10.00
2010.05.17 13:51:22.388,0.70195,0.70215,7.90,1.00
2010.05.17 13:51:23.167,0.70195,0.70215,3.20,1.00
2010.05.17 13:51:23.512,0.70195,0.70215,2.40,1.00
2010.05.17 13:51:29.185,0.70195,0.70215,2.40,5.60
2010.05.17 13:51:29.299,0.7019,0.70215,2.40,5.60
2010.05.17 13:51:30.412,0.7019,0.70215,2.40,4.80
2010.05.17 13:51:30.758,0.7019,0.70215,2.40,6.40
2010.05.17 13:51:31.733,0.7019,0.70215,2.40,7.40
2010.05.17 13:51:32.081,0.7019,0.7021,2.40,2.40
2010.05.17 13:51:33.179,0.7019,0.70215,2.40,7.20
2010.05.17 13:51:33.726,0.7019,0.70215,2.40,5.60
2010.05.17 13:51:36.390,0.7019,0.70215,2.40,5.80
2010.05.17 13:51:37.335,0.7019,0.70215,2.40,4.20
2010.05.17 13:51:37.645,0.7019,0.70205,2.40,1.00
2010.05.17 13:51:39.391,0.7019,0.70205,2.40,1.00
2010.05.17 13:51:39.649,0.7019,0.70215,2.40,5.60
2010.05.17 13:51:40.506,0.7019,0.70215,2.40,5.80
2010.05.17 13:51:40.868,0.7019,0.70215,2.40,5.60
2010.05.17 13:51:42.596,0.7019,0.70215,2.80,5.20
2010.05.17 13:51:43.341,0.70195,0.70215,1.00,4.80
2010.05.17 13:51:43.454,0.7019,0.70215,2.40,3.20
2010.05.17 13:51:43.803,0.7019,0.70205,2.40,1.00
2010.05.17 13:51:44.532,0.7019,0.70205,2.40,1.00
2010.05.17 13:51:44.794,0.7019,0.70215,2.40,7.60
2010.05.17 13:51:45.051,0.7019,0.70215,2.40,6.80
2010.05.17 13:51:46.023,0.70185,0.7021,6.30,2.40
2010.05.17 13:51:46.342,0.70185,0.7021,3.10,4.80
2010.05.17 13:51:47.270,0.70185,0.70205,4.70,1.00
2010.05.17 13:51:47.584,0.70185,0.70205,2.40,1.70
2010.05.17 13:51:48.305,0.7018,0.70205,2.40,6.60
2010.05.17 13:51:48.625,0.7018,0.70205,2.40,6.00
2010.05.17 13:51:48.940,0.7018,0.70205,2.40,7.60
2010.05.17 13:51:50.398,0.7018,0.70205,2.40,6.00
2010.05.17 13:51:52.139,0.7018,0.70205,2.40,7.60
2010.05.17 13:51:55.875,0.7018,0.70205,2.40,5.20
2010.05.17 13:51:56.103,0.70185,0.70205,2.40,2.40
2010.05.17 13:51:57.150,0.70185,0.70205,2.40,4.80
2010.05.17 13:51:57.397,0.7018,0.70205,2.40,5.80
2010.05.17 13:51:57.624,0.7018,0.702,2.40,2.40
2010.05.17 13:51:58.800,0.70175,0.7019,1.00,6.40
2010.05.17 13:51:59.115,0.70165,0.70185,2.40,2.40
2010.05.17 13:51:59.775,0.70165,0.7019,2.40,8.40
2010.05.17 13:52:00.088,0.7016,0.70185,2.40,6.80
2010.05.17 13:52:01.625,0.70165,0.7019,2.40,6.80
2010.05.17 13:52:01.920,0.70165,0.7019,2.40,7.60
2010.05.17 13:52:02.569,0.70165,0.7019,2.40,6.80
2010.05.17 13:52:02.887,0.70165,0.70185,2.40,1.00
2010.05.17 13:52:03.185,0.7016,0.7018,3.10,2.00
2010.05.17 13:52:03.836,0.7016,0.7018,2.40,2.00
2010.05.17 13:52:04.182,0.7016,0.70185,2.40,6.80
2010.05.17 13:52:04.529,0.7016,0.70185,2.40,8.40
2010.05.17 13:52:05.387,0.7016,0.70185,2.40,6.80
2010.05.17 13:52:05.736,0.7016,0.70175,2.40,1.00
2010.05.17 13:52:08.471,0.70155,0.70175,2.40,2.90
2010.05.17 13:52:08.790,0.7015,0.70175,2.40,5.30
2010.05.17 13:52:14.522,0.70155,0.70175,3.10,2.80
2010.05.17 13:52:14.874,0.7016,0.7018,3.20,2.40
2010.05.17 13:52:15.780,0.7016,0.7018,4.80,2.40
2010.05.17 13:52:16.035,0.70175,0.7019,2.60,1.60
2010.05.17 13:52:16.280,0.70175,0.7019,2.40,1.60
2010.05.17 13:52:17.618,0.70175,0.702,2.40,4.80
2010.05.17 13:52:17.957,0.70175,0.70195,2.40,1.60
2010.05.17 13:52:18.952,0.70175,0.702,6.40,1.00
2010.05.17 13:52:19.302,0.7018,0.702,2.40,1.00
2010.05.17 13:52:21.015,0.7018,0.702,2.40,2.40
2010.05.17 13:52:21.165,0.70175,0.702,2.50,4.80
2010.05.17 13:52:21.452,0.70175,0.702,3.20,4.80
2010.05.17 13:52:22.320,0.70175,0.702,3.10,4.80
2010.05.17 13:52:25.291,0.70175,0.70185,2.40,1.00
2010.05.17 13:52:25.610,0.7017,0.70185,1.00,1.00
2010.05.17 13:52:25.931,0.70165,0.70185,3.10,1.00
2010.05.17 13:52:26.832,0.70165,0.70185,3.10,1.00
2010.05.17 13:52:28.225,0.70165,0.70185,2.40,1.00
2010.05.17 13:52:28.485,0.70165,0.7019,5.50,1.60
2010.05.17 13:52:29.141,0.7017,0.7019,2.40,1.60
2010.05.17 13:52:29.495,0.7017,0.70195,2.40,8.30
2010.05.17 13:52:29.841,0.7017,0.70195,2.40,6.70
2010.05.17 13:52:32.550,0.7017,0.70195,2.40,7.50
2010.05.17 13:52:34.520,0.7017,0.70195,2.40,8.30
2010.05.17 13:52:34.668,0.7017,0.70185,2.40,1.00
2010.05.17 13:52:35.492,0.7017,0.70185,2.40,1.00
2010.05.17 13:52:35.643,0.70165,0.70185,3.10,1.00
2010.05.17 13:52:35.994,0.70165,0.70185,2.40,1.00
2010.05.17 13:52:37.035,0.70165,0.70185,2.40,1.00
2010.05.17 13:52:37.621,0.70165,0.70185,2.40,1.20
2010.05.17 13:52:38.520,0.7016,0.70185,2.40,3.80
2010.05.17 13:52:38.842,0.7016,0.70185,2.40,6.30
2010.05.17 13:52:39.111,0.70165,0.70185,2.40,1.40
2010.05.17 13:52:40.037,0.7016,0.70185,2.40,6.30
2010.05.17 13:52:41.642,0.7016,0.70185,4.70,3.80
2010.05.17 13:52:43.063,0.7016,0.70185,6.30,3.20
2010.05.17 13:52:43.800,0.70165,0.70185,2.40,1.00
2010.05.17 13:52:44.108,0.7017,0.70195,2.40,7.60
2010.05.17 13:52:45.583,0.7017,0.70195,2.40,5.20
2010.05.17 13:52:45.872,0.7017,0.70195,4.70,2.40
2010.05.17 13:52:46.535,0.70175,0.70195,2.40,2.40
2010.05.17 13:52:46.885,0.70185,0.70205,2.40,3.10
2010.05.17 13:52:47.231,0.70185,0.7019,2.40,1.60
2010.05.17 13:52:48.108,0.70185,0.70205,2.40,2.30
2010.05.17 13:52:48.344,0.7018,0.70205,2.40,8.70
2010.05.17 13:52:48.552,0.7018,0.70205,2.80,7.90
2010.05.17 13:52:49.218,0.7018,0.70205,2.80,6.10
2010.05.17 13:52:49.564,0.7019,0.7021,3.20,2.40
2010.05.17 13:52:50.539,0.70195,0.7021,2.40,1.00
2010.05.17 13:52:50.793,0.70195,0.70205,2.40,1.00
2010.05.17 13:52:51.049,0.70195,0.70205,2.40,1.00
2010.05.17 13:52:52.034,0.7019,0.70205,4.80,1.00
2010.05.17 13:52:53.203,0.7019,0.70205,4.80,1.00
2010.05.17 13:52:53.451,0.70185,0.70205,2.50,1.20
2010.05.17 13:52:53.698,0.70185,0.70205,1.00,1.20
2010.05.17 13:52:54.672,0.70175,0.702,2.30,2.40
2010.05.17 13:52:55.017,0.70175,0.702,3.90,2.40
2010.05.17 13:52:55.682,0.70175,0.702,2.30,2.40
2010.05.17 13:52:56.336,0.70175,0.70195,7.10,1.00
2010.05.17 13:52:57.659,0.70175,0.70195,2.30,1.00
2010.05.17 13:52:58.001,0.70175,0.70195,2.30,1.00
2010.05.17 13:53:02.514,0.70175,0.702,3.60,2.40
2010.05.17 13:53:02.661,0.70175,0.70205,8.40,5.00
2010.05.17 13:53:02.808,0.70175,0.70205,8.40,8.40
2010.05.17 13:53:03.455,0.70175,0.70205,5.20,10.80
2010.05.17 13:53:03.607,0.70175,0.702,3.50,2.40
2010.05.17 13:53:03.950,0.70175,0.702,2.70,2.40
2010.05.17 13:53:08.108,0.70175,0.702,3.50,2.40
2010.05.17 13:53:09.002,0.7018,0.702,1.00,2.40
2010.05.17 13:53:09.094,0.70185,0.702,1.00,2.40
2010.05.17 13:53:10.100,0.70185,0.70205,1.00,2.40
2010.05.17 13:53:10.445,0.7019,0.7021,5.50,1.60
2010.05.17 13:53:11.632,0.7019,0.7021,3.10,1.60
2010.05.17 13:53:12.540,0.7019,0.70215,3.90,4.00
2010.05.17 13:53:12.884,0.7019,0.7021,7.10,1.60
2010.05.17 13:53:14.140,0.7019,0.70215,7.90,1.60
2010.05.17 13:53:15.099,0.70195,0.7022,1.00,3.20
2010.05.17 13:53:15.678,0.70195,0.7022,1.00,4.80
2010.05.17 13:53:16.312,0.70195,0.7022,1.00,3.20
2010.05.17 13:53:18.766,0.70195,0.70215,1.00,1.00
2010.05.17 13:53:19.825,0.70185,0.70205,8.70,1.20
2010.05.17 13:53:20.775,0.70185,0.70205,2.40,8.80
2010.05.17 13:53:20.984,0.70175,0.70195,3.90,1.00
2010.05.17 13:53:21.333,0.70175,0.70195,1.60,1.00
2010.05.17 13:53:22.216,0.70165,0.70185,1.00,3.30
2010.05.17 13:53:22.451,0.70165,0.70185,2.30,1.00
2010.05.17 13:53:23.383,0.70165,0.70185,2.30,1.00
2010.05.17 13:53:25.240,0.70165,0.70185,7.10,1.00
2010.05.17 13:53:25.490,0.70165,0.70195,7.10,7.90
2010.05.17 13:53:25.738,0.7017,0.70195,1.00,7.90
2010.05.17 13:53:26.690,0.7017,0.70195,1.00,7.20
2010.05.17 13:53:28.041,0.7017,0.70195,1.00,7.40
2010.05.17 13:53:29.490,0.70175,0.702,4.80,2.40
2010.05.17 13:53:29.832,0.70175,0.70205,7.10,9.60
2010.05.17 13:53:30.940,0.70175,0.70205,7.10,9.40
2010.05.17 13:53:31.205,0.70175,0.70195,3.10,1.00
2010.05.17 13:53:31.463,0.7017,0.70195,6.80,3.20
2010.05.17 13:53:32.620,0.7017,0.70195,4.70,1.00
2010.05.17 13:53:32.737,0.70175,0.70195,2.30,1.00
2010.05.17 13:53:32.848,0.7017,0.70195,7.10,1.00
2010.05.17 13:53:33.179,0.7017,0.70195,7.10,1.00
2010.05.17 13:53:34.135,0.70165,0.70185,4.70,1.00
2010.05.17 13:53:36.202,0.7017,0.702,7.10,4.80
2010.05.17 13:53:39.519,0.7017,0.702,7.10,6.40
2010.05.17 13:53:40.436,0.7017,0.70195,7.10,1.00
2010.05.17 13:53:40.801,0.70165,0.70195,7.10,6.80
2010.05.17 13:53:41.728,0.70165,0.7019,4.70,2.40
2010.05.17 13:53:41.899,0.70165,0.7019,7.10,1.00
2010.05.17 13:53:43.202,0.70165,0.7019,2.30,3.20
2010.05.17 13:53:43.413,0.70165,0.7019,5.50,3.20
2010.05.17 13:53:43.620,0.70165,0.70185,5.50,1.00
2010.05.17 13:53:44.419,0.70165,0.70185,5.50,1.20
2010.05.17 13:53:46.073,0.7016,0.70185,5.50,3.60
2010.05.17 13:53:46.385,0.7016,0.70175,2.40,1.00
2010.05.17 13:53:47.051,0.7016,0.7017,2.40,1.60
2010.05.17 13:53:47.375,0.70145,0.7016,2.40,4.80
2010.05.17 13:53:48.285,0.7014,0.70155,2.40,1.00
2010.05.17 13:53:48.585,0.70135,0.70155,2.40,1.00
2010.05.17 13:53:48.881,0.70135,0.70155,4.70,1.00
2010.05.17 13:53:49.974,0.7013,0.70155,4.70,3.80
2010.05.17 13:53:50.299,0.7013,0.70155,6.30,3.80
2010.05.17 13:53:50.960,0.7013,0.70155,4.70,3.80
2010.05.17 13:53:51.235,0.7013,0.7014,2.40,2.40
2010.05.17 13:53:52.504,0.7012,0.70145,3.10,9.20
2010.05.17 13:53:52.756,0.70115,0.7014,1.00,4.80
2010.05.17 13:53:54.158,0.70115,0.7014,1.00,4.00
2010.05.17 13:53:54.835,0.70115,0.7014,2.40,2.40
2010.05.17 13:53:56.417,0.7012,0.70145,3.90,10.60
2010.05.17 13:53:56.655,0.70125,0.7015,5.10,3.20
2010.05.17 13:53:57.492,0.70125,0.7015,5.90,3.20
2010.05.17 13:53:57.881,0.70125,0.7015,7.40,2.40
2010.05.17 13:53:58.221,0.70125,0.7015,8.20,2.40
2010.05.17 13:53:59.263,0.70125,0.7015,7.40,2.40
2010.05.17 13:53:59.563,0.70125,0.7015,5.00,2.40
2010.05.17 13:54:00.582,0.7012,0.7015,10.40,4.80
2010.05.17 13:54:00.883,0.70125,0.7015,7.30,2.40
2010.05.17 13:54:01.902,0.70125,0.7015,2.60,4.00
2010.05.17 13:54:02.258,0.7012,0.7015,7.10,4.80
2010.05.17 13:54:03.241,0.70125,0.70155,7.10,7.10
2010.05.17 13:54:03.585,0.7013,0.70155,1.00,4.40
2010.05.17 13:54:04.524,0.7013,0.70155,1.50,4.40
2010.05.17 13:54:04.842,0.70135,0.70165,7.50,10.70
2010.05.17 13:54:05.080,0.7014,0.70165,2.40,8.30
2010.05.17 13:54:06.140,0.7014,0.70165,2.40,6.70
2010.05.17 13:54:06.381,0.70135,0.7016,2.50,2.40
2010.05.17 13:54:07.597,0.70135,0.70165,10.30,8.30
2010.05.17 13:54:07.909,0.70135,0.70165,9.50,8.30
2010.05.17 13:54:09.091,0.7014,0.70165,5.50,1.90
2010.05.17 13:54:10.266,0.70135,0.70165,4.70,11.00
2010.05.17 13:54:10.611,0.70135,0.7016,2.30,2.40
2010.05.17 13:54:13.530,0.70135,0.70155,2.30,1.20
2010.05.17 13:54:13.868,0.70125,0.70155,7.50,9.60
2010.05.17 13:54:14.751,0.70125,0.70155,7.50,10.40
2010.05.17 13:54:14.932,0.70125,0.70145,7.50,1.00
2010.05.17 13:54:15.123,0.70125,0.70145,7.50,1.00
2010.05.17 13:54:15.487,0.70125,0.70145,9.10,1.00
2010.05.17 13:54:16.419,0.70125,0.70155,7.50,10.40
2010.05.17 13:54:18.346,0.70135,0.70155,1.00,3.20
2010.05.17 13:54:18.525,0.7013,0.70155,2.30,4.00
2010.05.17 13:54:19.177,0.7013,0.70155,2.30,3.60
2010.05.17 13:54:19.360,0.7013,0.70155,7.10,1.20
2010.05.17 13:54:19.700,0.7013,0.70155,7.10,1.60
2010.05.17 13:54:20.617,0.7013,0.7015,1.00,2.00
2010.05.17 13:54:23.511,0.7013,0.70145,1.00,1.00
2010.05.17 13:54:23.750,0.7013,0.70145,1.00,1.00
2010.05.17 13:54:23.988,0.7013,0.70145,1.00,1.00
2010.05.17 13:54:24.228,0.7013,0.70145,1.00,1.00
2010.05.17 13:54:25.266,0.70125,0.70145,2.30,1.20
2010.05.17 13:54:26.583,0.70125,0.70145,1.00,1.30
2010.05.17 13:54:26.830,0.70125,0.70145,1.00,1.70
2010.05.17 13:54:27.852,0.70115,0.70145,12.10,7.00
2010.05.17 13:54:28.195,0.70125,0.70145,1.00,1.40
2010.05.17 13:54:29.647,0.70125,0.70145,1.00,1.20
2010.05.17 13:54:30.297,0.70125,0.70145,1.00,2.80
2010.05.17 13:54:30.889,0.70125,0.70145,1.00,1.20
2010.05.17 13:54:32.003,0.70125,0.70145,1.00,1.00
2010.05.17 13:54:32.305,0.70125,0.70155,7.90,6.20
2010.05.17 13:54:33.228,0.70125,0.70155,7.90,5.40
2010.05.17 13:54:33.465,0.70135,0.70155,1.00,4.80
2010.05.17 13:54:34.943,0.70135,0.70155,1.00,2.40
2010.05.17 13:54:36.222,0.7013,0.70155,1.50,2.40
2010.05.17 13:54:36.532,0.70135,0.70155,1.00,2.40
2010.05.17 13:54:36.844,0.7013,0.70155,1.50,2.40
2010.05.17 13:54:37.760,0.7013,0.70155,1.00,2.40
2010.05.17 13:54:38.939,0.7013,0.7015,1.00,2.00
2010.05.17 13:54:40.779,0.7013,0.7015,1.00,1.60
2010.05.17 13:54:41.543,0.7013,0.70155,1.00,9.20
2010.05.17 13:54:41.849,0.7013,0.70155,1.00,8.40
2010.05.17 13:54:42.157,0.7013,0.70155,1.00,9.20
2010.05.17 13:54:43.220,0.7013,0.70155,1.50,6.80
2010.05.17 13:54:43.494,0.70135,0.70155,1.00,8.40
2010.05.17 13:54:43.758,0.70135,0.70155,1.00,6.80
2010.05.17 13:54:44.668,0.7013,0.70155,1.00,7.50
2010.05.17 13:54:45.009,0.7013,0.70155,1.00,7.10
2010.05.17 13:54:45.347,0.7013,0.70155,1.00,5.60
2010.05.17 13:54:46.641,0.7013,0.70155,1.00,4.80
2010.05.17 13:54:47.561,0.7013,0.70155,1.00,2.40
2010.05.17 13:54:49.497,0.7013,0.70155,1.00,4.00
2010.05.17 13:54:49.687,0.7013,0.70155,1.00,4.80
2010.05.17 13:54:50.786,0.70135,0.70155,1.00,2.40
2010.05.17 13:54:52.271,0.70135,0.70155,1.00,2.40
2010.05.17 13:54:52.625,0.7013,0.7016,6.30,6.40
2010.05.17 13:54:53.268,0.70135,0.7016,2.30,4.00
2010.05.17 13:54:53.556,0.70135,0.70165,7.60,8.80
2010.05.17 13:54:53.831,0.70135,0.70165,8.70,8.80
2010.05.17 13:54:54.497,0.70135,0.70165,10.30,7.20
2010.05.17 13:54:54.847,0.7015,0.70175,1.00,1.00
2010.05.17 13:54:55.822,0.7015,0.70185,5.50,1.00
2010.05.17 13:54:56.088,0.7016,0.7019,7.90,6.40
2010.05.17 13:54:56.358,0.7016,0.7019,7.10,6.40
2010.05.17 13:54:57.711,0.7016,0.7017,7.10,1.60
2010.05.17 13:54:58.913,0.7016,0.7018,7.10,1.60
2010.05.17 13:54:59.796,0.7016,0.70185,7.10,1.00
2010.05.17 13:55:00.175,0.7017,0.7019,6.40,1.60
2010.05.17 13:55:00.525,0.70165,0.70185,1.80,2.40
2010.05.17 13:55:01.384,0.70165,0.70185,1.60,2.40
2010.05.17 13:55:01.655,0.7016,0.70185,7.10,1.00
2010.05.17 13:55:01.919,0.7016,0.70185,9.10,1.00
2010.05.17 13:55:02.181,0.70165,0.70185,4.80,1.00
2010.05.17 13:55:03.042,0.70165,0.70185,5.50,1.00
2010.05.17 13:55:03.392,0.70165,0.7019,5.50,2.40
2010.05.17 13:55:05.089,0.70165,0.70185,5.50,1.00
2010.05.17 13:55:05.767,0.70165,0.70185,5.50,1.00
2010.05.17 13:55:06.105,0.70165,0.70185,5.50,1.20
2010.05.17 13:55:06.447,0.7016,0.70185,1.00,8.80
2010.05.17 13:55:07.114,0.7016,0.70185,1.00,11.20
2010.05.17 13:55:07.435,0.7015,0.70175,2.30,4.80
2010.05.17 13:55:08.701,0.7015,0.70175,1.00,5.60
2010.05.17 13:55:13.192,0.70155,0.70175,1.00,5.60
2010.05.17 13:55:13.485,0.70155,0.7018,1.20,4.80
2010.05.17 13:55:14.661,0.70155,0.7018,9.60,2.40
2010.05.17 13:55:15.001,0.7016,0.70185,4.80,2.40
2010.05.17 13:55:15.338,0.7016,0.70185,5.20,2.40
2010.05.17 13:55:16.038,0.7016,0.70185,5.90,1.60
2010.05.17 13:55:16.363,0.7016,0.7019,6.30,6.40
2010.05.17 13:55:16.681,0.7016,0.7019,7.90,4.80
2010.05.17 13:55:17.470,0.70165,0.7019,1.00,4.80
2010.05.17 13:55:17.754,0.70165,0.7019,2.70,3.20
2010.05.17 13:55:18.596,0.70165,0.7019,7.50,1.00
2010.05.17 13:55:19.159,0.70165,0.7019,7.70,1.00
2010.05.17 13:55:19.478,0.70165,0.7019,7.60,1.00
2010.05.17 13:55:20.492,0.70165,0.7019,7.60,1.00
2010.05.17 13:55:22.761,0.70165,0.7019,7.60,1.60
2010.05.17 13:55:23.967,0.70165,0.7019,2.60,4.00
2010.05.17 13:55:24.271,0.70155,0.70185,7.70,8.80
2010.05.17 13:55:25.480,0.70155,0.70185,9.30,8.00
2010.05.17 13:55:26.139,0.70155,0.70185,9.20,9.00
2010.05.17 13:55:27.086,0.70155,0.70185,7.60,9.00
2010.05.17 13:55:28.501,0.70155,0.70185,7.60,8.20
2010.05.17 13:55:28.800,0.70155,0.70185,7.60,9.00
2010.05.17 13:55:29.399,0.70155,0.70185,7.60,8.80
2010.05.17 13:55:34.752,0.7015,0.7017,2.40,2.40
2010.05.17 13:55:35.911,0.70145,0.7017,1.00,3.20
2010.05.17 13:55:37.207,0.70145,0.7017,1.00,3.20
2010.05.17 13:55:37.503,0.70145,0.70175,8.80,8.40
2010.05.17 13:55:38.402,0.7015,0.70175,1.00,8.40
2010.05.17 13:55:39.098,0.70145,0.70175,8.70,8.40
2010.05.17 13:55:39.330,0.70145,0.7017,2.30,2.40
2010.05.17 13:55:40.467,0.7015,0.70175,1.00,5.60
2010.05.17 13:55:44.911,0.70155,0.7018,1.00,4.80
2010.05.17 13:55:45.517,0.7015,0.70175,2.70,2.40
2010.05.17 13:55:45.806,0.7015,0.70175,2.30,5.60
2010.05.17 13:55:46.706,0.70145,0.7017,1.00,4.80
2010.05.17 13:55:47.055,0.7014,0.70165,7.10,1.00
2010.05.17 13:55:47.797,0.7014,0.70155,4.00,1.00
2010.05.17 13:55:48.469,0.7014,0.70155,2.40,1.00
2010.05.17 13:55:48.727,0.7013,0.70155,1.60,7.80
2010.05.17 13:55:49.609,0.70125,0.70155,7.20,10.40
2010.05.17 13:55:49.953,0.70125,0.7015,4.90,1.00
2010.05.17 13:55:51.112,0.70125,0.7015,4.90,4.40
2010.05.17 13:55:51.629,0.70125,0.7015,5.00,2.40
2010.05.17 13:55:52.279,0.70125,0.7015,5.80,2.40
2010.05.17 13:55:52.969,0.7013,0.7016,7.10,6.80
2010.05.17 13:55:53.917,0.7013,0.7016,7.10,4.80
2010.05.17 13:55:54.249,0.70135,0.70155,1.00,1.00
2010.05.17 13:55:55.523,0.70135,0.70155,1.00,1.60
2010.05.17 13:55:55.663,0.70135,0.7016,1.00,9.60
2010.05.17 13:55:55.800,0.7013,0.70155,8.70,1.00
2010.05.17 13:55:56.883,0.7013,0.7016,7.10,6.80
2010.05.17 13:55:57.229,0.7013,0.7016,7.10,7.60
2010.05.17 13:55:58.526,0.7013,0.7016,7.10,6.80
2010.05.17 13:55:59.415,0.70135,0.7016,1.00,3.20
2010.05.17 13:55:59.702,0.7013,0.7016,7.90,9.20
2010.05.17 13:55:59.989,0.7013,0.7016,6.30,9.20
2010.05.17 13:56:00.909,0.7013,0.70155,6.30,1.00
2010.05.17 13:56:01.161,0.7013,0.70155,5.50,1.00
2010.05.17 13:56:01.405,0.7013,0.70155,3.10,3.20
2010.05.17 13:56:02.248,0.7013,0.70155,3.50,3.20
2010.05.17 13:56:02.583,0.7013,0.70155,6.30,1.00
2010.05.17 13:56:02.920,0.7013,0.70155,5.90,1.00
2010.05.17 13:56:03.696,0.7013,0.70155,5.50,1.00
2010.05.17 13:56:05.114,0.7013,0.7016,7.10,4.80
2010.05.17 13:56:05.431,0.70135,0.70165,9.10,7.20
2010.05.17 13:56:06.630,0.70135,0.70165,9.40,7.20
2010.05.17 13:56:06.919,0.70135,0.70165,9.20,7.20
2010.05.17 13:56:07.872,0.70135,0.70165,9.20,8.00
2010.05.17 13:56:08.209,0.70135,0.70165,9.20,7.60
2010.05.17 13:56:08.539,0.70135,0.70165,9.10,7.20
2010.05.17 13:56:09.408,0.7014,0.70165,5.50,2.40
2010.05.17 13:56:09.659,0.70145,0.7017,1.00,6.80
2010.05.17 13:56:10.394,0.70135,0.70165,13.80,1.00
2010.05.17 13:56:10.736,0.7014,0.70165,1.50,5.60
2010.05.17 13:56:12.391,0.7014,0.70165,1.00,6.00
2010.05.17 13:56:13.034,0.7014,0.70165,1.00,6.20
2010.05.17 13:56:13.281,0.70135,0.70165,5.10,15.00
2010.05.17 13:56:13.518,0.7013,0.7016,7.10,4.80
2010.05.17 13:56:14.446,0.7013,0.7016,8.70,4.80
2010.05.17 13:56:14.792,0.7013,0.7016,7.10,4.80
2010.05.17 13:56:15.140,0.7013,0.7016,8.70,4.80
2010.05.17 13:56:16.074,0.7013,0.7016,7.10,4.80
2010.05.17 13:56:16.430,0.7013,0.7016,7.90,4.80
2010.05.17 13:56:18.255,0.7013,0.7016,7.50,4.80
2010.05.17 13:56:19.231,0.7013,0.7016,7.10,4.80
2010.05.17 13:56:19.531,0.7013,0.7016,7.90,4.80
2010.05.17 13:56:20.490,0.7013,0.7016,6.30,4.80
2010.05.17 13:56:21.532,0.70135,0.7016,1.00,4.80
2010.05.17 13:56:21.831,0.70135,0.70165,8.70,8.40
2010.05.17 13:56:23.036,0.70135,0.70165,7.10,8.40
2010.05.17 13:56:23.379,0.70135,0.70155,2.40,1.00
2010.05.17 13:56:23.719,0.7013,0.70155,8.70,1.00
2010.05.17 13:56:24.405,0.7013,0.70155,7.10,1.00
2010.05.17 13:56:24.743,0.7013,0.7016,9.50,4.80
2010.05.17 13:56:25.073,0.7013,0.7016,8.70,4.80
2010.05.17 13:56:25.971,0.7013,0.7016,7.10,4.80
2010.05.17 13:56:26.191,0.7013,0.70155,7.10,1.00
2010.05.17 13:56:26.410,0.7013,0.7016,7.10,4.80
2010.05.17 13:56:26.633,0.70135,0.7016,7.10,1.00
2010.05.17 13:56:27.565,0.7013,0.7016,9.50,4.80
2010.05.17 13:56:27.877,0.7013,0.7016,7.90,4.80
2010.05.17 13:56:29.079,0.7013,0.7016,7.10,4.80
2010.05.17 13:56:29.628,0.7013,0.7016,5.50,4.80
2010.05.17 13:56:31.545,0.7013,0.70155,5.50,0.10
2010.05.17 13:56:32.367,0.7013,0.70155,4.80,1.20
2010.05.17 13:56:32.380,0.7013,0.70155,4.80,1.20
2010.05.17 13:56:32.609,0.70125,0.7015,2.70,2.40
2010.05.17 13:56:33.668,0.70125,0.7015,4.30,2.40
2010.05.17 13:56:34.988,0.7013,0.70155,1.00,9.20
2010.05.17 13:56:35.240,0.7012,0.7015,13.10,4.80
2010.05.17 13:56:35.481,0.7012,0.7015,8.70,4.80
2010.05.17 13:56:36.288,0.7012,0.7015,7.10,4.80
2010.05.17 13:56:36.873,0.7012,0.70145,7.10,1.20
2010.05.17 13:56:37.164,0.7012,0.70145,3.10,4.00
2010.05.17 13:56:37.893,0.70115,0.70145,8.90,4.20
2010.05.17 13:56:38.187,0.70115,0.70145,8.90,6.60
2010.05.17 13:56:39.465,0.70125,0.70145,1.00,4.00
2010.05.17 13:56:39.809,0.70125,0.70145,1.00,5.60
2010.05.17 13:56:42.272,0.70125,0.70145,1.00,4.80
2010.05.17 13:56:43.211,0.70125,0.70145,1.00,4.80
2010.05.17 13:56:44.866,0.70125,0.70145,1.00,3.20
2010.05.17 13:56:45.916,0.70125,0.70145,1.00,4.00
2010.05.17 13:56:46.189,0.70125,0.70145,1.00,4.00
2010.05.17 13:56:47.367,0.70125,0.70145,1.00,5.60
2010.05.17 13:56:51.057,0.70125,0.70145,1.00,4.80
2010.05.17 13:56:52.319,0.70125,0.70145,1.00,5.60
2010.05.17 13:56:52.469,0.70125,0.70145,1.00,4.80
2010.05.17 13:56:53.718,0.70125,0.70145,1.00,5.60
2010.05.17 13:56:54.037,0.70125,0.70145,1.00,4.80
2010.05.17 13:56:55.028,0.70125,0.7015,1.00,8.70
2010.05.17 13:56:55.963,0.70125,0.70145,1.00,1.00
2010.05.17 13:56:56.255,0.70115,0.7014,2.80,4.00
2010.05.17 13:56:57.775,0.70115,0.7014,1.00,4.80
2010.05.17 13:56:58.022,0.70115,0.7014,1.00,5.60
2010.05.17 13:57:00.833,0.70115,0.70135,1.00,3.20
2010.05.17 13:57:01.728,0.70105,0.7013,3.60,2.40
2010.05.17 13:57:01.980,0.70105,0.7013,1.10,4.80
2010.05.17 13:57:04.862,0.70115,0.7013,1.00,2.40
2010.05.17 13:57:07.889,0.70115,0.7013,1.00,4.40
2010.05.17 13:57:09.346,0.70105,0.7013,2.80,4.40
2010.05.17 13:57:12.524,0.70115,0.7013,1.00,4.40
2010.05.17 13:57:15.460,0.70105,0.7013,2.70,4.80
2010.05.17 13:57:15.767,0.70105,0.7013,2.70,4.40
2010.05.17 13:57:18.515,0.70105,0.7013,2.70,4.00
2010.05.17 13:57:18.732,0.70115,0.7013,1.00,2.40
2010.05.17 13:57:20.125,0.70105,0.7013,2.80,2.40
2010.05.17 13:57:20.470,0.70105,0.7013,2.80,2.40
2010.05.17 13:57:23.042,0.70105,0.7013,2.30,2.40
2010.05.17 13:57:24.125,0.70105,0.7013,2.30,4.40
2010.05.17 13:57:24.452,0.70105,0.7013,1.00,7.20
2010.05.17 13:57:24.779,0.701,0.7013,7.10,7.20
2010.05.17 13:57:25.698,0.701,0.70125,3.10,3.20
2010.05.17 13:57:25.990,0.701,0.70125,1.00,3.20
2010.05.17 13:57:26.281,0.701,0.70125,1.00,5.60
2010.05.17 13:57:26.930,0.701,0.7012,1.00,2.40
2010.05.17 13:57:27.235,0.70095,0.7012,2.40,4.80
2010.05.17 13:57:28.774,0.70095,0.7012,1.00,4.80
2010.05.17 13:57:30.285,0.70095,0.7012,1.00,5.60
2010.05.17 13:57:30.552,0.70095,0.70115,1.00,1.00
2010.05.17 13:57:31.649,0.70095,0.70115,1.00,1.00
2010.05.17 13:57:33.581,0.70095,0.70115,1.00,1.00
2010.05.17 13:57:34.504,0.701,0.7012,1.00,6.80
2010.05.17 13:57:34.772,0.701,0.70115,1.00,1.00
2010.05.17 13:57:36.024,0.701,0.7012,1.00,5.20
2010.05.17 13:57:36.250,0.70095,0.7012,1.60,5.20
2010.05.17 13:57:37.092,0.70095,0.7012,1.60,5.20
2010.05.17 13:57:37.301,0.70105,0.7012,1.00,5.20
2010.05.17 13:57:37.641,0.70105,0.70125,1.00,13.20
2010.05.17 13:57:38.547,0.70105,0.70125,1.00,1.60
2010.05.17 13:57:39.451,0.70105,0.7013,1.00,7.20
2010.05.17 13:57:39.793,0.70105,0.7013,1.10,7.20
2010.05.17 13:57:40.140,0.70105,0.7013,1.10,5.60
2010.05.17 13:57:41.450,0.70115,0.7013,1.00,5.60
2010.05.17 13:57:42.387,0.70115,0.70135,1.00,9.50
2010.05.17 13:57:42.746,0.7012,0.70145,2.40,5.50
2010.05.17 13:57:43.715,0.7012,0.70145,7.20,2.40
2010.05.17 13:57:43.955,0.70125,0.70155,7.40,5.60
2010.05.17 13:57:44.855,0.70125,0.70155,7.30,5.80
2010.05.17 13:57:45.123,0.7013,0.7015,1.00,1.00
2010.05.17 13:57:46.101,0.7013,0.70155,1.00,4.80
2010.05.17 13:57:48.232,0.7013,0.70155,1.10,4.80
2010.05.17 13:57:48.505,0.70135,0.70155,1.00,1.60
2010.05.17 13:57:48.783,0.70135,0.7016,1.00,7.20
2010.05.17 13:57:49.725,0.70135,0.70155,1.00,2.40
2010.05.17 13:57:50.076,0.70135,0.70155,1.00,3.20
2010.05.17 13:57:51.134,0.7013,0.70155,3.10,2.40
2010.05.17 13:57:52.085,0.7013,0.70155,1.10,4.80
2010.05.17 13:57:52.361,0.7013,0.70155,1.50,4.80
2010.05.17 13:57:53.852,0.70125,0.70155,7.30,6.40
2010.05.17 13:57:54.087,0.70125,0.70145,1.00,1.00
2010.05.17 13:57:55.095,0.70105,0.70135,7.90,6.40
2010.05.17 13:57:55.440,0.70105,0.70135,9.00,6.60
2010.05.17 13:57:56.345,0.70115,0.70135,1.60,4.80
2010.05.17 13:57:56.601,0.70105,0.70135,9.20,4.80
2010.05.17 13:57:57.800,0.7011,0.70135,1.00,3.20
2010.05.17 13:57:59.390,0.70105,0.70115,1.60,2.40
2010.05.17 13:58:00.213,0.701,0.70115,2.40,4.80
2010.05.17 13:58:00.422,0.70085,0.70115,9.60,4.80
2010.05.17 13:58:00.628,0.70085,0.70115,11.60,4.80
2010.05.17 13:58:01.325,0.7009,0.70115,1.00,4.00
2010.05.17 13:58:01.674,0.70105,0.7012,1.60,7.20
2010.05.17 13:58:02.020,0.70095,0.7012,1.60,7.20
2010.05.17 13:58:03.004,0.70075,0.701,7.90,1.00
2010.05.17 13:58:03.363,0.7007,0.70095,1.60,4.80
2010.05.17 13:58:04.261,0.7007,0.70095,6.40,1.00
2010.05.17 13:58:04.472,0.70085,0.70095,1.60,1.00
2010.05.17 13:58:04.689,0.70075,0.70095,1.00,1.00
2010.05.17 13:58:05.523,0.70075,0.70095,1.00,4.80
2010.05.17 13:58:05.872,0.70085,0.70095,1.00,4.80
2010.05.17 13:58:06.836,0.70095,0.7013,1.00,10.00
2010.05.17 13:58:07.141,0.70095,0.70115,1.00,1.60
2010.05.17 13:58:08.072,0.70095,0.70115,1.00,4.00
2010.05.17 13:58:08.339,0.70095,0.70115,1.00,1.00
2010.05.17 13:58:11.402,0.70095,0.7012,1.00,8.80
2010.05.17 13:58:11.741,0.70095,0.7012,1.00,10.80
2010.05.17 13:58:12.649,0.70085,0.70115,7.60,6.80
2010.05.17 13:58:12.892,0.70085,0.70115,7.60,8.40
2010.05.17 13:58:13.766,0.70085,0.7011,1.00,8.80
2010.05.17 13:58:14.043,0.7008,0.7011,9.90,8.80
2010.05.17 13:58:14.882,0.7008,0.70105,4.00,3.20
2010.05.17 13:58:15.212,0.70085,0.70105,1.00,4.80
2010.05.17 13:58:15.542,0.7008,0.70105,3.20,1.00
2010.05.17 13:58:16.487,0.7008,0.70105,5.20,1.00
2010.05.17 13:58:16.735,0.7008,0.70105,4.80,2.40
2010.05.17 13:58:16.982,0.7008,0.70105,4.80,6.20
2010.05.17 13:58:17.234,0.70075,0.701,2.30,3.20
2010.05.17 13:58:18.204,0.7007,0.70095,5.50,1.00
2010.05.17 13:58:19.413,0.7007,0.70095,5.50,1.60
2010.05.17 13:58:20.609,0.7007,0.70095,5.50,1.00
2010.05.17 13:58:20.927,0.70075,0.70095,1.00,1.00
2010.05.17 13:58:22.579,0.7007,0.70095,6.30,1.00
2010.05.17 13:58:23.536,0.70075,0.70095,1.00,1.00
2010.05.17 13:58:23.785,0.70075,0.701,1.00,2.40
2010.05.17 13:58:24.032,0.70075,0.701,1.00,4.80
2010.05.17 13:58:24.922,0.7008,0.70105,5.50,4.00
2010.05.17 13:58:25.258,0.7008,0.70105,6.30,4.00
2010.05.17 13:58:25.924,0.70085,0.70105,1.00,4.00
2010.05.17 13:58:26.156,0.7008,0.70105,5.50,4.00
2010.05.17 13:58:26.381,0.7008,0.70105,5.90,2.40
2010.05.17 13:58:27.035,0.70085,0.70105,1.00,2.40
2010.05.17 13:58:27.393,0.70085,0.7011,2.20,5.60
2010.05.17 13:58:27.743,0.70085,0.7011,2.90,4.80
2010.05.17 13:58:28.691,0.70085,0.7011,2.80,4.80
2010.05.17 13:58:28.913,0.7008,0.701,2.40,2.40
2010.05.17 13:58:29.140,0.70075,0.701,3.40,3.20
2010.05.17 13:58:29.801,0.70075,0.701,3.40,4.80
2010.05.17 13:58:30.401,0.70075,0.701,2.60,4.80
2010.05.17 13:58:30.746,0.70075,0.701,1.00,4.80
2010.05.17 13:58:32.130,0.70075,0.701,1.00,2.40
2010.05.17 13:58:33.021,0.70075,0.701,1.00,4.80
2010.05.17 13:58:34.244,0.70075,0.701,1.20,4.80
2010.05.17 13:58:34.579,0.70075,0.701,2.70,3.20
2010.05.17 13:58:35.542,0.7008,0.70095,5.50,1.00
2010.05.17 13:58:35.886,0.7007,0.701,7.10,5.60
2010.05.17 13:58:37.143,0.70075,0.701,5.50,1.00
2010.05.17 13:58:38.196,0.70075,0.701,5.50,3.20
2010.05.17 13:58:38.542,0.70075,0.70095,4.80,1.00
2010.05.17 13:58:39.823,0.70065,0.70085,1.00,2.40
2010.05.17 13:58:40.763,0.70065,0.70085,4.80,1.00
2010.05.17 13:58:41.075,0.70065,0.70085,1.60,8.20
2010.05.17 13:58:42.338,0.70055,0.70085,9.30,7.20
2010.05.17 13:58:42.678,0.70055,0.70085,7.70,7.20
2010.05.17 13:58:43.639,0.7006,0.70085,5.50,1.00
2010.05.17 13:58:45.328,0.7006,0.70085,5.90,1.00
2010.05.17 13:58:45.552,0.7006,0.70085,6.30,1.00
2010.05.17 13:58:46.373,0.7006,0.70085,5.50,1.00
2010.05.17 13:58:46.918,0.7007,0.7009,1.00,4.00
2010.05.17 13:58:47.711,0.7007,0.7009,1.00,1.60
2010.05.17 13:58:47.993,0.7007,0.70095,1.00,8.80
2010.05.17 13:58:48.272,0.70075,0.70095,1.00,8.80
2010.05.17 13:58:49.191,0.70075,0.70095,1.00,4.80
2010.05.17 13:58:49.424,0.70075,0.701,5.40,1.60
2010.05.17 13:58:49.663,0.70075,0.701,5.70,1.60
2010.05.17 13:58:50.551,0.70075,0.701,8.00,1.60
2010.05.17 13:58:51.953,0.70075,0.70105,7.90,8.80
2010.05.17 13:58:52.200,0.70075,0.70105,7.90,7.20
2010.05.17 13:58:53.110,0.7009,0.7011,2.00,1.00
2010.05.17 13:58:53.943,0.7009,0.70115,6.40,2.40
2010.05.17 13:58:54.295,0.70105,0.70125,1.00,7.70
2010.05.17 13:58:55.274,0.70105,0.70125,1.00,4.40
2010.05.17 13:58:55.611,0.7009,0.7012,7.10,8.00
2010.05.17 13:58:56.559,0.7009,0.70115,7.10,1.00
2010.05.17 13:58:58.408,0.7009,0.70115,7.10,1.00
2010.05.17 13:58:59.085,0.7009,0.7012,7.10,8.80
2010.05.17 13:58:59.322,0.7009,0.7012,9.10,7.20
2010.05.17 13:58:59.547,0.7009,0.7012,8.70,7.20
2010.05.17 13:59:00.874,0.7009,0.70115,7.10,1.00
2010.05.17 13:59:01.125,0.7009,0.70115,7.50,1.00
2010.05.17 13:59:02.013,0.70085,0.70115,7.50,7.20
2010.05.17 13:59:03.591,0.70085,0.70115,7.70,7.20
2010.05.17 13:59:03.881,0.70085,0.70115,9.30,7.20
2010.05.17 13:59:04.808,0.70085,0.70115,7.50,7.20
2010.05.17 13:59:05.123,0.70085,0.70115,8.20,7.20
2010.05.17 13:59:06.068,0.7009,0.70115,1.00,7.20
2010.05.17 13:59:06.371,0.70095,0.70115,1.00,4.80
2010.05.17 13:59:07.290,0.70095,0.7012,1.00,6.40
2010.05.17 13:59:07.593,0.7009,0.70115,5.90,1.00
2010.05.17 13:59:08.500,0.70095,0.70115,2.40,1.00
2010.05.17 13:59:08.811,0.70095,0.7012,3.60,6.40
2010.05.17 13:59:09.115,0.701,0.7012,1.00,1.00
2010.05.17 13:59:09.783,0.701,0.7012,3.20,2.40
2010.05.17 13:59:11.423,0.70105,0.70125,3.20,5.30
2010.05.17 13:59:15.659,0.7011,0.70125,3.20,4.40
2010.05.17 13:59:15.989,0.7011,0.70125,3.20,2.80
2010.05.17 13:59:16.588,0.70105,0.70125,5.80,2.80
2010.05.17 13:59:16.718,0.70105,0.70125,3.20,2.80
2010.05.17 13:59:22.120,0.70105,0.70125,3.30,2.80
2010.05.17 13:59:22.427,0.70105,0.70125,3.20,2.80
2010.05.17 13:59:22.739,0.70105,0.70125,3.20,4.40
2010.05.17 13:59:23.051,0.701,0.70125,4.00,7.70
2010.05.17 13:59:26.609,0.701,0.70125,3.20,7.70
2010.05.17 13:59:27.159,0.70105,0.70125,1.00,7.70
2010.05.17 13:59:28.074,0.70105,0.70125,3.20,2.10
2010.05.17 13:59:33.203,0.701,0.70125,4.70,4.50
2010.05.17 13:59:34.309,0.701,0.70125,3.90,4.50
2010.05.17 13:59:34.540,0.701,0.70125,3.20,6.30
2010.05.17 13:59:35.215,0.701,0.70125,3.20,6.70
2010.05.17 13:59:35.568,0.701,0.70125,3.20,7.30
2010.05.17 13:59:35.909,0.701,0.70125,3.20,8.90
2010.05.17 13:59:36.816,0.70095,0.70115,3.20,1.00
2010.05.17 13:59:37.101,0.7009,0.70115,7.60,1.00
2010.05.17 13:59:37.391,0.7009,0.70115,3.10,3.20
2010.05.17 13:59:38.899,0.7009,0.70115,2.40,4.80
2010.05.17 13:59:40.239,0.7009,0.70115,2.40,6.40
2010.05.17 13:59:40.317,0.7009,0.70115,2.40,8.40
2010.05.17 13:59:40.399,0.7009,0.7011,2.40,3.20
2010.05.17 13:59:41.122,0.70085,0.70105,3.90,1.00
2010.05.17 13:59:42.162,0.70085,0.7011,3.90,3.20
2010.05.17 13:59:42.349,0.70085,0.70105,3.90,1.00
2010.05.17 13:59:43.530,0.70085,0.7011,3.90,3.20
2010.05.17 13:59:43.868,0.70085,0.70105,3.90,1.00
2010.05.17 13:59:46.042,0.70085,0.70105,3.20,1.00
2010.05.17 13:59:48.941,0.70085,0.70105,3.20,2.50
2010.05.17 13:59:49.203,0.70085,0.70105,3.20,3.40
2010.05.17 13:59:50.092,0.70085,0.70105,3.20,3.20
2010.05.17 13:59:50.351,0.70085,0.7011,3.30,4.80
2010.05.17 13:59:50.609,0.70085,0.7011,3.20,4.80
2010.05.17 13:59:51.763,0.70085,0.70105,3.20,1.00
2010.05.17 13:59:53.979,0.70085,0.7011,3.20,4.80
2010.05.17 13:59:54.839,0.70085,0.7011,3.30,4.80
2010.05.17 13:59:57.632,0.70085,0.7011,3.20,4.80
