2010.12.15 01:00:08.246,0.74964,0.74983,1.50,3.20
2010.12.15 01:00:08.374,0.74965,0.74985,1.10,2.30
2010.12.15 01:00:08.488,0.74963,0.74988,2.30,1.40
2010.12.15 01:00:09.365,0.74964,0.74988,1.10,1.20
2010.12.15 01:00:10.967,0.74964,0.74988,1.30,1.20
2010.12.15 01:00:11.517,0.74964,0.74988,1.60,1.20
2010.12.15 01:00:13.160,0.74964,0.74988,2.80,1.20
2010.12.15 01:00:14.141,0.74964,0.74988,3.40,1.20
2010.12.15 01:00:16.278,0.74965,0.74988,1.10,1.20
2010.12.15 01:00:16.816,0.74978,0.7499,1.40,3.00
2010.12.15 01:00:17.043,0.74979,0.75001,1.20,1.50
2010.12.15 01:00:17.159,0.74985,0.75004,1.70,2.30
2010.12.15 01:00:17.600,0.74993,0.75016,1.30,2.30
2010.12.15 01:00:47.949,0.74992,0.75016,2.20,2.30
2010.12.15 01:00:48.498,0.74991,0.75016,11.40,2.30
2010.12.15 01:00:49.229,0.74992,0.75016,1.50,2.30
2010.12.15 01:00:51.737,0.74992,0.75016,4.50,2.30
2010.12.15 01:01:01.147,0.74994,0.75017,1.30,1.50
2010.12.15 01:01:01.296,0.74995,0.75014,1.10,1.50
2010.12.15 01:01:01.410,0.74993,0.75014,1.20,2.30
2010.12.15 01:01:01.528,0.74991,0.75011,1.50,2.30
2010.12.15 01:01:02.096,0.7499,0.75012,1.50,1.50
2010.12.15 01:01:04.585,0.74987,0.7501,2.30,1.20
2010.12.15 01:01:05.098,0.74986,0.75008,1.50,2.70
2010.12.15 01:01:05.595,0.74979,0.75005,2.10,3.00
2010.12.15 01:01:05.731,0.74978,0.75,1.50,1.50
2010.12.15 01:01:06.070,0.74978,0.74995,1.50,1.50
2010.12.15 01:01:10.296,0.74974,0.74995,1.50,1.50
2010.12.15 01:01:10.837,0.74973,0.74995,1.50,1.50
2010.12.15 01:01:13.737,0.74971,0.74992,1.50,1.50
2010.12.15 01:01:14.177,0.7497,0.7499,1.50,1.50
2010.12.15 01:01:16.995,0.74967,0.74994,1.90,1.50
2010.12.15 01:01:33.467,0.74968,0.74996,1.10,1.50
2010.12.15 01:01:33.973,0.74971,0.74998,1.10,1.50
2010.12.15 01:01:34.338,0.74973,0.74998,1.10,1.50
2010.12.15 01:01:37.279,0.7497,0.74996,1.20,3.00
2010.12.15 01:01:39.301,0.7497,0.74996,1.10,4.50
2010.12.15 01:02:18.027,0.74981,0.75002,1.10,1.50
2010.12.15 01:02:18.140,0.74982,0.75008,1.10,3.00
2010.12.15 01:02:18.368,0.74981,0.75008,3.60,2.30
2010.12.15 01:02:18.480,0.74983,0.75007,1.30,1.50
2010.12.15 01:02:18.819,0.74987,0.75007,1.30,1.50
2010.12.15 01:02:18.937,0.74987,0.7501,1.30,1.50
2010.12.15 01:02:19.803,0.74987,0.75011,1.30,1.50
2010.12.15 01:02:21.849,0.74984,0.7501,1.10,2.30
2010.12.15 01:02:24.301,0.74984,0.75004,1.10,1.50
2010.12.15 01:02:24.420,0.74976,0.74999,1.90,1.90
2010.12.15 01:02:24.923,0.74974,0.74998,1.10,2.70
2010.12.15 01:02:25.482,0.74973,0.74998,1.50,2.70
2010.12.15 01:02:26.106,0.74973,0.74996,1.50,1.50
2010.12.15 01:02:26.221,0.74969,0.74996,6.60,2.30
2010.12.15 01:02:29.046,0.7497,0.74996,1.30,2.30
2010.12.15 01:02:29.671,0.7497,0.74996,1.10,2.30
2010.12.15 01:02:35.697,0.74971,0.74997,2.50,1.90
2010.12.15 01:02:35.841,0.74976,0.74999,1.40,5.30
2010.12.15 01:02:36.376,0.74976,0.74999,2.90,2.30
2010.12.15 01:02:36.842,0.74976,0.75,2.90,2.30
2010.12.15 01:02:38.212,0.74976,0.75,6.30,2.30
2010.12.15 01:02:38.868,0.74979,0.75,1.10,2.30
2010.12.15 01:02:39.619,0.74979,0.75,1.10,2.30
2010.12.15 01:02:40.049,0.74979,0.75001,1.10,1.50
2010.12.15 01:02:40.268,0.74979,0.75002,1.10,2.30
2010.12.15 01:02:40.775,0.74986,0.75004,1.30,1.90
2010.12.15 01:02:41.005,0.74988,0.75008,1.30,1.50
2010.12.15 01:02:41.567,0.74988,0.75007,1.30,1.50
2010.12.15 01:02:43.677,0.74992,0.75007,1.10,1.50
2010.12.15 01:02:43.791,0.74992,0.75011,1.10,1.50
2010.12.15 01:02:44.390,0.74992,0.75012,1.10,1.50
2010.12.15 01:02:49.143,0.74992,0.75015,1.10,1.50
2010.12.15 01:02:49.979,0.74992,0.75014,1.10,1.50
2010.12.15 01:02:57.239,0.74993,0.75014,3.80,1.50
2010.12.15 01:02:57.355,0.74996,0.7502,2.90,1.50
2010.12.15 01:02:57.763,0.75001,0.75026,4.00,2.30
2010.12.15 01:02:58.110,0.75001,0.75026,3.40,2.30
2010.12.15 01:02:58.349,0.75,0.75026,1.10,2.30
2010.12.15 01:02:58.569,0.74998,0.7502,1.30,1.50
2010.12.15 01:03:00.906,0.74997,0.75018,1.90,1.50
2010.12.15 01:03:01.069,0.74997,0.7502,1.90,2.30
2010.12.15 01:03:12.376,0.74995,0.75017,1.50,1.50
2010.12.15 01:03:12.889,0.74995,0.75019,1.10,4.20
2010.12.15 01:03:13.217,0.74997,0.75021,1.30,2.30
2010.12.15 01:03:14.417,0.74995,0.75021,1.30,2.30
2010.12.15 01:03:22.939,0.74995,0.75018,1.30,1.50
2010.12.15 01:03:23.419,0.74993,0.75017,1.50,3.00
2010.12.15 01:03:23.535,0.74991,0.75017,2.10,3.00
2010.12.15 01:03:25.490,0.74987,0.75015,1.90,1.50
2010.12.15 01:03:26.114,0.74987,0.75013,1.90,1.50
2010.12.15 01:03:29.012,0.74987,0.75013,1.50,1.50
2010.12.15 01:03:30.210,0.74984,0.75009,1.90,1.50
2010.12.15 01:03:34.247,0.74984,0.75009,2.10,1.50
2010.12.15 01:03:34.468,0.74986,0.75012,1.30,1.50
2010.12.15 01:03:38.201,0.74986,0.75012,1.10,1.50
2010.12.15 01:03:38.324,0.74986,0.75012,1.10,1.50
2010.12.15 01:03:38.779,0.74984,0.75011,2.80,1.50
2010.12.15 01:03:39.606,0.74986,0.75012,1.30,1.50
2010.12.15 01:04:18.987,0.74988,0.75014,1.30,1.50
2010.12.15 01:04:29.461,0.74986,0.75014,1.30,1.50
2010.12.15 01:05:07.454,0.74986,0.75012,2.90,2.30
2010.12.15 01:05:08.118,0.74986,0.75013,2.90,2.30
2010.12.15 01:05:09.487,0.74986,0.75014,1.40,4.50
2010.12.15 01:05:10.031,0.74986,0.75014,1.60,4.50
2010.12.15 01:05:10.149,0.74986,0.75014,1.40,4.50
2010.12.15 01:05:24.138,0.74986,0.75013,1.30,3.80
2010.12.15 01:05:38.827,0.74983,0.75008,1.40,2.70
2010.12.15 01:05:40.320,0.74983,0.75009,2.10,5.30
2010.12.15 01:05:41.039,0.74985,0.75009,1.30,1.50
2010.12.15 01:05:42.569,0.74985,0.75009,1.10,1.50
2010.12.15 01:05:43.270,0.74985,0.75008,1.10,1.50
2010.12.15 01:05:43.610,0.74982,0.75008,1.10,2.30
2010.12.15 01:05:44.008,0.74982,0.75004,1.10,1.50
2010.12.15 01:05:44.130,0.74979,0.75004,1.10,2.30
2010.12.15 01:06:20.540,0.74979,0.75003,1.10,2.40
2010.12.15 01:06:25.188,0.74979,0.75003,1.10,2.40
2010.12.15 01:06:39.421,0.74978,0.75003,1.10,2.40
2010.12.15 01:06:39.580,0.74978,0.75001,1.10,1.50
2010.12.15 01:06:39.702,0.7497,0.74996,2.60,1.50
2010.12.15 01:06:40.349,0.74965,0.7499,1.90,1.50
2010.12.15 01:06:40.462,0.74963,0.74989,1.10,1.50
2010.12.15 01:06:42.450,0.74964,0.7499,1.10,1.50
2010.12.15 01:06:58.761,0.74965,0.7499,1.10,1.50
2010.12.15 01:07:06.542,0.74964,0.74994,1.10,1.50
2010.12.15 01:07:07.850,0.74964,0.74992,1.10,1.20
2010.12.15 01:07:08.471,0.74962,0.74989,2.60,1.20
2010.12.15 01:07:29.737,0.74963,0.74989,1.90,1.20
2010.12.15 01:07:30.178,0.74966,0.74992,1.10,1.50
2010.12.15 01:07:30.927,0.74966,0.7498,1.10,1.50
2010.12.15 01:07:31.041,0.74963,0.7498,1.10,1.50
2010.12.15 01:07:31.159,0.74963,0.74984,1.50,2.90
2010.12.15 01:07:31.380,0.74969,0.74991,2.40,1.50
2010.12.15 01:07:31.507,0.74968,0.74991,2.30,1.40
2010.12.15 01:07:31.729,0.74967,0.7499,1.10,2.30
2010.12.15 01:07:32.610,0.74967,0.74991,1.10,2.30
2010.12.15 01:07:33.225,0.74966,0.74991,3.10,2.30
2010.12.15 01:07:35.357,0.74967,0.74991,2.10,2.30
2010.12.15 01:07:41.336,0.74967,0.74991,3.70,2.50
2010.12.15 01:07:44.170,0.74967,0.74991,1.80,2.50
2010.12.15 01:07:49.723,0.74966,0.74987,1.20,1.40
2010.12.15 01:07:51.475,0.74966,0.74987,1.20,1.40
2010.12.15 01:07:52.102,0.74966,0.74987,1.20,1.40
2010.12.15 01:07:53.506,0.74966,0.7499,1.10,5.90
2010.12.15 01:07:54.757,0.74965,0.74987,1.10,1.90
2010.12.15 01:07:55.817,0.74964,0.74987,1.10,1.90
2010.12.15 01:07:56.491,0.74966,0.74989,1.40,1.20
2010.12.15 01:07:56.810,0.74967,0.74992,1.70,2.70
2010.12.15 01:08:14.101,0.74968,0.74992,1.10,4.40
2010.12.15 01:08:15.828,0.74967,0.74992,1.80,4.40
2010.12.15 01:08:16.250,0.74968,0.74992,1.10,4.40
2010.12.15 01:08:20.149,0.74967,0.74992,1.80,4.40
2010.12.15 01:08:28.374,0.74969,0.74992,1.30,2.70
2010.12.15 01:08:29.746,0.74969,0.74992,1.50,2.70
2010.12.15 01:08:35.568,0.74969,0.74992,1.40,2.70
2010.12.15 01:08:39.406,0.74969,0.7499,1.30,2.30
2010.12.15 01:08:39.526,0.74965,0.74986,1.30,1.50
2010.12.15 01:09:36.319,0.74957,0.7498,1.10,2.30
2010.12.15 01:09:36.437,0.74952,0.74978,1.10,1.20
2010.12.15 01:09:36.892,0.74948,0.74974,1.10,1.50
2010.12.15 01:09:42.998,0.74946,0.74966,1.10,1.50
2010.12.15 01:09:43.110,0.74946,0.74968,1.30,1.50
2010.12.15 01:09:43.549,0.74946,0.74966,1.30,1.50
2010.12.15 01:09:43.991,0.74946,0.74969,1.30,1.50
2010.12.15 01:09:49.070,0.74946,0.74971,1.30,2.30
2010.12.15 01:09:49.192,0.74948,0.74971,2.10,2.30
2010.12.15 01:09:49.529,0.74956,0.74974,1.10,1.50
2010.12.15 01:09:55.529,0.74954,0.74974,1.10,1.50
2010.12.15 01:09:59.800,0.74954,0.74977,1.10,1.50
2010.12.15 01:09:59.918,0.74954,0.74977,1.10,1.50
2010.12.15 01:10:00.498,0.74955,0.74976,1.10,1.50
2010.12.15 01:10:00.783,0.74954,0.74976,1.10,1.50
2010.12.15 01:10:01.341,0.74954,0.74974,1.10,1.50
2010.12.15 01:10:06.649,0.74954,0.74975,1.10,1.50
2010.12.15 01:10:07.321,0.74956,0.74975,1.10,3.00
2010.12.15 01:10:07.500,0.74953,0.74975,1.10,3.00
2010.12.15 01:10:08.550,0.74953,0.74975,1.20,1.50
2010.12.15 01:10:10.514,0.74955,0.74977,1.10,3.00
2010.12.15 01:10:11.025,0.74955,0.74976,1.10,1.50
2010.12.15 01:10:12.481,0.74956,0.74976,1.30,1.50
2010.12.15 01:10:12.598,0.74956,0.7498,1.30,2.30
2010.12.15 01:10:12.709,0.74956,0.7498,1.30,1.50
2010.12.15 01:10:13.127,0.74962,0.74985,1.10,3.00
2010.12.15 01:10:23.637,0.74959,0.74982,1.10,1.50
2010.12.15 01:10:23.748,0.74958,0.74982,1.10,1.50
2010.12.15 01:10:41.551,0.74958,0.74967,1.10,1.50
2010.12.15 01:10:41.998,0.7495,0.74967,1.10,1.50
2010.12.15 01:10:43.541,0.7495,0.74966,1.30,1.50
2010.12.15 01:10:46.910,0.74945,0.74965,2.10,2.30
2010.12.15 01:10:47.421,0.7494,0.74961,1.30,1.50
2010.12.15 01:10:48.304,0.74938,0.74961,2.10,1.50
2010.12.15 01:10:48.533,0.74938,0.74961,1.10,1.50
2010.12.15 01:10:49.151,0.74938,0.74958,2.10,1.50
2010.12.15 01:10:49.285,0.74938,0.7496,2.10,1.50
2010.12.15 01:10:52.989,0.74938,0.7496,1.10,1.50
2010.12.15 01:10:53.100,0.74936,0.74962,1.10,3.00
2010.12.15 01:10:53.696,0.74934,0.7496,1.30,2.30
2010.12.15 01:11:00.805,0.74934,0.74958,1.30,1.50
2010.12.15 01:11:01.030,0.74935,0.74961,1.30,4.50
2010.12.15 01:11:01.358,0.74938,0.74961,1.10,3.00
2010.12.15 01:11:03.301,0.74938,0.74959,1.10,1.50
2010.12.15 01:11:03.532,0.74936,0.74959,1.10,1.50
2010.12.15 01:11:38.691,0.74929,0.74959,2.60,2.30
2010.12.15 01:11:38.813,0.74929,0.74955,1.90,1.50
2010.12.15 01:11:38.932,0.74927,0.74951,1.50,1.50
2010.12.15 01:11:39.357,0.74925,0.7495,1.50,1.50
2010.12.15 01:11:39.908,0.74924,0.74948,1.50,1.50
2010.12.15 01:11:45.812,0.74922,0.74948,2.30,1.50
2010.12.15 01:11:47.124,0.74921,0.74946,4.10,1.50
2010.12.15 01:11:58.809,0.74921,0.74946,4.20,1.50
2010.12.15 01:11:59.580,0.7493,0.74946,2.70,1.50
2010.12.15 01:12:35.665,0.74933,0.74949,1.40,1.50
2010.12.15 01:12:36.125,0.74937,0.74952,2.70,1.50
2010.12.15 01:12:36.248,0.74937,0.74953,2.70,1.50
2010.12.15 01:12:38.621,0.74937,0.74954,3.60,1.50
2010.12.15 01:12:41.188,0.74933,0.74952,3.20,3.00
2010.12.15 01:12:41.689,0.74938,0.74954,2.90,1.50
2010.12.15 01:12:47.659,0.74938,0.74954,2.70,1.50
2010.12.15 01:12:47.773,0.74931,0.74954,10.40,1.50
2010.12.15 01:12:47.998,0.74931,0.74952,4.40,1.50
2010.12.15 01:12:48.738,0.74931,0.74952,2.90,1.50
2010.12.15 01:12:49.118,0.74931,0.74952,2.90,1.50
2010.12.15 01:12:50.182,0.74931,0.74952,2.90,1.50
2010.12.15 01:12:54.721,0.74931,0.74952,2.90,1.50
2010.12.15 01:13:00.453,0.74932,0.74952,2.70,1.50
2010.12.15 01:13:22.564,0.74932,0.74952,2.70,1.50
2010.12.15 01:13:24.522,0.74932,0.74952,2.70,1.50
2010.12.15 01:13:35.580,0.74932,0.74952,2.70,1.50
2010.12.15 01:13:36.635,0.74932,0.74952,2.70,1.50
2010.12.15 01:13:42.635,0.74932,0.74952,2.70,1.50
2010.12.15 01:13:48.979,0.74932,0.74952,2.70,1.50
2010.12.15 01:13:49.807,0.74932,0.74953,2.70,1.50
2010.12.15 01:13:51.164,0.74932,0.74951,2.70,1.50
2010.12.15 01:13:52.440,0.74932,0.74951,2.80,1.50
2010.12.15 01:14:31.928,0.74932,0.7495,2.70,1.50
2010.12.15 01:14:32.536,0.74932,0.74949,2.70,1.50
2010.12.15 01:14:48.541,0.7493,0.74949,2.30,3.80
2010.12.15 01:14:48.989,0.7493,0.74947,2.30,1.50
2010.12.15 01:15:00.649,0.7493,0.74943,2.30,1.50
2010.12.15 01:15:10.853,0.7493,0.74943,2.40,1.50
2010.12.15 01:15:13.255,0.7493,0.74943,2.40,1.50
2010.12.15 01:15:13.901,0.74943,0.74958,2.50,1.20
2010.12.15 01:15:14.033,0.74949,0.74966,1.50,1.50
2010.12.15 01:15:14.267,0.74951,0.74969,1.10,1.50
2010.12.15 01:15:14.819,0.74955,0.7497,1.10,1.50
2010.12.15 01:15:15.407,0.74953,0.7497,1.10,1.50
2010.12.15 01:15:19.314,0.74953,0.74974,1.10,1.50
2010.12.15 01:15:20.020,0.74953,0.74975,1.10,1.50
2010.12.15 01:15:20.170,0.74953,0.74977,1.10,1.50
2010.12.15 01:15:20.782,0.74953,0.7498,1.10,2.30
2010.12.15 01:15:23.552,0.74955,0.74983,1.10,3.00
2010.12.15 01:15:27.469,0.74954,0.7497,1.10,1.50
2010.12.15 01:15:27.780,0.74942,0.74967,4.10,1.50
2010.12.15 01:15:28.879,0.74942,0.74964,1.70,1.50
2010.12.15 01:15:29.639,0.74943,0.74964,2.30,1.50
2010.12.15 01:15:29.805,0.74943,0.74964,2.40,1.50
2010.12.15 01:15:30.290,0.74943,0.74964,2.40,1.50
2010.12.15 01:15:31.290,0.74943,0.74964,2.40,1.50
2010.12.15 01:15:31.520,0.74943,0.74964,2.40,1.50
2010.12.15 01:15:32.219,0.74943,0.74964,2.30,1.50
2010.12.15 01:15:36.081,0.7494,0.74964,1.50,1.50
2010.12.15 01:15:36.543,0.74934,0.74962,2.70,1.50
2010.12.15 01:15:37.205,0.74935,0.74958,1.60,1.50
2010.12.15 01:15:41.612,0.74933,0.74958,2.80,1.50
2010.12.15 01:15:52.923,0.74933,0.74961,3.70,1.50
2010.12.15 01:15:54.039,0.74933,0.74961,3.70,1.50
2010.12.15 01:15:54.979,0.74936,0.74962,1.30,1.50
2010.12.15 01:15:55.570,0.74936,0.74962,1.10,1.50
2010.12.15 01:15:56.658,0.74943,0.74965,2.30,2.30
2010.12.15 01:15:57.543,0.74938,0.74966,1.10,1.50
2010.12.15 01:15:57.975,0.74938,0.74966,2.10,1.50
2010.12.15 01:15:58.093,0.74942,0.74967,2.80,1.50
2010.12.15 01:16:41.681,0.7494,0.74964,1.50,1.50
2010.12.15 01:16:41.910,0.74936,0.74963,1.90,1.50
2010.12.15 01:16:42.532,0.74935,0.74961,2.60,1.50
2010.12.15 01:17:36.456,0.74935,0.74961,1.20,1.50
2010.12.15 01:17:36.997,0.74936,0.74963,2.50,2.30
2010.12.15 01:17:43.469,0.74934,0.74962,2.60,1.50
2010.12.15 01:18:17.727,0.74933,0.74959,2.60,1.50
2010.12.15 01:18:17.841,0.74933,0.74958,2.60,1.50
2010.12.15 01:18:18.480,0.74938,0.74958,1.40,1.50
2010.12.15 01:18:18.700,0.74943,0.74959,2.70,1.50
2010.12.15 01:18:19.384,0.74943,0.74961,2.70,1.50
2010.12.15 01:18:44.474,0.74943,0.74961,2.70,1.60
2010.12.15 01:18:48.449,0.74943,0.74959,2.30,2.70
2010.12.15 01:18:48.816,0.74936,0.74945,3.40,2.30
2010.12.15 01:18:48.935,0.74932,0.74955,2.70,1.70
2010.12.15 01:18:49.163,0.7493,0.74949,2.30,2.30
2010.12.15 01:18:49.499,0.74932,0.74956,2.80,1.50
2010.12.15 01:18:49.610,0.74932,0.74957,2.80,2.30
2010.12.15 01:18:53.633,0.74932,0.74956,2.80,2.40
2010.12.15 01:18:54.457,0.74932,0.74956,2.80,2.40
2010.12.15 01:18:55.001,0.7493,0.74941,1.10,1.50
2010.12.15 01:18:55.128,0.74927,0.74948,1.10,2.50
2010.12.15 01:18:55.577,0.74915,0.74933,1.90,1.70
2010.12.15 01:18:55.806,0.7491,0.7493,1.50,1.50
2010.12.15 01:19:00.084,0.74905,0.7493,1.90,1.50
2010.12.15 01:19:04.268,0.74888,0.74912,2.50,1.70
2010.12.15 01:19:04.488,0.74888,0.74928,2.50,1.80
2010.12.15 01:19:08.509,0.74906,0.74932,2.60,1.50
2010.12.15 01:19:10.754,0.74903,0.74931,2.60,3.00
2010.12.15 01:19:16.071,0.74905,0.74933,1.10,1.50
2010.12.15 01:19:16.189,0.74907,0.74933,1.10,1.50
2010.12.15 01:19:16.797,0.74907,0.74933,1.10,1.50
2010.12.15 01:19:16.912,0.74909,0.74933,1.10,2.30
2010.12.15 01:19:19.157,0.74909,0.74933,1.10,1.50
2010.12.15 01:19:19.275,0.74913,0.74936,1.10,3.00
2010.12.15 01:19:19.389,0.74909,0.74933,1.10,1.50
2010.12.15 01:19:19.498,0.74909,0.74935,1.10,1.50
2010.12.15 01:19:20.048,0.74909,0.74936,1.10,3.80
2010.12.15 01:19:20.268,0.74912,0.74936,1.10,3.80
2010.12.15 01:19:25.738,0.74912,0.74934,1.10,1.50
2010.12.15 01:19:26.103,0.74909,0.74934,1.10,1.50
2010.12.15 01:19:31.399,0.74913,0.74939,1.10,3.00
2010.12.15 01:19:31.733,0.74914,0.74937,1.10,1.50
2010.12.15 01:19:31.849,0.74914,0.74939,1.10,3.00
2010.12.15 01:19:33.371,0.74916,0.74935,1.10,1.50
2010.12.15 01:19:33.493,0.74912,0.74934,1.10,1.50
2010.12.15 01:19:33.611,0.74909,0.74934,1.10,1.50
2010.12.15 01:19:38.471,0.74909,0.74933,1.10,1.50
2010.12.15 01:19:39.018,0.74903,0.74929,2.60,1.50
2010.12.15 01:19:39.253,0.74902,0.74921,2.60,1.50
2010.12.15 01:19:39.486,0.74898,0.74921,1.10,1.50
2010.12.15 01:19:39.890,0.74896,0.74916,1.50,1.50
2010.12.15 01:19:40.049,0.74896,0.74919,1.50,3.00
2010.12.15 01:19:40.519,0.74896,0.74919,1.50,3.00
2010.12.15 01:19:41.112,0.74893,0.74919,1.90,3.00
2010.12.15 01:19:44.888,0.74895,0.74921,1.10,3.00
2010.12.15 01:19:47.917,0.74897,0.74924,1.10,2.30
2010.12.15 01:19:48.031,0.74899,0.74924,1.10,2.30
2010.12.15 01:19:49.165,0.74899,0.74922,1.10,1.50
2010.12.15 01:19:49.755,0.74899,0.74925,1.10,3.00
2010.12.15 01:19:57.787,0.74899,0.74921,1.10,1.50
2010.12.15 01:19:57.901,0.74896,0.74921,1.10,2.30
2010.12.15 01:19:58.553,0.74892,0.74919,1.10,2.30
2010.12.15 01:20:01.723,0.74892,0.7492,1.10,2.30
2010.12.15 01:20:03.168,0.74897,0.74922,1.10,2.30
2010.12.15 01:20:08.961,0.74897,0.74922,1.10,2.90
2010.12.15 01:20:09.370,0.74893,0.74915,1.50,2.30
2010.12.15 01:20:11.384,0.74893,0.74915,1.50,2.40
2010.12.15 01:20:12.225,0.74893,0.74915,1.50,2.40
2010.12.15 01:20:13.782,0.74893,0.74915,1.50,2.30
2010.12.15 01:20:18.390,0.74893,0.74914,1.50,1.50
2010.12.15 01:20:18.990,0.74891,0.74914,1.10,1.70
2010.12.15 01:20:24.106,0.74891,0.74914,1.10,1.70
2010.12.15 01:20:31.469,0.74888,0.74914,1.10,2.50
2010.12.15 01:20:32.779,0.74886,0.74912,1.10,3.20
2010.12.15 01:20:36.361,0.74889,0.74913,1.10,2.50
2010.12.15 01:20:36.977,0.74889,0.74914,1.10,2.50
2010.12.15 01:20:37.310,0.74887,0.74913,1.10,3.00
2010.12.15 01:20:37.768,0.74886,0.74908,1.10,1.20
2010.12.15 01:20:38.320,0.74884,0.7491,1.10,1.50
2010.12.15 01:20:42.240,0.74884,0.74906,1.10,2.90
2010.12.15 01:20:42.676,0.74879,0.74897,1.10,2.30
2010.12.15 01:20:42.818,0.7488,0.74906,3.00,1.50
2010.12.15 01:20:43.043,0.7488,0.74906,2.60,1.50
2010.12.15 01:20:43.160,0.74881,0.74906,1.10,1.50
2010.12.15 01:20:48.230,0.74883,0.74906,1.30,1.50
2010.12.15 01:20:48.461,0.74897,0.74916,2.70,1.50
2010.12.15 01:20:48.959,0.74897,0.74917,2.70,1.50
2010.12.15 01:20:49.087,0.749,0.74917,1.40,1.50
2010.12.15 01:20:49.315,0.749,0.74923,3.20,1.50
2010.12.15 01:20:49.862,0.74904,0.74929,1.30,4.50
2010.12.15 01:20:50.481,0.74901,0.74929,1.30,4.50
2010.12.15 01:21:04.091,0.74901,0.74917,1.30,1.50
2010.12.15 01:21:04.430,0.74898,0.74917,2.50,4.50
2010.12.15 01:21:06.324,0.74898,0.74917,2.50,4.50
2010.12.15 01:21:13.005,0.7489,0.74915,3.00,4.00
2010.12.15 01:21:13.120,0.7489,0.74915,1.10,4.00
2010.12.15 01:21:13.232,0.74886,0.74909,2.50,1.50
2010.12.15 01:21:13.569,0.74888,0.74912,1.10,1.50
2010.12.15 01:21:15.471,0.74889,0.7491,1.10,1.40
2010.12.15 01:21:15.690,0.74877,0.74898,3.00,2.30
2010.12.15 01:21:16.389,0.74877,0.74898,3.00,2.30
2010.12.15 01:21:16.719,0.74877,0.74898,3.90,2.30
2010.12.15 01:21:17.049,0.74882,0.74909,1.30,3.00
2010.12.15 01:21:17.595,0.74882,0.74909,1.30,1.50
2010.12.15 01:21:17.709,0.74886,0.74909,1.10,1.50
2010.12.15 01:21:26.989,0.74886,0.74909,1.10,3.40
2010.12.15 01:21:27.318,0.74882,0.74906,1.50,2.30
2010.12.15 01:21:33.251,0.74884,0.74906,1.70,2.30
2010.12.15 01:21:33.370,0.74887,0.74908,2.70,3.40
2010.12.15 01:21:33.899,0.74887,0.74908,3.90,2.30
2010.12.15 01:21:35.528,0.74887,0.74908,3.20,2.30
2010.12.15 01:21:36.218,0.74888,0.74908,1.70,2.30
2010.12.15 01:21:36.329,0.74892,0.74914,1.40,1.60
2010.12.15 01:21:36.441,0.74891,0.74914,3.20,1.50
2010.12.15 01:21:36.550,0.74891,0.74911,2.30,1.70
2010.12.15 01:21:36.660,0.74887,0.74911,1.30,2.10
2010.12.15 01:21:37.170,0.74886,0.7491,1.30,1.40
2010.12.15 01:21:37.321,0.74885,0.74894,1.10,1.50
2010.12.15 01:21:37.448,0.74873,0.74893,1.10,2.30
2010.12.15 01:21:37.668,0.74872,0.74893,3.00,2.30
2010.12.15 01:21:38.456,0.74882,0.74896,1.40,1.50
2010.12.15 01:21:38.573,0.74881,0.74905,3.60,3.80
2010.12.15 01:21:38.800,0.74881,0.74907,3.20,1.50
2010.12.15 01:21:39.018,0.74885,0.74908,1.30,1.50
2010.12.15 01:21:39.128,0.74884,0.74908,1.30,1.50
2010.12.15 01:21:44.321,0.74885,0.74908,1.10,1.50
2010.12.15 01:21:45.490,0.74885,0.74909,1.10,1.50
2010.12.15 01:21:47.444,0.74885,0.7491,1.10,3.40
2010.12.15 01:21:48.487,0.74885,0.7491,1.10,3.40
2010.12.15 01:21:51.719,0.74885,0.7491,1.10,3.40
2010.12.15 01:21:53.255,0.74885,0.7491,1.10,3.40
2010.12.15 01:21:54.012,0.74885,0.7491,1.10,3.40
2010.12.15 01:22:10.419,0.74885,0.74909,1.10,1.50
2010.12.15 01:22:10.750,0.74881,0.74908,1.60,2.10
2010.12.15 01:22:11.268,0.74881,0.74907,1.60,2.90
2010.12.15 01:22:13.780,0.74881,0.74909,1.30,4.00
2010.12.15 01:22:14.239,0.74883,0.7491,1.10,1.40
2010.12.15 01:22:24.412,0.74883,0.7491,1.20,2.30
2010.12.15 01:22:25.188,0.74889,0.74917,1.50,2.70
2010.12.15 01:22:25.720,0.74891,0.74917,1.50,2.70
2010.12.15 01:22:26.380,0.74891,0.74917,1.60,2.90
2010.12.15 01:22:28.175,0.74891,0.74917,2.70,2.90
2010.12.15 01:22:29.061,0.74891,0.74917,1.60,2.90
2010.12.15 01:22:35.133,0.74891,0.74917,1.60,2.50
2010.12.15 01:22:35.580,0.74897,0.74922,1.50,3.60
2010.12.15 01:22:36.295,0.74897,0.74922,1.50,2.10
2010.12.15 01:22:41.299,0.74897,0.74922,4.80,2.10
2010.12.15 01:22:52.246,0.74898,0.74922,1.70,2.10
2010.12.15 01:22:53.105,0.74904,0.74925,1.70,4.20
2010.12.15 01:22:53.243,0.74911,0.74937,2.40,1.70
2010.12.15 01:22:56.483,0.74911,0.74937,3.20,1.50
2010.12.15 01:23:03.160,0.74928,0.74937,2.30,1.50
2010.12.15 01:23:03.394,0.74921,0.74941,1.50,3.60
2010.12.15 01:23:03.511,0.74921,0.74941,1.50,3.40
2010.12.15 01:23:04.114,0.74922,0.74944,1.50,1.50
2010.12.15 01:23:06.877,0.74917,0.74944,1.90,1.50
2010.12.15 01:23:09.920,0.74917,0.74941,1.90,1.20
2010.12.15 01:23:10.252,0.74905,0.74927,1.10,2.30
2010.12.15 01:23:10.485,0.74904,0.74927,1.10,2.30
2010.12.15 01:23:11.121,0.74904,0.74929,1.10,1.90
2010.12.15 01:23:24.276,0.74904,0.74929,1.10,2.00
2010.12.15 01:23:25.456,0.74904,0.74929,1.10,1.90
2010.12.15 01:23:25.973,0.74902,0.74926,1.10,1.40
2010.12.15 01:23:26.803,0.74905,0.74926,1.10,1.50
2010.12.15 01:23:27.239,0.74905,0.74929,1.10,2.10
2010.12.15 01:23:40.009,0.74905,0.74928,1.10,2.40
2010.12.15 01:23:40.590,0.74905,0.74928,1.10,2.30
2010.12.15 01:23:43.694,0.74905,0.74928,1.10,2.40
2010.12.15 01:23:55.957,0.74905,0.74929,1.10,2.50
2010.12.15 01:23:57.693,0.74905,0.74929,1.10,2.60
2010.12.15 01:23:57.927,0.74901,0.74926,1.70,1.20
2010.12.15 01:23:59.512,0.74901,0.74926,1.10,1.40
2010.12.15 01:23:59.741,0.74896,0.74921,2.60,1.20
2010.12.15 01:24:03.179,0.74896,0.74921,1.10,1.50
2010.12.15 01:24:03.597,0.74893,0.74918,2.60,1.20
2010.12.15 01:24:04.471,0.74892,0.74918,1.30,2.30
2010.12.15 01:24:04.800,0.74895,0.7492,1.30,1.20
2010.12.15 01:24:37.856,0.74895,0.7492,1.10,1.50
2010.12.15 01:24:38.362,0.74891,0.74917,1.50,1.20
2010.12.15 01:24:39.220,0.74891,0.74917,1.20,1.20
2010.12.15 01:24:39.441,0.7489,0.74916,1.30,1.20
2010.12.15 01:24:39.938,0.74885,0.74909,2.10,1.20
2010.12.15 01:24:40.514,0.74885,0.74911,1.30,1.50
2010.12.15 01:24:41.412,0.74885,0.74911,1.10,1.50
2010.12.15 01:24:41.910,0.74884,0.74909,1.90,1.50
2010.12.15 01:25:36.812,0.74883,0.7491,2.60,2.00
2010.12.15 01:26:31.510,0.74883,0.7491,2.60,2.70
2010.12.15 01:26:36.496,0.74894,0.7491,1.40,2.70
2010.12.15 01:26:36.968,0.74884,0.74909,1.20,1.90
2010.12.15 01:26:37.190,0.74889,0.74914,1.90,1.50
2010.12.15 01:26:37.529,0.74888,0.74908,3.40,1.20
2010.12.15 01:26:38.036,0.74883,0.74908,1.10,2.70
2010.12.15 01:26:38.373,0.74879,0.74907,3.90,1.90
2010.12.15 01:26:41.460,0.74879,0.74904,3.60,3.40
2010.12.15 01:26:41.789,0.74877,0.74901,1.70,1.50
2010.12.15 01:26:42.576,0.74876,0.74901,2.40,1.70
2010.12.15 01:26:43.018,0.74876,0.74899,3.60,1.50
2010.12.15 01:26:43.816,0.74876,0.74901,3.90,1.10
2010.12.15 01:26:43.931,0.74876,0.74901,8.40,1.10
2010.12.15 01:26:44.150,0.74882,0.74903,1.40,1.50
2010.12.15 01:26:44.730,0.74882,0.74904,1.40,1.50
2010.12.15 01:26:45.102,0.74879,0.74904,1.70,1.50
2010.12.15 01:26:49.787,0.74879,0.74904,1.70,1.60
2010.12.15 01:26:57.140,0.74883,0.74904,2.30,1.60
2010.12.15 01:27:02.157,0.74883,0.74904,2.30,1.50
2010.12.15 01:27:02.770,0.74883,0.74904,2.30,1.60
2010.12.15 01:27:07.346,0.74883,0.74904,2.70,1.60
2010.12.15 01:27:07.460,0.74886,0.74904,2.10,1.50
2010.12.15 01:27:07.900,0.74891,0.74908,2.30,1.50
2010.12.15 01:27:08.011,0.74891,0.7491,2.30,3.00
2010.12.15 01:27:19.638,0.74886,0.74908,2.40,3.00
2010.12.15 01:27:19.751,0.74884,0.74908,1.10,4.40
2010.12.15 01:27:19.974,0.74882,0.74906,3.20,1.40
2010.12.15 01:27:49.818,0.74889,0.74907,2.30,1.50
2010.12.15 01:27:49.934,0.74891,0.7491,2.30,3.00
2010.12.15 01:27:53.263,0.74891,0.74908,2.30,1.40
2010.12.15 01:27:53.492,0.74883,0.74907,2.50,4.00
2010.12.15 01:27:54.031,0.74883,0.74898,2.30,1.50
2010.12.15 01:27:54.252,0.74875,0.74897,2.30,1.50
2010.12.15 01:27:54.764,0.74873,0.74897,3.00,4.20
2010.12.15 01:27:55.099,0.74873,0.74895,2.70,1.50
2010.12.15 01:27:58.888,0.74873,0.74895,2.80,2.10
2010.12.15 01:27:59.582,0.74865,0.74891,2.80,1.50
2010.12.15 01:28:05.414,0.74865,0.7489,1.10,1.20
2010.12.15 01:28:06.243,0.74865,0.74887,1.10,1.70
2010.12.15 01:28:06.920,0.74865,0.74887,1.10,1.70
2010.12.15 01:28:07.031,0.74862,0.74887,3.70,2.50
2010.12.15 01:28:12.004,0.74862,0.74888,3.70,5.90
2010.12.15 01:28:13.298,0.74862,0.74888,3.70,6.00
2010.12.15 01:28:16.890,0.74862,0.74888,3.70,13.60
2010.12.15 01:28:17.544,0.74861,0.74879,1.10,2.30
2010.12.15 01:28:18.135,0.74861,0.74879,1.10,2.30
2010.12.15 01:28:20.237,0.74861,0.74879,1.10,2.40
2010.12.15 01:28:24.752,0.74861,0.74879,1.10,2.40
2010.12.15 01:28:24.995,0.7486,0.74879,2.30,2.40
2010.12.15 01:28:25.222,0.7486,0.74879,2.70,2.30
2010.12.15 01:28:25.770,0.74863,0.74887,3.90,5.20
2010.12.15 01:28:26.152,0.74863,0.74887,3.00,5.00
2010.12.15 01:28:27.788,0.74863,0.74887,3.00,5.00
2010.12.15 01:28:28.444,0.74863,0.74887,3.00,4.90
2010.12.15 01:28:28.800,0.74862,0.74887,3.60,2.30
2010.12.15 01:28:29.325,0.74865,0.74887,1.30,1.50
2010.12.15 01:28:34.542,0.74865,0.74889,1.10,2.30
2010.12.15 01:28:46.491,0.74865,0.7489,1.20,2.30
2010.12.15 01:28:46.992,0.74873,0.7489,2.30,2.30
2010.12.15 01:28:47.220,0.74873,0.74893,2.30,1.50
2010.12.15 01:28:47.672,0.74873,0.74897,2.30,5.30
2010.12.15 01:28:48.590,0.74873,0.74897,3.20,3.00
2010.12.15 01:28:48.809,0.74874,0.74897,1.30,1.50
2010.12.15 01:28:49.333,0.74873,0.74897,4.30,1.50
2010.12.15 01:28:49.672,0.74878,0.74899,1.30,1.50
2010.12.15 01:28:50.055,0.74878,0.74901,1.30,1.50
2010.12.15 01:28:51.725,0.74876,0.74901,1.10,2.30
2010.12.15 01:28:52.060,0.74874,0.74901,1.10,3.00
2010.12.15 01:28:52.419,0.74874,0.749,1.10,1.50
2010.12.15 01:28:54.511,0.74882,0.749,2.70,1.50
2010.12.15 01:29:47.062,0.74882,0.74901,2.70,1.50
2010.12.15 01:29:49.367,0.74882,0.74903,2.70,1.50
2010.12.15 01:30:02.672,0.74882,0.74903,2.80,1.50
2010.12.15 01:30:02.827,0.74882,0.74903,2.70,1.50
2010.12.15 01:30:02.943,0.74882,0.74904,2.70,1.50
2010.12.15 01:30:03.443,0.74882,0.74906,2.80,1.20
2010.12.15 01:30:03.604,0.74884,0.74909,1.30,1.20
2010.12.15 01:30:03.723,0.74883,0.7491,2.90,1.20
2010.12.15 01:30:04.320,0.74882,0.7491,3.60,2.70
2010.12.15 01:30:06.676,0.74882,0.74907,8.10,1.20
2010.12.15 01:30:07.392,0.74882,0.74907,3.70,1.20
2010.12.15 01:30:11.729,0.74882,0.74907,8.40,1.20
2010.12.15 01:30:21.151,0.74882,0.74906,3.00,1.90
2010.12.15 01:30:29.736,0.74882,0.74906,2.90,1.90
2010.12.15 01:30:36.124,0.74882,0.74906,3.00,1.90
2010.12.15 01:30:40.692,0.74882,0.74908,3.00,1.50
2010.12.15 01:30:40.802,0.74883,0.74909,1.50,1.50
2010.12.15 01:30:41.024,0.74886,0.74909,1.40,1.50
2010.12.15 01:30:41.527,0.74893,0.74914,2.30,1.50
2010.12.15 01:30:41.654,0.74893,0.74918,3.40,1.50
2010.12.15 01:30:42.214,0.74895,0.74918,1.10,1.50
2010.12.15 01:30:43.953,0.74895,0.7492,1.20,2.30
2010.12.15 01:30:53.576,0.74897,0.74923,1.10,3.00
2010.12.15 01:30:53.913,0.74896,0.74922,1.10,1.50
2010.12.15 01:30:54.773,0.74892,0.74918,1.10,1.50
2010.12.15 01:30:55.221,0.74891,0.74915,1.50,1.50
2010.12.15 01:30:55.654,0.74889,0.74914,1.50,1.50
2010.12.15 01:30:55.774,0.74889,0.74912,1.50,1.50
2010.12.15 01:31:01.174,0.74887,0.74915,2.60,1.50
2010.12.15 01:31:01.403,0.74886,0.74913,1.90,1.50
2010.12.15 01:31:02.159,0.74887,0.74917,1.30,1.50
2010.12.15 01:31:02.495,0.74893,0.74916,2.70,1.50
2010.12.15 01:31:20.344,0.74893,0.74913,2.70,1.50
2010.12.15 01:31:47.759,0.74893,0.74917,3.10,3.40
2010.12.15 01:31:48.421,0.74893,0.74917,3.10,4.40
2010.12.15 01:31:49.009,0.74892,0.74917,3.00,3.40
2010.12.15 01:31:49.682,0.74892,0.74917,3.00,1.90
2010.12.15 01:31:49.961,0.74892,0.74908,2.60,1.40
2010.12.15 01:31:50.520,0.74891,0.74904,1.50,2.30
2010.12.15 01:31:50.634,0.74893,0.74916,3.20,1.70
2010.12.15 01:31:50.754,0.74891,0.74916,1.10,2.30
2010.12.15 01:31:51.092,0.74885,0.74908,1.10,1.50
2010.12.15 01:31:51.532,0.74883,0.74908,3.40,1.50
2010.12.15 01:31:52.012,0.74883,0.74908,2.60,3.00
2010.12.15 01:31:53.138,0.74883,0.74906,2.80,1.20
2010.12.15 01:31:53.632,0.74875,0.74898,1.90,2.70
2010.12.15 01:31:54.079,0.74875,0.74897,1.20,1.50
2010.12.15 01:32:05.447,0.74875,0.74897,1.30,1.50
2010.12.15 01:32:06.842,0.74875,0.74897,1.20,1.50
2010.12.15 01:32:08.722,0.74875,0.74897,1.30,1.50
2010.12.15 01:32:09.279,0.74875,0.74897,1.30,1.50
2010.12.15 01:32:10.234,0.74875,0.74897,1.20,1.50
2010.12.15 01:32:13.942,0.74875,0.74897,1.10,1.50
2010.12.15 01:32:14.392,0.74872,0.74897,3.10,3.00
2010.12.15 01:32:16.166,0.74872,0.74897,3.10,3.00
2010.12.15 01:32:23.532,0.74872,0.74897,3.10,1.50
2010.12.15 01:32:23.871,0.74878,0.74898,1.30,1.50
2010.12.15 01:32:23.984,0.74876,0.74898,1.10,1.50
2010.12.15 01:32:25.242,0.74876,0.74901,1.10,1.50
2010.12.15 01:32:25.577,0.74872,0.749,3.40,3.00
2010.12.15 01:32:26.982,0.74876,0.749,1.40,1.50
2010.12.15 01:32:27.211,0.74883,0.74906,2.30,3.00
2010.12.15 01:32:27.733,0.74884,0.74907,1.10,4.50
2010.12.15 01:32:28.773,0.74878,0.74906,2.10,1.50
2010.12.15 01:32:29.149,0.74878,0.74906,2.10,1.50
2010.12.15 01:32:29.263,0.74881,0.74907,1.30,2.30
2010.12.15 01:32:43.680,0.74888,0.74907,1.50,2.30
2010.12.15 01:32:44.010,0.74899,0.74919,2.30,1.50
2010.12.15 01:32:49.389,0.74899,0.7492,2.60,2.30
2010.12.15 01:33:32.763,0.74901,0.7492,1.70,2.30
2010.12.15 01:33:32.996,0.74902,0.74927,2.90,2.50
2010.12.15 01:33:33.111,0.74904,0.74927,1.10,1.70
2010.12.15 01:33:33.659,0.74905,0.74927,1.10,1.50
2010.12.15 01:33:34.212,0.74907,0.74927,1.10,1.50
2010.12.15 01:33:34.632,0.74908,0.74927,1.10,1.50
2010.12.15 01:33:34.961,0.74911,0.74927,1.10,1.50
2010.12.15 01:33:35.753,0.74914,0.74927,1.10,1.50
2010.12.15 01:33:35.982,0.74914,0.74929,1.10,1.50
2010.12.15 01:33:36.495,0.74912,0.74929,1.10,1.50
2010.12.15 01:33:37.181,0.74912,0.74929,1.10,1.50
2010.12.15 01:33:39.710,0.7491,0.74929,1.50,1.50
2010.12.15 01:33:40.107,0.7491,0.74936,1.50,1.60
2010.12.15 01:33:40.245,0.74912,0.74937,3.00,1.20
2010.12.15 01:33:54.451,0.74912,0.74936,2.60,1.20
2010.12.15 01:33:54.781,0.7491,0.7493,1.10,2.30
2010.12.15 01:34:11.011,0.74912,0.7493,1.10,2.30
2010.12.15 01:34:12.481,0.74912,0.74925,1.10,2.30
2010.12.15 01:34:12.701,0.74908,0.74925,2.10,2.30
2010.12.15 01:34:12.811,0.7491,0.74929,2.80,3.00
2010.12.15 01:34:13.141,0.74911,0.74929,1.10,2.30
2010.12.15 01:34:13.537,0.74903,0.74927,3.40,2.30
2010.12.15 01:34:14.090,0.74903,0.74927,3.40,2.30
2010.12.15 01:34:28.289,0.74903,0.74927,3.40,2.30
2010.12.15 01:34:28.620,0.74903,0.74927,3.40,2.30
2010.12.15 01:34:29.294,0.74905,0.74928,1.30,1.50
2010.12.15 01:34:29.630,0.74908,0.74928,1.10,1.50
2010.12.15 01:34:40.206,0.74908,0.74932,1.10,1.50
2010.12.15 01:34:40.867,0.74908,0.74931,1.10,1.50
2010.12.15 01:34:53.988,0.74908,0.74931,1.10,1.60
2010.12.15 01:35:01.749,0.74908,0.74931,1.10,1.50
2010.12.15 01:35:04.615,0.74908,0.74931,1.10,1.60
2010.12.15 01:35:05.635,0.74908,0.74932,1.10,1.50
2010.12.15 01:35:05.752,0.74908,0.74932,1.10,1.60
2010.12.15 01:35:05.972,0.74908,0.74932,1.10,1.50
2010.12.15 01:35:08.274,0.74908,0.74932,1.10,1.60
2010.12.15 01:35:09.035,0.74908,0.74932,1.10,1.50
2010.12.15 01:35:09.630,0.74908,0.74932,1.10,1.60
2010.12.15 01:35:12.591,0.74908,0.74932,1.10,1.50
2010.12.15 01:35:15.089,0.74908,0.74931,1.10,1.50
2010.12.15 01:35:15.217,0.74903,0.74925,1.10,2.30
2010.12.15 01:35:15.915,0.74903,0.74925,1.10,2.30
2010.12.15 01:35:16.251,0.74903,0.74918,1.10,2.30
2010.12.15 01:35:31.734,0.74902,0.74918,1.30,2.30
2010.12.15 01:35:31.853,0.74902,0.74925,1.30,2.90
2010.12.15 01:35:32.424,0.74905,0.74925,1.10,2.50
2010.12.15 01:35:33.143,0.74905,0.74927,1.30,1.50
2010.12.15 01:35:33.262,0.74905,0.74927,1.30,1.50
2010.12.15 01:35:40.275,0.74908,0.7493,1.10,1.60
2010.12.15 01:35:53.981,0.74909,0.74929,1.10,1.50
2010.12.15 01:35:54.530,0.74907,0.74929,1.10,1.60
2010.12.15 01:35:55.113,0.74907,0.74929,1.10,1.50
2010.12.15 01:36:00.400,0.74907,0.74932,1.10,1.50
2010.12.15 01:36:01.145,0.74907,0.74933,1.10,2.30
2010.12.15 01:36:49.410,0.74907,0.74933,1.10,2.30
2010.12.15 01:36:56.234,0.7491,0.74933,1.10,1.50
2010.12.15 01:36:56.826,0.74907,0.74933,1.10,2.40
2010.12.15 01:37:15.512,0.74907,0.74925,1.10,2.30
2010.12.15 01:37:15.951,0.74902,0.74925,1.10,2.30
2010.12.15 01:37:46.919,0.74902,0.74925,1.20,2.30
2010.12.15 01:37:47.740,0.74902,0.74925,1.10,2.30
2010.12.15 01:37:50.623,0.74902,0.74925,1.20,2.30
2010.12.15 01:37:53.455,0.74902,0.74925,1.10,2.30
2010.12.15 01:37:54.124,0.74902,0.74925,1.20,2.30
2010.12.15 01:37:54.691,0.74903,0.74927,2.70,3.00
2010.12.15 01:37:57.183,0.74903,0.74927,2.60,3.00
2010.12.15 01:38:01.707,0.74903,0.74927,2.70,3.00
2010.12.15 01:38:08.272,0.74903,0.74927,2.60,3.00
2010.12.15 01:38:12.017,0.74903,0.74927,2.60,3.10
2010.12.15 01:38:12.865,0.74903,0.74927,2.60,3.00
2010.12.15 01:39:05.760,0.74903,0.74927,2.60,3.00
2010.12.15 01:39:17.346,0.74903,0.74927,2.80,3.00
2010.12.15 01:39:24.693,0.74903,0.74927,6.50,3.00
2010.12.15 01:39:25.902,0.74903,0.74927,2.90,3.00
2010.12.15 01:39:27.289,0.74903,0.74927,3.90,3.00
2010.12.15 01:39:27.408,0.7491,0.74929,2.30,3.00
2010.12.15 01:39:27.962,0.7491,0.74929,3.60,2.30
2010.12.15 01:39:28.073,0.74913,0.74938,1.30,5.10
2010.12.15 01:39:28.547,0.74925,0.74942,1.10,1.50
2010.12.15 01:39:28.890,0.74925,0.74938,1.10,1.50
2010.12.15 01:39:39.844,0.74913,0.74938,3.40,2.30
2010.12.15 01:39:39.965,0.74913,0.74939,3.70,1.50
2010.12.15 01:39:40.300,0.74922,0.74942,2.30,1.50
2010.12.15 01:39:43.231,0.74927,0.74942,1.40,1.50
2010.12.15 01:39:43.729,0.74934,0.74941,2.30,1.50
2010.12.15 01:39:43.857,0.74927,0.74941,1.40,1.50
2010.12.15 01:39:43.973,0.74923,0.74942,2.70,1.50
2010.12.15 01:39:44.411,0.74928,0.74942,1.40,1.50
2010.12.15 01:39:44.852,0.74928,0.74939,1.50,2.30
2010.12.15 01:39:44.963,0.74923,0.74939,1.40,2.30
2010.12.15 01:39:45.191,0.74923,0.74942,3.20,1.50
2010.12.15 01:39:45.897,0.74923,0.74942,3.20,1.50
2010.12.15 01:39:46.233,0.74928,0.74942,1.40,1.50
2010.12.15 01:39:46.563,0.74928,0.74948,1.20,3.20
2010.12.15 01:39:46.683,0.74924,0.74945,1.30,1.70
2010.12.15 01:39:46.791,0.74923,0.74944,1.70,1.50
2010.12.15 01:39:47.964,0.74934,0.74944,3.20,1.50
2010.12.15 01:39:48.311,0.74929,0.7494,1.50,2.50
2010.12.15 01:39:48.427,0.74921,0.7494,1.30,2.50
2010.12.15 01:39:48.883,0.74922,0.74941,3.00,1.50
2010.12.15 01:39:48.994,0.74922,0.74943,3.00,1.50
2010.12.15 01:39:49.223,0.74922,0.74943,3.20,1.50
2010.12.15 01:39:49.332,0.74928,0.74953,2.10,1.20
2010.12.15 01:39:50.443,0.74928,0.74954,1.10,1.50
2010.12.15 01:40:29.219,0.74938,0.74964,1.10,3.10
2010.12.15 01:40:35.508,0.74938,0.74964,1.10,3.10
2010.12.15 01:40:40.484,0.74938,0.74952,1.10,1.20
2010.12.15 01:40:40.823,0.74933,0.74954,3.00,1.50
2010.12.15 01:40:40.933,0.74933,0.74957,3.00,2.30
2010.12.15 01:40:41.268,0.74937,0.7496,1.10,1.50
2010.12.15 01:40:41.493,0.74939,0.74959,1.10,1.50
2010.12.15 01:40:41.813,0.74939,0.74957,1.10,1.50
2010.12.15 01:40:42.157,0.74931,0.74945,1.10,2.30
2010.12.15 01:40:42.589,0.74937,0.7496,1.30,1.50
2010.12.15 01:40:42.812,0.74937,0.7496,1.30,1.50
2010.12.15 01:40:43.144,0.7493,0.74956,1.10,1.50
2010.12.15 01:40:43.658,0.7493,0.74951,1.10,1.50
2010.12.15 01:40:52.591,0.74932,0.74951,2.30,1.50
2010.12.15 01:40:52.921,0.7494,0.74959,1.10,1.50
2010.12.15 01:40:53.863,0.7494,0.74957,1.10,1.50
2010.12.15 01:40:54.193,0.74932,0.74944,1.10,2.30
2010.12.15 01:40:54.302,0.74932,0.74952,2.60,1.90
2010.12.15 01:40:54.412,0.74935,0.74958,1.10,3.00
2010.12.15 01:40:54.762,0.74935,0.74958,1.10,2.30
2010.12.15 01:40:55.348,0.74938,0.74959,1.10,1.50
2010.12.15 01:40:55.468,0.74938,0.74953,1.10,1.20
2010.12.15 01:40:55.803,0.74932,0.74951,2.80,1.20
2010.12.15 01:40:55.917,0.74932,0.74959,2.80,2.30
2010.12.15 01:40:56.636,0.74938,0.7496,1.10,1.50
2010.12.15 01:40:56.965,0.74938,0.74953,1.10,1.20
2010.12.15 01:40:57.688,0.74938,0.7496,2.10,1.50
2010.12.15 01:40:57.804,0.74933,0.74958,2.60,2.30
2010.12.15 01:40:58.142,0.74929,0.74951,1.10,1.50
2010.12.15 01:40:58.251,0.74929,0.74951,1.10,1.50
2010.12.15 01:40:58.792,0.74929,0.74951,1.10,1.50
2010.12.15 01:41:10.523,0.74929,0.74954,2.10,1.50
2010.12.15 01:41:10.994,0.74933,0.7496,2.80,2.30
2010.12.15 01:41:11.116,0.74937,0.74961,1.10,1.50
2010.12.15 01:41:11.232,0.74937,0.74957,1.10,1.90
2010.12.15 01:41:11.563,0.74932,0.74952,2.50,1.50
2010.12.15 01:41:11.675,0.74932,0.74958,3.20,2.30
2010.12.15 01:41:11.792,0.74936,0.74958,1.10,1.50
2010.12.15 01:41:12.232,0.7494,0.74958,1.10,1.50
2010.12.15 01:41:13.203,0.7494,0.74957,1.10,1.40
2010.12.15 01:41:13.536,0.7493,0.74944,1.30,2.30
2010.12.15 01:41:13.655,0.74932,0.74958,3.20,1.50
2010.12.15 01:41:14.382,0.74939,0.74959,1.10,1.50
2010.12.15 01:41:14.495,0.74932,0.74955,1.10,1.50
2010.12.15 01:41:15.922,0.74932,0.74949,1.10,1.50
2010.12.15 01:41:16.527,0.74923,0.74945,2.30,1.50
2010.12.15 01:41:17.282,0.74923,0.74945,2.50,1.50
2010.12.15 01:41:17.505,0.74922,0.74945,3.90,1.50
2010.12.15 01:41:17.621,0.74928,0.74948,1.10,2.30
2010.12.15 01:41:17.731,0.74924,0.74948,1.10,2.30
2010.12.15 01:41:18.274,0.74924,0.74948,1.10,2.30
2010.12.15 01:41:27.772,0.74928,0.74952,1.30,2.30
2010.12.15 01:41:28.689,0.74927,0.74955,1.10,1.50
2010.12.15 01:41:30.337,0.74923,0.74944,2.30,1.50
2010.12.15 01:41:32.357,0.74923,0.74952,2.60,2.10
2010.12.15 01:41:32.745,0.74928,0.74952,1.30,1.20
2010.12.15 01:41:32.974,0.74929,0.74953,1.10,1.50
2010.12.15 01:41:33.808,0.74929,0.74953,1.10,1.50
2010.12.15 01:41:34.164,0.74929,0.74956,1.10,2.30
2010.12.15 01:41:34.544,0.74933,0.74959,2.60,2.30
2010.12.15 01:41:34.911,0.74935,0.74958,1.10,1.50
2010.12.15 01:41:35.294,0.74935,0.74961,1.10,1.50
2010.12.15 01:41:50.354,0.74937,0.74963,1.10,2.30
2010.12.15 01:42:35.521,0.74936,0.74962,1.10,1.50
2010.12.15 01:42:35.834,0.74936,0.74964,1.10,3.00
2010.12.15 01:42:36.060,0.74938,0.74964,1.10,1.50
2010.12.15 01:42:52.482,0.74939,0.74965,1.10,1.50
2010.12.15 01:43:04.711,0.74939,0.74964,1.10,1.50
2010.12.15 01:43:29.962,0.74939,0.74963,1.10,1.50
2010.12.15 01:43:37.451,0.7494,0.74963,1.10,1.50
2010.12.15 01:43:45.823,0.7494,0.74962,1.10,1.50
2010.12.15 01:43:56.986,0.7494,0.74963,1.10,1.50
2010.12.15 01:44:19.703,0.7494,0.74964,1.10,1.60
2010.12.15 01:44:21.645,0.74936,0.74964,1.10,3.20
2010.12.15 01:44:22.059,0.74931,0.74958,1.90,3.20
2010.12.15 01:44:22.282,0.7493,0.74955,1.10,1.50
2010.12.15 01:44:23.572,0.74927,0.74956,1.10,1.70
2010.12.15 01:44:39.882,0.74927,0.74953,1.10,1.50
2010.12.15 01:45:18.196,0.74927,0.74951,1.10,2.30
2010.12.15 01:45:18.832,0.74927,0.7495,1.10,1.50
2010.12.15 01:45:34.627,0.74927,0.7495,1.10,2.30
2010.12.15 01:46:13.344,0.74928,0.74952,1.10,3.00
2010.12.15 01:47:08.403,0.74927,0.74953,1.10,3.00
2010.12.15 01:47:11.522,0.74924,0.74953,1.10,3.00
2010.12.15 01:47:16.991,0.74924,0.74953,1.10,3.00
2010.12.15 01:47:24.842,0.74926,0.74952,1.10,1.50
2010.12.15 01:47:53.022,0.74923,0.74951,1.10,1.50
2010.12.15 01:48:01.265,0.74907,0.74929,4.90,1.60
2010.12.15 01:48:05.522,0.74906,0.74928,1.50,3.40
2010.12.15 01:48:09.850,0.7491,0.74928,2.30,2.30
2010.12.15 01:48:11.994,0.74911,0.74934,1.50,3.40
2010.12.15 01:48:13.666,0.74909,0.74933,3.70,1.80
2010.12.15 01:48:18.469,0.749,0.74926,1.10,3.20
2010.12.15 01:48:23.822,0.74893,0.74913,1.10,3.20
2010.12.15 01:48:36.614,0.74884,0.7491,1.10,1.50
2010.12.15 01:48:38.497,0.74884,0.7491,1.20,1.50
2010.12.15 01:48:40.015,0.74892,0.74912,1.10,1.50
2010.12.15 01:48:43.268,0.74893,0.74923,1.10,1.50
2010.12.15 01:48:49.397,0.74899,0.74928,1.10,3.20
2010.12.15 01:48:58.049,0.74902,0.74932,1.50,3.40
2010.12.15 01:49:42.913,0.74923,0.74951,1.10,1.50
2010.12.15 01:49:46.791,0.74922,0.74949,1.10,1.50
2010.12.15 01:49:47.259,0.74922,0.74948,1.10,1.50
2010.12.15 01:49:49.131,0.74919,0.74947,1.10,1.50
2010.12.15 01:49:56.014,0.74923,0.74947,2.30,1.50
2010.12.15 01:49:57.116,0.74923,0.74949,2.60,1.50
2010.12.15 01:50:23.423,0.74923,0.74945,2.30,1.50
2010.12.15 01:50:28.734,0.74922,0.74939,1.90,1.50
2010.12.15 01:50:32.190,0.74919,0.74937,2.30,1.20
2010.12.15 01:50:32.747,0.74917,0.74936,1.50,1.50
2010.12.15 01:50:33.082,0.74909,0.74933,1.30,1.50
2010.12.15 01:50:33.197,0.74908,0.74932,3.20,1.40
2010.12.15 01:50:33.713,0.74907,0.74928,1.40,1.50
2010.12.15 01:50:34.683,0.74907,0.74928,1.40,1.50
2010.12.15 01:50:44.236,0.74903,0.74927,1.40,2.90
2010.12.15 01:50:44.355,0.74903,0.74924,1.40,1.50
2010.12.15 01:50:45.286,0.74898,0.74924,11.30,1.50
2010.12.15 01:50:55.202,0.74898,0.74924,1.50,1.50
2010.12.15 01:50:55.425,0.74892,0.74911,1.50,1.50
2010.12.15 01:50:55.543,0.74884,0.74911,1.90,1.50
2010.12.15 01:50:55.873,0.74885,0.74905,1.50,1.50
2010.12.15 01:50:56.442,0.74885,0.74902,1.50,1.50
2010.12.15 01:50:56.774,0.74881,0.74902,1.50,1.50
2010.12.15 01:50:58.283,0.74881,0.74905,4.00,1.50
2010.12.15 01:50:58.502,0.74881,0.74909,5.50,1.50
2010.12.15 01:50:58.649,0.74882,0.74908,1.10,1.50
2010.12.15 01:51:00.786,0.7488,0.74906,2.90,1.50
2010.12.15 01:51:01.018,0.7488,0.74906,1.60,1.50
2010.12.15 01:51:01.828,0.74886,0.74907,1.90,1.50
2010.12.15 01:51:02.052,0.74886,0.74908,1.90,1.50
2010.12.15 01:51:02.547,0.74886,0.74907,1.50,1.20
2010.12.15 01:51:02.690,0.74878,0.749,2.90,1.50
2010.12.15 01:51:02.801,0.74878,0.74902,2.90,1.50
2010.12.15 01:51:06.158,0.74877,0.74901,2.20,1.50
2010.12.15 01:51:06.759,0.74876,0.749,2.10,1.50
2010.12.15 01:51:07.161,0.74876,0.749,2.20,1.50
2010.12.15 01:51:07.907,0.74877,0.749,1.40,1.70
2010.12.15 01:51:08.252,0.74876,0.74898,1.50,1.40
2010.12.15 01:51:08.827,0.74873,0.74894,1.70,1.50
2010.12.15 01:51:09.170,0.74868,0.74894,3.60,1.50
2010.12.15 01:51:09.287,0.74869,0.74894,2.50,1.50
2010.12.15 01:51:09.782,0.74869,0.74894,3.20,1.50
2010.12.15 01:51:10.003,0.74869,0.74892,1.40,1.50
2010.12.15 01:51:15.183,0.74868,0.74889,1.50,1.50
2010.12.15 01:51:20.876,0.74865,0.74889,1.90,1.50
2010.12.15 01:51:32.658,0.74862,0.74886,1.80,1.50
2010.12.15 01:51:32.882,0.74865,0.7489,1.90,1.50
2010.12.15 01:51:38.946,0.74865,0.7489,3.20,1.50
2010.12.15 01:51:39.178,0.74867,0.74892,1.30,1.50
2010.12.15 01:51:39.704,0.74873,0.74894,1.50,1.50
2010.12.15 01:51:39.923,0.74873,0.74897,2.50,3.00
2010.12.15 01:51:40.795,0.74873,0.74896,2.10,1.50
2010.12.15 01:51:41.421,0.74886,0.74896,1.50,1.50
2010.12.15 01:51:41.559,0.74881,0.74902,6.60,1.50
2010.12.15 01:51:41.676,0.74877,0.74902,1.40,1.50
2010.12.15 01:51:41.793,0.74874,0.74902,1.30,1.50
2010.12.15 01:51:42.935,0.74873,0.74902,2.10,1.50
2010.12.15 01:51:43.164,0.74873,0.74899,2.90,1.50
2010.12.15 01:51:44.244,0.74873,0.74899,6.50,1.50
2010.12.15 01:51:46.126,0.74873,0.74899,6.30,1.50
2010.12.15 01:51:49.495,0.74873,0.74899,1.30,1.50
2010.12.15 01:51:56.823,0.74873,0.74898,1.50,1.20
2010.12.15 01:51:56.933,0.74873,0.74897,1.20,1.50
2010.12.15 01:51:57.504,0.74868,0.74892,1.10,1.50
2010.12.15 01:51:57.836,0.74868,0.74891,1.10,1.50
2010.12.15 01:52:04.085,0.74869,0.74891,1.40,1.50
2010.12.15 01:52:04.584,0.74866,0.74885,2.50,1.50
2010.12.15 01:52:04.698,0.74865,0.74885,2.10,1.50
2010.12.15 01:52:05.915,0.74867,0.74885,1.40,1.50
2010.12.15 01:52:06.361,0.74872,0.74885,1.40,1.50
2010.12.15 01:52:06.489,0.74862,0.74884,1.40,1.50
2010.12.15 01:52:06.822,0.74862,0.74879,1.40,1.50
2010.12.15 01:52:07.414,0.74865,0.74886,1.40,1.90
2010.12.15 01:52:07.952,0.74873,0.74881,1.40,1.50
2010.12.15 01:52:08.078,0.74863,0.74881,2.10,1.50
2010.12.15 01:52:08.194,0.74863,0.74881,1.20,1.50
2010.12.15 01:52:08.306,0.74859,0.74881,1.20,1.50
2010.12.15 01:52:08.983,0.74858,0.74881,4.70,1.50
2010.12.15 01:52:09.104,0.74869,0.74884,1.70,1.50
2010.12.15 01:52:09.214,0.74869,0.74888,1.50,1.50
2010.12.15 01:52:09.323,0.74868,0.74888,1.50,1.90
2010.12.15 01:52:09.432,0.74861,0.74884,1.20,1.50
2010.12.15 01:52:10.953,0.74872,0.74884,1.40,1.50
2010.12.15 01:52:11.277,0.74872,0.74887,1.40,1.50
2010.12.15 01:52:11.397,0.74863,0.74883,1.40,1.50
2010.12.15 01:52:11.918,0.74859,0.74883,1.40,1.50
2010.12.15 01:52:12.493,0.74859,0.74885,4.70,1.50
2010.12.15 01:52:12.714,0.74863,0.74885,1.40,1.50
2010.12.15 01:52:12.823,0.74867,0.74891,1.30,1.50
2010.12.15 01:52:12.934,0.74866,0.74892,1.10,1.50
2010.12.15 01:52:13.153,0.74864,0.74893,2.10,1.50
2010.12.15 01:52:13.383,0.74864,0.7489,2.10,1.50
2010.12.15 01:52:16.544,0.74864,0.74888,1.90,1.50
2010.12.15 01:52:16.872,0.74864,0.74887,1.50,1.50
2010.12.15 01:52:17.322,0.74864,0.74886,1.70,1.50
2010.12.15 01:52:17.652,0.74864,0.74886,2.10,1.90
2010.12.15 01:52:18.895,0.74864,0.74886,2.10,1.20
2010.12.15 01:52:23.241,0.74863,0.74891,1.30,3.00
2010.12.15 01:52:27.982,0.74863,0.74891,1.40,3.00
2010.12.15 01:52:28.421,0.74864,0.74891,4.40,2.30
2010.12.15 01:52:29.623,0.7487,0.74895,1.10,2.30
2010.12.15 01:52:30.226,0.7487,0.74894,1.10,1.50
2010.12.15 01:52:30.933,0.74867,0.74894,1.10,2.30
2010.12.15 01:52:31.411,0.74865,0.74893,1.10,1.50
2010.12.15 01:52:39.080,0.74864,0.74893,2.80,1.50
2010.12.15 01:52:39.787,0.74864,0.7489,2.10,1.50
2010.12.15 01:52:47.451,0.74864,0.7489,2.10,1.50
2010.12.15 01:52:49.117,0.74864,0.7489,2.10,1.50
2010.12.15 01:53:01.920,0.7486,0.74886,1.10,3.00
2010.12.15 01:53:02.251,0.74859,0.74883,1.50,1.50
2010.12.15 01:53:08.541,0.74856,0.74883,3.40,1.50
2010.12.15 01:54:15.028,0.74855,0.7488,2.60,1.50
2010.12.15 01:54:15.251,0.74852,0.74877,1.50,1.20
2010.12.15 01:54:15.470,0.74851,0.74877,1.50,1.20
2010.12.15 01:54:16.490,0.7485,0.74877,2.80,1.20
2010.12.15 01:54:17.936,0.7485,0.74878,3.00,1.90
2010.12.15 01:54:18.579,0.74854,0.74879,1.30,2.30
2010.12.15 01:54:18.803,0.74852,0.74878,1.70,1.20
2010.12.15 01:54:19.720,0.74851,0.74877,1.70,1.50
2010.12.15 01:54:46.048,0.74857,0.74879,1.40,2.00
2010.12.15 01:54:47.311,0.74857,0.74879,1.40,2.10
2010.12.15 01:54:48.447,0.74857,0.74879,1.40,1.90
2010.12.15 01:54:53.982,0.74857,0.74879,1.40,1.60
2010.12.15 01:54:54.374,0.74857,0.74869,1.40,1.50
2010.12.15 01:54:55.485,0.74855,0.74868,1.70,1.20
2010.12.15 01:54:55.715,0.7485,0.74868,1.40,1.20
2010.12.15 01:54:56.004,0.7485,0.74867,1.40,1.90
2010.12.15 01:55:17.463,0.74849,0.74862,1.90,1.40
2010.12.15 01:55:17.792,0.74848,0.74854,1.40,1.20
2010.12.15 01:55:18.014,0.74843,0.74862,1.40,1.90
2010.12.15 01:55:18.462,0.74842,0.7486,1.40,1.50
2010.12.15 01:55:19.062,0.74841,0.74862,2.60,1.20
2010.12.15 01:55:19.558,0.74841,0.74848,2.60,1.50
2010.12.15 01:55:19.674,0.74841,0.74848,2.50,1.90
2010.12.15 01:55:19.793,0.7484,0.74848,3.00,2.90
2010.12.15 01:55:20.014,0.74818,0.74836,9.70,1.50
2010.12.15 01:55:20.354,0.74817,0.74835,1.10,1.20
2010.12.15 01:55:20.691,0.74817,0.74833,1.10,1.50
2010.12.15 01:55:29.388,0.74818,0.74837,1.40,1.20
2010.12.15 01:55:29.509,0.74822,0.74846,3.20,1.50
2010.12.15 01:55:29.623,0.7482,0.74846,1.30,1.50
2010.12.15 01:55:29.956,0.74819,0.74843,5.10,1.50
2010.12.15 01:55:30.183,0.74819,0.74843,4.30,1.50
2010.12.15 01:55:30.576,0.74819,0.74841,4.40,1.50
2010.12.15 01:55:38.295,0.74819,0.74826,4.20,1.40
2010.12.15 01:55:38.412,0.74816,0.74823,1.50,2.10
2010.12.15 01:55:38.521,0.74797,0.74823,2.70,2.10
2010.12.15 01:55:38.632,0.74796,0.74823,1.80,2.10
2010.12.15 01:55:39.266,0.74797,0.7482,1.50,1.50
2010.12.15 01:55:40.244,0.74795,0.74814,2.30,1.50
2010.12.15 01:55:40.472,0.7479,0.74814,2.30,1.50
2010.12.15 01:55:40.691,0.7479,0.74814,2.60,1.50
2010.12.15 01:55:41.023,0.74793,0.74817,3.70,1.50
2010.12.15 01:55:41.530,0.74796,0.74818,2.10,1.50
2010.12.15 01:55:42.233,0.74797,0.74818,1.40,1.50
2010.12.15 01:55:42.563,0.74796,0.74807,1.50,1.70
2010.12.15 01:55:43.051,0.74787,0.74811,1.40,1.70
2010.12.15 01:55:43.175,0.74791,0.74814,1.40,1.50
2010.12.15 01:55:43.768,0.74789,0.74813,4.80,1.50
2010.12.15 01:55:43.884,0.74791,0.74817,1.20,1.20
2010.12.15 01:55:44.720,0.74792,0.74817,3.30,1.20
2010.12.15 01:55:46.267,0.7479,0.74815,1.70,1.50
2010.12.15 01:55:46.492,0.74796,0.74818,1.20,1.50
2010.12.15 01:55:49.220,0.74795,0.74817,1.50,2.50
2010.12.15 01:55:49.444,0.74788,0.74816,3.00,1.70
2010.12.15 01:55:49.673,0.74788,0.74816,5.50,3.00
2010.12.15 01:55:50.003,0.74788,0.74813,1.90,1.50
2010.12.15 01:55:52.303,0.74788,0.74813,1.50,3.00
2010.12.15 01:55:52.966,0.74785,0.74803,1.50,1.50
2010.12.15 01:55:53.085,0.7478,0.74803,1.50,1.50
2010.12.15 01:55:53.312,0.7478,0.74802,1.50,1.50
2010.12.15 01:55:53.864,0.74778,0.74799,1.50,1.50
2010.12.15 01:55:54.867,0.74776,0.74797,1.60,1.50
2010.12.15 01:55:54.984,0.74776,0.74799,1.50,1.50
2010.12.15 01:55:55.326,0.74774,0.74799,1.70,1.50
2010.12.15 01:55:55.445,0.74774,0.74796,2.30,1.50
2010.12.15 01:55:55.931,0.74779,0.74799,2.70,1.50
2010.12.15 01:55:57.136,0.74779,0.74799,2.80,1.50
2010.12.15 01:55:58.418,0.7478,0.74799,1.10,1.50
2010.12.15 01:55:58.991,0.7478,0.74799,3.00,1.50
2010.12.15 01:55:59.100,0.74781,0.74806,1.40,1.50
2010.12.15 01:55:59.627,0.7478,0.74803,1.10,1.50
2010.12.15 01:56:00.561,0.74784,0.74809,2.70,2.30
2010.12.15 01:56:02.236,0.74786,0.74809,1.50,2.30
2010.12.15 01:56:02.357,0.74789,0.74812,1.20,1.50
2010.12.15 01:56:03.470,0.74789,0.74811,1.20,1.50
2010.12.15 01:56:04.018,0.74789,0.74804,1.10,1.20
2010.12.15 01:56:04.244,0.74778,0.74803,3.80,2.10
2010.12.15 01:56:04.833,0.74782,0.74803,1.20,1.40
2010.12.15 01:56:06.125,0.74782,0.74803,1.30,1.40
2010.12.15 01:56:06.473,0.74782,0.74803,1.20,1.40
2010.12.15 01:56:08.126,0.74778,0.74803,1.80,2.10
2010.12.15 01:56:09.693,0.74778,0.74803,3.30,1.70
2010.12.15 01:56:09.802,0.74779,0.74804,1.70,1.50
2010.12.15 01:56:09.913,0.74779,0.74807,5.90,1.50
2010.12.15 01:56:10.572,0.74784,0.74807,1.10,1.50
2010.12.15 01:56:10.794,0.7478,0.74805,1.60,1.50
2010.12.15 01:56:12.431,0.7478,0.74805,1.50,1.50
2010.12.15 01:56:12.540,0.74779,0.74805,6.50,1.50
2010.12.15 01:56:12.764,0.74779,0.74801,2.30,1.50
2010.12.15 01:56:12.881,0.74777,0.74802,1.60,1.50
2010.12.15 01:56:13.545,0.74777,0.748,1.50,1.50
2010.12.15 01:56:13.670,0.74777,0.748,1.40,1.50
2010.12.15 01:56:15.113,0.74776,0.74797,1.40,1.50
2010.12.15 01:56:18.473,0.74776,0.74797,2.60,1.50
2010.12.15 01:56:21.563,0.74778,0.74797,1.40,1.50
2010.12.15 01:56:21.782,0.74779,0.74803,11.30,1.50
2010.12.15 01:56:22.526,0.74783,0.74809,1.20,1.20
2010.12.15 01:56:22.934,0.74783,0.7481,5.10,1.50
2010.12.15 01:56:23.973,0.74789,0.74812,3.40,1.50
2010.12.15 01:56:24.083,0.74789,0.74817,3.70,1.90
2010.12.15 01:56:24.191,0.74789,0.74817,3.70,1.90
2010.12.15 01:56:24.304,0.74789,0.74817,1.10,4.00
2010.12.15 01:56:24.423,0.74789,0.74817,1.70,3.80
2010.12.15 01:56:24.815,0.7479,0.74818,1.20,5.10
2010.12.15 01:56:24.946,0.74786,0.74814,1.40,1.50
2010.12.15 01:56:25.527,0.74785,0.74812,2.10,1.50
2010.12.15 01:56:26.152,0.74785,0.74812,4.30,1.50
2010.12.15 01:56:26.654,0.74785,0.74813,4.30,1.50
2010.12.15 01:56:26.997,0.74788,0.74814,1.50,1.50
2010.12.15 01:56:27.114,0.74785,0.74813,6.10,1.50
2010.12.15 01:56:28.104,0.74786,0.74811,2.00,1.50
2010.12.15 01:56:28.682,0.74786,0.7481,1.90,1.20
2010.12.15 01:56:29.011,0.74777,0.74803,1.60,1.20
2010.12.15 01:56:29.989,0.74777,0.74803,3.80,1.40
2010.12.15 01:56:30.432,0.74778,0.74804,1.60,1.70
2010.12.15 01:56:30.878,0.7479,0.74806,1.50,1.50
2010.12.15 01:56:31.213,0.7479,0.7481,2.10,1.70
2010.12.15 01:56:31.325,0.74792,0.74812,1.40,1.50
2010.12.15 01:56:31.884,0.74792,0.74812,1.40,1.70
2010.12.15 01:56:32.436,0.74788,0.74812,5.80,1.50
2010.12.15 01:56:35.139,0.74788,0.74812,13.90,1.50
2010.12.15 01:56:38.281,0.74794,0.74816,1.60,1.50
2010.12.15 01:56:39.556,0.74797,0.74816,1.50,1.50
2010.12.15 01:56:39.897,0.74799,0.74816,1.50,1.50
2010.12.15 01:56:40.011,0.74788,0.74816,14.40,1.50
2010.12.15 01:56:41.192,0.74789,0.74816,2.10,1.50
2010.12.15 01:57:25.663,0.74791,0.74817,2.80,1.70
2010.12.15 01:57:25.774,0.74791,0.74817,1.60,1.70
2010.12.15 01:57:25.894,0.74791,0.74817,2.80,1.70
2010.12.15 01:57:39.119,0.74792,0.74817,1.50,1.70
2010.12.15 01:57:39.975,0.74793,0.74818,1.30,1.40
2010.12.15 01:57:40.095,0.74794,0.74821,3.60,1.70
2010.12.15 01:57:40.819,0.74796,0.74822,1.60,2.10
2010.12.15 01:57:41.045,0.74793,0.74818,2.90,1.40
2010.12.15 01:57:41.753,0.74793,0.74818,2.40,1.40
2010.12.15 01:57:45.045,0.74793,0.74818,1.30,1.40
2010.12.15 01:57:45.928,0.74796,0.74822,1.20,2.10
2010.12.15 01:57:46.157,0.74796,0.74822,1.20,1.40
2010.12.15 01:57:46.978,0.74798,0.74823,1.60,1.40
2010.12.15 01:57:47.093,0.74802,0.74824,3.20,3.00
2010.12.15 01:57:47.450,0.74814,0.7483,1.10,1.70
2010.12.15 01:57:47.568,0.74814,0.74838,1.10,1.50
2010.12.15 01:57:47.682,0.74814,0.74839,2.10,2.50
2010.12.15 01:57:48.122,0.74816,0.7484,1.30,1.70
2010.12.15 01:57:48.232,0.74816,0.7484,1.10,1.50
2010.12.15 01:57:50.789,0.74816,0.7484,1.50,1.50
2010.12.15 01:57:51.013,0.74818,0.74844,3.40,1.50
2010.12.15 01:57:51.536,0.74818,0.74842,3.40,1.70
2010.12.15 01:57:52.066,0.74815,0.74837,1.50,1.40
2010.12.15 01:57:52.701,0.74815,0.74834,1.50,1.40
2010.12.15 01:57:53.032,0.74803,0.74828,1.70,2.10
2010.12.15 01:57:53.252,0.74803,0.74826,1.50,4.00
2010.12.15 01:57:53.737,0.74802,0.74821,1.90,1.70
2010.12.15 01:57:53.857,0.74802,0.74824,2.50,1.70
2010.12.15 01:57:54.083,0.74805,0.74828,1.50,1.40
2010.12.15 01:57:54.193,0.74805,0.74828,1.70,1.40
2010.12.15 01:57:54.411,0.74807,0.74828,1.10,1.40
2010.12.15 01:57:55.008,0.74813,0.74831,1.10,2.50
2010.12.15 01:57:55.127,0.74813,0.74833,1.10,1.40
2010.12.15 01:57:57.797,0.74816,0.74837,1.30,1.50
2010.12.15 01:57:58.131,0.74819,0.74839,1.30,1.50
2010.12.15 01:57:59.014,0.74819,0.7484,1.30,1.50
2010.12.15 01:57:59.704,0.74819,0.7484,3.70,1.50
2010.12.15 01:57:59.931,0.74819,0.74845,3.70,1.50
2010.12.15 01:58:00.042,0.7482,0.74847,1.50,1.20
2010.12.15 01:58:00.597,0.74824,0.7485,1.10,3.40
2010.12.15 01:58:01.176,0.74824,0.74847,1.10,1.20
2010.12.15 01:58:01.513,0.74824,0.74841,1.30,4.50
2010.12.15 01:58:01.623,0.74822,0.74841,1.40,1.50
2010.12.15 01:58:01.842,0.74823,0.74848,2.10,1.40
2010.12.15 01:58:02.883,0.7482,0.7484,1.20,1.40
2010.12.15 01:58:02.991,0.7482,0.7484,1.20,1.40
2010.12.15 01:58:03.435,0.74822,0.7484,1.30,1.20
2010.12.15 01:58:03.555,0.74823,0.74845,1.40,3.20
2010.12.15 01:58:04.043,0.74823,0.74847,1.40,2.10
2010.12.15 01:58:04.802,0.7482,0.74845,1.10,1.70
2010.12.15 01:58:05.021,0.74815,0.74843,1.40,1.50
2010.12.15 01:58:06.236,0.74815,0.74842,1.50,2.30
2010.12.15 01:58:07.552,0.74815,0.74837,1.10,1.80
2010.12.15 01:58:12.576,0.74808,0.74832,1.20,1.30
2010.12.15 01:58:14.010,0.74808,0.74833,1.20,1.40
2010.12.15 01:58:16.207,0.74805,0.74833,4.30,2.10
2010.12.15 01:58:20.122,0.74805,0.74832,4.30,1.10
2010.12.15 01:58:21.732,0.74805,0.74827,1.50,1.10
2010.12.15 01:58:22.177,0.74805,0.74828,1.10,1.50
2010.12.15 01:58:22.885,0.74805,0.74829,1.10,1.30
2010.12.15 01:58:23.230,0.74805,0.74831,1.80,2.10
2010.12.15 01:58:23.346,0.74805,0.74831,2.10,1.70
2010.12.15 01:58:23.811,0.74804,0.74831,1.10,6.40
2010.12.15 01:58:24.420,0.74804,0.74828,1.10,1.30
2010.12.15 01:58:24.932,0.74804,0.74828,1.10,1.70
2010.12.15 01:58:25.512,0.74797,0.74823,1.80,1.40
2010.12.15 01:58:25.848,0.74796,0.74819,1.10,1.40
2010.12.15 01:58:25.966,0.74794,0.74818,2.60,1.40
2010.12.15 01:58:26.721,0.74792,0.74818,3.30,1.90
2010.12.15 01:58:27.262,0.74792,0.74818,1.80,1.90
2010.12.15 01:58:28.134,0.74792,0.74818,1.80,1.90
2010.12.15 01:58:35.512,0.74792,0.74818,2.00,1.90
2010.12.15 01:58:46.446,0.74792,0.74818,4.00,1.90
2010.12.15 01:58:47.496,0.74792,0.74818,5.70,1.90
2010.12.15 01:58:48.053,0.74793,0.74819,1.30,1.40
2010.12.15 01:58:48.781,0.74793,0.74819,2.40,1.40
2010.12.15 01:58:49.221,0.74793,0.74819,4.80,1.20
2010.12.15 01:58:49.338,0.74797,0.74822,1.10,1.50
2010.12.15 01:58:49.672,0.74797,0.74822,2.80,1.50
2010.12.15 01:58:49.781,0.748,0.74825,1.20,2.10
2010.12.15 01:58:50.551,0.748,0.74825,2.70,2.10
2010.12.15 01:58:52.199,0.748,0.74825,2.90,2.90
2010.12.15 01:58:53.682,0.748,0.74823,2.90,1.40
2010.12.15 01:59:01.054,0.748,0.74823,1.50,1.40
2010.12.15 01:59:02.211,0.74802,0.74825,1.30,1.40
2010.12.15 01:59:02.323,0.74807,0.74825,1.90,1.40
2010.12.15 01:59:02.431,0.74807,0.74826,1.90,1.70
2010.12.15 01:59:05.306,0.74807,0.74826,1.90,1.70
2010.12.15 01:59:05.754,0.74807,0.74824,1.90,1.40
2010.12.15 01:59:06.184,0.748,0.74824,1.50,1.40
2010.12.15 01:59:12.132,0.748,0.74824,2.70,1.40
2010.12.15 01:59:12.842,0.74803,0.74824,2.50,1.40
2010.12.15 01:59:16.522,0.74804,0.74826,1.80,2.50
2010.12.15 01:59:17.076,0.74809,0.74832,1.20,2.50
2010.12.15 01:59:17.192,0.7481,0.74833,1.50,1.40
2010.12.15 01:59:25.399,0.74818,0.74841,1.50,2.50
2010.12.15 01:59:25.961,0.74816,0.74842,1.30,1.50
2010.12.15 01:59:26.886,0.74819,0.74843,1.80,1.50
2010.12.15 01:59:27.339,0.74822,0.74845,1.20,1.50
2010.12.15 01:59:27.464,0.74823,0.74848,1.10,1.90
2010.12.15 01:59:42.272,0.74821,0.74846,2.10,1.50
2010.12.15 01:59:42.841,0.74821,0.74847,3.20,1.50
2010.12.15 01:59:43.114,0.74832,0.74847,1.50,1.50
2010.12.15 01:59:43.457,0.74833,0.74848,3.20,1.20
2010.12.15 01:59:43.574,0.7483,0.74851,1.10,1.40
2010.12.15 01:59:43.694,0.74825,0.74848,1.50,1.40
2010.12.15 01:59:44.538,0.74826,0.74849,1.50,1.40
2010.12.15 01:59:48.294,0.74826,0.7485,1.50,1.50
2010.12.15 01:59:48.414,0.74833,0.74858,1.10,1.20
2010.12.15 01:59:48.752,0.74833,0.74861,1.10,1.90
2010.12.15 01:59:48.863,0.74833,0.74857,1.10,2.30
2010.12.15 01:59:49.411,0.74833,0.74858,1.10,1.20
2010.12.15 01:59:49.743,0.74832,0.74859,1.10,1.50
2010.12.15 01:59:50.156,0.74831,0.74855,1.90,1.70
