2009.04.24 01:00:06.387,0.5605,0.56095,4.00,3.20
2009.04.24 01:00:07.557,0.5605,0.56095,4.00,3.60
2009.04.24 01:00:08.696,0.5604,0.5609,24.40,3.20
2009.04.24 01:00:08.806,0.56045,0.5609,6.00,3.20
2009.04.24 01:00:08.916,0.56045,0.5609,2.80,3.20
2009.04.24 01:00:09.146,0.56035,0.5609,23.60,3.20
2009.04.24 01:00:25.382,0.5604,0.5609,10.00,6.00
2009.04.24 01:00:25.492,0.5604,0.5609,10.00,8.60
2009.04.24 01:00:25.602,0.5604,0.56085,4.00,3.20
2009.04.24 01:00:43.258,0.5604,0.56085,4.00,3.60
2009.04.24 01:00:43.378,0.5604,0.5608,4.00,3.20
2009.04.24 01:00:54.135,0.5604,0.56085,4.00,3.20
2009.04.24 01:00:59.105,0.5604,0.5607,4.00,3.20
2009.04.24 01:00:59.214,0.5604,0.5607,6.40,3.20
2009.04.24 01:00:59.324,0.5604,0.5607,3.20,3.20
2009.04.24 01:00:59.434,0.56025,0.5607,8.60,3.20
2009.04.24 01:00:59.774,0.56025,0.5607,5.80,3.20
2009.04.24 01:01:01.504,0.5603,0.5608,10.00,3.20
2009.04.24 01:01:03.613,0.5604,0.5608,4.00,3.20
2009.04.24 01:01:11.061,0.5604,0.56085,4.00,1.80
2009.04.24 01:01:11.341,0.5604,0.5609,4.00,10.00
2009.04.24 01:01:43.783,0.5604,0.5609,2.60,10.40
2009.04.24 01:01:44.133,0.5603,0.56085,17.60,3.20
2009.04.24 01:01:44.243,0.5603,0.56085,7.00,3.20
2009.04.24 01:01:44.593,0.5603,0.56085,4.00,3.20
2009.04.24 01:01:56.700,0.5603,0.56075,4.00,3.20
2009.04.24 01:01:56.920,0.5603,0.56075,10.00,3.20
2009.04.24 01:02:00.739,0.5604,0.56075,3.40,3.20
2009.04.24 01:02:00.909,0.5604,0.56085,4.00,3.20
2009.04.24 01:02:32.511,0.5603,0.5608,21.80,3.20
2009.04.24 01:02:32.861,0.5603,0.5608,10.00,3.20
2009.04.24 01:02:33.651,0.56035,0.5608,5.80,3.20
2009.04.24 01:02:33.761,0.5604,0.5608,4.00,3.20
2009.04.24 01:02:33.821,0.5604,0.56085,4.00,3.20
2009.04.24 01:02:52.297,0.5604,0.56075,6.40,1.00
2009.04.24 01:02:52.477,0.5604,0.5607,3.20,3.20
2009.04.24 01:02:52.757,0.5603,0.5607,2.80,3.20
2009.04.24 01:02:53.037,0.5602,0.56075,9.80,3.20
2009.04.24 01:02:54.006,0.5603,0.56075,5.80,3.20
2009.04.24 01:02:54.696,0.5603,0.56085,5.80,3.60
2009.04.24 01:02:55.026,0.56035,0.56085,5.80,3.20
2009.04.24 01:02:55.736,0.56035,0.5608,5.80,3.20
2009.04.24 01:02:56.406,0.56035,0.56085,5.80,3.20
2009.04.24 01:02:57.085,0.56035,0.5608,5.80,3.20
2009.04.24 01:03:14.721,0.5603,0.5606,7.00,2.40
2009.04.24 01:03:14.891,0.5603,0.5606,1.60,2.40
2009.04.24 01:03:17.370,0.5603,0.56055,1.60,3.20
2009.04.24 01:03:17.661,0.56015,0.56055,9.60,3.20
2009.04.24 01:03:18.180,0.5602,0.56055,4.00,3.20
2009.04.24 01:03:19.200,0.5602,0.5606,4.00,4.40
2009.04.24 01:03:19.310,0.5602,0.5606,4.00,3.80
2009.04.24 01:03:19.650,0.5602,0.5606,4.00,2.40
2009.04.24 01:03:23.559,0.5602,0.5605,4.00,2.40
2009.04.24 01:03:23.969,0.5602,0.5605,2.20,2.40
2009.04.24 01:03:39.775,0.5602,0.5606,4.00,8.60
2009.04.24 01:03:40.835,0.5602,0.5606,4.00,5.40
2009.04.24 01:03:41.945,0.5602,0.5606,4.00,2.40
2009.04.24 01:03:42.005,0.5602,0.5606,4.00,3.60
2009.04.24 01:03:42.235,0.5602,0.5606,10.00,3.20
2009.04.24 01:03:42.525,0.5602,0.5607,10.00,3.60
2009.04.24 01:03:46.094,0.5602,0.5605,1.60,2.40
2009.04.24 01:03:46.324,0.5602,0.5605,6.40,2.40
2009.04.24 01:03:46.554,0.5602,0.5605,3.20,2.40
2009.04.24 01:03:46.733,0.5602,0.5605,2.20,2.40
2009.04.24 01:03:47.013,0.5602,0.5605,3.20,2.40
2009.04.24 01:03:47.533,0.5601,0.56045,15.20,2.40
2009.04.24 01:03:47.823,0.56015,0.56045,9.60,2.40
2009.04.24 01:03:50.363,0.56,0.5603,3.20,2.40
2009.04.24 01:03:54.412,0.56,0.5603,2.20,2.40
2009.04.24 01:04:12.527,0.56,0.5603,1.40,2.40
2009.04.24 01:04:12.707,0.56015,0.5603,1.20,2.40
2009.04.24 01:04:12.937,0.56,0.56035,10.80,2.40
2009.04.24 01:04:13.537,0.5601,0.56035,3.40,2.40
2009.04.24 01:04:14.237,0.56,0.56035,17.20,2.40
2009.04.24 01:04:16.286,0.5601,0.5604,1.00,11.80
2009.04.24 01:04:16.516,0.5601,0.5604,1.60,11.80
2009.04.24 01:04:16.636,0.5601,0.5604,4.80,10.20
2009.04.24 01:04:16.936,0.5601,0.5604,6.40,10.20
2009.04.24 01:04:17.556,0.5601,0.5604,4.80,10.20
2009.04.24 01:04:18.196,0.5602,0.5604,3.40,8.60
2009.04.24 01:04:20.095,0.5602,0.56035,4.00,4.60
2009.04.24 01:04:20.335,0.5602,0.56055,4.00,2.80
2009.04.24 01:04:20.566,0.5602,0.5606,4.00,3.20
2009.04.24 01:04:21.025,0.5602,0.5605,4.00,3.20
2009.04.24 01:04:21.255,0.5603,0.5606,5.80,1.40
2009.04.24 01:04:21.545,0.5603,0.5608,5.80,3.20
2009.04.24 01:04:25.884,0.56035,0.5608,5.80,3.20
2009.04.24 01:04:25.994,0.56035,0.56085,5.80,3.20
2009.04.24 01:04:40.591,0.56025,0.5608,28.40,1.00
2009.04.24 01:04:40.710,0.5603,0.5606,8.60,2.40
2009.04.24 01:04:40.880,0.56035,0.56065,9.60,2.40
2009.04.24 01:04:41.240,0.56035,0.56065,1.60,2.40
2009.04.24 01:04:41.510,0.56035,0.56065,4.80,2.40
2009.04.24 01:04:41.870,0.56035,0.56065,8.00,2.40
2009.04.24 01:04:45.189,0.56035,0.56065,4.80,2.40
2009.04.24 01:04:45.419,0.56035,0.56065,1.60,2.40
2009.04.24 01:04:45.889,0.56025,0.5606,10.80,2.40
2009.04.24 01:04:55.427,0.5603,0.5607,11.00,9.40
2009.04.24 01:04:55.597,0.5603,0.5607,11.00,5.40
2009.04.24 01:05:12.093,0.5603,0.5607,5.00,5.40
2009.04.24 01:05:12.203,0.5603,0.5607,4.00,5.40
2009.04.24 01:05:26.100,0.5603,0.5607,4.00,8.60
2009.04.24 01:05:26.799,0.5603,0.5607,4.00,5.40
2009.04.24 01:05:32.868,0.5603,0.5607,5.00,5.40
2009.04.24 01:05:34.687,0.5604,0.5607,1.00,2.40
2009.04.24 01:05:34.797,0.5604,0.5607,1.60,2.40
2009.04.24 01:05:36.177,0.56025,0.5607,22.80,5.40
2009.04.24 01:05:36.577,0.5603,0.5607,5.00,5.40
2009.04.24 01:05:56.132,0.5603,0.5607,4.00,5.40
2009.04.24 01:05:56.662,0.5603,0.5607,5.00,5.40
2009.04.24 01:05:57.062,0.5603,0.5607,11.00,5.40
2009.04.24 01:06:08.939,0.5604,0.5607,1.00,2.40
2009.04.24 01:06:08.999,0.5604,0.5607,1.60,2.40
2009.04.24 01:06:23.525,0.5603,0.5607,13.80,2.40
2009.04.24 01:06:23.746,0.5603,0.5607,7.00,2.40
2009.04.24 01:06:23.865,0.5603,0.5607,7.00,5.40
2009.04.24 01:06:24.096,0.5603,0.5607,4.00,5.40
2009.04.24 01:06:39.982,0.5603,0.5607,4.00,8.60
2009.04.24 01:06:41.631,0.5603,0.5607,4.00,5.40
2009.04.24 01:06:43.141,0.5603,0.5607,4.00,8.60
2009.04.24 01:06:43.850,0.5603,0.5606,3.20,2.40
2009.04.24 01:06:45.100,0.5603,0.5606,6.40,2.40
2009.04.24 01:06:51.189,0.5603,0.5607,4.00,10.00
2009.04.24 01:06:51.359,0.5603,0.5607,4.00,8.60
2009.04.24 01:06:51.579,0.5603,0.5607,4.00,5.40
2009.04.24 01:06:53.428,0.5603,0.5607,4.00,5.80
2009.04.24 01:06:53.548,0.5603,0.56065,4.00,3.20
2009.04.24 01:07:09.754,0.5603,0.56065,5.40,5.00
2009.04.24 01:07:09.815,0.5603,0.56065,4.00,3.20
2009.04.24 01:07:09.874,0.5603,0.5607,4.00,14.60
2009.04.24 01:07:09.934,0.5603,0.5607,4.00,11.40
2009.04.24 01:07:10.404,0.5603,0.5607,4.00,8.60
2009.04.24 01:07:11.624,0.5603,0.5606,5.40,2.40
2009.04.24 01:07:28.430,0.5603,0.56065,4.00,3.20
2009.04.24 01:07:28.840,0.5603,0.5607,4.00,8.60
2009.04.24 01:07:41.617,0.5603,0.5606,4.00,2.40
2009.04.24 01:07:41.787,0.5603,0.5606,5.40,2.40
2009.04.24 01:08:13.789,0.5603,0.5606,5.40,5.60
2009.04.24 01:08:14.350,0.5603,0.56065,4.00,3.20
2009.04.24 01:08:26.676,0.5603,0.5606,5.40,2.40
2009.04.24 01:08:27.316,0.5603,0.5606,5.40,5.60
2009.04.24 01:08:29.735,0.5603,0.5606,5.40,3.20
2009.04.24 01:08:29.905,0.5603,0.5606,5.40,2.40
2009.04.24 01:08:30.665,0.5603,0.56065,4.00,3.20
2009.04.24 01:09:01.597,0.5603,0.5607,4.00,10.00
2009.04.24 01:09:01.808,0.5603,0.5607,4.00,8.60
2009.04.24 01:09:03.097,0.5603,0.5607,4.00,5.40
2009.04.24 01:09:45.247,0.5603,0.5607,11.00,5.40
2009.04.24 01:09:45.997,0.5603,0.5607,4.00,5.40
2009.04.24 01:09:46.696,0.5603,0.5607,4.00,8.60
2009.04.24 01:09:47.776,0.5603,0.5607,4.00,5.40
2009.04.24 01:09:48.066,0.5603,0.5607,4.00,8.60
2009.04.24 01:09:53.375,0.5603,0.5607,4.00,5.40
2009.04.24 01:10:01.663,0.56025,0.5608,20.60,3.20
2009.04.24 01:10:02.173,0.5603,0.5608,10.00,3.20
2009.04.24 01:10:04.602,0.56035,0.5608,16.00,3.20
2009.04.24 01:10:04.722,0.56045,0.5608,8.00,3.20
2009.04.24 01:10:05.232,0.56035,0.56085,20.40,3.20
2009.04.24 01:10:05.522,0.5604,0.56085,12.00,3.20
2009.04.24 01:10:22.168,0.56045,0.56095,5.80,3.20
2009.04.24 01:10:31.985,0.56045,0.56095,5.80,11.20
2009.04.24 01:10:36.984,0.5605,0.56095,5.80,11.20
2009.04.24 01:10:37.214,0.56035,0.5608,16.60,2.40
2009.04.24 01:10:47.042,0.5604,0.5608,11.00,5.40
2009.04.24 01:10:50.581,0.5604,0.5612,18.00,8.60
2009.04.24 01:10:57.479,0.5604,0.5611,18.00,3.20
2009.04.24 01:11:00.109,0.56045,0.5611,13.80,3.20
2009.04.24 01:11:00.559,0.56055,0.5612,5.80,3.20
2009.04.24 01:11:03.428,0.56045,0.56115,21.80,3.20
2009.04.24 01:11:04.068,0.5605,0.56115,5.80,3.20
2009.04.24 01:11:04.348,0.5605,0.56115,13.80,3.20
2009.04.24 01:11:06.017,0.5605,0.56115,5.80,3.20
2009.04.24 01:11:09.247,0.5605,0.56115,13.80,3.20
2009.04.24 01:11:09.816,0.5605,0.56115,5.80,3.20
2009.04.24 01:11:09.926,0.56055,0.5612,5.80,3.20
2009.04.24 01:11:21.353,0.56045,0.561,9.20,2.40
2009.04.24 01:11:21.533,0.5605,0.561,11.00,2.40
2009.04.24 01:11:29.561,0.56065,0.56105,1.40,5.20
2009.04.24 01:11:30.062,0.56065,0.56105,1.40,2.40
2009.04.24 01:11:30.361,0.5607,0.56105,3.40,3.20
2009.04.24 01:11:30.651,0.5608,0.5612,3.40,8.20
2009.04.24 01:11:30.931,0.5608,0.5612,4.40,5.40
2009.04.24 01:11:31.221,0.561,0.5612,1.00,5.40
2009.04.24 01:11:31.401,0.561,0.56125,1.00,5.20
2009.04.24 01:11:31.581,0.5609,0.56125,13.80,5.20
2009.04.24 01:11:31.761,0.56095,0.56125,8.00,2.40
2009.04.24 01:11:35.100,0.561,0.56125,1.00,2.40
2009.04.24 01:11:38.819,0.561,0.5613,3.40,6.80
2009.04.24 01:11:38.989,0.561,0.56125,3.40,3.20
2009.04.24 01:11:39.099,0.561,0.56135,9.80,2.80
2009.04.24 01:11:39.269,0.561,0.5614,4.00,2.80
2009.04.24 01:11:39.449,0.561,0.56145,4.00,4.20
2009.04.24 01:11:39.629,0.561,0.5615,4.00,10.00
2009.04.24 01:11:40.099,0.561,0.5615,4.00,6.80
2009.04.24 01:11:40.389,0.561,0.5615,4.00,5.40
2009.04.24 01:11:43.138,0.561,0.5615,3.40,5.40
2009.04.24 01:11:43.758,0.5608,0.5615,22.80,9.00
2009.04.24 01:11:44.048,0.5608,0.5615,18.00,9.00
2009.04.24 01:11:44.338,0.56085,0.5615,8.00,9.00
2009.04.24 01:11:44.508,0.56075,0.5615,21.60,9.00
2009.04.24 01:11:44.628,0.5608,0.56145,4.00,3.20
2009.04.24 01:11:45.158,0.5607,0.5614,17.40,3.20
2009.04.24 01:11:45.328,0.56075,0.5614,8.60,3.20
2009.04.24 01:11:46.077,0.56075,0.56145,5.80,3.60
2009.04.24 01:11:48.627,0.5608,0.56145,1.00,3.60
2009.04.24 01:11:48.858,0.5608,0.56145,3.40,3.60
2009.04.24 01:11:49.676,0.5608,0.56145,14.60,3.20
2009.04.24 01:11:52.796,0.56075,0.56145,17.20,3.20
2009.04.24 01:11:53.216,0.5608,0.5615,14.60,9.00
2009.04.24 01:11:53.726,0.56085,0.5615,8.00,9.00
2009.04.24 01:11:54.725,0.56085,0.5615,8.00,5.40
2009.04.24 01:12:00.464,0.56075,0.5615,14.60,5.40
2009.04.24 01:12:01.094,0.56085,0.5615,8.00,5.40
2009.04.24 01:12:02.124,0.56075,0.5615,15.60,5.40
2009.04.24 01:12:04.293,0.5608,0.5615,12.00,8.60
2009.04.24 01:12:04.473,0.56085,0.5615,8.00,8.60
2009.04.24 01:12:07.552,0.56075,0.5615,21.60,9.00
2009.04.24 01:12:17.550,0.5608,0.5614,12.00,8.60
2009.04.24 01:12:17.660,0.5608,0.5614,4.00,8.60
2009.04.24 01:12:23.089,0.5608,0.5614,4.00,18.40
2009.04.24 01:12:23.328,0.5608,0.5614,4.00,9.00
2009.04.24 01:12:23.609,0.5608,0.5614,4.00,3.60
2009.04.24 01:12:24.008,0.5608,0.5615,18.00,8.60
2009.04.24 01:12:24.748,0.56085,0.5615,8.00,8.60
2009.04.24 01:12:25.758,0.56085,0.5615,8.00,9.00
2009.04.24 01:12:26.118,0.56075,0.5615,21.60,9.00
2009.04.24 01:12:41.314,0.5608,0.5615,4.00,9.00
2009.04.24 01:12:41.664,0.561,0.5614,3.40,2.40
2009.04.24 01:12:42.054,0.561,0.5614,3.40,5.40
2009.04.24 01:12:44.923,0.561,0.5614,6.60,5.40
2009.04.24 01:12:45.093,0.561,0.5614,9.80,5.40
2009.04.24 01:12:47.093,0.561,0.5614,6.60,5.40
2009.04.24 01:12:47.263,0.561,0.5614,3.40,5.40
2009.04.24 01:12:49.452,0.561,0.56145,4.40,3.20
2009.04.24 01:12:49.502,0.561,0.56145,4.40,2.80
2009.04.24 01:12:49.742,0.561,0.56145,7.60,2.80
2009.04.24 01:12:49.802,0.561,0.5615,10.80,8.20
2009.04.24 01:12:49.862,0.561,0.5615,10.80,5.40
2009.04.24 01:13:24.104,0.5611,0.5615,4.00,5.40
2009.04.24 01:13:28.233,0.5611,0.5614,1.00,2.40
2009.04.24 01:13:28.532,0.5611,0.5615,4.00,9.40
2009.04.24 01:13:28.763,0.5611,0.5615,4.00,5.40
2009.04.24 01:14:07.553,0.5611,0.5615,4.00,10.00
2009.04.24 01:14:08.383,0.5611,0.5615,4.00,8.60
2009.04.24 01:14:08.903,0.5611,0.5614,2.20,2.40
2009.04.24 01:14:09.133,0.5611,0.5614,6.40,2.40
2009.04.24 01:14:25.499,0.5611,0.56145,6.40,2.80
2009.04.24 01:14:25.619,0.5611,0.5615,4.00,11.80
2009.04.24 01:14:25.909,0.5611,0.5615,4.00,8.60
2009.04.24 01:14:49.033,0.5611,0.56125,5.60,2.40
2009.04.24 01:14:57.791,0.5611,0.56125,5.60,5.40
2009.04.24 01:14:58.741,0.5611,0.5612,5.60,2.80
2009.04.24 01:15:20.096,0.5611,0.5613,5.60,2.80
2009.04.24 01:15:20.436,0.5611,0.5613,4.80,2.80
2009.04.24 01:15:42.810,0.5611,0.5612,4.80,2.80
2009.04.24 01:15:43.110,0.5611,0.5612,5.60,2.80
2009.04.24 01:16:07.304,0.561,0.56125,24.60,2.40
2009.04.24 01:16:15.312,0.56105,0.56135,6.00,2.80
2009.04.24 01:16:15.422,0.5611,0.56135,3.40,2.40
2009.04.24 01:16:17.342,0.56115,0.56135,3.40,2.40
2009.04.24 01:16:18.042,0.56115,0.56135,4.40,2.40
2009.04.24 01:16:20.031,0.56105,0.56135,18.00,2.40
2009.04.24 01:16:24.560,0.5611,0.56135,3.40,2.40
2009.04.24 01:16:35.537,0.561,0.56125,26.20,2.40
2009.04.24 01:16:40.836,0.56105,0.5612,6.00,2.40
2009.04.24 01:16:41.416,0.56095,0.5612,27.80,2.40
2009.04.24 01:16:42.166,0.561,0.5612,13.20,2.40
2009.04.24 01:16:46.005,0.5611,0.56135,3.40,2.40
2009.04.24 01:16:50.324,0.5611,0.56125,3.40,2.40
2009.04.24 01:16:50.374,0.561,0.56125,8.60,2.40
2009.04.24 01:16:50.554,0.56105,0.56125,4.40,2.40
2009.04.24 01:16:58.182,0.561,0.5612,14.00,2.40
2009.04.24 01:17:03.510,0.56095,0.56115,6.00,2.40
2009.04.24 01:17:03.910,0.561,0.56125,3.40,2.40
2009.04.24 01:17:08.629,0.5609,0.56115,23.00,2.40
2009.04.24 01:17:09.029,0.56095,0.56115,6.00,2.40
2009.04.24 01:17:09.539,0.56095,0.56125,6.60,2.80
2009.04.24 01:17:09.709,0.56095,0.56125,6.60,2.40
2009.04.24 01:17:25.867,0.56095,0.56125,5.60,2.40
2009.04.24 01:17:26.685,0.561,0.56125,3.20,2.40
2009.04.24 01:17:27.035,0.5608,0.56125,12.00,5.60
2009.04.24 01:17:27.495,0.5608,0.56125,3.40,5.60
2009.04.24 01:17:27.725,0.5608,0.56125,9.20,5.60
2009.04.24 01:17:48.430,0.5608,0.56125,3.40,5.60
2009.04.24 01:17:49.419,0.5608,0.56125,9.20,5.60
2009.04.24 01:18:01.726,0.5608,0.56115,9.20,2.40
2009.04.24 01:18:08.055,0.5608,0.56115,5.80,5.40
2009.04.24 01:18:08.235,0.56085,0.56095,1.20,2.40
2009.04.24 01:18:08.405,0.56085,0.5609,1.20,2.40
2009.04.24 01:18:08.755,0.56075,0.5609,5.60,2.40
2009.04.24 01:18:08.935,0.5608,0.5609,1.20,2.40
2009.04.24 01:18:23.491,0.5608,0.56085,1.20,2.40
2009.04.24 01:18:23.661,0.5607,0.56085,6.00,2.40
2009.04.24 01:18:27.910,0.56075,0.56095,1.20,2.80
2009.04.24 01:18:28.140,0.56065,0.56095,11.80,2.40
2009.04.24 01:18:28.550,0.5607,0.56095,4.40,2.40
2009.04.24 01:18:28.830,0.5607,0.56095,3.40,2.40
2009.04.24 01:18:29.130,0.5607,0.56095,10.20,2.40
2009.04.24 01:18:29.410,0.5607,0.56095,9.20,2.40
2009.04.24 01:18:30.040,0.5607,0.56095,3.40,2.40
2009.04.24 01:18:30.669,0.5607,0.56095,9.20,2.40
2009.04.24 01:18:30.839,0.5607,0.56095,10.20,2.40
2009.04.24 01:18:31.529,0.5607,0.56095,4.40,2.40
2009.04.24 01:18:31.590,0.5607,0.56095,3.40,2.40
2009.04.24 01:18:31.879,0.5606,0.56095,23.00,2.40
2009.04.24 01:18:32.229,0.56065,0.56085,6.00,2.40
2009.04.24 01:18:37.818,0.5607,0.5608,4.00,2.40
2009.04.24 01:18:37.988,0.5607,0.5608,1.20,2.40
2009.04.24 01:18:39.127,0.56055,0.5608,26.20,2.40
2009.04.24 01:18:39.707,0.56065,0.5608,5.80,2.40
2009.04.24 01:18:39.817,0.5607,0.56095,3.40,2.80
2009.04.24 01:18:40.148,0.5607,0.56095,3.40,2.40
2009.04.24 01:18:40.257,0.56075,0.56085,1.20,2.40
2009.04.24 01:18:40.707,0.5606,0.56085,18.20,2.40
2009.04.24 01:18:41.397,0.56075,0.56085,1.20,2.40
2009.04.24 01:18:41.677,0.5606,0.56085,18.20,2.40
2009.04.24 01:18:42.127,0.56065,0.56085,4.40,2.40
2009.04.24 01:18:42.817,0.56065,0.56085,10.20,2.40
2009.04.24 01:18:42.936,0.56075,0.56085,1.20,2.40
2009.04.24 01:18:44.476,0.5606,0.56085,18.20,2.40
2009.04.24 01:18:45.286,0.56065,0.56085,4.40,2.40
2009.04.24 01:19:05.461,0.56075,0.56085,1.20,2.40
2009.04.24 01:19:14.789,0.5606,0.56085,12.40,2.40
2009.04.24 01:19:19.677,0.5607,0.56095,4.40,2.80
2009.04.24 01:19:20.237,0.5607,0.56095,4.40,2.40
2009.04.24 01:19:20.407,0.56075,0.56085,1.20,2.40
2009.04.24 01:19:34.734,0.56075,0.56095,1.20,2.80
2009.04.24 01:19:34.904,0.56065,0.56095,11.80,2.40
2009.04.24 01:19:35.364,0.5607,0.56085,4.40,2.40
2009.04.24 01:19:35.593,0.56075,0.56085,1.20,2.40
2009.04.24 01:19:36.633,0.56075,0.56095,1.20,2.40
2009.04.24 01:19:36.863,0.56065,0.56095,5.80,2.40
2009.04.24 01:19:43.642,0.5607,0.56095,4.40,2.40
2009.04.24 01:19:45.881,0.5607,0.56095,3.40,2.40
2009.04.24 01:19:46.341,0.5607,0.56095,4.40,2.40
2009.04.24 01:19:49.411,0.5607,0.56095,3.40,2.40
2009.04.24 01:19:50.580,0.56075,0.56095,4.40,2.40
2009.04.24 01:19:55.349,0.56065,0.56095,22.00,2.40
2009.04.24 01:19:55.829,0.5607,0.56095,3.40,2.40
2009.04.24 01:19:56.559,0.56075,0.56095,3.40,2.40
2009.04.24 01:19:56.909,0.56075,0.56095,4.40,2.40
2009.04.24 01:20:02.807,0.5608,0.56105,10.80,2.40
2009.04.24 01:20:03.087,0.5608,0.561,10.80,2.40
2009.04.24 01:20:03.647,0.5607,0.561,15.80,2.40
2009.04.24 01:20:05.696,0.5608,0.5611,3.40,3.20
2009.04.24 01:20:05.866,0.5608,0.5612,3.40,2.80
2009.04.24 01:20:06.316,0.5608,0.5613,3.40,5.60
2009.04.24 01:20:11.755,0.5607,0.5613,13.00,3.20
2009.04.24 01:20:15.934,0.5608,0.5613,3.40,3.20
2009.04.24 01:20:16.664,0.5608,0.56135,17.20,3.20
2009.04.24 01:20:22.512,0.56085,0.56135,5.80,3.20
2009.04.24 01:20:22.812,0.56085,0.5614,5.80,5.60
2009.04.24 01:20:30.444,0.5609,0.5614,5.80,5.60
2009.04.24 01:20:33.850,0.5609,0.5614,9.20,2.40
2009.04.24 01:20:38.489,0.5609,0.5614,9.20,5.60
2009.04.24 01:20:38.598,0.5609,0.5614,5.80,5.60
2009.04.24 01:20:58.014,0.56095,0.5614,6.60,5.60
2009.04.24 01:21:02.223,0.56095,0.5614,6.60,2.40
2009.04.24 01:21:07.172,0.56095,0.5614,10.00,2.40
2009.04.24 01:21:07.861,0.561,0.5614,3.40,2.40
2009.04.24 01:21:08.441,0.561,0.5614,9.20,2.40
2009.04.24 01:21:10.830,0.561,0.5614,3.40,2.40
2009.04.24 01:21:11.610,0.561,0.5614,9.20,2.40
2009.04.24 01:21:13.680,0.561,0.5614,3.40,2.40
2009.04.24 01:21:14.200,0.561,0.5614,9.20,2.40
2009.04.24 01:21:14.730,0.561,0.5614,3.40,2.40
2009.04.24 01:21:23.848,0.561,0.5613,3.40,2.40
2009.04.24 01:21:45.862,0.5609,0.5613,14.60,2.40
2009.04.24 01:21:46.253,0.5609,0.5613,5.80,2.40
2009.04.24 01:21:47.352,0.5609,0.5613,9.20,2.40
2009.04.24 01:21:54.970,0.5609,0.5613,5.80,2.40
2009.04.24 01:21:55.540,0.5608,0.5613,18.20,2.40
2009.04.24 01:21:57.919,0.5609,0.5613,5.80,2.40
2009.04.24 01:22:07.197,0.5609,0.5611,5.80,1.00
2009.04.24 01:22:07.547,0.56075,0.5611,11.80,2.40
2009.04.24 01:22:10.996,0.56075,0.5611,21.00,2.40
2009.04.24 01:22:20.574,0.56085,0.561,1.20,2.40
2009.04.24 01:22:28.022,0.56075,0.5611,12.40,2.40
2009.04.24 01:22:37.290,0.5608,0.5611,7.40,2.40
2009.04.24 01:22:37.519,0.5608,0.5612,11.00,5.40
2009.04.24 01:23:02.704,0.56075,0.5611,23.00,2.40
2009.04.24 01:23:03.164,0.5608,0.5611,4.80,2.40
2009.04.24 01:23:03.393,0.5608,0.5611,1.60,2.40
2009.04.24 01:23:41.414,0.5608,0.5611,3.20,2.40
2009.04.24 01:23:50.782,0.5608,0.5611,1.20,8.60
2009.04.24 01:23:50.962,0.56065,0.5611,19.60,8.60
2009.04.24 01:23:51.192,0.5607,0.5611,4.00,8.60
2009.04.24 01:23:52.831,0.5608,0.5611,1.00,5.60
2009.04.24 01:23:55.701,0.56065,0.5611,19.80,8.60
2009.04.24 01:23:55.811,0.5607,0.5611,6.60,8.60
2009.04.24 01:23:55.931,0.5607,0.5611,5.60,8.60
2009.04.24 01:23:56.430,0.5607,0.5611,4.00,8.60
2009.04.24 01:23:58.300,0.5607,0.5611,4.00,5.40
2009.04.24 01:23:58.830,0.5607,0.561,3.20,2.40
2009.04.24 01:24:05.338,0.5607,0.561,2.20,2.40
2009.04.24 01:24:20.115,0.56075,0.56105,8.00,7.00
2009.04.24 01:24:26.303,0.56075,0.56105,8.00,3.80
2009.04.24 01:24:26.423,0.56075,0.56105,8.00,2.40
2009.04.24 01:24:40.580,0.5609,0.5611,1.00,15.40
2009.04.24 01:24:40.690,0.5609,0.56115,4.80,4.20
2009.04.24 01:24:41.050,0.5609,0.5612,4.80,5.40
2009.04.24 01:24:44.009,0.56095,0.56105,3.20,2.40
2009.04.24 01:24:44.069,0.5607,0.56105,4.80,2.40
2009.04.24 01:24:44.519,0.56075,0.56105,8.00,2.40
2009.04.24 01:24:50.517,0.5608,0.5611,1.00,2.40
2009.04.24 01:24:50.678,0.56065,0.5611,21.40,2.40
2009.04.24 01:24:50.857,0.5608,0.5611,1.00,2.40
2009.04.24 01:24:51.207,0.5608,0.5611,1.60,2.40
2009.04.24 01:24:56.016,0.56075,0.56105,8.00,2.40
2009.04.24 01:25:03.273,0.56064,0.56068,1.00,3.00
2009.04.24 01:25:04.802,0.56045,0.56075,5.00,8.20
2009.04.24 01:25:30.553,0.56036,0.56076,1.00,3.00
2009.04.24 01:25:30.732,0.56036,0.56076,1.00,6.40
2009.04.24 01:25:30.903,0.5604,0.5608,1.00,3.00
2009.04.24 01:25:32.385,0.5605,0.5608,5.00,8.20
2009.04.24 01:25:33.314,0.56057,0.56087,3.40,5.40
2009.04.24 01:25:46.463,0.56069,0.56089,3.40,5.40
2009.04.24 01:25:50.140,0.56069,0.56089,1.00,3.00
2009.04.24 01:25:53.236,0.56059,0.56089,1.00,2.00
2009.04.24 01:25:54.013,0.56057,0.56092,3.40,5.40
2009.04.24 01:25:54.216,0.56062,0.56092,1.00,6.40
2009.04.24 01:26:25.364,0.5608,0.5611,1.00,3.20
2009.04.24 01:26:25.594,0.5608,0.5611,1.00,2.40
2009.04.24 01:26:29.083,0.5608,0.5611,7.00,2.40
2009.04.24 01:26:52.498,0.5608,0.5611,8.00,2.40
2009.04.24 01:27:36.197,0.5608,0.5611,8.60,2.40
2009.04.24 01:27:40.856,0.5608,0.5611,8.00,2.40
2009.04.24 01:27:42.006,0.56085,0.5611,8.00,2.40
2009.04.24 01:27:43.266,0.56075,0.5611,21.00,2.40
2009.04.24 01:27:43.596,0.56085,0.56115,8.60,2.40
2009.04.24 01:27:47.295,0.5609,0.5611,6.40,2.40
2009.04.24 01:27:47.574,0.56075,0.5611,22.60,2.40
2009.04.24 01:27:47.914,0.56085,0.5611,8.00,2.40
2009.04.24 01:27:48.244,0.56075,0.5611,22.60,2.40
2009.04.24 01:27:48.944,0.56085,0.5611,8.00,2.40
2009.04.24 01:27:50.874,0.56075,0.5611,14.60,2.40
2009.04.24 01:27:51.404,0.5608,0.5611,14.60,2.40
2009.04.24 01:27:51.634,0.5608,0.56125,18.00,2.80
2009.04.24 01:27:52.043,0.5608,0.5613,10.00,3.20
2009.04.24 01:27:59.721,0.5608,0.56135,10.00,3.60
2009.04.24 01:28:05.830,0.5608,0.5613,10.00,3.20
2009.04.24 01:28:06.300,0.5608,0.5613,10.00,3.60
2009.04.24 01:28:12.048,0.5608,0.5613,4.00,9.00
2009.04.24 01:28:13.068,0.5608,0.56125,4.00,3.20
2009.04.24 01:28:24.696,0.5608,0.56125,10.00,3.20
2009.04.24 01:28:24.865,0.5608,0.5613,10.00,3.20
2009.04.24 01:28:31.994,0.5608,0.5614,4.00,9.00
2009.04.24 01:28:32.624,0.5608,0.5612,4.00,2.40
2009.04.24 01:28:42.531,0.5608,0.5612,4.00,5.40
2009.04.24 01:28:53.528,0.5609,0.5612,1.00,5.40
2009.04.24 01:28:53.758,0.5609,0.5612,1.00,2.40
2009.04.24 01:29:02.946,0.56075,0.5612,16.80,5.40
2009.04.24 01:29:32.849,0.5608,0.5612,4.00,8.60
2009.04.24 01:29:41.867,0.5608,0.5612,4.00,5.40
2009.04.24 01:29:43.636,0.5608,0.5612,4.00,8.60
2009.04.24 01:30:59.088,0.5607,0.56105,9.60,2.40
2009.04.24 01:30:59.388,0.56075,0.56105,9.60,2.40
2009.04.24 01:31:14.844,0.5608,0.56105,1.00,2.80
2009.04.24 01:31:15.165,0.5608,0.56105,3.40,2.80
2009.04.24 01:31:15.384,0.5608,0.56105,4.40,2.80
2009.04.24 01:31:16.194,0.5608,0.56105,10.80,2.80
2009.04.24 01:31:19.803,0.5608,0.561,10.80,2.80
2009.04.24 01:31:22.604,0.5608,0.5609,10.80,2.80
2009.04.24 01:31:22.662,0.5608,0.5609,8.00,2.80
2009.04.24 01:31:22.722,0.5608,0.5609,1.60,2.80
2009.04.24 01:32:22.168,0.5608,0.5611,1.60,2.40
2009.04.24 01:33:00.305,0.56034,0.56098,6.00,2.40
2009.04.24 01:33:15.568,0.56044,0.56079,1.20,2.40
2009.04.24 01:33:17.459,0.56056,0.56076,5.00,2.40
2009.04.24 01:33:17.578,0.5607,0.5609,3.40,2.40
2009.04.24 01:33:18.028,0.56077,0.56102,1.20,2.40
2009.04.24 01:33:36.896,0.56076,0.56106,3.40,2.40
2009.04.24 01:33:38.559,0.56075,0.56105,10.80,2.40
2009.04.24 01:33:53.948,0.5608,0.561,4.00,2.40
2009.04.24 01:34:12.019,0.56068,0.56128,1.60,2.40
2009.04.24 01:34:12.249,0.56067,0.56122,10.80,2.40
2009.04.24 01:34:12.529,0.56082,0.56097,3.40,2.40
2009.04.24 01:34:21.197,0.56075,0.56095,1.20,2.40
2009.04.24 01:34:21.367,0.56073,0.56093,5.00,2.40
2009.04.24 01:34:21.777,0.56075,0.561,3.40,2.40
2009.04.24 01:34:29.795,0.56076,0.56106,4.80,1.00
2009.04.24 01:34:29.915,0.56077,0.56107,1.20,2.40
2009.04.24 01:34:30.525,0.5608,0.56095,4.80,2.40
2009.04.24 01:34:37.923,0.5607,0.5609,3.40,2.40
2009.04.24 01:34:38.093,0.56061,0.56081,3.40,2.40
2009.04.24 01:34:38.213,0.56049,0.56074,8.80,2.40
2009.04.24 01:34:43.891,0.56043,0.56073,10.80,2.40
2009.04.24 01:34:44.012,0.56048,0.56078,3.40,2.40
2009.04.24 01:34:44.132,0.56055,0.56085,4.80,2.40
2009.04.24 01:34:44.361,0.5606,0.56095,4.00,2.40
2009.04.24 01:34:46.461,0.56066,0.56096,3.40,2.40
2009.04.24 01:34:53.339,0.5607,0.561,4.80,2.80
2009.04.24 01:34:53.739,0.56071,0.56101,10.80,2.40
2009.04.24 01:34:53.899,0.56073,0.56103,1.20,2.40
2009.04.24 01:34:54.069,0.56073,0.56103,5.00,2.40
2009.04.24 01:34:56.968,0.56074,0.56104,4.40,2.40
2009.04.24 01:34:57.548,0.56075,0.56105,3.40,2.40
2009.04.24 01:34:59.218,0.56058,0.56123,5.00,2.40
2009.04.24 01:34:59.328,0.56074,0.56104,1.60,2.40
2009.04.24 01:34:59.548,0.56079,0.56094,4.80,2.40
2009.04.24 01:34:59.658,0.5605,0.56115,8.80,2.40
2009.04.24 01:35:34.091,0.5608,0.5611,1.60,5.40
2009.04.24 01:35:36.131,0.5608,0.56105,1.60,2.80
2009.04.24 01:35:37.001,0.5608,0.561,1.60,2.80
2009.04.24 01:35:38.550,0.5608,0.56095,1.60,2.80
2009.04.24 01:35:39.580,0.5608,0.5609,1.60,2.80
2009.04.24 01:36:47.303,0.5608,0.5611,1.60,2.40
2009.04.24 01:36:53.923,0.5608,0.5612,4.40,11.60
2009.04.24 01:36:54.152,0.5608,0.5612,4.40,5.40
2009.04.24 01:36:54.392,0.5608,0.5612,7.60,5.40
2009.04.24 01:36:57.381,0.5608,0.5612,4.00,5.40
2009.04.24 01:37:00.480,0.5609,0.5612,1.60,2.40
2009.04.24 01:37:08.228,0.5609,0.5612,1.60,5.40
2009.04.24 01:37:08.338,0.56075,0.5612,23.00,8.60
2009.04.24 01:37:08.499,0.5608,0.5612,4.00,8.60
2009.04.24 01:37:53.987,0.5608,0.5612,4.00,5.40
2009.04.24 01:38:29.059,0.5609,0.5612,1.00,2.40
2009.04.24 01:38:29.399,0.56095,0.56125,1.60,5.20
2009.04.24 01:38:29.779,0.56095,0.56125,8.00,2.40
2009.04.24 01:38:43.945,0.56095,0.5612,6.40,2.40
2009.04.24 01:38:44.115,0.56085,0.5612,19.40,2.40
2009.04.24 01:38:44.695,0.5609,0.5612,8.60,2.40
2009.04.24 01:39:15.428,0.5609,0.5612,12.00,2.40
2009.04.24 01:39:15.598,0.56095,0.5613,5.80,4.80
2009.04.24 01:39:16.128,0.56095,0.56145,5.80,3.20
2009.04.24 01:39:25.445,0.56095,0.56145,5.80,3.60
2009.04.24 01:39:25.775,0.56085,0.5614,21.60,5.60
2009.04.24 01:39:26.115,0.56095,0.5614,8.00,5.60
2009.04.24 01:39:26.465,0.56085,0.5614,21.60,5.60
2009.04.24 01:39:34.403,0.56095,0.5614,8.00,5.60
2009.04.24 01:39:35.763,0.56085,0.5614,21.60,8.60
2009.04.24 01:39:45.090,0.56095,0.5614,8.00,8.60
2009.04.24 01:39:49.240,0.56085,0.5614,21.60,8.60
2009.04.24 01:39:50.129,0.56095,0.5614,8.00,8.60
2009.04.24 01:39:53.329,0.56085,0.5614,21.60,8.60
2009.04.24 01:39:55.468,0.56095,0.5614,8.00,8.60
2009.04.24 01:39:56.108,0.56085,0.5614,21.60,8.60
2009.04.24 01:39:59.497,0.561,0.5614,4.00,8.60
2009.04.24 01:40:19.732,0.5611,0.5614,1.00,2.40
2009.04.24 01:40:20.312,0.5611,0.5614,7.00,2.40
2009.04.24 01:40:26.511,0.5611,0.56135,6.40,2.40
2009.04.24 01:40:26.690,0.561,0.56135,17.20,2.40
2009.04.24 01:40:35.888,0.56105,0.56135,1.60,2.40
2009.04.24 01:40:36.158,0.56105,0.56135,8.00,2.40
2009.04.24 01:40:38.678,0.56105,0.56135,4.80,2.40
2009.04.24 01:40:38.917,0.56105,0.56135,1.60,2.40
2009.04.24 01:40:39.387,0.56105,0.56135,8.00,2.40
2009.04.24 01:41:08.320,0.56105,0.56135,4.00,2.40
2009.04.24 01:41:08.620,0.5611,0.5614,1.00,6.40
2009.04.24 01:41:08.680,0.5611,0.5614,3.80,6.40
2009.04.24 01:41:08.730,0.5611,0.5614,4.80,6.40
2009.04.24 01:41:12.319,0.5611,0.5614,4.80,9.60
2009.04.24 01:41:12.819,0.56115,0.5613,6.40,4.00
2009.04.24 01:41:13.049,0.56115,0.5613,3.20,4.00
2009.04.24 01:41:13.289,0.56095,0.5613,16.20,4.00
2009.04.24 01:41:16.448,0.561,0.5613,4.80,4.40
2009.04.24 01:41:18.878,0.561,0.5613,8.20,4.40
2009.04.24 01:41:19.398,0.56105,0.56135,8.00,2.80
2009.04.24 01:41:29.385,0.56095,0.5613,17.20,2.40
2009.04.24 01:41:29.675,0.561,0.5613,8.20,2.80
2009.04.24 01:41:29.855,0.561,0.5613,4.80,4.40
2009.04.24 01:41:38.533,0.561,0.5613,4.80,4.00
2009.04.24 01:41:38.753,0.561,0.5613,6.40,4.00
2009.04.24 01:41:43.242,0.561,0.5613,9.80,4.00
2009.04.24 01:41:43.362,0.56105,0.5613,8.00,4.80
2009.04.24 01:41:43.472,0.56105,0.56135,8.00,2.40
2009.04.24 01:41:45.022,0.56095,0.5613,19.40,6.40
2009.04.24 01:41:54.069,0.56105,0.56125,8.00,4.00
2009.04.24 01:41:54.249,0.56105,0.56135,8.00,2.40
2009.04.24 01:42:01.188,0.56095,0.5613,19.40,2.40
2009.04.24 01:42:01.367,0.561,0.5613,8.00,4.00
2009.04.24 01:42:16.924,0.561,0.5613,9.60,4.00
2009.04.24 01:42:17.253,0.561,0.5613,16.00,4.00
2009.04.24 01:42:24.222,0.5611,0.5613,4.00,1.60
2009.04.24 01:42:24.452,0.5611,0.56135,4.00,4.60
2009.04.24 01:42:24.632,0.5611,0.56145,4.00,2.80
2009.04.24 01:42:24.802,0.5611,0.5615,4.00,5.40
2009.04.24 01:42:29.600,0.5611,0.5615,4.00,5.80
2009.04.24 01:42:29.761,0.5611,0.5613,10.00,5.60
2009.04.24 01:42:29.880,0.5611,0.5613,7.20,6.40
2009.04.24 01:42:30.060,0.5611,0.5613,1.20,6.40
2009.04.24 01:42:34.709,0.5611,0.5612,1.20,2.80
2009.04.24 01:42:34.819,0.561,0.5612,6.40,5.40
2009.04.24 01:42:34.989,0.56105,0.5612,3.20,5.40
2009.04.24 01:42:35.339,0.5608,0.5612,22.80,5.40
2009.04.24 01:42:35.569,0.5608,0.5612,11.00,5.40
2009.04.24 01:42:40.678,0.56085,0.5612,5.80,5.40
2009.04.24 01:42:41.148,0.5609,0.5612,1.00,2.40
2009.04.24 01:42:41.328,0.5609,0.5612,1.60,2.40
2009.04.24 01:42:45.757,0.5609,0.5612,5.00,2.40
2009.04.24 01:42:45.936,0.5609,0.56125,11.00,4.00
2009.04.24 01:42:46.047,0.5609,0.56135,10.00,2.80
2009.04.24 01:42:46.557,0.5609,0.5614,10.00,3.20
2009.04.24 01:42:54.265,0.5609,0.5613,10.00,1.00
2009.04.24 01:42:54.385,0.5609,0.5612,1.60,2.40
2009.04.24 01:43:42.913,0.5609,0.5612,1.60,5.40
2009.04.24 01:43:44.712,0.5609,0.56115,1.60,2.80
2009.04.24 01:43:45.612,0.5609,0.5611,1.60,2.80
2009.04.24 01:43:46.972,0.56095,0.56145,5.80,2.80
2009.04.24 01:43:47.492,0.56095,0.5615,5.80,2.80
2009.04.24 01:43:50.551,0.56095,0.5614,5.80,5.40
2009.04.24 01:43:50.671,0.56095,0.5614,5.80,8.60
2009.04.24 01:43:55.100,0.56095,0.56135,5.80,2.80
2009.04.24 01:43:57.479,0.56095,0.5613,5.80,2.80
2009.04.24 01:43:59.029,0.56095,0.56125,5.80,2.80
2009.04.24 01:44:00.559,0.56095,0.5612,5.80,2.80
2009.04.24 01:44:02.468,0.56085,0.5612,13.00,2.80
2009.04.24 01:44:03.058,0.5609,0.5612,6.60,2.80
2009.04.24 01:44:38.179,0.56085,0.5612,18.00,2.80
2009.04.24 01:44:38.459,0.5609,0.5612,6.60,2.80
2009.04.24 01:44:38.639,0.56095,0.5612,5.80,2.80
2009.04.24 01:44:40.629,0.56085,0.5612,18.00,2.80
2009.04.24 01:44:40.859,0.5609,0.5612,6.60,2.80
2009.04.24 01:44:43.948,0.56095,0.5612,5.80,2.80
2009.04.24 01:44:43.998,0.56095,0.5614,5.80,8.60
2009.04.24 01:44:46.627,0.56085,0.5614,18.00,8.60
2009.04.24 01:44:46.747,0.5609,0.5614,6.60,8.60
2009.04.24 01:44:47.567,0.56095,0.5614,5.80,8.60
2009.04.24 01:45:02.983,0.561,0.5614,4.00,5.40
2009.04.24 01:45:21.049,0.5609,0.5614,13.60,8.60
2009.04.24 01:45:21.379,0.56095,0.5614,5.80,8.60
2009.04.24 01:45:32.356,0.56095,0.5614,8.40,5.40
2009.04.24 01:45:32.526,0.561,0.5614,4.00,5.40
2009.04.24 01:45:55.811,0.5609,0.5614,13.60,8.60
2009.04.24 01:45:56.051,0.56095,0.5614,8.60,8.60
2009.04.24 01:45:56.280,0.56095,0.5614,5.80,8.60
2009.04.24 01:45:58.520,0.561,0.5614,1.00,8.60
2009.04.24 01:45:58.630,0.561,0.5614,4.00,5.40
2009.04.24 01:46:11.277,0.561,0.5614,1.60,5.40
2009.04.24 01:46:11.507,0.5609,0.5614,22.80,8.60
2009.04.24 01:46:11.737,0.5609,0.5614,10.00,8.60
2009.04.24 01:46:13.176,0.5609,0.5614,18.00,8.60
2009.04.24 01:46:53.287,0.561,0.5614,2.60,8.60
2009.04.24 01:46:53.647,0.561,0.5614,4.00,8.60
2009.04.24 01:46:53.946,0.561,0.5614,12.00,8.60
2009.04.24 01:46:58.675,0.561,0.5614,4.00,8.60
2009.04.24 01:46:58.915,0.5611,0.5614,1.60,2.40
2009.04.24 01:47:12.602,0.56115,0.56145,1.00,7.00
2009.04.24 01:47:12.772,0.56115,0.56145,1.60,2.40
2009.04.24 01:47:13.132,0.56115,0.56145,8.00,2.40
2009.04.24 01:47:20.940,0.5611,0.5614,1.60,5.40
2009.04.24 01:47:21.280,0.56095,0.5614,17.60,8.60
2009.04.24 01:47:21.450,0.561,0.5614,4.00,8.60
2009.04.24 01:47:27.598,0.561,0.5614,4.00,5.40
2009.04.24 01:47:27.878,0.561,0.5614,10.00,5.40
2009.04.24 01:47:28.158,0.561,0.5614,13.00,5.40
2009.04.24 01:47:28.628,0.561,0.5614,4.00,5.40
2009.04.24 01:47:29.438,0.561,0.5614,4.00,8.60
2009.04.24 01:47:31.727,0.561,0.5613,3.20,2.40
2009.04.24 01:47:32.357,0.5609,0.56125,11.00,2.40
2009.04.24 01:47:32.637,0.56095,0.56125,9.60,2.40
2009.04.24 01:47:47.164,0.561,0.5613,1.00,9.00
2009.04.24 01:47:47.384,0.561,0.5614,4.00,11.40
2009.04.24 01:47:47.944,0.561,0.5614,4.00,8.60
2009.04.24 01:48:17.006,0.561,0.5613,3.40,2.40
2009.04.24 01:48:17.126,0.56105,0.56135,1.60,2.40
2009.04.24 01:48:17.536,0.56105,0.56135,8.00,2.40
2009.04.24 01:48:28.164,0.56095,0.5613,17.20,2.40
2009.04.24 01:48:28.394,0.561,0.5613,2.00,2.40
2009.04.24 01:48:30.083,0.561,0.56125,3.80,2.40
2009.04.24 01:48:30.323,0.5609,0.56125,12.40,2.40
2009.04.24 01:48:30.613,0.56095,0.56125,9.60,2.40
2009.04.24 01:48:32.763,0.561,0.5613,1.60,8.00
2009.04.24 01:48:32.943,0.561,0.5613,8.00,8.00
2009.04.24 01:48:33.533,0.5609,0.56125,23.40,2.40
2009.04.24 01:48:34.002,0.561,0.56125,3.20,2.40
2009.04.24 01:48:34.232,0.561,0.56125,6.40,2.40
2009.04.24 01:49:31.498,0.5609,0.56125,12.80,2.40
2009.04.24 01:49:32.008,0.56095,0.56125,9.60,2.40
2009.04.24 01:50:03.191,0.5611,0.56125,5.80,2.40
2009.04.24 01:50:03.311,0.56125,0.5616,2.00,3.20
2009.04.24 01:50:03.431,0.56105,0.5615,14.00,2.80
2009.04.24 01:50:03.730,0.56105,0.5615,12.80,2.80
2009.04.24 01:50:03.840,0.5609,0.56155,1.20,5.60
2009.04.24 01:50:15.488,0.56095,0.56125,7.00,2.40
2009.04.24 01:50:15.838,0.56095,0.56125,8.80,2.40
2009.04.24 01:50:16.957,0.56095,0.56125,7.40,2.40
2009.04.24 01:50:17.077,0.56095,0.56125,6.40,2.40
2009.04.24 01:50:24.036,0.56095,0.56125,5.60,2.40
2009.04.24 01:50:24.155,0.56095,0.56125,7.00,2.40
2009.04.24 01:50:24.565,0.561,0.5614,3.40,6.00
2009.04.24 01:50:24.855,0.561,0.5614,3.40,3.20
2009.04.24 01:50:25.365,0.56105,0.5614,1.20,3.20
2009.04.24 01:50:47.630,0.56105,0.5613,1.20,1.00
2009.04.24 01:50:47.850,0.5609,0.56125,15.60,2.40
2009.04.24 01:50:48.130,0.56095,0.56125,7.00,2.40
2009.04.24 01:50:49.480,0.56095,0.56125,8.00,2.40
2009.04.24 01:50:50.059,0.56095,0.56135,8.00,6.60
2009.04.24 01:50:50.329,0.56105,0.5614,1.20,9.20
2009.04.24 01:50:50.669,0.56105,0.5614,1.20,3.20
2009.04.24 01:51:50.274,0.56095,0.5614,11.60,3.20
2009.04.24 01:52:50.900,0.561,0.56145,3.40,6.00
2009.04.24 01:53:48.006,0.561,0.5614,3.40,3.20
2009.04.24 01:54:41.993,0.561,0.56145,3.40,6.00
2009.04.24 01:55:56.195,0.561,0.5614,3.40,3.20
2009.04.24 01:56:01.083,0.56077,0.56147,1.00,13.40
2009.04.24 01:56:01.432,0.56085,0.5614,4.40,5.40
2009.04.24 01:56:01.612,0.56089,0.56139,4.00,2.40
2009.04.24 01:56:01.892,0.56092,0.56137,3.20,5.40
2009.04.24 01:56:02.302,0.56084,0.56149,3.20,5.40
2009.04.24 01:56:02.942,0.56088,0.56148,1.00,1.40
2009.04.24 01:56:03.232,0.56081,0.56161,3.20,5.40
2009.04.24 01:56:03.522,0.56107,0.56142,8.40,2.80
2009.04.24 01:56:03.802,0.56115,0.56135,12.80,2.80
2009.04.24 01:56:04.151,0.56117,0.56132,5.40,2.40
2009.04.24 01:56:04.552,0.56115,0.5613,3.20,5.40
2009.04.24 01:56:05.994,0.5609,0.56155,4.00,2.40
2009.04.24 01:56:06.531,0.56106,0.56141,1.00,10.00
2009.04.24 01:56:06.651,0.5611,0.5614,4.80,1.00
2009.04.24 01:56:06.821,0.5611,0.5614,4.80,5.40
2009.04.24 01:56:06.941,0.5611,0.56135,4.80,1.00
2009.04.24 01:56:07.761,0.56082,0.56157,1.00,7.00
2009.04.24 01:56:09.329,0.56084,0.56154,4.80,2.40
2009.04.24 01:56:09.960,0.56073,0.56163,12.80,5.40
2009.04.24 01:56:10.200,0.56079,0.56154,4.00,2.40
2009.04.24 01:56:10.490,0.56075,0.5616,8.00,5.40
2009.04.24 01:56:10.780,0.56077,0.56157,4.80,5.40
2009.04.24 01:56:11.120,0.56105,0.5612,12.80,1.60
2009.04.24 01:56:11.240,0.56091,0.56116,4.40,5.40
2009.04.24 01:56:11.350,0.56093,0.56109,3.40,2.80
2009.04.24 01:56:15.869,0.56098,0.56118,4.80,5.40
2009.04.24 01:56:16.209,0.56107,0.56127,3.40,5.40
2009.04.24 01:56:18.618,0.56117,0.56132,12.80,2.80
2009.04.24 01:56:18.728,0.56123,0.56128,1.00,7.00
2009.04.24 01:56:19.638,0.56115,0.56125,3.40,5.40
2009.04.24 01:56:21.837,0.56115,0.5612,3.40,5.40
2009.04.24 01:56:25.836,0.56111,0.56121,2.80,5.40
2009.04.24 01:56:37.104,0.56109,0.56124,8.40,2.80
2009.04.24 01:56:37.264,0.56109,0.56119,4.80,2.40
2009.04.24 01:56:39.623,0.56104,0.56124,4.00,2.40
2009.04.24 01:56:39.863,0.561,0.56125,8.40,4.80
2009.04.24 01:56:50.966,0.56072,0.56142,4.80,2.40
2009.04.24 01:56:56.189,0.5609,0.5612,4.80,2.40
2009.04.24 01:57:11.478,0.56089,0.56119,4.80,2.40
2009.04.24 01:57:17.095,0.56084,0.56114,6.60,2.40
2009.04.24 01:57:19.476,0.56081,0.56111,4.80,2.40
2009.04.24 01:57:19.766,0.56077,0.56107,1.00,7.00
2009.04.24 01:57:21.065,0.56068,0.56108,3.40,3.00
2009.04.24 01:57:21.585,0.56062,0.56102,4.80,2.40
2009.04.24 01:57:21.805,0.56061,0.56101,4.80,5.40
2009.04.24 01:57:23.705,0.5605,0.5611,1.00,2.40
2009.04.24 01:57:23.815,0.56053,0.56103,1.20,3.00
2009.04.24 01:57:24.275,0.56058,0.56098,12.80,5.40
2009.04.24 01:57:30.413,0.56059,0.56099,1.00,2.40
2009.04.24 01:57:36.602,0.56058,0.56098,8.40,4.80
2009.04.24 01:57:40.001,0.56044,0.56109,4.80,2.40
2009.04.24 01:57:40.350,0.56044,0.56109,12.80,2.40
2009.04.24 01:57:40.461,0.56049,0.56109,4.80,2.40
2009.04.24 01:57:42.220,0.56032,0.56127,6.60,2.40
2009.04.24 01:57:42.670,0.56038,0.56118,3.40,3.00
2009.04.24 01:57:42.910,0.56043,0.56113,2.80,5.40
2009.04.24 01:57:43.140,0.56043,0.56113,3.60,3.00
2009.04.24 01:57:44.380,0.56044,0.56114,4.80,3.80
2009.04.24 01:57:47.689,0.5604,0.5612,5.40,2.40
2009.04.24 01:57:47.919,0.56064,0.56099,4.80,2.40
2009.04.24 01:57:48.429,0.56064,0.56094,9.60,2.40
2009.04.24 01:57:53.128,0.56055,0.561,4.00,2.40
2009.04.24 01:57:55.387,0.56038,0.56118,1.00,2.40
2009.04.24 01:57:55.547,0.56037,0.56117,4.80,2.40
2009.04.24 01:57:55.667,0.56058,0.56098,1.00,7.00
2009.04.24 01:57:55.937,0.56065,0.56095,1.00,2.40
2009.04.24 01:57:57.757,0.56056,0.56101,4.80,1.00
2009.04.24 01:57:57.996,0.56058,0.56102,4.80,5.40
2009.04.24 01:58:06.514,0.561,0.56145,3.40,6.00
2009.04.24 01:58:06.993,0.5611,0.56145,4.80,5.60
2009.04.24 01:58:07.443,0.5611,0.56145,4.80,2.40
2009.04.24 01:58:14.101,0.5611,0.56145,4.80,5.60
2009.04.24 01:59:06.629,0.5611,0.56145,3.40,5.60
