2015.01.23 09:00:00.309,0.74998,0.75016,1.00,2.02
2015.01.23 09:00:01.615,0.74999,0.75016,1.00,2.02
2015.01.23 09:00:02.193,0.75,0.75016,1.00,1.52
2015.01.23 09:00:02.396,0.75002,0.75016,1.00,1.52
2015.01.23 09:00:02.905,0.75002,0.75012,1.00,1.00
2015.01.23 09:00:03.685,0.75002,0.75011,1.00,1.00
2015.01.23 09:00:04.200,0.75002,0.75009,1.00,1.00
2015.01.23 09:00:04.693,0.75,0.75009,1.00,1.00
2015.01.23 09:00:05.253,0.74997,0.75009,1.15,1.00
2015.01.23 09:00:05.456,0.74996,0.75009,1.20,1.00
2015.01.23 09:00:05.925,0.74993,0.75009,1.00,1.17
2015.01.23 09:00:05.976,0.74993,0.75009,1.00,1.17
2015.01.23 09:00:06.534,0.74992,0.75008,1.00,1.15
2015.01.23 09:00:09.032,0.74987,0.75005,1.15,1.10
2015.01.23 09:00:09.083,0.74987,0.75005,1.65,1.07
2015.01.23 09:00:09.609,0.74989,0.75007,1.00,1.27
2015.01.23 09:00:09.915,0.74996,0.75008,1.00,1.00
2015.01.23 09:00:09.967,0.74996,0.75012,1.00,1.55
2015.01.23 09:00:10.069,0.74999,0.75012,1.00,1.55
2015.01.23 09:00:10.528,0.75004,0.75016,1.00,1.65
2015.01.23 09:00:10.833,0.75007,0.75017,1.00,1.37
2015.01.23 09:00:11.249,0.75003,0.75017,1.00,1.37
2015.01.23 09:00:11.761,0.75003,0.75018,1.00,1.47
2015.01.23 09:00:13.762,0.75003,0.75018,1.00,1.47
2015.01.23 09:00:25.957,0.75003,0.75015,1.00,1.37
2015.01.23 09:00:35.342,0.75007,0.75018,1.00,1.66
2015.01.23 09:00:36.154,0.75008,0.75018,1.00,1.56
2015.01.23 09:00:36.256,0.7501,0.75018,1.00,1.56
2015.01.23 09:00:36.307,0.7501,0.75018,1.00,1.56
2015.01.23 09:00:36.662,0.7501,0.75021,1.00,1.64
2015.01.23 09:00:36.814,0.75009,0.75021,1.00,1.71
2015.01.23 09:00:37.118,0.75006,0.7502,1.00,1.09
2015.01.23 09:00:37.638,0.75006,0.75019,1.00,1.16
2015.01.23 09:00:38.207,0.75006,0.75019,1.00,1.16
2015.01.23 09:00:38.856,0.75003,0.75019,1.00,1.91
2015.01.23 09:00:39.549,0.75002,0.75019,1.00,1.91
2015.01.23 09:00:40.724,0.75002,0.75019,1.17,2.59
2015.01.23 09:00:40.827,0.75002,0.75019,1.17,2.59
2015.01.23 09:00:41.197,0.75008,0.75019,1.00,2.89
2015.01.23 09:00:41.249,0.75008,0.75019,1.00,1.56
2015.01.23 09:00:41.757,0.75011,0.75019,1.00,1.56
2015.01.23 09:00:41.808,0.75011,0.75019,1.00,1.12
2015.01.23 09:00:41.960,0.75016,0.7502,1.00,1.25
2015.01.23 09:00:42.118,0.75013,0.75024,1.00,1.56
2015.01.23 09:00:42.422,0.75016,0.75024,1.00,1.56
2015.01.23 09:00:42.626,0.75016,0.75024,1.00,1.56
2015.01.23 09:00:43.640,0.75016,0.75026,1.00,1.56
2015.01.23 09:00:43.842,0.75016,0.75026,1.00,1.00
2015.01.23 09:00:44.096,0.75013,0.75026,1.10,1.00
2015.01.23 09:00:44.603,0.7501,0.75028,1.65,1.26
2015.01.23 09:00:45.162,0.7501,0.75028,1.15,1.36
2015.01.23 09:00:46.163,0.75011,0.75027,1.15,1.01
2015.01.23 09:00:46.669,0.75014,0.75028,1.00,1.36
2015.01.23 09:00:48.511,0.75015,0.7503,1.00,1.46
2015.01.23 09:00:48.612,0.75012,0.7503,1.17,1.46
2015.01.23 09:00:50.281,0.75012,0.7503,1.17,1.91
2015.01.23 09:00:52.075,0.75012,0.7503,1.20,2.29
2015.01.23 09:00:52.379,0.75015,0.75028,1.00,1.39
2015.01.23 09:00:52.682,0.75017,0.75032,1.00,3.34
2015.01.23 09:00:52.885,0.75017,0.75032,1.00,2.96
2015.01.23 09:00:53.087,0.75017,0.75032,1.00,1.36
2015.01.23 09:00:53.138,0.75019,0.75033,1.00,1.34
2015.01.23 09:00:53.443,0.75023,0.75035,1.00,1.74
2015.01.23 09:00:53.545,0.75019,0.75035,1.00,2.21
2015.01.23 09:00:54.652,0.75019,0.75035,1.17,2.06
2015.01.23 09:00:56.001,0.75021,0.75037,1.00,2.21
2015.01.23 09:00:56.879,0.75021,0.75036,1.10,1.56
2015.01.23 09:00:57.386,0.75019,0.75034,1.17,1.56
2015.01.23 09:00:57.792,0.75018,0.75034,1.15,1.56
2015.01.23 09:00:58.097,0.75019,0.75034,1.17,1.56
2015.01.23 09:00:58.504,0.75021,0.75034,1.17,1.16
2015.01.23 09:00:59.040,0.75021,0.75034,1.10,1.56
2015.01.23 09:00:59.345,0.75021,0.75034,1.15,1.56
2015.01.23 09:01:00.365,0.75021,0.75035,1.15,1.56
2015.01.23 09:01:00.702,0.75021,0.75035,1.15,1.56
2015.01.23 09:01:00.905,0.75021,0.75036,1.17,1.56
2015.01.23 09:01:01.108,0.75022,0.75037,1.17,1.56
2015.01.23 09:01:01.486,0.75022,0.75037,1.15,1.56
2015.01.23 09:01:03.093,0.75024,0.75039,1.17,1.56
2015.01.23 09:01:03.397,0.75024,0.75037,1.17,1.37
2015.01.23 09:01:03.924,0.75024,0.75038,1.17,1.91
2015.01.23 09:01:05.337,0.75024,0.75038,1.17,1.56
2015.01.23 09:01:05.845,0.75024,0.75037,1.17,1.00
2015.01.23 09:01:06.563,0.75024,0.75037,1.17,1.37
2015.01.23 09:01:07.948,0.75024,0.75035,1.10,1.00
2015.01.23 09:01:08.356,0.75024,0.75033,1.17,1.00
2015.01.23 09:01:09.134,0.75023,0.75033,1.65,1.25
2015.01.23 09:01:09.235,0.7502,0.75033,1.15,1.25
2015.01.23 09:01:09.337,0.75018,0.75033,1.09,1.25
2015.01.23 09:01:09.489,0.75016,0.75033,1.65,1.39
2015.01.23 09:01:09.945,0.75018,0.75034,1.65,1.19
2015.01.23 09:01:10.261,0.7502,0.75035,1.65,1.19
2015.01.23 09:01:10.618,0.7502,0.75034,1.65,1.31
2015.01.23 09:01:11.144,0.75024,0.75035,1.07,1.56
2015.01.23 09:01:11.657,0.75025,0.75035,1.07,1.56
2015.01.23 09:01:12.174,0.75025,0.75035,1.00,1.91
2015.01.23 09:01:17.236,0.75025,0.75036,1.07,1.56
2015.01.23 09:01:17.748,0.75026,0.75034,1.00,1.31
2015.01.23 09:01:18.272,0.75026,0.75034,1.00,1.31
2015.01.23 09:01:20.359,0.75026,0.75033,1.00,1.19
2015.01.23 09:01:25.877,0.75026,0.75036,1.00,1.91
2015.01.23 09:01:27.596,0.75026,0.75035,1.00,1.16
2015.01.23 09:01:28.562,0.75026,0.75036,1.00,1.91
2015.01.23 09:01:30.057,0.75026,0.75035,1.00,1.16
2015.01.23 09:01:34.169,0.75027,0.75037,1.00,1.56
2015.01.23 09:01:34.220,0.75027,0.75037,1.00,1.56
2015.01.23 09:01:34.322,0.75027,0.75038,1.00,1.19
2015.01.23 09:01:35.088,0.75027,0.7504,1.00,1.76
2015.01.23 09:01:36.100,0.75027,0.7504,1.00,2.14
2015.01.23 09:01:36.606,0.75028,0.7504,1.00,1.56
2015.01.23 09:01:37.302,0.75028,0.7504,1.00,1.56
2015.01.23 09:01:39.524,0.75026,0.75038,1.00,1.29
2015.01.23 09:01:40.509,0.75026,0.75038,1.00,1.01
2015.01.23 09:01:40.560,0.75026,0.75038,1.00,1.62
2015.01.23 09:01:41.197,0.75029,0.7504,1.00,2.81
2015.01.23 09:01:43.427,0.75029,0.75038,1.00,1.56
2015.01.23 09:01:45.501,0.75027,0.7504,1.00,2.81
2015.01.23 09:01:46.036,0.75027,0.7504,1.00,2.81
2015.01.23 09:01:48.605,0.75027,0.75039,1.00,1.66
2015.01.23 09:01:54.095,0.7503,0.75039,1.00,1.66
2015.01.23 09:01:55.884,0.7503,0.75038,1.00,1.62
2015.01.23 09:01:58.381,0.7503,0.7504,1.00,1.74
2015.01.23 09:01:59.588,0.7503,0.75039,1.00,1.12
2015.01.23 09:02:09.660,0.75029,0.7504,1.00,1.87
2015.01.23 09:02:10.276,0.75031,0.7504,1.00,1.19
2015.01.23 09:02:10.833,0.75031,0.7504,1.00,1.25
2015.01.23 09:02:16.808,0.7503,0.7504,1.00,1.00
2015.01.23 09:02:17.614,0.7503,0.75039,1.00,1.00
2015.01.23 09:02:20.082,0.7503,0.7504,1.00,1.37
2015.01.23 09:02:20.234,0.75028,0.7504,1.50,1.37
2015.01.23 09:02:23.355,0.75028,0.75039,1.50,1.56
2015.01.23 09:02:24.755,0.75028,0.75039,1.00,2.06
2015.01.23 09:02:26.174,0.75029,0.75039,1.00,2.06
2015.01.23 09:02:37.856,0.7503,0.7504,1.00,1.56
2015.01.23 09:02:39.400,0.75029,0.75039,1.00,1.62
2015.01.23 09:02:41.088,0.75029,0.75039,1.00,2.06
2015.01.23 09:02:42.443,0.7503,0.75039,1.00,1.25
2015.01.23 09:02:45.219,0.75029,0.7504,1.00,2.44
2015.01.23 09:02:45.321,0.75026,0.75039,1.50,1.66
2015.01.23 09:02:45.372,0.75026,0.75039,1.50,1.71
2015.01.23 09:02:47.557,0.75023,0.75038,1.00,2.21
2015.01.23 09:02:48.089,0.75026,0.75037,1.50,1.74
2015.01.23 09:02:48.904,0.75023,0.75037,1.00,2.21
2015.01.23 09:02:49.209,0.75019,0.75034,1.27,2.66
2015.01.23 09:02:49.854,0.75023,0.75034,1.50,2.06
2015.01.23 09:02:50.261,0.75026,0.75033,1.00,1.00
2015.01.23 09:03:03.855,0.75024,0.75033,1.00,2.06
2015.01.23 09:03:04.058,0.75026,0.75037,1.00,1.66
2015.01.23 09:03:04.564,0.75026,0.75038,1.00,1.74
2015.01.23 09:03:04.666,0.75029,0.75039,1.00,1.74
2015.01.23 09:03:05.183,0.7503,0.7504,1.00,1.62
2015.01.23 09:03:06.591,0.7503,0.7504,1.00,1.37
2015.01.23 09:03:06.793,0.75032,0.75043,1.00,1.62
2015.01.23 09:03:07.148,0.75033,0.75043,1.00,1.25
2015.01.23 09:03:09.568,0.75033,0.75044,1.00,2.06
2015.01.23 09:03:09.672,0.75033,0.75044,1.00,1.56
2015.01.23 09:03:11.073,0.75033,0.75044,1.00,1.91
2015.01.23 09:03:11.637,0.75034,0.75044,1.00,1.49
2015.01.23 09:03:12.003,0.75034,0.75044,1.00,1.16
2015.01.23 09:03:12.515,0.75034,0.75046,1.57,1.16
2015.01.23 09:03:14.716,0.75037,0.75049,1.07,1.56
2015.01.23 09:03:15.035,0.75037,0.75049,1.17,1.19
2015.01.23 09:03:15.340,0.75039,0.75049,1.10,1.19
2015.01.23 09:03:15.391,0.75039,0.75049,1.10,1.56
2015.01.23 09:03:15.594,0.75039,0.75049,1.10,1.19
2015.01.23 09:03:15.848,0.7504,0.7505,1.10,1.00
2015.01.23 09:03:16.364,0.75041,0.7505,1.00,1.00
2015.01.23 09:03:16.890,0.7504,0.7505,1.10,1.72
2015.01.23 09:03:22.767,0.7504,0.75049,1.00,1.00
2015.01.23 09:03:22.987,0.75037,0.75048,1.07,1.85
2015.01.23 09:03:23.089,0.75032,0.75045,1.50,1.37
2015.01.23 09:03:23.140,0.75032,0.75045,1.50,1.45
2015.01.23 09:03:23.295,0.7503,0.75042,1.50,1.12
2015.01.23 09:03:23.804,0.75031,0.75044,1.00,1.47
2015.01.23 09:03:23.855,0.75032,0.75044,1.00,1.56
2015.01.23 09:03:24.852,0.75032,0.75044,1.00,1.56
2015.01.23 09:03:25.994,0.75032,0.75044,1.00,1.91
2015.01.23 09:03:27.198,0.75032,0.75044,1.00,1.56
2015.01.23 09:03:29.857,0.75031,0.75044,1.57,1.56
2015.01.23 09:03:30.161,0.75033,0.75044,1.00,1.91
2015.01.23 09:03:30.668,0.75033,0.75044,1.00,1.56
2015.01.23 09:03:30.973,0.75035,0.75046,1.50,1.56
2015.01.23 09:03:31.125,0.75035,0.75046,1.50,1.31
2015.01.23 09:03:31.647,0.75035,0.75046,1.65,1.31
2015.01.23 09:03:33.190,0.75035,0.75046,1.65,1.31
2015.01.23 09:03:33.967,0.75037,0.75048,1.10,1.56
2015.01.23 09:03:34.326,0.75037,0.75048,1.17,1.12
2015.01.23 09:03:39.904,0.75039,0.75049,1.00,1.37
2015.01.23 09:03:40.412,0.75038,0.75049,1.00,1.37
2015.01.23 09:03:45.185,0.75038,0.75049,1.00,1.62
2015.01.23 09:03:45.729,0.75038,0.75049,1.00,1.62
2015.01.23 09:03:47.803,0.75037,0.75048,1.00,1.12
2015.01.23 09:03:48.228,0.75036,0.75046,1.00,1.00
2015.01.23 09:03:48.789,0.75034,0.75046,1.10,1.00
2015.01.23 09:03:49.200,0.75032,0.75045,1.95,1.00
2015.01.23 09:03:49.353,0.75032,0.75042,1.12,1.00
2015.01.23 09:03:49.405,0.7503,0.75042,1.50,1.00
2015.01.23 09:03:49.456,0.7503,0.75039,1.50,1.00
2015.01.23 09:03:49.761,0.75024,0.7503,1.00,1.00
2015.01.23 09:03:49.812,0.75019,0.7503,1.15,1.50
2015.01.23 09:03:49.865,0.75019,0.7503,1.10,1.50
2015.01.23 09:03:50.540,0.75019,0.75029,1.00,1.00
2015.01.23 09:03:51.061,0.75018,0.75029,1.00,1.00
2015.01.23 09:03:52.784,0.75018,0.75029,1.37,1.25
2015.01.23 09:03:53.240,0.75018,0.75029,1.50,1.00
2015.01.23 09:03:53.746,0.75018,0.75028,1.00,1.00
2015.01.23 09:03:56.769,0.75018,0.7503,1.15,1.19
2015.01.23 09:03:57.091,0.75018,0.7503,1.15,1.25
2015.01.23 09:03:57.295,0.75018,0.7503,1.00,1.54
2015.01.23 09:03:57.751,0.7502,0.7503,1.00,1.25
2015.01.23 09:03:58.411,0.7502,0.75032,1.10,1.25
2015.01.23 09:03:59.316,0.7502,0.75032,1.17,1.25
2015.01.23 09:03:59.823,0.75022,0.75033,1.00,1.31
2015.01.23 09:04:02.513,0.75022,0.75033,1.00,1.31
2015.01.23 09:04:03.780,0.75022,0.75033,1.00,1.31
2015.01.23 09:04:04.185,0.75023,0.75034,1.00,1.00
2015.01.23 09:04:04.490,0.75027,0.75034,1.00,1.00
2015.01.23 09:04:04.743,0.75027,0.75039,1.00,1.39
2015.01.23 09:04:05.249,0.75028,0.75039,1.00,1.20
2015.01.23 09:04:06.059,0.75028,0.75039,1.00,1.17
2015.01.23 09:04:06.521,0.75028,0.75041,1.50,1.20
2015.01.23 09:04:06.926,0.7503,0.75043,1.00,1.76
2015.01.23 09:04:07.298,0.75032,0.75042,1.00,1.00
2015.01.23 09:04:07.602,0.75036,0.75041,1.10,1.00
2015.01.23 09:04:07.805,0.75024,0.75034,1.17,1.00
2015.01.23 09:04:07.856,0.75024,0.75034,1.20,1.00
2015.01.23 09:04:08.058,0.75022,0.75034,1.00,1.00
2015.01.23 09:04:08.423,0.7502,0.75033,1.10,1.50
2015.01.23 09:04:08.474,0.7502,0.7503,1.00,1.00
2015.01.23 09:04:08.575,0.75018,0.75029,1.00,1.00
2015.01.23 09:04:09.083,0.75014,0.75025,1.07,1.00
2015.01.23 09:04:09.203,0.75013,0.75025,1.01,1.50
2015.01.23 09:04:10.305,0.75013,0.75024,1.00,1.00
2015.01.23 09:04:11.768,0.75014,0.75024,1.00,1.00
2015.01.23 09:04:12.025,0.75016,0.75024,1.00,1.00
2015.01.23 09:04:12.228,0.75016,0.75027,1.00,1.50
2015.01.23 09:04:14.549,0.75014,0.75027,1.10,1.00
2015.01.23 09:04:14.601,0.75011,0.75025,1.71,1.00
2015.01.23 09:04:14.753,0.75012,0.75025,1.01,1.50
2015.01.23 09:04:14.855,0.7501,0.75023,1.50,1.00
2015.01.23 09:04:15.183,0.7501,0.75021,1.00,1.00
2015.01.23 09:04:15.285,0.75008,0.75021,1.50,1.50
2015.01.23 09:04:15.590,0.75006,0.7502,1.00,1.50
2015.01.23 09:04:16.128,0.75006,0.75019,1.20,1.00
2015.01.23 09:04:16.422,0.75008,0.75019,1.00,1.00
2015.01.23 09:04:16.929,0.75007,0.7502,1.00,1.50
2015.01.23 09:04:17.239,0.75005,0.75018,1.76,1.00
2015.01.23 09:04:17.699,0.75005,0.75018,1.00,1.27
2015.01.23 09:04:17.750,0.75001,0.75013,1.37,1.00
2015.01.23 09:04:17.852,0.74999,0.75011,1.37,1.00
2015.01.23 09:04:17.903,0.74999,0.75011,1.00,1.00
2015.01.23 09:04:18.107,0.74997,0.75011,1.25,1.20
2015.01.23 09:04:18.259,0.74996,0.75009,1.00,1.00
2015.01.23 09:04:18.664,0.74996,0.75011,1.10,1.25
2015.01.23 09:04:19.882,0.74996,0.75011,1.47,1.25
2015.01.23 09:04:20.338,0.74996,0.75013,2.40,1.19
2015.01.23 09:04:20.491,0.74998,0.75013,1.10,1.19
2015.01.23 09:04:21.089,0.74999,0.75013,1.00,1.19
2015.01.23 09:04:22.166,0.74999,0.75013,1.00,1.00
2015.01.23 09:04:22.692,0.74999,0.75013,1.17,1.00
2015.01.23 09:04:23.234,0.74999,0.75013,1.15,1.00
2015.01.23 09:04:24.084,0.74999,0.75005,1.17,1.00
2015.01.23 09:04:24.236,0.7499,0.75005,2.59,2.62
2015.01.23 09:04:24.388,0.7499,0.75005,2.96,1.50
2015.01.23 09:04:24.490,0.74994,0.75007,1.00,1.00
2015.01.23 09:04:24.591,0.74996,0.75009,1.00,1.00
2015.01.23 09:04:24.896,0.74998,0.75012,1.10,1.29
2015.01.23 09:04:25.552,0.74998,0.75012,1.10,1.10
2015.01.23 09:04:25.857,0.74995,0.75003,1.00,1.00
2015.01.23 09:04:26.161,0.75,0.75011,1.00,1.71
2015.01.23 09:04:26.313,0.75,0.75006,1.00,1.00
2015.01.23 09:04:26.364,0.74998,0.75006,1.00,1.00
2015.01.23 09:04:26.415,0.74998,0.75004,1.00,1.00
2015.01.23 09:04:26.927,0.74999,0.75005,1.00,1.00
2015.01.23 09:04:27.467,0.75001,0.75005,1.00,1.00
2015.01.23 09:04:32.046,0.74998,0.75005,1.00,1.00
2015.01.23 09:04:32.553,0.74997,0.75005,1.00,1.00
2015.01.23 09:04:33.160,0.74997,0.75004,1.00,1.00
2015.01.23 09:04:33.826,0.74995,0.75004,1.00,1.00
2015.01.23 09:04:34.334,0.74996,0.75003,1.00,1.00
2015.01.23 09:04:35.057,0.74994,0.75003,1.00,1.00
2015.01.23 09:04:35.195,0.74994,0.74998,1.00,1.00
2015.01.23 09:04:35.246,0.74991,0.74998,1.00,1.00
2015.01.23 09:04:35.753,0.7499,0.74998,1.00,1.00
2015.01.23 09:04:35.804,0.74987,0.74998,1.00,1.37
2015.01.23 09:04:36.007,0.74978,0.74988,1.10,1.00
2015.01.23 09:04:36.210,0.74976,0.74988,1.00,1.00
2015.01.23 09:04:38.102,0.74975,0.7499,1.57,1.00
2015.01.23 09:04:38.560,0.74975,0.74984,1.27,1.00
2015.01.23 09:04:38.865,0.74971,0.74982,1.10,1.00
2015.01.23 09:04:39.783,0.74969,0.74977,1.00,1.00
2015.01.23 09:04:40.290,0.74967,0.74976,1.62,1.00
2015.01.23 09:04:40.758,0.74965,0.74978,2.10,1.10
2015.01.23 09:04:40.859,0.74964,0.74978,1.67,1.10
2015.01.23 09:04:40.910,0.74964,0.74975,1.01,1.00
2015.01.23 09:04:41.419,0.74962,0.74975,1.39,1.00
2015.01.23 09:04:41.854,0.74962,0.74975,1.39,1.00
2015.01.23 09:04:42.666,0.74962,0.74975,1.16,1.00
2015.01.23 09:04:43.977,0.74963,0.74975,1.10,1.00
2015.01.23 09:04:44.526,0.74962,0.74975,1.91,1.00
2015.01.23 09:04:45.195,0.74962,0.74975,1.46,1.00
2015.01.23 09:04:45.651,0.74961,0.74972,1.66,1.00
2015.01.23 09:04:46.473,0.74959,0.74972,1.37,1.20
2015.01.23 09:04:46.829,0.74959,0.74972,1.37,1.00
2015.01.23 09:04:47.690,0.74965,0.74972,1.00,1.00
2015.01.23 09:04:47.995,0.74965,0.74974,1.00,1.10
2015.01.23 09:04:48.096,0.74966,0.74976,1.00,1.00
2015.01.23 09:04:48.350,0.74968,0.74976,1.00,1.00
2015.01.23 09:04:49.456,0.74967,0.74976,1.00,1.00
2015.01.23 09:04:49.962,0.74968,0.74976,1.00,1.00
2015.01.23 09:04:50.216,0.74973,0.74984,1.00,1.17
2015.01.23 09:04:50.419,0.74978,0.74986,1.00,1.00
2015.01.23 09:04:53.383,0.74974,0.7498,1.10,1.00
2015.01.23 09:04:53.535,0.7497,0.74979,1.20,1.00
2015.01.23 09:04:53.636,0.74968,0.74975,1.42,1.00
2015.01.23 09:04:53.737,0.74968,0.74979,1.87,1.15
2015.01.23 09:04:53.839,0.7497,0.7498,1.00,1.00
2015.01.23 09:04:54.042,0.74973,0.7498,1.00,1.00
2015.01.23 09:04:54.144,0.74973,0.74982,1.00,1.00
2015.01.23 09:04:54.296,0.7497,0.74983,1.00,1.57
2015.01.23 09:04:54.347,0.7497,0.74977,1.00,1.00
2015.01.23 09:04:54.449,0.74972,0.74983,1.00,1.10
2015.01.23 09:04:54.603,0.7497,0.74979,1.00,1.00
2015.01.23 09:04:54.907,0.74973,0.74979,1.00,1.00
2015.01.23 09:04:55.313,0.74973,0.74981,1.00,1.00
2015.01.23 09:04:55.484,0.74971,0.74981,1.00,1.00
2015.01.23 09:04:55.738,0.74973,0.74981,1.00,1.00
2015.01.23 09:04:56.249,0.74974,0.74981,1.00,1.00
2015.01.23 09:04:59.373,0.74971,0.74981,1.00,1.00
2015.01.23 09:04:59.474,0.7497,0.74977,1.00,1.00
2015.01.23 09:04:59.677,0.74964,0.74974,1.47,1.10
2015.01.23 09:04:59.728,0.74964,0.74974,1.10,1.10
2015.01.23 09:04:59.779,0.74962,0.74973,1.69,1.17
2015.01.23 09:05:00.314,0.74965,0.74972,1.00,1.00
2015.01.23 09:05:00.881,0.74965,0.74973,1.00,1.10
2015.01.23 09:05:02.213,0.74964,0.74973,1.00,1.00
2015.01.23 09:05:02.721,0.74965,0.74973,1.00,1.00
2015.01.23 09:05:02.989,0.74965,0.74975,1.00,1.00
2015.01.23 09:05:03.091,0.74968,0.74975,1.00,1.00
2015.01.23 09:05:03.295,0.74968,0.74977,1.00,1.10
2015.01.23 09:05:03.421,0.74966,0.74977,1.00,1.10
2015.01.23 09:05:03.522,0.74969,0.74977,1.00,1.10
2015.01.23 09:05:04.282,0.74966,0.74977,1.00,1.00
2015.01.23 09:05:04.383,0.74969,0.74977,1.00,1.00
2015.01.23 09:05:04.738,0.74967,0.74977,1.00,1.00
2015.01.23 09:05:04.839,0.7497,0.74978,1.00,1.00
2015.01.23 09:05:05.272,0.74971,0.74981,1.00,1.00
2015.01.23 09:05:05.707,0.74973,0.74979,1.00,1.00
2015.01.23 09:05:05.859,0.74971,0.74979,1.00,1.10
2015.01.23 09:05:05.910,0.74971,0.74976,1.00,1.00
2015.01.23 09:05:06.013,0.74971,0.74978,1.00,1.10
2015.01.23 09:05:06.519,0.7497,0.74978,1.00,1.17
2015.01.23 09:05:06.621,0.74968,0.74975,1.29,1.00
2015.01.23 09:05:07.128,0.7497,0.74975,1.00,1.00
2015.01.23 09:05:07.281,0.74968,0.74975,1.01,1.10
2015.01.23 09:05:07.332,0.74965,0.74971,1.80,1.00
2015.01.23 09:05:07.795,0.74969,0.74974,1.00,1.00
2015.01.23 09:05:07.947,0.74967,0.74974,1.12,1.00
2015.01.23 09:05:08.048,0.7497,0.74976,1.00,1.00
2015.01.23 09:05:08.403,0.74971,0.74978,1.00,1.00
2015.01.23 09:05:08.909,0.74972,0.74978,1.00,1.00
2015.01.23 09:05:09.011,0.7497,0.74978,1.00,1.00
2015.01.23 09:05:09.113,0.74972,0.74978,1.00,1.00
2015.01.23 09:05:09.367,0.7497,0.74978,1.00,1.00
2015.01.23 09:05:09.418,0.7497,0.74976,1.00,1.00
2015.01.23 09:05:09.570,0.74968,0.74976,1.00,1.00
2015.01.23 09:05:09.722,0.74968,0.74974,1.00,1.00
2015.01.23 09:05:10.026,0.74962,0.7497,1.97,1.10
2015.01.23 09:05:10.179,0.74963,0.7497,1.27,1.10
2015.01.23 09:05:10.685,0.74963,0.74969,1.27,1.00
2015.01.23 09:05:11.141,0.74962,0.74967,1.62,1.00
2015.01.23 09:05:14.049,0.74962,0.74969,1.37,1.00
2015.01.23 09:05:14.099,0.74965,0.74969,1.00,1.00
2015.01.23 09:05:15.420,0.74965,0.74972,1.00,1.00
2015.01.23 09:05:15.934,0.74966,0.74972,1.00,1.00
2015.01.23 09:05:19.694,0.74966,0.74974,1.00,1.00
2015.01.23 09:05:19.930,0.74968,0.74974,1.00,1.00
2015.01.23 09:05:20.033,0.74966,0.74974,1.00,1.00
2015.01.23 09:05:20.135,0.74968,0.74974,1.00,1.00
2015.01.23 09:05:20.913,0.74967,0.74974,1.50,1.00
2015.01.23 09:05:21.217,0.74973,0.74978,1.00,1.00
2015.01.23 09:05:21.471,0.74971,0.74978,1.00,1.00
2015.01.23 09:05:21.977,0.74972,0.74978,1.50,1.00
2015.01.23 09:05:22.180,0.74973,0.74982,1.00,1.00
2015.01.23 09:05:22.383,0.74973,0.7498,1.00,1.00
2015.01.23 09:05:22.434,0.74971,0.7498,1.00,1.00
2015.01.23 09:05:22.687,0.74973,0.74982,1.00,1.00
2015.01.23 09:05:23.092,0.74976,0.74982,1.00,1.00
2015.01.23 09:05:23.194,0.74978,0.74985,1.00,1.00
2015.01.23 09:05:23.571,0.74974,0.74983,1.00,1.00
2015.01.23 09:05:23.773,0.74976,0.74983,1.00,1.00
2015.01.23 09:05:24.207,0.74973,0.74983,1.00,1.00
2015.01.23 09:05:24.409,0.74975,0.74983,1.00,1.00
2015.01.23 09:05:29.569,0.74978,0.74983,1.60,1.00
2015.01.23 09:05:29.672,0.74986,0.74992,1.00,1.20
2015.01.23 09:05:29.773,0.74987,0.74996,1.47,1.07
2015.01.23 09:05:29.824,0.74987,0.74996,1.10,1.07
2015.01.23 09:05:29.875,0.74985,0.74996,1.00,1.00
2015.01.23 09:05:29.926,0.74985,0.74994,1.00,1.00
2015.01.23 09:05:30.180,0.74981,0.74991,1.27,1.00
2015.01.23 09:05:30.232,0.74983,0.74991,1.00,1.00
2015.01.23 09:05:32.288,0.7498,0.74991,2.62,1.00
2015.01.23 09:05:32.791,0.74982,0.74991,1.00,1.00
2015.01.23 09:05:34.120,0.74982,0.7499,1.00,1.00
2015.01.23 09:05:34.628,0.74981,0.7499,1.12,1.00
2015.01.23 09:05:34.833,0.74978,0.74988,1.47,1.00
2015.01.23 09:05:35.341,0.74979,0.74988,1.10,1.00
2015.01.23 09:05:35.715,0.74979,0.74986,1.00,1.00
2015.01.23 09:05:36.393,0.74976,0.74986,1.50,1.15
2015.01.23 09:05:36.495,0.74976,0.74984,1.12,1.17
2015.01.23 09:05:36.799,0.74974,0.74982,1.10,1.00
2015.01.23 09:05:37.543,0.74971,0.7498,1.87,1.00
2015.01.23 09:05:37.650,0.74972,0.7498,1.10,1.00
2015.01.23 09:05:38.260,0.74971,0.74978,1.12,1.00
2015.01.23 09:05:38.819,0.74973,0.74978,1.00,1.00
2015.01.23 09:05:39.123,0.74969,0.74978,1.20,1.00
2015.01.23 09:05:39.427,0.7497,0.74978,2.32,1.00
2015.01.23 09:05:40.357,0.74971,0.74978,1.50,1.00
2015.01.23 09:05:41.762,0.74972,0.7498,1.00,1.00
2015.01.23 09:05:44.178,0.74972,0.74976,1.00,1.00
2015.01.23 09:05:44.230,0.7497,0.74976,1.10,1.00
2015.01.23 09:05:44.281,0.74968,0.74976,1.10,1.00
2015.01.23 09:05:44.788,0.74967,0.74976,1.10,1.00
2015.01.23 09:05:45.417,0.74968,0.74976,1.00,1.00
2015.01.23 09:05:45.619,0.7497,0.74976,1.00,1.00
2015.01.23 09:05:46.125,0.74967,0.74976,1.20,1.10
2015.01.23 09:05:46.176,0.74969,0.74976,1.00,1.00
2015.01.23 09:05:46.694,0.74968,0.74976,1.00,1.00
2015.01.23 09:05:47.149,0.7497,0.74976,1.00,1.00
2015.01.23 09:05:47.676,0.74969,0.74976,1.50,1.00
2015.01.23 09:05:48.234,0.7497,0.74976,1.00,1.00
2015.01.23 09:05:48.759,0.74969,0.74976,1.00,1.00
2015.01.23 09:05:49.266,0.7497,0.74976,1.10,1.00
2015.01.23 09:05:52.136,0.7497,0.74978,1.10,1.00
2015.01.23 09:05:52.441,0.74972,0.74978,1.00,1.00
2015.01.23 09:05:56.441,0.74969,0.74978,1.00,1.00
2015.01.23 09:05:56.949,0.74968,0.74976,1.00,1.00
2015.01.23 09:05:57.458,0.74966,0.74976,1.87,1.00
2015.01.23 09:05:58.268,0.74966,0.74976,1.00,1.10
2015.01.23 09:05:58.572,0.74965,0.74974,1.00,1.00
2015.01.23 09:05:59.799,0.74964,0.74974,1.10,1.00
2015.01.23 09:06:00.104,0.74963,0.74969,1.10,1.00
2015.01.23 09:06:00.408,0.74959,0.74967,1.37,1.00
2015.01.23 09:06:00.611,0.74956,0.74963,1.00,1.00
2015.01.23 09:06:00.662,0.74953,0.74963,1.05,1.00
2015.01.23 09:06:00.815,0.74948,0.74958,2.05,1.00
2015.01.23 09:06:00.867,0.74948,0.74958,1.35,1.00
2015.01.23 09:06:00.918,0.74948,0.74956,1.27,1.00
2015.01.23 09:06:01.377,0.74948,0.74952,1.00,1.00
2015.01.23 09:06:01.530,0.74944,0.74952,1.76,1.00
2015.01.23 09:06:01.885,0.74944,0.74949,1.10,1.00
2015.01.23 09:06:02.088,0.74942,0.74949,1.00,1.00
2015.01.23 09:06:02.705,0.74942,0.74947,1.00,1.00
2015.01.23 09:06:07.619,0.7494,0.74947,1.10,1.00
2015.01.23 09:06:10.227,0.7494,0.74949,1.00,1.00
2015.01.23 09:06:11.092,0.7494,0.74949,1.37,1.00
2015.01.23 09:06:11.295,0.7494,0.74949,1.00,1.00
2015.01.23 09:06:15.674,0.7494,0.7495,1.07,1.00
2015.01.23 09:06:16.181,0.74942,0.7495,1.00,1.00
2015.01.23 09:06:16.693,0.74943,0.7495,1.00,1.00
2015.01.23 09:06:16.744,0.74943,0.74952,1.00,1.00
2015.01.23 09:06:16.795,0.74943,0.74952,1.17,1.00
2015.01.23 09:06:17.150,0.74945,0.74954,1.10,1.00
2015.01.23 09:06:17.302,0.74946,0.74954,1.05,1.00
2015.01.23 09:06:21.635,0.74944,0.74954,1.17,1.00
2015.01.23 09:06:25.394,0.74945,0.74954,1.65,1.00
2015.01.23 09:06:25.495,0.74945,0.74955,2.05,1.00
2015.01.23 09:06:27.104,0.74946,0.74955,1.57,1.00
2015.01.23 09:06:27.609,0.74946,0.74955,1.57,1.00
2015.01.23 09:06:28.727,0.74946,0.74955,1.57,1.00
2015.01.23 09:06:29.236,0.74946,0.74955,3.22,1.00
2015.01.23 09:06:29.439,0.74949,0.74957,1.57,1.00
2015.01.23 09:06:30.148,0.7495,0.74957,1.57,1.00
2015.01.23 09:06:30.557,0.7495,0.74965,2.40,1.19
2015.01.23 09:06:30.661,0.74953,0.74965,2.32,1.00
2015.01.23 09:06:31.165,0.74956,0.74966,2.25,1.00
2015.01.23 09:06:45.386,0.74957,0.74966,1.07,1.50
2015.01.23 09:06:45.894,0.74954,0.74966,1.57,1.50
2015.01.23 09:06:45.946,0.74954,0.74962,1.10,1.00
2015.01.23 09:06:46.250,0.74951,0.74959,1.07,1.00
2015.01.23 09:06:46.403,0.74949,0.74959,1.10,1.00
2015.01.23 09:06:49.643,0.74947,0.74959,1.50,1.00
2015.01.23 09:06:49.694,0.74947,0.74959,1.50,1.57
2015.01.23 09:06:49.998,0.74943,0.74951,1.32,1.00
2015.01.23 09:06:50.353,0.74942,0.74951,1.00,1.00
2015.01.23 09:06:50.860,0.7494,0.7495,1.20,1.00
2015.01.23 09:06:51.367,0.7494,0.7495,1.00,1.00
2015.01.23 09:06:52.557,0.7494,0.7495,1.37,1.00
2015.01.23 09:06:53.674,0.7494,0.7495,1.00,1.00
2015.01.23 09:06:53.927,0.74938,0.74949,1.25,1.00
2015.01.23 09:06:54.130,0.74936,0.74949,1.00,1.00
2015.01.23 09:06:54.181,0.74933,0.74945,1.09,1.00
2015.01.23 09:06:54.333,0.74932,0.74943,1.10,1.00
2015.01.23 09:06:54.687,0.7493,0.74941,1.26,1.00
2015.01.23 09:06:57.802,0.74928,0.74939,2.89,1.00
2015.01.23 09:06:59.082,0.74928,0.74939,1.29,1.00
2015.01.23 09:06:59.463,0.74927,0.74939,1.00,1.00
2015.01.23 09:06:59.514,0.74927,0.74937,1.00,1.00
2015.01.23 09:07:04.904,0.74926,0.74938,1.19,1.00
2015.01.23 09:07:05.208,0.74925,0.74936,1.00,1.00
2015.01.23 09:07:05.552,0.74925,0.74934,1.00,1.00
2015.01.23 09:07:06.064,0.74923,0.74933,1.37,1.00
2015.01.23 09:07:07.741,0.74923,0.74931,1.37,1.00
2015.01.23 09:07:09.360,0.7492,0.74931,1.25,1.00
2015.01.23 09:07:09.674,0.7492,0.74929,1.25,1.00
2015.01.23 09:07:09.878,0.74917,0.74929,1.10,1.00
2015.01.23 09:07:09.979,0.74915,0.74925,1.39,1.00
2015.01.23 09:07:10.183,0.74911,0.74921,1.10,1.00
2015.01.23 09:07:10.286,0.74909,0.74921,1.00,1.00
2015.01.23 09:07:10.387,0.74907,0.74918,1.00,1.00
2015.01.23 09:07:10.917,0.74907,0.74919,1.17,1.00
2015.01.23 09:07:11.172,0.74908,0.74921,1.20,1.00
2015.01.23 09:07:11.224,0.74908,0.74921,1.27,1.00
2015.01.23 09:07:11.275,0.7491,0.74926,1.05,1.84
2015.01.23 09:07:11.326,0.74911,0.74926,1.12,1.57
2015.01.23 09:07:11.630,0.74915,0.74928,1.65,1.00
2015.01.23 09:07:11.986,0.74916,0.7493,1.57,1.00
2015.01.23 09:07:12.291,0.74919,0.74933,2.21,1.00
2015.01.23 09:07:12.595,0.74921,0.7493,1.09,1.00
2015.01.23 09:07:12.774,0.74921,0.74932,1.01,1.00
2015.01.23 09:07:12.979,0.74919,0.7493,2.14,1.00
2015.01.23 09:07:13.331,0.74917,0.74926,1.75,1.00
2015.01.23 09:07:13.384,0.74915,0.74926,1.39,1.00
2015.01.23 09:07:13.587,0.74913,0.74924,1.39,1.00
2015.01.23 09:07:13.689,0.74915,0.74926,1.00,1.10
2015.01.23 09:07:13.893,0.74912,0.74926,1.30,1.00
2015.01.23 09:07:13.994,0.74912,0.74924,1.09,1.00
2015.01.23 09:07:14.299,0.74924,0.7494,1.87,1.15
2015.01.23 09:07:14.350,0.74926,0.7494,1.50,1.10
2015.01.23 09:07:16.022,0.74925,0.7494,1.54,1.07
2015.01.23 09:07:16.224,0.74926,0.7494,1.12,1.07
2015.01.23 09:07:17.155,0.74926,0.7494,1.12,1.40
2015.01.23 09:07:17.720,0.74926,0.7494,1.12,1.09
2015.01.23 09:07:18.441,0.74926,0.7494,1.12,1.40
2015.01.23 09:07:20.372,0.74926,0.7494,1.50,1.15
2015.01.23 09:07:21.034,0.74926,0.7494,1.50,1.15
2015.01.23 09:07:22.431,0.74927,0.74941,1.50,1.65
2015.01.23 09:07:27.102,0.74927,0.7494,1.09,1.00
2015.01.23 09:07:28.062,0.74927,0.7494,1.01,1.00
2015.01.23 09:07:28.864,0.74928,0.74943,1.09,1.00
2015.01.23 09:07:28.966,0.74931,0.74947,1.09,3.19
2015.01.23 09:07:29.068,0.74931,0.74947,2.96,2.06
2015.01.23 09:07:29.169,0.74931,0.74944,1.46,1.00
2015.01.23 09:07:29.271,0.74929,0.74944,1.66,1.20
2015.01.23 09:07:29.423,0.74931,0.74946,2.51,1.00
2015.01.23 09:07:29.930,0.74932,0.74948,1.20,1.36
2015.01.23 09:07:31.694,0.74932,0.74948,1.01,1.17
2015.01.23 09:07:32.878,0.74932,0.74948,1.01,1.65
2015.01.23 09:07:34.039,0.74932,0.74943,1.01,1.00
2015.01.23 09:07:34.242,0.74924,0.74939,1.91,1.00
2015.01.23 09:07:34.394,0.74924,0.74938,1.76,1.15
2015.01.23 09:07:34.496,0.74924,0.74938,1.76,1.17
2015.01.23 09:07:35.002,0.74923,0.74936,1.19,1.17
2015.01.23 09:07:35.104,0.7492,0.74935,1.26,1.17
2015.01.23 09:07:35.323,0.74919,0.74935,1.84,1.10
2015.01.23 09:07:35.526,0.74919,0.74933,1.91,1.00
2015.01.23 09:07:35.831,0.74913,0.74926,2.06,1.00
2015.01.23 09:07:36.103,0.74913,0.74926,1.31,1.00
2015.01.23 09:07:37.066,0.74909,0.74926,1.16,1.00
2015.01.23 09:07:39.285,0.74911,0.74926,1.64,1.42
2015.01.23 09:07:39.590,0.74903,0.74919,1.64,1.10
2015.01.23 09:07:39.944,0.74908,0.74922,1.42,1.15
2015.01.23 09:07:40.046,0.74908,0.74927,2.06,1.87
2015.01.23 09:07:40.097,0.74908,0.74927,1.81,1.00
2015.01.23 09:07:41.034,0.74908,0.74927,2.21,1.00
2015.01.23 09:07:43.656,0.74908,0.74927,2.21,1.17
2015.01.23 09:07:43.910,0.74909,0.74927,1.91,1.20
2015.01.23 09:07:44.419,0.74908,0.74927,1.81,1.20
2015.01.23 09:07:45.193,0.74909,0.74926,1.71,1.00
2015.01.23 09:07:46.211,0.74909,0.74926,1.16,1.00
2015.01.23 09:07:47.492,0.74909,0.74926,1.46,1.00
2015.01.23 09:07:50.782,0.74907,0.74927,4.09,1.00
2015.01.23 09:07:52.576,0.74908,0.74927,1.09,1.19
2015.01.23 09:07:53.642,0.74908,0.74927,1.09,1.19
2015.01.23 09:07:55.849,0.74907,0.74927,4.39,1.00
2015.01.23 09:07:56.356,0.74908,0.74926,1.09,1.00
2015.01.23 09:07:57.259,0.74908,0.74926,1.09,1.00
2015.01.23 09:07:57.667,0.74912,0.74926,1.86,1.20
2015.01.23 09:07:57.970,0.7491,0.74922,1.91,1.00
2015.01.23 09:07:58.275,0.74908,0.74918,1.56,1.10
2015.01.23 09:07:58.630,0.74908,0.74921,1.91,1.15
2015.01.23 09:07:58.832,0.74908,0.74918,1.91,1.00
2015.01.23 09:08:03.945,0.74909,0.74924,2.44,3.07
2015.01.23 09:08:03.998,0.7491,0.74924,1.01,1.00
2015.01.23 09:08:04.152,0.74908,0.74921,1.76,1.00
2015.01.23 09:08:04.506,0.74909,0.74923,2.36,1.10
2015.01.23 09:08:06.611,0.7491,0.74925,2.59,1.00
2015.01.23 09:08:09.209,0.7491,0.74925,2.04,1.07
2015.01.23 09:08:09.522,0.74908,0.74921,1.01,1.65
2015.01.23 09:08:09.573,0.74908,0.74919,1.01,1.00
2015.01.23 09:08:09.674,0.74908,0.74922,1.39,1.10
2015.01.23 09:08:09.776,0.7491,0.74924,1.37,1.10
2015.01.23 09:08:09.877,0.74911,0.74924,1.37,1.10
2015.01.23 09:08:11.779,0.74909,0.74923,2.44,1.00
2015.01.23 09:08:11.830,0.74909,0.74923,2.44,1.07
2015.01.23 09:08:12.033,0.74908,0.74921,2.62,1.57
2015.01.23 09:08:12.185,0.74909,0.74923,1.50,1.65
2015.01.23 09:08:12.489,0.7491,0.74923,1.37,1.00
2015.01.23 09:08:12.590,0.7491,0.74922,1.37,1.00
2015.01.23 09:08:13.890,0.74909,0.74924,2.44,1.17
2015.01.23 09:08:13.993,0.74913,0.74926,1.37,1.65
2015.01.23 09:08:14.499,0.74915,0.74926,1.12,1.00
2015.01.23 09:08:15.039,0.74915,0.74926,1.37,1.00
2015.01.23 09:08:21.116,0.74915,0.74928,1.37,1.10
2015.01.23 09:08:21.859,0.74915,0.74928,1.37,1.17
2015.01.23 09:08:22.390,0.74916,0.74928,1.37,1.17
2015.01.23 09:08:22.542,0.7492,0.74932,1.00,2.25
2015.01.23 09:08:22.593,0.7492,0.74933,1.00,1.84
2015.01.23 09:08:22.796,0.7492,0.74931,1.12,1.07
2015.01.23 09:08:23.299,0.7492,0.74931,1.12,1.10
2015.01.23 09:08:23.832,0.74922,0.74936,1.00,3.07
2015.01.23 09:08:23.883,0.74922,0.74936,1.00,1.17
2015.01.23 09:08:24.188,0.74925,0.74936,1.00,1.10
2015.01.23 09:08:24.492,0.74932,0.74938,1.00,1.15
2015.01.23 09:08:25.022,0.74932,0.74938,1.00,1.07
2015.01.23 09:08:25.073,0.74932,0.74939,1.00,1.00
2015.01.23 09:08:26.359,0.7493,0.74939,1.00,1.00
2015.01.23 09:08:27.162,0.74934,0.74939,1.00,1.00
2015.01.23 09:08:27.263,0.74934,0.74941,1.00,1.10
2015.01.23 09:08:27.365,0.74934,0.74944,1.00,1.25
2015.01.23 09:08:27.567,0.74936,0.74946,1.00,1.00
2015.01.23 09:08:27.669,0.74932,0.74946,1.57,1.00
2015.01.23 09:08:27.720,0.74932,0.74943,1.07,1.00
2015.01.23 09:08:27.771,0.7493,0.74943,1.25,1.00
2015.01.23 09:08:27.923,0.7493,0.74941,1.00,1.00
2015.01.23 09:08:28.379,0.74928,0.74941,1.69,1.00
2015.01.23 09:08:29.303,0.74928,0.74941,2.02,1.00
2015.01.23 09:08:29.404,0.7493,0.74944,1.00,1.20
2015.01.23 09:08:29.911,0.7493,0.74944,1.12,1.17
2015.01.23 09:08:30.468,0.74928,0.74943,1.31,1.10
2015.01.23 09:08:30.620,0.74928,0.74943,1.31,1.15
2015.01.23 09:08:31.792,0.74928,0.74943,1.12,1.15
2015.01.23 09:08:34.417,0.74928,0.74939,1.00,1.12
2015.01.23 09:08:34.518,0.74924,0.74937,1.69,1.00
2015.01.23 09:08:34.671,0.74924,0.74937,1.69,1.07
2015.01.23 09:08:35.228,0.74924,0.74937,1.25,1.65
2015.01.23 09:08:35.532,0.74923,0.74937,1.00,1.84
2015.01.23 09:08:35.785,0.74923,0.74937,1.00,1.84
2015.01.23 09:08:36.626,0.74923,0.74937,1.00,1.84
2015.01.23 09:08:37.150,0.74923,0.74937,1.00,1.84
2015.01.23 09:08:38.750,0.74922,0.74935,1.25,1.07
2015.01.23 09:08:39.271,0.74921,0.74933,1.19,1.10
2015.01.23 09:08:40.101,0.74921,0.74933,1.00,1.10
2015.01.23 09:08:42.334,0.74921,0.74934,1.10,1.00
2015.01.23 09:08:46.952,0.74921,0.74928,1.00,1.00
2015.01.23 09:08:47.179,0.74919,0.74928,1.10,1.00
2015.01.23 09:08:49.140,0.74917,0.74927,1.29,1.00
2015.01.23 09:08:51.920,0.74917,0.74927,1.01,1.00
2015.01.23 09:08:55.310,0.74917,0.74925,1.10,1.00
2015.01.23 09:09:12.928,0.74917,0.74926,1.00,1.00
2015.01.23 09:09:18.405,0.74917,0.74925,1.00,1.00
2015.01.23 09:09:30.443,0.74916,0.74925,1.00,1.00
2015.01.23 09:09:30.972,0.74914,0.74925,1.10,1.00
2015.01.23 09:09:31.074,0.74914,0.74923,1.00,1.00
2015.01.23 09:09:31.440,0.74914,0.74921,1.00,1.00
2015.01.23 09:09:31.542,0.74912,0.74921,1.00,1.00
2015.01.23 09:09:31.593,0.74911,0.74919,1.00,1.00
2015.01.23 09:09:32.211,0.7491,0.74919,1.50,1.00
2015.01.23 09:09:33.553,0.74917,0.74922,1.00,1.84
2015.01.23 09:09:33.707,0.74917,0.74923,1.00,1.00
2015.01.23 09:09:33.758,0.74917,0.74925,1.00,1.50
2015.01.23 09:09:33.859,0.74913,0.74925,1.00,1.50
2015.01.23 09:09:34.010,0.74913,0.74921,1.00,1.00
2015.01.23 09:09:34.314,0.74912,0.74919,1.00,1.00
2015.01.23 09:09:34.365,0.74912,0.74921,1.00,1.00
2015.01.23 09:09:34.924,0.74914,0.74922,1.00,1.00
2015.01.23 09:09:35.025,0.74914,0.74924,1.00,1.00
2015.01.23 09:09:35.512,0.74918,0.74924,1.00,1.00
2015.01.23 09:09:35.614,0.74915,0.74922,1.00,1.00
2015.01.23 09:09:35.665,0.74908,0.74915,2.59,1.00
2015.01.23 09:09:35.716,0.74911,0.74915,1.00,1.00
2015.01.23 09:09:35.818,0.74909,0.74915,1.00,1.00
2015.01.23 09:09:35.920,0.7491,0.74918,1.00,1.00
2015.01.23 09:09:36.325,0.74911,0.7492,1.00,1.00
2015.01.23 09:09:39.371,0.7491,0.7492,1.00,1.00
2015.01.23 09:09:39.581,0.74912,0.7492,1.00,1.00
2015.01.23 09:09:39.726,0.74912,0.74922,1.00,1.50
2015.01.23 09:09:39.777,0.74914,0.74922,1.00,1.50
2015.01.23 09:09:40.081,0.7491,0.74917,1.00,1.00
2015.01.23 09:09:40.233,0.74908,0.74917,1.00,1.00
2015.01.23 09:09:44.114,0.74908,0.74917,1.50,1.37
2015.01.23 09:09:44.628,0.74908,0.74917,1.00,1.00
2015.01.23 09:09:45.048,0.74907,0.74915,1.00,1.10
2015.01.23 09:09:46.750,0.74907,0.74915,1.00,1.07
2015.01.23 09:09:47.286,0.74908,0.74915,1.00,1.00
2015.01.23 09:09:49.848,0.74908,0.74916,1.00,1.10
2015.01.23 09:09:58.673,0.74908,0.74915,1.00,1.00
2015.01.23 09:09:59.089,0.74908,0.74912,1.00,1.00
2015.01.23 09:09:59.140,0.74904,0.74912,1.00,1.00
2015.01.23 09:09:59.191,0.74904,0.74912,1.00,1.07
2015.01.23 09:09:59.242,0.749,0.74906,1.00,1.00
2015.01.23 09:09:59.344,0.749,0.74908,1.00,1.00
2015.01.23 09:10:01.204,0.749,0.74909,1.00,1.00
2015.01.23 09:10:06.904,0.749,0.74909,1.20,1.00
2015.01.23 09:10:06.955,0.74904,0.74911,1.00,1.00
2015.01.23 09:10:07.462,0.74904,0.74912,1.00,1.00
2015.01.23 09:10:10.602,0.74904,0.74911,1.00,1.00
2015.01.23 09:10:16.322,0.74904,0.7491,1.00,1.00
2015.01.23 09:10:16.728,0.74902,0.74909,1.00,1.00
2015.01.23 09:10:16.880,0.749,0.74908,1.00,1.00
2015.01.23 09:10:18.181,0.749,0.74906,1.00,1.00
2015.01.23 09:10:18.385,0.74896,0.74903,1.00,1.00
2015.01.23 09:10:18.487,0.74893,0.74903,1.00,1.00
2015.01.23 09:10:18.538,0.74893,0.74901,1.00,1.00
2015.01.23 09:10:18.742,0.74891,0.749,1.20,1.00
2015.01.23 09:10:18.894,0.74899,0.74905,1.00,1.00
2015.01.23 09:10:18.945,0.74899,0.74905,1.00,1.00
2015.01.23 09:10:18.996,0.74899,0.74907,1.00,1.00
2015.01.23 09:10:19.149,0.74899,0.74905,1.00,1.00
2015.01.23 09:10:19.302,0.74893,0.74902,1.25,1.00
2015.01.23 09:10:19.404,0.74893,0.749,1.00,1.00
2015.01.23 09:10:19.733,0.74888,0.74897,1.29,1.00
2015.01.23 09:10:20.089,0.74888,0.74896,1.10,1.00
2015.01.23 09:10:21.276,0.74883,0.74895,2.66,1.00
2015.01.23 09:10:21.378,0.7488,0.74893,4.01,1.00
2015.01.23 09:10:21.582,0.7488,0.74892,1.29,1.00
2015.01.23 09:10:21.690,0.74877,0.7489,1.84,1.00
2015.01.23 09:10:21.792,0.74877,0.7489,1.71,1.00
2015.01.23 09:10:22.300,0.74877,0.74889,1.26,1.00
2015.01.23 09:10:22.807,0.74877,0.74888,1.19,1.00
2015.01.23 09:10:22.908,0.74877,0.74888,1.25,1.00
2015.01.23 09:10:24.122,0.74874,0.74886,1.46,1.00
2015.01.23 09:10:24.629,0.74874,0.74886,1.17,1.00
2015.01.23 09:10:24.934,0.74869,0.7488,1.00,1.10
2015.01.23 09:10:25.244,0.74865,0.74877,1.00,1.00
2015.01.23 09:10:25.497,0.74865,0.74876,1.00,1.07
2015.01.23 09:10:25.599,0.74861,0.74872,1.00,1.00
2015.01.23 09:10:25.710,0.74856,0.74869,1.26,1.00
2015.01.23 09:10:25.863,0.74852,0.74866,1.34,1.50
2015.01.23 09:10:26.121,0.74848,0.74863,1.56,1.00
2015.01.23 09:10:26.529,0.74847,0.74858,1.29,1.00
2015.01.23 09:10:26.835,0.74843,0.74857,1.34,1.00
2015.01.23 09:10:26.938,0.74841,0.74857,1.41,1.00
2015.01.23 09:10:27.040,0.74839,0.74855,2.96,1.00
2015.01.23 09:10:27.446,0.74837,0.74853,1.54,1.00
2015.01.23 09:10:27.673,0.74837,0.74853,1.29,1.20
2015.01.23 09:10:27.775,0.74837,0.74851,1.19,1.00
2015.01.23 09:10:28.080,0.74837,0.74846,1.19,1.00
2015.01.23 09:10:28.131,0.74837,0.74846,1.05,1.00
2015.01.23 09:10:28.182,0.74837,0.74844,1.05,1.00
2015.01.23 09:10:29.009,0.74833,0.74844,1.89,1.00
2015.01.23 09:10:29.213,0.74833,0.74843,1.10,1.00
2015.01.23 09:10:29.365,0.74828,0.74842,1.36,1.00
2015.01.23 09:10:29.417,0.74826,0.74838,2.36,1.00
2015.01.23 09:10:29.518,0.74826,0.74837,1.61,1.00
2015.01.23 09:10:30.070,0.74826,0.74836,1.99,1.00
2015.01.23 09:10:30.527,0.74827,0.74838,1.31,1.00
2015.01.23 09:10:31.441,0.74827,0.74838,2.44,1.00
2015.01.23 09:10:31.492,0.74827,0.74842,2.44,1.00
2015.01.23 09:10:31.543,0.74827,0.74842,2.06,1.00
2015.01.23 09:10:31.848,0.74829,0.74841,1.20,1.00
2015.01.23 09:10:32.508,0.74829,0.74841,1.46,1.00
2015.01.23 09:10:32.913,0.74829,0.74842,3.86,1.00
2015.01.23 09:10:34.154,0.7483,0.74845,1.94,1.00
2015.01.23 09:10:34.307,0.7483,0.74847,4.24,1.00
2015.01.23 09:10:34.408,0.74833,0.74849,1.52,1.25
2015.01.23 09:10:34.459,0.74833,0.74849,1.77,1.00
2015.01.23 09:10:34.814,0.74838,0.74854,2.17,1.76
2015.01.23 09:10:35.119,0.74847,0.74857,1.00,1.00
2015.01.23 09:10:35.423,0.74845,0.74859,2.25,1.00
2015.01.23 09:10:35.575,0.74849,0.74865,1.67,1.56
2015.01.23 09:10:35.764,0.7485,0.74864,2.32,1.19
2015.01.23 09:10:35.917,0.74846,0.74863,2.32,1.25
2015.01.23 09:10:36.427,0.74849,0.74864,1.15,1.25
2015.01.23 09:10:36.783,0.74846,0.7486,3.26,1.50
2015.01.23 09:10:36.937,0.74843,0.74851,1.10,1.37
2015.01.23 09:10:37.040,0.74836,0.74851,1.15,1.37
2015.01.23 09:10:37.092,0.74836,0.74853,2.77,1.50
2015.01.23 09:10:37.143,0.74837,0.74853,2.51,1.00
2015.01.23 09:10:37.194,0.74838,0.74855,3.07,1.10
2015.01.23 09:10:37.723,0.74841,0.74856,1.15,1.00
2015.01.23 09:10:37.931,0.7484,0.74857,2.70,1.00
2015.01.23 09:10:38.033,0.74839,0.74857,1.09,1.00
2015.01.23 09:10:38.491,0.74841,0.74856,1.10,1.00
2015.01.23 09:10:38.542,0.74841,0.74854,1.10,1.00
2015.01.23 09:10:38.848,0.74842,0.74854,1.07,1.00
2015.01.23 09:10:39.507,0.74842,0.74854,1.00,1.00
2015.01.23 09:10:40.815,0.74843,0.74854,1.00,1.00
2015.01.23 09:10:41.068,0.74843,0.74858,1.50,1.10
2015.01.23 09:10:41.119,0.74843,0.74858,2.17,1.00
2015.01.23 09:10:41.474,0.74844,0.74856,1.00,1.00
2015.01.23 09:10:41.801,0.74841,0.74856,1.29,1.00
2015.01.23 09:10:41.852,0.74841,0.74854,1.29,1.00
2015.01.23 09:10:43.902,0.7484,0.74854,1.29,1.00
2015.01.23 09:10:44.699,0.74841,0.74858,2.29,1.27
2015.01.23 09:10:44.750,0.74843,0.74858,1.20,1.00
2015.01.23 09:10:44.801,0.74844,0.7486,1.09,1.00
2015.01.23 09:10:44.852,0.74844,0.7486,1.69,1.00
2015.01.23 09:10:45.257,0.74847,0.74861,2.51,1.00
2015.01.23 09:10:45.409,0.74848,0.74864,1.15,1.00
2015.01.23 09:10:47.064,0.74848,0.74864,1.46,1.00
2015.01.23 09:10:47.656,0.74848,0.74864,1.34,1.00
2015.01.23 09:10:48.126,0.74848,0.74862,1.34,1.00
2015.01.23 09:10:48.532,0.74846,0.74862,1.84,1.00
2015.01.23 09:10:48.889,0.74846,0.74857,1.34,1.00
2015.01.23 09:10:49.193,0.74845,0.74856,1.36,1.00
2015.01.23 09:10:49.244,0.74845,0.74856,3.26,1.00
2015.01.23 09:10:49.446,0.74845,0.74858,3.26,1.00
2015.01.23 09:10:49.801,0.74845,0.74858,1.34,1.00
2015.01.23 09:10:50.105,0.74844,0.74856,1.46,1.00
2015.01.23 09:10:50.644,0.74844,0.74856,1.34,1.00
2015.01.23 09:10:53.555,0.74844,0.74856,1.34,1.00
2015.01.23 09:10:54.075,0.74845,0.74856,1.01,1.00
2015.01.23 09:10:54.407,0.74845,0.74856,1.17,1.00
2015.01.23 09:10:54.914,0.74844,0.74855,1.40,1.00
2015.01.23 09:10:54.965,0.74844,0.74855,1.40,1.00
2015.01.23 09:10:55.017,0.74842,0.74853,1.34,1.00
2015.01.23 09:10:55.424,0.74841,0.74853,1.36,1.00
2015.01.23 09:10:55.475,0.74841,0.74851,1.36,1.00
2015.01.23 09:10:56.439,0.74841,0.74851,1.00,1.00
2015.01.23 09:10:57.100,0.7484,0.74851,1.01,1.00
2015.01.23 09:10:57.413,0.74839,0.7485,2.51,1.00
2015.01.23 09:10:57.464,0.74839,0.74852,2.51,1.00
2015.01.23 09:10:57.971,0.74838,0.74852,4.69,1.00
2015.01.23 09:10:58.023,0.74838,0.7485,2.51,1.00
2015.01.23 09:10:58.074,0.74836,0.7485,6.56,1.00
2015.01.23 09:10:58.581,0.74836,0.74852,5.06,1.00
2015.01.23 09:10:58.733,0.74834,0.74852,3.64,1.00
2015.01.23 09:11:00.100,0.74835,0.74848,1.84,1.00
2015.01.23 09:11:01.296,0.74837,0.74848,1.34,1.00
2015.01.23 09:11:02.174,0.74836,0.74849,1.84,1.00
2015.01.23 09:11:02.326,0.74836,0.74851,2.21,1.00
2015.01.23 09:11:02.377,0.74837,0.74851,2.51,1.00
2015.01.23 09:11:02.681,0.74836,0.7485,1.34,1.00
2015.01.23 09:11:03.204,0.74839,0.74849,1.26,1.00
2015.01.23 09:11:03.408,0.74837,0.74851,3.79,1.00
2015.01.23 09:11:04.249,0.74839,0.74851,1.34,1.00
2015.01.23 09:11:04.401,0.74838,0.74849,1.71,1.00
2015.01.23 09:11:05.162,0.74838,0.74849,1.36,1.00
2015.01.23 09:11:05.681,0.74838,0.74848,2.06,1.00
2015.01.23 09:11:07.598,0.74837,0.74848,1.31,1.00
2015.01.23 09:11:07.801,0.74837,0.74844,1.19,1.00
2015.01.23 09:11:07.924,0.74836,0.74844,1.00,1.00
2015.01.23 09:11:11.619,0.74835,0.74844,1.00,1.00
2015.01.23 09:11:11.887,0.74835,0.74846,1.00,1.00
2015.01.23 09:11:11.938,0.74836,0.74846,1.09,1.00
2015.01.23 09:11:11.990,0.74836,0.74848,1.09,1.00
2015.01.23 09:11:12.091,0.74841,0.74848,1.00,1.00
2015.01.23 09:11:12.599,0.74841,0.74849,1.10,1.00
2015.01.23 09:11:13.145,0.7484,0.74849,1.01,1.00
2015.01.23 09:11:16.393,0.74836,0.74848,1.34,1.00
2015.01.23 09:11:17.889,0.74841,0.74848,1.00,1.00
2015.01.23 09:11:19.478,0.74839,0.74847,1.01,1.00
2015.01.23 09:11:19.732,0.74837,0.74846,1.00,1.00
2015.01.23 09:11:19.985,0.74835,0.74846,1.25,1.00
2015.01.23 09:11:20.036,0.74835,0.74844,1.25,1.00
2015.01.23 09:11:24.650,0.74835,0.74842,1.00,1.00
2015.01.23 09:11:27.360,0.74835,0.74844,1.00,1.00
2015.01.23 09:11:27.462,0.74838,0.74844,1.00,1.00
2015.01.23 09:11:27.817,0.74838,0.74847,1.00,1.00
2015.01.23 09:11:28.986,0.74839,0.74847,1.00,1.00
2015.01.23 09:11:40.501,0.74835,0.74847,1.34,1.00
2015.01.23 09:11:40.756,0.74835,0.74847,1.01,1.00
2015.01.23 09:11:40.807,0.74833,0.74845,1.36,1.00
2015.01.23 09:11:41.111,0.74842,0.74849,1.00,1.00
2015.01.23 09:11:41.212,0.7484,0.74849,1.10,1.00
2015.01.23 09:11:41.415,0.74844,0.74849,1.00,1.00
2015.01.23 09:11:41.758,0.7485,0.74863,1.07,1.56
2015.01.23 09:11:41.809,0.7485,0.74856,1.07,1.00
2015.01.23 09:11:43.574,0.7485,0.74855,1.00,1.00
2015.01.23 09:11:44.878,0.7485,0.74855,1.07,1.00
2015.01.23 09:11:45.387,0.7485,0.74855,1.00,1.00
2015.01.23 09:11:48.577,0.74849,0.74855,1.00,1.00
2015.01.23 09:11:48.831,0.74845,0.74855,1.09,1.00
2015.01.23 09:11:49.034,0.74845,0.74852,1.09,1.35
2015.01.23 09:11:49.237,0.74837,0.74849,3.82,1.37
2015.01.23 09:11:49.288,0.74833,0.74845,2.29,1.00
2015.01.23 09:11:49.390,0.74833,0.74843,2.59,1.00
2015.01.23 09:11:49.593,0.74834,0.74846,1.56,1.00
2015.01.23 09:11:49.695,0.74835,0.74848,1.22,1.00
2015.01.23 09:11:49.897,0.74835,0.74848,1.16,1.00
2015.01.23 09:11:49.999,0.74835,0.74848,1.16,1.00
2015.01.23 09:11:50.455,0.74835,0.74848,1.16,1.00
2015.01.23 09:11:51.063,0.74838,0.74848,1.00,1.00
2015.01.23 09:11:51.677,0.74838,0.7485,1.10,1.00
2015.01.23 09:11:52.197,0.74838,0.7485,1.40,1.00
2015.01.23 09:11:52.860,0.74838,0.7485,1.40,1.00
2015.01.23 09:11:53.751,0.74842,0.7485,1.00,1.00
2015.01.23 09:11:53.802,0.74843,0.74853,1.00,1.00
2015.01.23 09:11:53.904,0.74844,0.74855,1.15,1.00
2015.01.23 09:11:54.428,0.74844,0.74856,1.65,1.00
2015.01.23 09:11:56.640,0.74846,0.74858,1.15,1.00
2015.01.23 09:11:56.866,0.74848,0.7486,1.10,1.00
2015.01.23 09:11:56.968,0.74848,0.74861,1.07,1.00
2015.01.23 09:11:58.431,0.74851,0.74861,1.00,1.00
2015.01.23 09:12:00.487,0.74848,0.74861,1.34,1.00
2015.01.23 09:12:00.792,0.74849,0.74863,1.40,1.00
2015.01.23 09:12:02.586,0.74851,0.74863,1.10,1.00
2015.01.23 09:12:03.182,0.74851,0.74863,1.07,1.00
2015.01.23 09:12:04.147,0.74851,0.74865,1.17,1.00
2015.01.23 09:12:04.198,0.74851,0.74865,1.10,1.00
2015.01.23 09:12:04.300,0.74851,0.74865,1.17,1.00
2015.01.23 09:12:04.402,0.74851,0.74865,1.10,1.00
2015.01.23 09:12:04.957,0.74851,0.74865,1.00,1.17
2015.01.23 09:12:05.478,0.74851,0.74863,1.00,1.00
2015.01.23 09:12:05.986,0.74852,0.74865,1.00,1.17
2015.01.23 09:12:06.807,0.74852,0.74865,1.00,1.00
2015.01.23 09:12:07.117,0.74849,0.74863,1.65,1.00
2015.01.23 09:12:08.448,0.74851,0.74863,1.00,1.00
2015.01.23 09:12:10.428,0.74851,0.74863,1.15,1.00
2015.01.23 09:12:10.529,0.74852,0.74863,1.00,1.00
2015.01.23 09:12:11.035,0.74849,0.74863,1.57,1.50
2015.01.23 09:12:11.401,0.74852,0.74863,1.00,1.00
2015.01.23 09:12:20.076,0.74849,0.74863,1.84,1.00
2015.01.23 09:12:20.607,0.74849,0.74863,1.84,1.00
2015.01.23 09:12:21.171,0.74852,0.74864,1.10,1.00
2015.01.23 09:12:21.688,0.74852,0.74863,1.17,1.00
2015.01.23 09:12:22.202,0.74852,0.74863,1.10,1.00
2015.01.23 09:12:23.170,0.7485,0.74863,1.65,1.00
2015.01.23 09:12:23.677,0.7485,0.74863,1.65,1.00
2015.01.23 09:12:24.186,0.7485,0.74863,1.65,1.00
2015.01.23 09:12:25.494,0.7485,0.74863,1.84,1.00
2015.01.23 09:12:26.035,0.7485,0.74863,1.84,1.00
2015.01.23 09:12:26.548,0.7485,0.74863,1.84,1.00
2015.01.23 09:12:32.893,0.74851,0.74863,1.17,1.00
2015.01.23 09:12:33.921,0.74851,0.74863,1.10,1.00
2015.01.23 09:12:35.418,0.74851,0.74863,1.17,1.00
2015.01.23 09:12:35.992,0.74851,0.74863,1.17,1.00
2015.01.23 09:12:36.526,0.74851,0.74863,1.10,1.00
2015.01.23 09:12:36.847,0.74851,0.74863,1.17,1.00
2015.01.23 09:12:37.404,0.74851,0.74863,1.10,1.00
2015.01.23 09:12:38.220,0.74851,0.74862,1.10,1.00
2015.01.23 09:12:38.938,0.7485,0.74862,1.40,1.00
2015.01.23 09:12:39.343,0.7485,0.74862,1.25,1.00
2015.01.23 09:12:41.012,0.74851,0.74862,1.17,1.00
2015.01.23 09:12:47.860,0.7485,0.74862,1.00,1.50
2015.01.23 09:12:48.167,0.74848,0.7486,1.00,1.00
2015.01.23 09:12:48.484,0.74851,0.74861,1.00,1.10
2015.01.23 09:12:55.627,0.74852,0.74864,1.00,1.57
2015.01.23 09:12:56.178,0.7485,0.74862,1.10,1.00
2015.01.23 09:13:00.740,0.74852,0.74864,1.00,1.50
2015.01.23 09:13:01.071,0.74854,0.74864,1.00,1.50
2015.01.23 09:13:01.397,0.74852,0.74862,1.00,1.00
2015.01.23 09:13:05.497,0.74852,0.74862,1.07,1.00
2015.01.23 09:13:06.003,0.74853,0.74865,1.10,1.00
2015.01.23 09:13:06.055,0.74853,0.74865,1.07,1.00
2015.01.23 09:13:06.562,0.74855,0.74866,1.00,1.00
2015.01.23 09:13:08.289,0.74857,0.74866,1.00,1.00
2015.01.23 09:13:08.340,0.74857,0.74868,1.00,1.50
2015.01.23 09:13:08.544,0.74859,0.74868,1.00,1.50
2015.01.23 09:13:17.985,0.74861,0.74868,1.00,1.00
2015.01.23 09:13:18.499,0.7486,0.74868,1.00,1.60
2015.01.23 09:13:22.187,0.7486,0.74869,1.00,1.35
2015.01.23 09:13:22.340,0.7486,0.74871,1.00,1.50
2015.01.23 09:13:22.492,0.74864,0.74873,1.00,1.00
2015.01.23 09:13:22.543,0.74864,0.74875,1.00,1.25
2015.01.23 09:13:22.695,0.74867,0.74876,1.00,1.10
2015.01.23 09:13:22.797,0.74865,0.74877,1.00,1.00
2015.01.23 09:13:23.326,0.74865,0.74879,1.00,1.36
2015.01.23 09:13:23.859,0.74866,0.74878,1.00,1.01
2015.01.23 09:13:27.104,0.74865,0.74877,1.50,1.00
2015.01.23 09:13:27.639,0.74866,0.74878,1.00,1.01
2015.01.23 09:13:28.441,0.74865,0.74877,1.50,1.00
2015.01.23 09:13:30.203,0.74866,0.74878,1.00,1.01
2015.01.23 09:13:31.565,0.74866,0.7487,1.00,1.00
2015.01.23 09:13:31.667,0.74856,0.74865,1.75,1.15
2015.01.23 09:13:31.769,0.74857,0.74868,1.00,1.00
2015.01.23 09:13:31.820,0.74863,0.74868,1.00,1.00
2015.01.23 09:13:31.921,0.74864,0.74875,1.00,1.91
2015.01.23 09:13:32.327,0.74864,0.74876,1.50,1.00
2015.01.23 09:13:32.429,0.74867,0.74879,1.00,1.39
2015.01.23 09:13:32.834,0.74865,0.74882,1.00,1.09
2015.01.23 09:13:33.240,0.74866,0.74878,1.00,1.36
2015.01.23 09:13:34.560,0.74866,0.74878,1.00,1.84
2015.01.23 09:13:35.067,0.74866,0.74878,1.00,1.39
2015.01.23 09:13:35.967,0.74861,0.74867,1.07,1.00
2015.01.23 09:13:36.018,0.74859,0.74866,1.15,1.00
2015.01.23 09:13:36.068,0.74846,0.74852,1.37,1.50
2015.01.23 09:13:36.221,0.74841,0.74847,1.10,1.97
2015.01.23 09:13:36.272,0.74839,0.74844,1.07,1.00
2015.01.23 09:13:36.373,0.74832,0.74844,1.39,1.00
2015.01.23 09:13:36.424,0.74831,0.74844,3.04,1.00
2015.01.23 09:13:36.828,0.74827,0.74844,1.09,1.87
2015.01.23 09:13:37.393,0.74827,0.74842,1.16,1.37
2015.01.23 09:13:37.608,0.74823,0.74839,2.21,1.10
2015.01.23 09:13:37.862,0.74823,0.74837,1.25,1.00
2015.01.23 09:13:38.166,0.74815,0.74831,1.76,1.10
2015.01.23 09:13:38.268,0.74813,0.74829,1.84,1.00
2015.01.23 09:13:38.572,0.74813,0.74827,1.09,1.00
2015.01.23 09:13:40.285,0.74813,0.74828,1.16,1.00
2015.01.23 09:13:40.797,0.74812,0.74828,1.91,1.00
2015.01.23 09:13:41.101,0.74813,0.74826,1.36,1.00
2015.01.23 09:13:43.146,0.74812,0.74826,1.76,1.00
2015.01.23 09:13:43.647,0.74812,0.74825,1.76,1.00
2015.01.23 09:13:44.568,0.74812,0.74825,1.76,1.00
2015.01.23 09:13:45.412,0.74813,0.74827,1.19,1.00
2015.01.23 09:13:45.514,0.74813,0.74829,1.36,1.10
2015.01.23 09:13:45.718,0.74814,0.74827,1.16,1.00
2015.01.23 09:13:46.471,0.74814,0.74827,1.46,1.00
2015.01.23 09:13:46.981,0.74814,0.74827,1.46,1.00
2015.01.23 09:13:49.363,0.74814,0.74827,1.46,1.00
2015.01.23 09:13:50.695,0.74814,0.74827,1.39,1.00
2015.01.23 09:13:52.463,0.74814,0.74828,1.39,1.00
2015.01.23 09:13:52.970,0.74813,0.74828,1.44,1.00
2015.01.23 09:13:53.122,0.74813,0.74828,1.41,1.00
2015.01.23 09:13:53.958,0.74812,0.7483,2.96,1.20
2015.01.23 09:13:54.583,0.74815,0.74831,1.84,1.20
2015.01.23 09:13:54.785,0.74816,0.74834,1.84,1.34
2015.01.23 09:13:55.292,0.74817,0.74834,1.36,1.26
2015.01.23 09:13:57.825,0.74818,0.74836,1.64,1.84
2015.01.23 09:13:58.910,0.74818,0.74836,1.26,2.21
2015.01.23 09:14:00.834,0.74818,0.74836,1.10,2.81
2015.01.23 09:14:01.372,0.74818,0.74836,1.25,2.81
2015.01.23 09:14:01.676,0.74819,0.74836,1.07,1.36
2015.01.23 09:14:02.132,0.74819,0.74837,2.21,2.44
2015.01.23 09:14:02.608,0.74819,0.74837,2.21,2.29
2015.01.23 09:14:03.121,0.74819,0.74837,1.84,2.66
2015.01.23 09:14:03.425,0.74817,0.74833,3.26,1.00
2015.01.23 09:14:04.177,0.74817,0.74834,4.01,1.00
2015.01.23 09:14:04.532,0.74819,0.74834,1.81,1.00
2015.01.23 09:14:04.836,0.74818,0.74831,1.54,1.00
2015.01.23 09:14:05.547,0.74818,0.74831,1.46,1.00
2015.01.23 09:14:06.676,0.74818,0.74833,1.46,1.00
2015.01.23 09:14:07.407,0.74818,0.74833,1.44,1.00
2015.01.23 09:14:07.458,0.74819,0.74834,1.46,1.25
2015.01.23 09:14:07.559,0.74819,0.74832,1.39,1.00
2015.01.23 09:14:08.067,0.74819,0.74832,1.01,1.00
2015.01.23 09:14:08.576,0.74817,0.74832,1.91,1.00
2015.01.23 09:14:09.083,0.74817,0.74832,1.91,1.00
2015.01.23 09:14:09.655,0.74817,0.74831,1.54,1.00
2015.01.23 09:14:10.161,0.74816,0.7483,1.69,1.00
2015.01.23 09:14:10.668,0.74816,0.7483,1.39,1.00
2015.01.23 09:14:13.996,0.74816,0.7483,1.49,1.00
2015.01.23 09:14:14.047,0.74816,0.74832,1.49,2.40
2015.01.23 09:14:14.300,0.74817,0.74833,1.46,1.00
2015.01.23 09:14:14.932,0.74819,0.74834,1.16,1.00
2015.01.23 09:14:15.242,0.74819,0.74834,1.16,1.00
2015.01.23 09:14:15.749,0.74819,0.74834,1.16,1.00
2015.01.23 09:14:18.337,0.74819,0.74836,1.34,1.00
2015.01.23 09:14:18.845,0.74821,0.74839,1.15,1.49
2015.01.23 09:14:18.947,0.74821,0.74839,1.27,1.39
2015.01.23 09:14:18.997,0.74821,0.74839,1.15,1.29
2015.01.23 09:14:19.504,0.74823,0.74841,1.27,1.76
2015.01.23 09:14:20.112,0.74821,0.74839,3.64,1.19
2015.01.23 09:14:20.214,0.74819,0.74837,3.26,1.26
2015.01.23 09:14:20.265,0.74819,0.74837,1.29,1.46
2015.01.23 09:14:20.316,0.74819,0.74837,1.10,1.46
2015.01.23 09:14:20.824,0.74819,0.74837,1.17,1.34
2015.01.23 09:14:23.440,0.74821,0.74839,1.07,1.44
2015.01.23 09:14:23.805,0.74812,0.74818,1.00,2.47
2015.01.23 09:14:23.957,0.74809,0.74813,1.00,1.35
2015.01.23 09:14:24.059,0.74798,0.7481,1.09,1.00
2015.01.23 09:14:24.414,0.74799,0.74809,1.40,1.00
2015.01.23 09:14:25.431,0.74796,0.74809,2.66,1.00
2015.01.23 09:14:26.342,0.74797,0.74809,1.54,1.00
2015.01.23 09:14:26.596,0.748,0.74813,1.65,1.00
2015.01.23 09:14:26.799,0.748,0.74816,1.62,1.00
2015.01.23 09:14:32.969,0.74801,0.74814,1.75,1.00
2015.01.23 09:14:36.927,0.748,0.74815,1.76,1.00
2015.01.23 09:14:37.615,0.74801,0.74812,1.37,1.00
2015.01.23 09:14:37.666,0.74801,0.74812,1.00,1.00
2015.01.23 09:14:37.717,0.74799,0.7481,1.00,1.00
2015.01.23 09:14:37.972,0.74794,0.74808,1.01,1.00
2015.01.23 09:14:38.276,0.74792,0.74805,1.29,1.00
2015.01.23 09:14:38.327,0.74792,0.74805,1.10,1.00
2015.01.23 09:14:38.378,0.74792,0.74803,1.10,1.00
2015.01.23 09:14:38.885,0.7479,0.74802,1.19,1.00
2015.01.23 09:14:39.402,0.74786,0.74802,1.66,1.17
2015.01.23 09:14:39.860,0.74786,0.74801,1.76,1.00
2015.01.23 09:14:41.097,0.74786,0.74799,1.66,1.00
2015.01.23 09:14:43.009,0.74785,0.748,1.16,1.00
2015.01.23 09:14:44.167,0.74784,0.748,2.96,1.00
2015.01.23 09:14:44.522,0.74784,0.74799,1.46,1.00
2015.01.23 09:14:44.826,0.7478,0.74785,2.47,1.37
2015.01.23 09:14:45.028,0.74768,0.74778,1.09,1.00
2015.01.23 09:14:46.676,0.74767,0.74778,1.09,1.00
2015.01.23 09:14:46.828,0.74767,0.74781,5.44,1.50
2015.01.23 09:14:46.929,0.74767,0.74779,1.09,1.00
2015.01.23 09:14:49.897,0.74767,0.7478,1.71,1.00
2015.01.23 09:14:50.202,0.74768,0.7478,3.26,1.00
2015.01.23 09:14:50.252,0.74768,0.7478,1.09,1.00
2015.01.23 09:14:51.052,0.74768,0.7478,1.09,1.00
2015.01.23 09:14:54.295,0.74767,0.74781,1.79,1.00
2015.01.23 09:14:54.447,0.74767,0.74779,1.79,1.00
2015.01.23 09:14:54.752,0.7477,0.7478,1.39,1.00
2015.01.23 09:14:54.956,0.74775,0.74787,1.12,2.25
2015.01.23 09:14:55.057,0.74777,0.74791,1.12,1.36
2015.01.23 09:14:55.210,0.74778,0.7479,1.65,1.00
2015.01.23 09:14:55.313,0.74778,0.74793,2.02,1.00
2015.01.23 09:14:55.516,0.74784,0.74796,1.45,1.00
2015.01.23 09:14:55.632,0.74784,0.74802,2.02,3.07
2015.01.23 09:14:55.836,0.74784,0.74799,2.02,1.00
2015.01.23 09:14:56.597,0.74787,0.74799,1.87,1.00
2015.01.23 09:14:56.851,0.74784,0.74797,1.81,1.00
2015.01.23 09:14:58.584,0.74788,0.74799,1.37,1.12
2015.01.23 09:14:58.738,0.74788,0.74802,1.37,1.17
2015.01.23 09:14:58.839,0.74787,0.74802,2.06,1.10
2015.01.23 09:15:00.213,0.74793,0.74802,1.37,1.10
2015.01.23 09:15:00.366,0.7479,0.74802,1.95,1.00
2015.01.23 09:15:00.468,0.7479,0.74798,1.37,1.00
2015.01.23 09:15:01.103,0.74786,0.74798,2.14,1.00
2015.01.23 09:15:01.367,0.74786,0.74801,1.39,1.07
2015.01.23 09:15:01.876,0.74783,0.74799,1.84,1.50
2015.01.23 09:15:02.231,0.74781,0.74797,1.84,1.57
2015.01.23 09:15:02.889,0.74781,0.74796,1.09,1.00
2015.01.23 09:15:03.143,0.74779,0.74794,1.99,1.00
2015.01.23 09:15:03.447,0.74779,0.74792,1.66,1.00
2015.01.23 09:15:05.344,0.7478,0.74794,1.09,1.00
2015.01.23 09:15:05.547,0.74781,0.74796,3.07,1.00
2015.01.23 09:15:06.955,0.74782,0.74796,2.70,1.00
2015.01.23 09:15:07.057,0.74784,0.74796,2.70,1.00
2015.01.23 09:15:07.361,0.74782,0.74797,1.52,1.00
2015.01.23 09:15:07.870,0.74782,0.74797,1.52,1.00
2015.01.23 09:15:08.814,0.74781,0.74797,1.09,1.00
2015.01.23 09:15:10.148,0.74782,0.74797,3.26,1.00
2015.01.23 09:15:10.555,0.74795,0.748,1.00,1.00
2015.01.23 09:15:10.860,0.74797,0.74813,2.47,1.57
2015.01.23 09:15:11.114,0.748,0.74814,4.01,1.00
2015.01.23 09:15:11.570,0.74798,0.74813,1.34,1.00
2015.01.23 09:15:11.828,0.74798,0.74811,1.34,1.00
2015.01.23 09:15:12.335,0.74795,0.74811,2.89,1.00
2015.01.23 09:15:13.682,0.74795,0.74809,2.89,1.00
2015.01.23 09:15:14.342,0.74798,0.74813,1.40,1.12
2015.01.23 09:15:14.394,0.74803,0.74813,2.62,1.00
2015.01.23 09:15:14.446,0.74804,0.74815,2.70,1.00
2015.01.23 09:15:14.497,0.74806,0.74815,2.70,1.00
2015.01.23 09:15:14.650,0.74809,0.74824,2.32,1.00
2015.01.23 09:15:15.159,0.74808,0.74824,3.07,1.00
2015.01.23 09:15:15.733,0.74812,0.74827,1.17,1.00
2015.01.23 09:15:15.784,0.74817,0.74831,2.62,2.14
2015.01.23 09:15:15.886,0.74817,0.74831,4.50,1.00
2015.01.23 09:15:15.937,0.7482,0.74836,1.15,1.19
2015.01.23 09:15:15.988,0.7482,0.74836,1.27,1.00
2015.01.23 09:15:16.495,0.7482,0.74835,2.32,1.00
2015.01.23 09:15:17.704,0.7482,0.74835,1.34,1.00
2015.01.23 09:15:18.211,0.7482,0.74835,5.44,1.00
2015.01.23 09:15:18.735,0.74819,0.74835,2.59,1.00
2015.01.23 09:15:20.645,0.74823,0.74842,1.52,1.34
2015.01.23 09:15:20.950,0.7483,0.74845,2.77,1.00
2015.01.23 09:15:21.464,0.74834,0.7485,3.07,1.19
2015.01.23 09:15:21.515,0.74834,0.7485,3.07,1.25
2015.01.23 09:15:21.884,0.74836,0.74852,1.15,1.00
2015.01.23 09:15:22.036,0.74836,0.74852,1.90,1.00
2015.01.23 09:15:22.087,0.7484,0.74858,5.81,1.39
2015.01.23 09:15:23.319,0.74842,0.74858,1.15,1.25
2015.01.23 09:15:23.472,0.7484,0.74856,2.59,1.00
2015.01.23 09:15:23.827,0.7484,0.74856,1.36,1.00
2015.01.23 09:15:24.419,0.74839,0.74855,1.09,1.00
2015.01.23 09:15:24.571,0.74841,0.74855,1.07,1.00
2015.01.23 09:15:24.994,0.74839,0.74855,1.84,1.00
2015.01.23 09:15:26.109,0.74838,0.74855,1.16,1.00
2015.01.23 09:15:26.878,0.74839,0.74855,2.96,1.00
2015.01.23 09:15:27.417,0.74839,0.74857,1.54,1.19
2015.01.23 09:15:27.895,0.74839,0.74857,1.54,1.19
2015.01.23 09:15:33.399,0.7484,0.74857,2.32,1.19
2015.01.23 09:15:33.653,0.74842,0.74858,1.15,1.00
2015.01.23 09:15:33.825,0.7484,0.74854,1.34,1.00
2015.01.23 09:15:33.928,0.7484,0.74854,1.36,1.00
2015.01.23 09:15:34.438,0.74839,0.74854,1.72,1.00
2015.01.23 09:15:36.825,0.74839,0.74854,2.96,1.00
2015.01.23 09:15:38.332,0.74838,0.74854,6.56,1.00
2015.01.23 09:15:39.238,0.74838,0.74854,1.84,1.00
2015.01.23 09:15:39.340,0.74838,0.74852,1.09,1.00
2015.01.23 09:15:39.742,0.74837,0.74854,3.34,1.00
2015.01.23 09:15:39.848,0.74842,0.74856,1.57,1.00
2015.01.23 09:15:40.051,0.74842,0.74858,1.20,1.10
2015.01.23 09:15:40.863,0.74842,0.74858,2.14,1.10
2015.01.23 09:15:41.832,0.74843,0.74858,1.29,1.10
2015.01.23 09:15:42.187,0.74842,0.74856,1.46,1.00
2015.01.23 09:15:45.152,0.74844,0.74856,1.00,1.00
2015.01.23 09:15:47.895,0.74842,0.74856,1.46,1.00
2015.01.23 09:15:49.282,0.74841,0.74852,1.84,1.50
2015.01.23 09:15:49.486,0.74832,0.74842,1.50,1.37
2015.01.23 09:15:49.537,0.74828,0.74842,1.91,1.37
2015.01.23 09:15:49.955,0.74825,0.7484,1.91,1.00
2015.01.23 09:15:50.361,0.74826,0.7484,1.27,1.00
2015.01.23 09:15:50.715,0.74823,0.74836,1.17,1.00
2015.01.23 09:15:50.817,0.7482,0.74836,2.21,1.00
2015.01.23 09:15:51.020,0.7482,0.74834,1.46,1.00
2015.01.23 09:15:51.572,0.7482,0.74834,1.46,1.00
2015.01.23 09:15:52.384,0.74819,0.74832,1.09,1.00
2015.01.23 09:15:53.925,0.74817,0.74832,2.21,1.50
2015.01.23 09:15:55.648,0.74818,0.74832,1.61,1.50
2015.01.23 09:15:56.157,0.74818,0.74832,1.99,1.00
2015.01.23 09:15:56.461,0.7482,0.74834,2.96,1.00
2015.01.23 09:15:56.664,0.74819,0.74834,1.16,1.00
2015.01.23 09:15:57.171,0.74822,0.74834,1.09,1.00
2015.01.23 09:15:58.087,0.74822,0.74834,1.71,1.00
2015.01.23 09:15:59.214,0.74822,0.74834,1.71,1.00
2015.01.23 09:16:00.633,0.74822,0.74835,1.71,1.00
2015.01.23 09:16:00.785,0.74822,0.74835,1.71,1.00
2015.01.23 09:16:03.888,0.74822,0.74835,1.79,1.00
2015.01.23 09:16:05.306,0.74822,0.74835,1.26,1.00
2015.01.23 09:16:05.812,0.74822,0.74834,1.84,1.00
2015.01.23 09:16:08.055,0.74823,0.74834,1.16,1.00
2015.01.23 09:16:08.601,0.74823,0.74834,1.16,1.00
2015.01.23 09:16:09.007,0.74823,0.74834,1.16,1.00
2015.01.23 09:16:11.974,0.74823,0.74834,1.16,1.00
2015.01.23 09:16:12.482,0.74823,0.74835,1.32,1.00
2015.01.23 09:16:18.812,0.74823,0.74836,1.32,1.00
2015.01.23 09:16:20.307,0.7482,0.74836,2.21,1.10
2015.01.23 09:16:20.662,0.7482,0.74833,1.39,1.00
2015.01.23 09:16:20.764,0.7482,0.74833,1.39,1.00
2015.01.23 09:16:21.396,0.7482,0.74833,1.01,1.00
2015.01.23 09:16:22.740,0.74819,0.74833,1.84,1.00
2015.01.23 09:16:25.995,0.7482,0.74835,1.16,1.00
2015.01.23 09:16:26.921,0.74821,0.74835,1.84,1.00
2015.01.23 09:16:27.073,0.74821,0.74837,1.84,1.00
2015.01.23 09:16:27.377,0.74824,0.74837,1.34,1.00
2015.01.23 09:16:27.985,0.74825,0.74839,2.89,1.50
2015.01.23 09:16:28.525,0.74826,0.74839,1.27,1.50
2015.01.23 09:16:29.137,0.74826,0.74839,1.27,1.50
2015.01.23 09:16:29.681,0.74826,0.74839,1.27,1.50
2015.01.23 09:16:29.985,0.74826,0.74839,3.45,1.50
2015.01.23 09:16:30.050,0.74826,0.74839,1.27,1.50
2015.01.23 09:16:31.435,0.74827,0.74839,1.27,1.50
2015.01.23 09:16:31.942,0.74826,0.74839,2.70,1.50
2015.01.23 09:16:35.240,0.74826,0.7484,2.51,2.25
2015.01.23 09:16:38.760,0.74829,0.74839,1.07,1.00
2015.01.23 09:16:39.569,0.74829,0.74839,1.10,1.50
2015.01.23 09:16:46.027,0.74827,0.74839,1.10,1.00
2015.01.23 09:16:46.547,0.74826,0.74838,1.00,1.50
2015.01.23 09:16:48.335,0.74826,0.74837,1.00,1.00
2015.01.23 09:16:48.386,0.74823,0.74837,1.84,1.00
2015.01.23 09:16:48.437,0.74823,0.74834,1.29,1.00
2015.01.23 09:16:48.943,0.74825,0.74834,1.00,1.00
2015.01.23 09:16:54.085,0.74818,0.74822,2.85,1.00
2015.01.23 09:16:54.238,0.74817,0.74822,1.00,1.00
2015.01.23 09:16:54.288,0.74813,0.74819,1.01,1.00
2015.01.23 09:16:54.390,0.74813,0.74819,1.17,1.00
2015.01.23 09:16:54.542,0.7481,0.74819,1.10,1.00
2015.01.23 09:16:54.744,0.74807,0.74819,1.00,1.00
2015.01.23 09:16:55.098,0.74805,0.7482,1.00,1.65
2015.01.23 09:16:55.149,0.74805,0.7482,1.00,1.65
2015.01.23 09:16:55.959,0.74804,0.74817,1.00,1.10
2015.01.23 09:16:56.486,0.74802,0.74816,1.12,1.10
2015.01.23 09:16:57.455,0.74802,0.74816,1.12,1.17
2015.01.23 09:16:58.543,0.74802,0.74815,1.12,1.27
2015.01.23 09:16:58.746,0.74793,0.74807,1.16,1.30
2015.01.23 09:16:58.797,0.74793,0.74805,1.01,2.10
2015.01.23 09:16:58.949,0.7479,0.74805,1.00,2.55
2015.01.23 09:16:59.051,0.74788,0.74805,1.10,3.37
2015.01.23 09:16:59.467,0.74786,0.74805,2.06,1.52
2015.01.23 09:16:59.569,0.74786,0.74805,2.29,1.52
2015.01.23 09:16:59.976,0.74786,0.74805,2.14,1.77
2015.01.23 09:17:00.741,0.74786,0.74805,2.21,3.64
2015.01.23 09:17:01.156,0.74786,0.74805,2.21,1.77
2015.01.23 09:17:01.409,0.74786,0.74803,2.14,1.15
2015.01.23 09:17:01.714,0.74783,0.748,1.66,2.02
2015.01.23 09:17:02.018,0.74798,0.7481,1.00,2.25
2015.01.23 09:17:02.068,0.74798,0.74813,1.37,1.77
2015.01.23 09:17:02.119,0.74798,0.74813,1.00,1.71
2015.01.23 09:17:02.271,0.74798,0.7481,1.00,1.15
2015.01.23 09:17:02.576,0.74799,0.74812,1.00,1.57
2015.01.23 09:17:02.678,0.74797,0.7481,1.00,1.60
2015.01.23 09:17:02.780,0.7479,0.74806,1.10,1.15
2015.01.23 09:17:02.983,0.74787,0.74805,1.66,2.40
2015.01.23 09:17:03.185,0.74789,0.74805,1.25,1.65
2015.01.23 09:17:03.491,0.74787,0.74805,1.25,2.96
2015.01.23 09:17:03.997,0.74788,0.74805,1.12,2.96
2015.01.23 09:17:04.048,0.74789,0.74805,1.10,2.21
2015.01.23 09:17:05.452,0.74787,0.74805,1.39,1.46
2015.01.23 09:17:05.999,0.74788,0.74804,1.19,1.77
2015.01.23 09:17:08.544,0.74792,0.74806,1.00,2.21
2015.01.23 09:17:08.645,0.74797,0.74811,1.10,1.57
2015.01.23 09:17:09.000,0.74799,0.74814,1.00,2.59
2015.01.23 09:17:09.305,0.74801,0.74816,1.00,1.09
2015.01.23 09:17:09.811,0.74801,0.74817,1.10,3.94
2015.01.23 09:17:10.014,0.74801,0.74817,1.00,3.86
2015.01.23 09:17:10.318,0.74803,0.74815,1.00,1.17
2015.01.23 09:17:10.859,0.74803,0.74815,1.00,1.40
2015.01.23 09:17:11.984,0.74803,0.74816,1.00,1.69
2015.01.23 09:17:13.128,0.74803,0.74816,1.00,1.34
2015.01.23 09:17:14.301,0.74803,0.74817,1.00,2.59
2015.01.23 09:17:17.204,0.74803,0.74817,1.00,2.59
2015.01.23 09:17:17.710,0.74802,0.74817,1.00,1.84
2015.01.23 09:17:20.895,0.74803,0.74818,1.00,1.71
2015.01.23 09:17:21.199,0.74813,0.74821,1.00,1.35
2015.01.23 09:17:21.473,0.74808,0.74821,1.00,1.42
2015.01.23 09:17:21.981,0.74809,0.74823,1.00,1.84
2015.01.23 09:17:24.625,0.74809,0.74823,1.00,1.40
2015.01.23 09:17:25.160,0.74809,0.74823,1.00,1.09
2015.01.23 09:17:26.441,0.74809,0.74823,1.00,1.09
2015.01.23 09:17:26.542,0.74807,0.74823,1.00,1.40
2015.01.23 09:17:27.156,0.74809,0.74823,1.00,1.46
2015.01.23 09:17:27.672,0.74808,0.74822,1.00,1.46
2015.01.23 09:17:27.875,0.74805,0.74822,1.25,1.77
2015.01.23 09:17:28.417,0.74805,0.74822,1.00,1.71
2015.01.23 09:17:28.753,0.74803,0.7482,1.87,1.71
2015.01.23 09:17:30.849,0.74803,0.7482,1.37,2.89
2015.01.23 09:17:31.821,0.74803,0.74821,1.62,5.14
2015.01.23 09:17:32.352,0.74803,0.74821,1.00,5.14
2015.01.23 09:17:32.505,0.74801,0.74819,1.50,2.21
2015.01.23 09:17:32.657,0.74801,0.74817,1.00,4.39
2015.01.23 09:17:32.708,0.74799,0.74817,1.00,5.14
2015.01.23 09:17:32.912,0.74797,0.74815,1.25,2.21
2015.01.23 09:17:33.420,0.74797,0.74815,1.19,2.21
2015.01.23 09:17:33.826,0.74797,0.74813,1.19,2.70
2015.01.23 09:17:34.131,0.74797,0.74813,1.19,1.15
2015.01.23 09:17:34.678,0.74797,0.74813,1.25,1.15
2015.01.23 09:17:35.974,0.74795,0.74812,1.37,3.26
2015.01.23 09:17:36.323,0.74793,0.74807,1.00,1.45
2015.01.23 09:17:36.425,0.7479,0.74806,1.19,1.27
2015.01.23 09:17:36.476,0.7479,0.74805,1.19,3.37
2015.01.23 09:17:36.679,0.74787,0.74804,1.25,1.27
2015.01.23 09:17:37.136,0.74787,0.74803,1.25,3.45
2015.01.23 09:17:37.289,0.74785,0.74801,1.25,1.87
2015.01.23 09:17:38.372,0.74783,0.748,1.66,1.52
2015.01.23 09:17:38.920,0.74783,0.748,1.47,1.55
2015.01.23 09:17:39.428,0.74783,0.748,1.39,1.46
2015.01.23 09:17:39.783,0.74783,0.748,1.62,2.21
2015.01.23 09:17:40.480,0.74783,0.748,1.37,2.21
2015.01.23 09:17:41.071,0.74783,0.748,1.37,2.21
2015.01.23 09:17:41.487,0.7478,0.74798,2.21,1.46
2015.01.23 09:17:44.064,0.7478,0.74795,2.14,1.10
2015.01.23 09:17:44.395,0.74779,0.74795,2.70,1.32
2015.01.23 09:17:44.497,0.74779,0.74792,1.87,1.00
2015.01.23 09:17:46.170,0.74779,0.74792,1.95,1.00
2015.01.23 09:17:46.702,0.74779,0.74792,1.87,1.00
2015.01.23 09:17:48.699,0.74779,0.74795,2.32,1.25
2015.01.23 09:17:48.851,0.7478,0.74797,1.27,1.01
2015.01.23 09:17:50.959,0.7478,0.74797,2.21,1.01
2015.01.23 09:17:51.010,0.74781,0.74797,1.26,1.25
2015.01.23 09:17:51.314,0.74782,0.74797,3.26,1.25
2015.01.23 09:17:51.894,0.74784,0.74797,1.10,1.00
2015.01.23 09:17:52.404,0.74782,0.74797,1.84,1.00
2015.01.23 09:17:52.910,0.74783,0.74798,1.46,1.00
2015.01.23 09:17:53.012,0.74783,0.74798,1.46,1.00
2015.01.23 09:17:53.528,0.74783,0.74798,4.39,1.00
2015.01.23 09:17:53.832,0.74786,0.748,1.52,1.00
2015.01.23 09:17:53.933,0.74785,0.748,3.64,1.00
2015.01.23 09:17:54.343,0.74784,0.748,2.96,1.00
2015.01.23 09:17:54.444,0.74786,0.748,2.70,1.00
2015.01.23 09:17:55.042,0.74788,0.74803,2.59,1.00
2015.01.23 09:17:55.548,0.74788,0.74804,2.96,1.00
2015.01.23 09:17:56.152,0.74788,0.74804,2.96,1.00
2015.01.23 09:17:56.946,0.74788,0.74804,2.96,1.00
2015.01.23 09:17:57.555,0.74789,0.74807,2.96,1.00
2015.01.23 09:17:57.860,0.74794,0.74811,1.27,1.29
2015.01.23 09:17:58.165,0.74794,0.74811,2.02,1.19
2015.01.23 09:17:58.900,0.74794,0.74811,2.21,1.25
2015.01.23 09:17:59.414,0.74794,0.74811,2.21,1.54
2015.01.23 09:18:00.647,0.74796,0.74811,1.65,1.25
2015.01.23 09:18:00.913,0.74799,0.74813,1.10,1.00
2015.01.23 09:18:01.167,0.74799,0.74815,1.27,1.19
2015.01.23 09:18:01.472,0.74801,0.74817,1.65,1.25
2015.01.23 09:18:02.677,0.74803,0.74818,1.15,1.69
2015.01.23 09:18:02.981,0.74803,0.74818,3.45,1.00
2015.01.23 09:18:03.185,0.74805,0.74822,1.15,1.19
2015.01.23 09:18:03.700,0.74807,0.74823,3.82,1.19
2015.01.23 09:18:04.377,0.74807,0.74823,3.82,1.25
2015.01.23 09:18:04.479,0.74807,0.74823,1.65,1.25
2015.01.23 09:18:04.581,0.74807,0.74815,1.50,2.10
2015.01.23 09:18:04.733,0.74803,0.74811,1.00,2.10
2015.01.23 09:18:04.784,0.74796,0.74811,1.09,3.60
2015.01.23 09:18:04.886,0.74795,0.74811,1.09,3.60
2015.01.23 09:18:05.393,0.74794,0.74809,1.46,1.00
2015.01.23 09:18:06.086,0.74794,0.74809,1.27,1.00
2015.01.23 09:18:06.187,0.74794,0.74809,1.27,1.00
2015.01.23 09:18:06.288,0.74794,0.74809,1.27,1.50
2015.01.23 09:18:06.997,0.74794,0.74809,1.55,1.50
2015.01.23 09:18:07.503,0.74794,0.74809,2.02,1.00
2015.01.23 09:18:11.324,0.74796,0.74809,1.10,1.00
2015.01.23 09:18:12.713,0.74794,0.74809,1.12,1.57
2015.01.23 09:18:12.764,0.74794,0.74807,1.12,1.00
2015.01.23 09:18:13.222,0.74793,0.74806,1.12,1.07
2015.01.23 09:18:13.526,0.74791,0.74806,1.10,1.57
2015.01.23 09:18:13.983,0.74789,0.74801,1.00,1.57
2015.01.23 09:18:14.815,0.74789,0.74801,1.07,1.50
2015.01.23 09:18:15.358,0.74789,0.74801,1.00,1.50
2015.01.23 09:18:16.304,0.74789,0.74801,1.07,1.50
2015.01.23 09:18:16.608,0.74792,0.74801,1.00,1.00
2015.01.23 09:18:16.811,0.74792,0.74804,1.10,1.69
2015.01.23 09:18:17.641,0.74792,0.74804,1.17,1.50
2015.01.23 09:18:18.174,0.74793,0.74804,1.15,1.00
2015.01.23 09:18:18.783,0.74793,0.74805,1.15,1.00
2015.01.23 09:18:19.302,0.74793,0.74805,1.15,1.00
2015.01.23 09:18:19.353,0.74795,0.74806,1.17,1.00
2015.01.23 09:18:19.454,0.74795,0.74806,1.10,1.00
2015.01.23 09:18:21.498,0.74795,0.74806,1.17,1.00
2015.01.23 09:18:22.007,0.74795,0.74806,1.15,1.00
2015.01.23 09:18:26.937,0.74795,0.74806,1.00,1.00
2015.01.23 09:18:27.466,0.74794,0.74806,1.10,1.00
2015.01.23 09:18:27.962,0.74794,0.74806,1.17,1.00
2015.01.23 09:18:29.470,0.74794,0.74802,1.17,1.00
2015.01.23 09:18:30.291,0.74794,0.74802,1.10,1.00
2015.01.23 09:18:32.768,0.74794,0.74802,1.17,1.00
2015.01.23 09:18:32.921,0.74794,0.74802,1.00,1.00
2015.01.23 09:18:33.645,0.74792,0.74802,1.17,1.00
2015.01.23 09:18:34.000,0.74794,0.74805,2.70,1.00
2015.01.23 09:18:34.101,0.74794,0.74805,3.07,1.00
2015.01.23 09:18:34.304,0.74799,0.74808,1.00,1.00
2015.01.23 09:18:34.861,0.748,0.74811,1.87,1.00
2015.01.23 09:18:34.963,0.74802,0.74811,1.00,1.00
2015.01.23 09:18:39.893,0.748,0.74811,1.50,1.00
2015.01.23 09:18:39.994,0.748,0.74808,1.00,1.00
2015.01.23 09:18:50.499,0.74798,0.74808,1.31,1.00
2015.01.23 09:18:57.191,0.74798,0.7481,1.31,1.00
2015.01.23 09:18:57.342,0.748,0.7481,1.00,1.00
2015.01.23 09:18:59.402,0.748,0.7481,1.00,1.17
2015.01.23 09:18:59.909,0.748,0.7481,1.00,1.10
2015.01.23 09:19:08.634,0.74801,0.74811,1.00,1.00
2015.01.23 09:19:08.939,0.74804,0.74813,1.00,1.00
2015.01.23 09:19:13.124,0.74804,0.74814,1.10,1.00
2015.01.23 09:19:13.631,0.74805,0.74814,1.00,1.00
2015.01.23 09:19:16.475,0.74803,0.74814,1.20,1.00
2015.01.23 09:19:19.223,0.74806,0.74814,1.00,1.00
2015.01.23 09:19:19.733,0.74805,0.74814,1.00,1.00
2015.01.23 09:19:24.620,0.74802,0.74814,1.00,1.10
2015.01.23 09:19:24.721,0.74802,0.74812,1.00,1.10
2015.01.23 09:19:24.873,0.74799,0.7481,1.00,1.00
2015.01.23 09:19:28.593,0.74799,0.74807,1.00,1.00
2015.01.23 09:19:33.705,0.74799,0.7481,1.00,1.00
2015.01.23 09:19:36.292,0.74798,0.74809,1.00,1.00
2015.01.23 09:19:36.344,0.74798,0.74808,1.00,1.07
2015.01.23 09:19:36.547,0.74796,0.74806,1.00,1.10
2015.01.23 09:19:36.649,0.74794,0.74804,1.00,1.10
2015.01.23 09:19:37.157,0.74793,0.74804,1.00,1.10
2015.01.23 09:19:37.472,0.74791,0.74802,1.00,1.00
2015.01.23 09:19:40.225,0.74791,0.74796,1.00,1.00
2015.01.23 09:19:40.276,0.74786,0.74796,1.62,1.00
2015.01.23 09:19:40.327,0.74786,0.74794,1.62,1.00
2015.01.23 09:19:40.581,0.74784,0.74794,1.62,1.00
2015.01.23 09:19:43.060,0.74784,0.74794,1.00,1.00
2015.01.23 09:19:43.299,0.74782,0.74794,1.87,1.00
2015.01.23 09:19:45.514,0.74782,0.74794,2.81,1.00
2015.01.23 09:19:45.819,0.74789,0.74799,1.17,1.00
2015.01.23 09:19:46.174,0.74789,0.74799,1.17,1.00
2015.01.23 09:19:46.377,0.74791,0.74801,1.15,1.00
2015.01.23 09:19:46.884,0.74792,0.74803,1.15,1.00
2015.01.23 09:19:48.268,0.74792,0.74797,1.07,1.00
2015.01.23 09:19:48.420,0.74787,0.74793,1.00,1.00
2015.01.23 09:19:48.827,0.74784,0.74793,1.00,1.00
2015.01.23 09:19:49.384,0.74782,0.74793,1.62,1.00
2015.01.23 09:19:49.930,0.74782,0.74793,1.25,1.00
2015.01.23 09:19:51.591,0.74782,0.74793,1.37,1.00
2015.01.23 09:19:52.096,0.74782,0.74793,1.10,1.00
2015.01.23 09:19:52.798,0.74782,0.74793,1.37,1.00
2015.01.23 09:19:53.351,0.74782,0.74793,1.00,1.00
2015.01.23 09:19:54.097,0.74782,0.74793,1.62,1.00
2015.01.23 09:19:54.350,0.74782,0.74793,1.25,1.00
2015.01.23 09:19:54.502,0.74782,0.74791,1.25,1.00
2015.01.23 09:19:59.629,0.74782,0.74793,1.10,1.00
2015.01.23 09:20:14.741,0.74782,0.74792,1.00,1.00
2015.01.23 09:20:15.563,0.74783,0.74792,1.00,1.00
2015.01.23 09:20:15.922,0.74785,0.74794,1.00,1.00
2015.01.23 09:20:16.686,0.74783,0.74794,1.69,1.10
2015.01.23 09:20:16.990,0.74783,0.74791,1.19,1.00
2015.01.23 09:20:18.240,0.74783,0.74791,1.00,1.00
2015.01.23 09:20:21.292,0.74781,0.74791,1.47,1.00
2015.01.23 09:20:22.486,0.74781,0.7479,1.37,1.00
2015.01.23 09:20:22.994,0.74781,0.7479,1.00,1.00
2015.01.23 09:20:24.475,0.74779,0.7479,1.00,1.00
2015.01.23 09:20:24.678,0.74776,0.74784,1.37,1.00
2015.01.23 09:20:29.706,0.74776,0.74787,1.37,1.00
2015.01.23 09:20:29.807,0.74776,0.74785,1.37,1.00
2015.01.23 09:20:30.134,0.74775,0.74783,1.37,1.00
2015.01.23 09:20:34.638,0.74775,0.74783,1.12,1.00
2015.01.23 09:20:35.463,0.74775,0.74783,1.37,1.00
2015.01.23 09:20:35.565,0.74775,0.74783,1.00,1.00
2015.01.23 09:20:38.442,0.74775,0.74784,1.00,1.00
2015.01.23 09:20:43.591,0.74775,0.74785,1.00,1.00
2015.01.23 09:20:50.816,0.74775,0.74784,1.00,1.00
2015.01.23 09:20:59.907,0.74772,0.74784,1.19,1.00
2015.01.23 09:21:00.008,0.7477,0.74782,1.69,1.00
2015.01.23 09:21:01.021,0.7477,0.74782,1.19,1.00
2015.01.23 09:21:01.529,0.74772,0.74782,1.00,1.00
2015.01.23 09:21:01.732,0.74772,0.7478,1.00,1.00
2015.01.23 09:21:01.884,0.7477,0.7478,1.00,1.00
2015.01.23 09:21:02.294,0.74769,0.74778,1.09,1.00
2015.01.23 09:21:03.548,0.74768,0.74778,1.00,1.00
2015.01.23 09:21:04.213,0.74768,0.7478,1.07,1.12
2015.01.23 09:21:04.365,0.74768,0.7478,1.00,1.12
2015.01.23 09:21:04.940,0.74768,0.74778,1.00,1.00
2015.01.23 09:21:05.143,0.74766,0.74778,1.10,1.00
2015.01.23 09:21:07.460,0.74764,0.74776,1.29,1.00
2015.01.23 09:21:07.981,0.74764,0.74776,1.34,1.00
2015.01.23 09:21:08.237,0.74764,0.74778,1.34,1.00
2015.01.23 09:21:09.392,0.74763,0.74778,2.21,1.00
2015.01.23 09:21:09.925,0.74766,0.74778,1.00,1.00
2015.01.23 09:21:10.451,0.74763,0.74778,2.21,1.00
2015.01.23 09:21:10.861,0.74763,0.74776,1.84,1.00
2015.01.23 09:21:11.064,0.74761,0.74774,1.84,1.00
2015.01.23 09:21:11.267,0.7476,0.74772,1.76,1.00
2015.01.23 09:21:11.976,0.7476,0.74772,1.69,1.00
2015.01.23 09:21:14.497,0.7476,0.74772,2.29,1.00
2015.01.23 09:21:15.048,0.7476,0.74772,2.44,1.00
2015.01.23 09:21:15.565,0.7476,0.74772,2.44,1.00
2015.01.23 09:21:16.105,0.74762,0.74772,1.15,1.00
2015.01.23 09:21:20.772,0.7476,0.74774,2.81,1.00
2015.01.23 09:21:21.303,0.7476,0.74774,2.81,1.00
2015.01.23 09:21:22.596,0.7476,0.74774,1.50,1.10
2015.01.23 09:21:22.648,0.74759,0.74772,1.25,1.07
2015.01.23 09:21:23.154,0.74756,0.7477,1.19,1.10
2015.01.23 09:21:23.660,0.74756,0.74771,1.19,1.10
2015.01.23 09:21:23.813,0.74756,0.74771,1.19,1.10
2015.01.23 09:21:23.914,0.74755,0.74769,1.19,1.50
2015.01.23 09:21:24.117,0.74754,0.74768,1.01,1.65
2015.01.23 09:21:26.881,0.74751,0.74767,1.84,1.00
2015.01.23 09:21:27.905,0.74752,0.74767,1.84,1.00
2015.01.23 09:21:28.420,0.74752,0.74768,2.59,1.00
2015.01.23 09:21:29.043,0.74756,0.7477,1.00,1.17
2015.01.23 09:21:32.342,0.74756,0.7477,1.00,1.10
2015.01.23 09:21:32.920,0.74756,0.7477,1.00,1.17
2015.01.23 09:21:34.407,0.74757,0.7477,1.00,1.32
2015.01.23 09:21:34.706,0.74757,0.74772,1.65,1.25
2015.01.23 09:21:34.757,0.74757,0.74773,1.84,1.50
2015.01.23 09:21:35.315,0.7476,0.74776,1.57,1.84
2015.01.23 09:21:35.838,0.7476,0.74776,1.69,1.65
2015.01.23 09:21:36.143,0.74762,0.74776,1.00,1.57
2015.01.23 09:21:37.383,0.74762,0.74776,1.10,1.57
2015.01.23 09:21:41.427,0.74761,0.74776,1.10,1.12
2015.01.23 09:21:41.955,0.74761,0.74776,1.12,1.65
2015.01.23 09:21:42.461,0.74761,0.74776,1.12,1.84
2015.01.23 09:21:46.436,0.74761,0.74772,1.00,1.00
2015.01.23 09:21:46.944,0.7476,0.74772,1.00,1.10
2015.01.23 09:21:49.518,0.74768,0.74772,1.50,1.00
2015.01.23 09:21:49.670,0.74774,0.7478,1.50,2.40
2015.01.23 09:21:49.772,0.74774,0.74782,1.50,1.00
2015.01.23 09:21:49.823,0.74774,0.74785,1.50,1.17
2015.01.23 09:21:49.976,0.74779,0.74788,1.00,1.19
2015.01.23 09:21:50.077,0.74779,0.7479,1.00,4.39
2015.01.23 09:21:50.584,0.74779,0.7479,1.00,1.46
2015.01.23 09:21:54.556,0.74779,0.7479,1.00,1.65
2015.01.23 09:21:55.114,0.74778,0.7479,1.00,1.77
2015.01.23 09:21:55.317,0.74777,0.74788,1.00,1.52
2015.01.23 09:21:55.419,0.74774,0.74786,1.25,1.87
2015.01.23 09:21:55.969,0.74773,0.74785,1.00,1.95
2015.01.23 09:21:56.513,0.74773,0.74785,1.00,1.87
2015.01.23 09:21:57.023,0.74774,0.74785,1.00,1.12
2015.01.23 09:21:58.771,0.74774,0.74785,1.00,1.37
2015.01.23 09:22:04.376,0.74775,0.74785,1.00,1.37
2015.01.23 09:22:06.861,0.74774,0.74785,1.57,1.37
2015.01.23 09:22:07.216,0.74772,0.74785,1.25,1.47
2015.01.23 09:22:07.318,0.74772,0.74785,1.25,1.47
2015.01.23 09:22:07.832,0.74771,0.74783,1.00,1.37
2015.01.23 09:22:08.876,0.74769,0.74781,1.00,1.37
2015.01.23 09:22:09.042,0.74769,0.74781,1.00,1.52
2015.01.23 09:22:10.532,0.74769,0.74781,1.00,1.55
2015.01.23 09:22:11.143,0.74769,0.74779,1.00,1.27
2015.01.23 09:22:11.651,0.74768,0.74779,1.00,1.27
2015.01.23 09:22:12.700,0.74767,0.74777,1.00,1.00
2015.01.23 09:22:12.751,0.74764,0.74777,1.29,1.15
2015.01.23 09:22:12.853,0.74763,0.74775,1.00,1.27
2015.01.23 09:22:12.955,0.74762,0.74775,1.00,1.65
2015.01.23 09:22:13.462,0.74762,0.74775,1.00,1.65
2015.01.23 09:22:15.559,0.74762,0.74775,1.50,1.65
2015.01.23 09:22:16.067,0.74762,0.74775,1.50,1.65
2015.01.23 09:22:18.781,0.74762,0.74775,1.50,1.31
2015.01.23 09:22:18.883,0.74764,0.74775,1.00,1.31
2015.01.23 09:22:20.171,0.74767,0.74779,1.00,1.66
2015.01.23 09:22:20.475,0.74767,0.74779,1.17,1.56
2015.01.23 09:22:21.070,0.74767,0.74779,1.17,1.31
2015.01.23 09:22:21.121,0.74767,0.74779,1.17,1.12
2015.01.23 09:22:22.045,0.74767,0.74779,1.17,1.37
2015.01.23 09:22:22.555,0.74767,0.74779,1.17,1.12
2015.01.23 09:22:23.014,0.7477,0.74783,1.17,1.56
2015.01.23 09:22:25.108,0.7477,0.74783,1.00,2.22
2015.01.23 09:22:26.035,0.7477,0.74783,1.00,2.22
2015.01.23 09:22:26.987,0.7477,0.74783,1.00,1.91
2015.01.23 09:22:27.518,0.7477,0.74782,1.00,1.49
2015.01.23 09:22:28.673,0.74769,0.74781,1.00,1.25
2015.01.23 09:22:32.205,0.74769,0.74781,1.00,1.62
2015.01.23 09:22:33.754,0.74769,0.74781,1.00,1.56
2015.01.23 09:22:35.407,0.74769,0.74781,1.00,1.56
2015.01.23 09:22:36.263,0.74769,0.74781,1.00,1.91
2015.01.23 09:22:37.231,0.74769,0.74781,1.00,1.91
2015.01.23 09:22:37.750,0.74768,0.74781,1.00,2.29
2015.01.23 09:22:38.258,0.74768,0.74781,1.00,1.37
2015.01.23 09:22:38.771,0.74769,0.74781,1.00,1.72
2015.01.23 09:22:41.077,0.74769,0.74781,1.50,1.62
2015.01.23 09:22:41.229,0.74769,0.74781,1.50,1.25
2015.01.23 09:22:41.794,0.74769,0.74779,1.00,1.00
2015.01.23 09:22:43.198,0.74769,0.74781,1.50,1.62
2015.01.23 09:22:44.384,0.74769,0.74781,1.00,1.91
2015.01.23 09:22:44.435,0.74768,0.74778,1.00,1.00
2015.01.23 09:22:45.411,0.74768,0.7478,1.00,1.00
2015.01.23 09:22:45.715,0.74768,0.74778,1.00,1.10
2015.01.23 09:22:45.867,0.74765,0.74777,1.00,1.00
2015.01.23 09:22:46.374,0.74765,0.74777,1.15,1.00
2015.01.23 09:22:46.861,0.74769,0.74779,1.00,1.00
2015.01.23 09:22:47.913,0.74767,0.74779,1.07,1.00
2015.01.23 09:22:48.420,0.74767,0.74779,1.00,1.10
2015.01.23 09:22:48.938,0.74768,0.7478,1.10,1.00
2015.01.23 09:22:55.956,0.74767,0.74779,1.00,1.00
2015.01.23 09:22:56.946,0.74768,0.7478,1.00,1.00
2015.01.23 09:22:57.464,0.74767,0.74779,1.10,1.00
2015.01.23 09:22:58.383,0.74768,0.7478,1.00,1.00
2015.01.23 09:22:58.687,0.74771,0.74781,1.10,1.00
2015.01.23 09:22:59.274,0.74772,0.74784,1.00,1.00
2015.01.23 09:23:06.325,0.74774,0.74784,1.00,1.00
2015.01.23 09:23:10.230,0.74774,0.74784,1.15,1.00
2015.01.23 09:23:10.436,0.74774,0.74784,1.65,1.00
2015.01.23 09:23:10.795,0.74778,0.74788,1.00,2.06
2015.01.23 09:23:11.099,0.74776,0.74788,1.17,2.06
2015.01.23 09:23:13.024,0.74778,0.74788,1.00,1.62
2015.01.23 09:23:14.861,0.74776,0.74787,1.10,1.37
2015.01.23 09:23:15.400,0.74776,0.74787,1.17,1.37
2015.01.23 09:23:15.868,0.74777,0.74789,1.65,1.37
2015.01.23 09:23:16.122,0.7478,0.74791,1.15,3.00
2015.01.23 09:23:16.629,0.74782,0.74792,1.50,1.00
2015.01.23 09:23:17.137,0.74782,0.74792,1.07,1.00
2015.01.23 09:23:17.419,0.7478,0.74792,1.65,1.00
2015.01.23 09:23:17.928,0.7478,0.74792,1.20,1.00
2015.01.23 09:23:18.743,0.74782,0.74794,1.00,2.81
2015.01.23 09:23:19.048,0.74784,0.74796,1.00,2.06
2015.01.23 09:23:20.362,0.74789,0.74796,1.00,1.00
2015.01.23 09:23:20.413,0.74789,0.74798,1.00,1.25
2015.01.23 09:23:20.717,0.74789,0.74793,1.00,1.00
2015.01.23 09:23:21.021,0.74785,0.7479,1.27,1.00
2015.01.23 09:23:21.330,0.74776,0.74792,1.65,1.17
2015.01.23 09:23:21.688,0.74773,0.74789,1.99,1.00
2015.01.23 09:23:21.840,0.7477,0.74786,1.47,1.15
2015.01.23 09:23:21.942,0.74768,0.74786,1.46,1.65
2015.01.23 09:23:22.963,0.74766,0.74772,1.15,1.00
2015.01.23 09:23:23.065,0.74765,0.74772,1.01,1.00
2015.01.23 09:23:23.444,0.74763,0.74768,1.20,1.00
2015.01.23 09:23:23.546,0.74763,0.74768,1.20,1.00
2015.01.23 09:23:31.666,0.74763,0.74779,1.07,1.39
2015.01.23 09:23:31.717,0.74765,0.7477,1.20,1.00
2015.01.23 09:23:31.768,0.74765,0.74779,1.17,1.19
2015.01.23 09:23:38.271,0.74765,0.7477,1.17,1.00
2015.01.23 09:23:38.778,0.74765,0.74781,1.15,2.44
2015.01.23 09:23:39.308,0.74765,0.74781,1.15,2.44
2015.01.23 09:23:39.888,0.74765,0.74781,1.15,2.51
2015.01.23 09:23:40.402,0.74765,0.7477,1.17,1.00
2015.01.23 09:23:42.195,0.74765,0.7477,1.00,1.00
2015.01.23 09:23:42.488,0.7476,0.74766,1.25,1.00
2015.01.23 09:23:43.510,0.7476,0.74765,1.00,1.00
2015.01.23 09:23:50.772,0.7476,0.74768,1.00,1.00
2015.01.23 09:23:51.444,0.74759,0.74768,1.20,1.00
2015.01.23 09:23:51.967,0.74759,0.74768,1.29,1.00
2015.01.23 09:23:52.942,0.74758,0.74768,1.25,1.00
2015.01.23 09:23:53.615,0.74758,0.74766,1.25,1.00
2015.01.23 09:23:55.167,0.74758,0.74764,1.00,1.00
2015.01.23 09:23:58.684,0.74757,0.74764,1.00,1.00
2015.01.23 09:24:02.558,0.74757,0.74764,1.54,1.00
2015.01.23 09:24:03.325,0.74767,0.74774,2.25,1.00
2015.01.23 09:24:03.427,0.74771,0.74779,2.10,1.00
2015.01.23 09:24:03.542,0.74774,0.74787,1.00,1.56
2015.01.23 09:24:03.593,0.74774,0.74787,1.00,1.37
2015.01.23 09:24:03.847,0.74774,0.74789,1.07,1.29
2015.01.23 09:24:03.999,0.74774,0.74784,1.07,1.00
2015.01.23 09:24:04.860,0.74775,0.74785,1.10,1.00
2015.01.23 09:24:05.804,0.74781,0.74785,1.00,1.00
2015.01.23 09:24:05.905,0.74781,0.74787,1.00,1.00
2015.01.23 09:24:05.956,0.74785,0.74789,1.00,1.00
2015.01.23 09:24:06.311,0.74784,0.74792,1.00,1.00
2015.01.23 09:24:06.513,0.74784,0.74794,1.00,1.00
2015.01.23 09:24:07.020,0.74785,0.74794,1.00,1.00
2015.01.23 09:24:10.232,0.74785,0.74795,1.00,1.00
2015.01.23 09:24:13.329,0.74785,0.74798,1.00,1.50
2015.01.23 09:24:14.002,0.74783,0.74796,1.27,1.50
2015.01.23 09:24:14.305,0.74782,0.74792,1.00,1.00
2015.01.23 09:24:14.807,0.74782,0.74791,1.00,1.00
2015.01.23 09:24:14.858,0.7478,0.74791,1.10,1.00
2015.01.23 09:24:15.212,0.74782,0.74794,1.35,1.10
2015.01.23 09:24:15.263,0.74782,0.74794,1.50,1.00
2015.01.23 09:24:15.365,0.74782,0.74795,1.10,1.87
2015.01.23 09:24:15.416,0.7478,0.74792,1.34,1.00
2015.01.23 09:24:15.923,0.74776,0.74792,2.66,2.25
2015.01.23 09:24:17.145,0.74778,0.74792,1.44,1.50
2015.01.23 09:24:18.043,0.7478,0.74792,2.81,1.00
2015.01.23 09:24:18.245,0.74781,0.74794,2.32,1.50
2015.01.23 09:24:20.101,0.7478,0.74794,2.89,1.50
2015.01.23 09:24:21.030,0.7478,0.74789,2.89,1.00
2015.01.23 09:24:21.132,0.74775,0.74789,4.39,1.00
2015.01.23 09:24:24.638,0.74776,0.74789,1.09,1.00
2015.01.23 09:24:28.853,0.74776,0.74787,1.09,1.00
2015.01.23 09:24:29.687,0.74776,0.74787,1.09,1.00
2015.01.23 09:24:30.214,0.74776,0.74787,1.09,1.00
2015.01.23 09:24:32.426,0.74776,0.74787,1.09,1.00
2015.01.23 09:24:34.426,0.74776,0.74787,1.09,1.00
2015.01.23 09:24:34.746,0.74776,0.74787,1.09,1.00
2015.01.23 09:24:35.815,0.74776,0.74787,1.09,1.00
2015.01.23 09:24:37.255,0.74776,0.74787,1.09,1.00
2015.01.23 09:24:40.119,0.74776,0.74787,1.84,1.00
2015.01.23 09:24:41.348,0.74776,0.74787,1.09,1.00
2015.01.23 09:24:43.655,0.74779,0.74789,1.37,1.00
2015.01.23 09:24:55.311,0.74778,0.74789,1.66,1.00
2015.01.23 09:24:55.894,0.74779,0.74789,1.62,1.00
2015.01.23 09:24:56.400,0.74778,0.74789,1.76,1.00
2015.01.23 09:24:57.544,0.74776,0.7479,4.01,1.00
2015.01.23 09:24:58.326,0.74777,0.74792,1.91,1.50
2015.01.23 09:24:59.433,0.7478,0.74794,1.09,1.57
2015.01.23 09:24:59.787,0.74781,0.74794,2.89,1.00
2015.01.23 09:25:00.396,0.74783,0.74797,1.52,1.00
2015.01.23 09:25:00.932,0.74784,0.74797,1.09,1.00
2015.01.23 09:25:01.440,0.74787,0.74797,1.09,1.00
2015.01.23 09:25:01.745,0.74787,0.74799,1.09,1.00
2015.01.23 09:25:01.797,0.74787,0.74799,1.16,1.00
2015.01.23 09:25:02.000,0.74791,0.74802,1.65,1.00
2015.01.23 09:25:02.506,0.74791,0.74804,1.65,1.00
2015.01.23 09:25:03.317,0.74793,0.74806,1.55,1.00
2015.01.23 09:25:03.722,0.74791,0.74799,1.45,1.00
2015.01.23 09:25:03.892,0.74787,0.74798,2.06,1.00
2015.01.23 09:25:03.996,0.74787,0.74796,1.66,1.00
2015.01.23 09:25:04.099,0.74782,0.74793,2.81,1.00
2015.01.23 09:25:04.303,0.74777,0.74789,1.91,1.00
2015.01.23 09:25:04.607,0.74777,0.74787,1.76,1.00
2015.01.23 09:25:05.215,0.74776,0.74786,2.89,1.00
2015.01.23 09:25:05.318,0.74776,0.74789,2.89,1.07
2015.01.23 09:25:05.623,0.74777,0.74786,1.31,1.00
2015.01.23 09:25:08.417,0.74775,0.74786,1.20,1.50
2015.01.23 09:25:08.976,0.74775,0.74785,1.20,1.00
2015.01.23 09:25:09.229,0.7477,0.74782,1.71,1.00
2015.01.23 09:25:09.534,0.74769,0.7478,1.66,1.00
2015.01.23 09:25:10.041,0.74769,0.74779,1.66,1.00
2015.01.23 09:25:11.064,0.74769,0.74779,1.39,1.00
2015.01.23 09:25:11.572,0.74769,0.7478,1.76,1.00
2015.01.23 09:25:13.558,0.74767,0.74779,2.89,1.00
2015.01.23 09:25:13.912,0.74767,0.74779,1.47,1.50
2015.01.23 09:25:13.963,0.74765,0.74774,1.31,1.00
2015.01.23 09:25:14.176,0.74764,0.74772,1.56,1.00
2015.01.23 09:25:14.481,0.74765,0.74774,1.12,1.00
2015.01.23 09:25:17.079,0.74761,0.74774,1.71,1.00
2015.01.23 09:25:20.727,0.74764,0.74779,1.91,1.00
2015.01.23 09:25:20.931,0.74767,0.74781,1.39,1.00
2015.01.23 09:25:22.742,0.74767,0.74781,1.39,1.00
2015.01.23 09:25:23.830,0.74767,0.74781,1.39,1.00
2015.01.23 09:25:25.321,0.74767,0.74781,1.39,1.00
2015.01.23 09:25:25.829,0.74767,0.74781,1.31,1.00
2015.01.23 09:25:27.278,0.74767,0.74781,1.39,1.00
2015.01.23 09:25:27.805,0.74767,0.7478,1.46,1.00
2015.01.23 09:25:28.356,0.74767,0.7478,1.46,1.00
2015.01.23 09:25:29.751,0.74767,0.7478,1.46,1.00
2015.01.23 09:25:30.371,0.74767,0.7478,1.46,1.00
2015.01.23 09:25:30.524,0.74767,0.7478,1.46,1.00
2015.01.23 09:25:30.777,0.74767,0.74782,1.46,1.00
2015.01.23 09:25:31.231,0.74767,0.74782,3.64,1.00
2015.01.23 09:25:31.383,0.74771,0.74784,1.55,1.00
2015.01.23 09:25:31.587,0.74771,0.74786,1.55,1.50
2015.01.23 09:25:33.186,0.74773,0.74784,1.56,1.00
2015.01.23 09:25:40.317,0.74773,0.74785,1.52,1.00
2015.01.23 09:25:40.624,0.74777,0.74789,1.52,1.00
2015.01.23 09:25:40.930,0.74777,0.74786,1.37,1.00
2015.01.23 09:25:41.032,0.74777,0.74788,1.47,1.50
2015.01.23 09:25:41.554,0.74778,0.74789,1.12,1.00
2015.01.23 09:25:42.173,0.7478,0.74789,1.00,1.00
2015.01.23 09:25:42.224,0.7478,0.74791,1.17,1.00
2015.01.23 09:25:42.535,0.74778,0.74782,1.12,1.00
2015.01.23 09:25:42.637,0.74776,0.74786,1.17,1.00
2015.01.23 09:25:42.738,0.74777,0.74788,1.00,1.00
2015.01.23 09:25:42.840,0.74777,0.7479,1.52,1.50
2015.01.23 09:25:42.942,0.74782,0.74795,1.52,1.50
2015.01.23 09:25:43.145,0.74786,0.74797,1.20,1.00
2015.01.23 09:25:43.247,0.74788,0.74797,1.00,1.00
2015.01.23 09:25:43.754,0.74787,0.74801,1.27,1.01
2015.01.23 09:25:44.260,0.74791,0.74801,1.00,1.00
2015.01.23 09:25:44.775,0.74791,0.74803,1.10,1.39
2015.01.23 09:25:45.281,0.74789,0.74803,1.65,1.20
2015.01.23 09:25:45.750,0.74789,0.74803,1.57,1.20
2015.01.23 09:25:46.786,0.74789,0.74805,1.57,1.01
2015.01.23 09:25:46.888,0.74791,0.74805,1.12,1.01
2015.01.23 09:25:47.394,0.74792,0.74805,1.20,1.00
2015.01.23 09:25:47.704,0.74792,0.74807,2.40,1.17
2015.01.23 09:25:48.210,0.74793,0.74807,1.65,1.00
2015.01.23 09:25:50.514,0.74793,0.74807,1.39,1.00
2015.01.23 09:25:51.056,0.74793,0.74807,1.77,1.00
2015.01.23 09:25:56.303,0.74793,0.74805,1.07,1.00
2015.01.23 09:25:56.494,0.74792,0.74804,1.20,1.00
2015.01.23 09:25:57.003,0.74792,0.74803,1.12,1.00
2015.01.23 09:25:57.940,0.7479,0.74803,1.39,1.00
2015.01.23 09:25:59.364,0.7479,0.74803,1.20,1.00
2015.01.23 09:25:59.516,0.74789,0.74803,1.10,1.00
2015.01.23 09:25:59.871,0.74787,0.74803,1.00,1.65
2015.01.23 09:26:00.386,0.74787,0.74801,1.37,1.69
2015.01.23 09:26:01.614,0.74787,0.74802,1.37,1.01
2015.01.23 09:26:02.121,0.74789,0.74802,1.00,1.25
2015.01.23 09:26:02.893,0.74789,0.74802,1.17,1.25
2015.01.23 09:26:03.398,0.74789,0.74802,1.10,1.00
2015.01.23 09:26:03.931,0.7479,0.74802,1.00,1.00
2015.01.23 09:26:05.134,0.74789,0.748,1.01,1.50
2015.01.23 09:26:05.438,0.74786,0.748,1.25,1.07
2015.01.23 09:26:05.489,0.74786,0.748,1.76,1.10
2015.01.23 09:26:05.998,0.74787,0.748,1.12,1.00
2015.01.23 09:26:06.360,0.74789,0.748,1.50,1.00
2015.01.23 09:26:08.748,0.74789,0.74801,2.06,1.00
2015.01.23 09:26:09.052,0.74791,0.74801,1.00,1.00
2015.01.23 09:26:09.559,0.74792,0.74801,1.00,1.00
2015.01.23 09:26:13.168,0.74791,0.74799,1.00,1.00
2015.01.23 09:26:13.573,0.74791,0.74802,1.00,1.00
2015.01.23 09:26:14.079,0.7479,0.74801,1.17,1.00
2015.01.23 09:26:14.202,0.7479,0.74803,1.17,1.00
2015.01.23 09:26:14.740,0.7479,0.74804,1.15,1.19
2015.01.23 09:26:15.290,0.7479,0.74802,1.15,1.25
2015.01.23 09:26:15.868,0.74791,0.74802,1.20,1.25
2015.01.23 09:26:22.612,0.74791,0.74804,1.12,1.00
2015.01.23 09:26:22.966,0.74796,0.74804,1.00,1.00
2015.01.23 09:26:24.912,0.74796,0.74806,1.00,1.12
2015.01.23 09:26:31.254,0.74796,0.74805,1.00,1.00
2015.01.23 09:26:37.402,0.74796,0.74805,1.37,1.00
2015.01.23 09:26:37.554,0.74797,0.74807,1.12,1.00
2015.01.23 09:26:40.155,0.74797,0.74808,1.00,1.00
2015.01.23 09:26:40.658,0.74797,0.74809,1.00,1.10
2015.01.23 09:26:41.292,0.74797,0.74808,1.00,1.00
2015.01.23 09:26:42.254,0.74798,0.74808,1.20,1.00
2015.01.23 09:26:42.406,0.74804,0.74814,1.00,1.25
2015.01.23 09:26:42.558,0.74808,0.74818,1.00,1.19
2015.01.23 09:26:42.725,0.74808,0.74818,1.00,1.00
2015.01.23 09:26:43.232,0.74808,0.74819,1.00,1.50
2015.01.23 09:26:49.881,0.74809,0.74819,1.00,1.00
2015.01.23 09:26:50.085,0.74811,0.74819,1.37,1.00
2015.01.23 09:26:50.237,0.74815,0.74824,1.00,1.00
2015.01.23 09:26:50.289,0.74817,0.74829,1.00,1.76
2015.01.23 09:26:50.392,0.74819,0.74829,1.00,1.69
2015.01.23 09:26:50.870,0.74819,0.74833,1.10,1.65
2015.01.23 09:26:51.481,0.74819,0.74836,1.00,3.64
2015.01.23 09:26:52.457,0.74819,0.74837,1.00,6.26
2015.01.23 09:26:52.984,0.74819,0.74836,1.00,2.89
2015.01.23 09:26:54.084,0.74819,0.74835,1.00,2.51
2015.01.23 09:26:54.613,0.74819,0.74833,1.00,1.15
2015.01.23 09:26:54.714,0.74817,0.7483,1.00,1.52
2015.01.23 09:26:54.821,0.74815,0.7483,1.31,1.52
2015.01.23 09:26:55.177,0.74815,0.74829,1.00,2.89
2015.01.23 09:26:55.228,0.74812,0.74829,1.00,4.39
2015.01.23 09:26:55.482,0.74811,0.74827,1.62,3.45
2015.01.23 09:26:55.788,0.74811,0.74827,1.25,3.45
2015.01.23 09:26:55.890,0.7481,0.74824,1.19,2.32
2015.01.23 09:26:56.194,0.7481,0.74824,1.00,1.15
2015.01.23 09:26:56.245,0.74808,0.74824,1.00,1.15
2015.01.23 09:26:56.922,0.74808,0.74824,1.00,1.17
2015.01.23 09:26:57.390,0.74808,0.74824,1.00,1.17
2015.01.23 09:26:57.907,0.74808,0.74824,1.00,1.27
2015.01.23 09:26:59.828,0.74806,0.74824,1.39,2.29
2015.01.23 09:27:00.342,0.74806,0.74824,1.31,2.96
2015.01.23 09:27:00.652,0.74804,0.74821,1.56,1.15
2015.01.23 09:27:01.276,0.74802,0.7482,2.59,1.15
2015.01.23 09:27:01.734,0.74802,0.7482,1.56,3.82
2015.01.23 09:27:02.254,0.74801,0.74818,1.56,1.15
2015.01.23 09:27:02.762,0.74801,0.74818,1.66,1.15
2015.01.23 09:27:03.282,0.74801,0.74818,1.64,1.17
2015.01.23 09:27:03.846,0.74803,0.74818,1.16,1.15
2015.01.23 09:27:04.353,0.74804,0.74819,1.56,1.17
2015.01.23 09:27:04.881,0.74802,0.74818,2.81,1.15
2015.01.23 09:27:05.386,0.74804,0.74819,1.56,1.15
2015.01.23 09:27:05.793,0.74805,0.74818,1.62,1.15
2015.01.23 09:27:05.946,0.74805,0.74818,1.62,1.00
2015.01.23 09:27:06.554,0.74805,0.74818,1.56,1.15
2015.01.23 09:27:07.455,0.74805,0.74818,1.62,1.17
2015.01.23 09:27:07.959,0.74807,0.7482,1.37,1.65
2015.01.23 09:27:08.953,0.74807,0.7482,1.37,1.00
2015.01.23 09:27:09.416,0.7481,0.74823,1.37,1.65
2015.01.23 09:27:09.568,0.7481,0.74823,1.50,1.00
2015.01.23 09:27:12.080,0.74812,0.74823,1.56,1.00
2015.01.23 09:27:12.132,0.74809,0.74827,1.84,1.17
2015.01.23 09:27:12.449,0.74811,0.74827,1.56,1.15
2015.01.23 09:27:12.976,0.74811,0.74824,1.76,1.17
2015.01.23 09:27:13.382,0.74811,0.74824,1.76,1.17
2015.01.23 09:27:13.838,0.74811,0.74824,1.76,1.17
2015.01.23 09:27:14.163,0.74811,0.74824,1.56,1.17
2015.01.23 09:27:14.431,0.74819,0.74824,1.00,1.17
2015.01.23 09:27:14.483,0.7482,0.7483,1.00,1.10
2015.01.23 09:27:14.584,0.74826,0.74834,2.70,1.37
2015.01.23 09:27:14.635,0.7483,0.74835,1.00,1.20
2015.01.23 09:27:14.889,0.74833,0.74844,1.00,1.00
2015.01.23 09:27:14.940,0.74828,0.74844,1.71,1.00
2015.01.23 09:27:14.992,0.74828,0.74844,1.56,1.15
2015.01.23 09:27:15.297,0.74828,0.74844,1.00,3.07
2015.01.23 09:27:15.818,0.74829,0.74843,1.00,2.70
2015.01.23 09:27:15.919,0.74827,0.74843,1.31,2.32
2015.01.23 09:27:16.678,0.74827,0.74844,1.12,3.64
2015.01.23 09:27:17.627,0.74828,0.74844,1.00,3.26
2015.01.23 09:27:18.185,0.74828,0.74843,1.00,4.69
2015.01.23 09:27:18.730,0.74828,0.74844,1.00,3.64
2015.01.23 09:27:18.781,0.74828,0.74842,1.00,2.89
2015.01.23 09:27:18.887,0.74828,0.7484,1.00,1.15
2015.01.23 09:27:22.157,0.74825,0.74841,1.56,1.40
2015.01.23 09:27:25.219,0.74825,0.74841,1.47,1.01
2015.01.23 09:27:25.422,0.74827,0.74844,1.10,2.66
2015.01.23 09:27:25.788,0.74827,0.74842,1.00,1.15
2015.01.23 09:27:27.216,0.74824,0.74842,2.59,1.84
2015.01.23 09:27:27.368,0.74824,0.74842,1.76,1.84
2015.01.23 09:27:29.904,0.74824,0.74842,3.15,1.36
2015.01.23 09:27:30.157,0.74826,0.74843,2.02,1.29
2015.01.23 09:27:30.208,0.74826,0.74843,2.02,1.19
2015.01.23 09:27:30.513,0.74828,0.74845,2.02,1.46
2015.01.23 09:27:31.020,0.74831,0.74846,1.12,1.46
2015.01.23 09:27:33.145,0.74831,0.74847,1.50,2.59
2015.01.23 09:27:33.754,0.74831,0.74846,1.50,1.46
2015.01.23 09:27:37.610,0.74831,0.74846,1.17,1.20
2015.01.23 09:27:37.914,0.74834,0.74846,1.00,1.00
2015.01.23 09:27:38.218,0.74835,0.7485,1.57,2.00
2015.01.23 09:27:38.319,0.74835,0.7485,1.57,1.25
2015.01.23 09:27:38.370,0.74835,0.7485,1.57,1.25
2015.01.23 09:27:38.876,0.74835,0.74851,1.76,1.10
2015.01.23 09:27:39.146,0.74835,0.7485,1.76,1.00
2015.01.23 09:27:39.675,0.74835,0.74853,1.76,1.72
2015.01.23 09:27:40.105,0.74837,0.74853,2.00,1.25
2015.01.23 09:27:40.156,0.74838,0.74855,1.50,1.09
2015.01.23 09:27:40.358,0.74844,0.74856,1.87,1.46
2015.01.23 09:27:40.460,0.74845,0.7486,1.50,1.09
2015.01.23 09:27:40.562,0.74844,0.74862,3.90,1.46
2015.01.23 09:27:40.613,0.74844,0.74862,3.90,1.27
2015.01.23 09:27:40.916,0.74847,0.74863,1.37,1.72
2015.01.23 09:27:41.120,0.74845,0.74863,1.84,1.72
2015.01.23 09:27:41.323,0.74845,0.74863,1.84,1.72
2015.01.23 09:27:41.881,0.74848,0.74863,2.06,1.72
2015.01.23 09:27:42.387,0.74848,0.7486,2.06,1.00
2015.01.23 09:27:44.062,0.74848,0.7486,1.76,1.00
2015.01.23 09:27:44.266,0.74852,0.74862,1.00,1.00
2015.01.23 09:27:44.367,0.74851,0.74864,2.06,1.00
2015.01.23 09:27:44.873,0.74852,0.74862,1.62,1.00
2015.01.23 09:27:45.075,0.74849,0.74862,1.84,1.00
2015.01.23 09:27:45.278,0.74849,0.74862,1.84,1.00
2015.01.23 09:27:46.904,0.74849,0.74864,1.84,1.00
2015.01.23 09:27:47.106,0.74851,0.74869,3.94,1.20
2015.01.23 09:27:47.157,0.74852,0.74869,1.92,1.20
2015.01.23 09:27:51.012,0.74852,0.74866,1.84,1.00
2015.01.23 09:27:51.517,0.7485,0.74865,1.71,1.00
2015.01.23 09:27:52.531,0.7485,0.74865,2.81,1.00
2015.01.23 09:27:52.835,0.74848,0.74862,1.64,1.00
2015.01.23 09:27:53.116,0.74847,0.74861,1.74,1.00
2015.01.23 09:27:53.319,0.74846,0.74861,1.01,1.10
2015.01.23 09:27:53.421,0.74846,0.74859,1.01,1.00
2015.01.23 09:27:55.093,0.74846,0.74859,1.31,1.00
2015.01.23 09:27:55.650,0.74845,0.74859,1.71,1.00
2015.01.23 09:27:56.353,0.74844,0.74861,1.09,1.00
2015.01.23 09:27:56.864,0.74844,0.74861,1.09,1.00
2015.01.23 09:27:58.144,0.74845,0.74861,1.09,1.00
2015.01.23 09:27:58.347,0.74846,0.74863,1.09,1.00
2015.01.23 09:27:58.754,0.74848,0.74864,1.71,1.00
2015.01.23 09:27:59.674,0.74848,0.74864,1.71,1.00
2015.01.23 09:28:00.868,0.74847,0.74865,1.84,1.01
2015.01.23 09:28:01.173,0.74847,0.74862,1.34,1.00
2015.01.23 09:28:03.377,0.74848,0.74864,1.71,1.00
2015.01.23 09:28:03.983,0.74848,0.74864,3.64,1.00
2015.01.23 09:28:04.186,0.74848,0.74867,3.64,1.20
2015.01.23 09:28:04.389,0.7485,0.74867,2.70,1.20
2015.01.23 09:28:04.896,0.7485,0.74868,3.64,1.50
2015.01.23 09:28:05.399,0.7485,0.74868,3.64,1.00
2015.01.23 09:28:05.909,0.74852,0.74868,2.70,1.00
2015.01.23 09:28:06.416,0.74853,0.74869,1.52,1.00
2015.01.23 09:28:06.724,0.74855,0.74869,1.52,1.00
2015.01.23 09:28:06.774,0.74855,0.74872,1.52,1.00
2015.01.23 09:28:07.402,0.74855,0.74872,3.64,1.00
2015.01.23 09:28:07.706,0.74857,0.74874,1.65,1.20
2015.01.23 09:28:07.808,0.74858,0.74874,1.15,1.10
2015.01.23 09:28:07.910,0.74862,0.74876,1.00,1.10
2015.01.23 09:28:08.113,0.74861,0.74876,1.90,1.10
2015.01.23 09:28:08.316,0.74861,0.74878,1.90,1.00
2015.01.23 09:28:12.215,0.74862,0.74876,2.15,1.00
2015.01.23 09:28:12.735,0.74862,0.74876,1.46,1.00
2015.01.23 09:28:16.691,0.74861,0.74874,1.76,1.00
2015.01.23 09:28:16.745,0.74861,0.74876,1.76,1.00
2015.01.23 09:28:17.451,0.74861,0.74874,1.76,1.00
2015.01.23 09:28:17.958,0.74862,0.74875,1.01,1.00
2015.01.23 09:28:19.023,0.74862,0.74875,1.76,1.00
2015.01.23 09:28:19.346,0.74863,0.74877,3.82,1.00
2015.01.23 09:28:19.650,0.74867,0.74881,1.12,1.00
2015.01.23 09:28:19.955,0.74867,0.74881,2.25,1.00
2015.01.23 09:28:20.362,0.74866,0.74878,3.15,1.00
2015.01.23 09:28:21.967,0.74866,0.74877,2.21,1.00
2015.01.23 09:28:28.391,0.74866,0.74877,2.06,1.00
2015.01.23 09:28:29.624,0.74869,0.74884,1.62,2.77
2015.01.23 09:28:30.613,0.74869,0.74883,1.62,1.15
2015.01.23 09:28:30.816,0.74868,0.74884,1.66,1.27
2015.01.23 09:28:30.983,0.74867,0.74884,2.14,1.27
2015.01.23 09:28:31.406,0.74871,0.74886,1.37,2.77
2015.01.23 09:28:31.914,0.74871,0.74886,1.87,2.77
2015.01.23 09:28:38.075,0.74869,0.74886,2.21,1.39
2015.01.23 09:28:38.887,0.74869,0.74887,2.59,1.27
2015.01.23 09:28:41.624,0.74869,0.74887,2.21,2.10
2015.01.23 09:28:42.152,0.74869,0.74886,1.55,1.10
2015.01.23 09:28:43.110,0.74869,0.74886,4.27,1.29
2015.01.23 09:28:46.208,0.74871,0.74888,1.65,1.46
2015.01.23 09:28:46.439,0.74875,0.74888,1.00,1.20
2015.01.23 09:28:46.743,0.74879,0.74892,1.10,1.19
2015.01.23 09:28:47.047,0.74881,0.74892,1.10,1.19
2015.01.23 09:28:47.149,0.74881,0.74895,1.47,1.20
2015.01.23 09:28:47.654,0.74881,0.74893,1.10,1.00
2015.01.23 09:28:49.042,0.74879,0.74893,1.00,1.25
2015.01.23 09:28:49.550,0.74879,0.74894,1.37,1.29
2015.01.23 09:28:49.619,0.74879,0.74894,1.37,1.29
2015.01.23 09:28:50.044,0.74886,0.74894,1.00,1.29
2015.01.23 09:28:50.246,0.74889,0.74902,2.62,2.77
2015.01.23 09:28:51.259,0.74889,0.74902,2.62,1.00
2015.01.23 09:28:52.058,0.74891,0.74902,1.50,1.00
2015.01.23 09:28:52.210,0.74893,0.74907,1.37,1.15
2015.01.23 09:28:52.262,0.74897,0.74907,1.37,1.00
2015.01.23 09:28:52.769,0.74899,0.74908,1.47,1.00
2015.01.23 09:28:52.820,0.74899,0.74913,1.47,1.10
2015.01.23 09:28:53.581,0.74899,0.74913,1.47,1.10
2015.01.23 09:28:53.886,0.74899,0.74914,1.65,1.20
2015.01.23 09:28:54.494,0.74901,0.74914,1.37,1.27
2015.01.23 09:28:59.307,0.74901,0.74916,1.12,2.15
2015.01.23 09:29:00.324,0.74899,0.74914,1.37,1.35
2015.01.23 09:29:00.426,0.74899,0.74914,1.37,1.35
2015.01.23 09:29:00.632,0.74897,0.74914,1.62,1.72
2015.01.23 09:29:03.139,0.74898,0.74913,1.07,1.30
2015.01.23 09:29:03.679,0.74898,0.74914,1.07,2.21
2015.01.23 09:29:05.494,0.74897,0.74914,1.09,2.02
2015.01.23 09:29:06.002,0.74898,0.74914,1.01,1.27
2015.01.23 09:29:06.650,0.74898,0.74914,1.01,1.35
2015.01.23 09:29:07.433,0.74898,0.74914,1.01,1.27
2015.01.23 09:29:10.760,0.74898,0.74914,1.01,1.35
2015.01.23 09:29:12.154,0.74897,0.74914,1.01,1.35
2015.01.23 09:29:13.625,0.74895,0.74913,2.14,1.25
2015.01.23 09:29:14.161,0.74895,0.74913,2.21,1.10
2015.01.23 09:29:15.583,0.74898,0.74913,1.25,1.20
2015.01.23 09:29:16.129,0.74897,0.74913,1.61,1.20
2015.01.23 09:29:22.008,0.74897,0.74913,1.61,1.10
2015.01.23 09:29:29.446,0.74898,0.74913,1.25,1.10
2015.01.23 09:29:30.512,0.74898,0.74913,1.01,1.07
2015.01.23 09:29:33.526,0.74898,0.74913,1.29,1.07
2015.01.23 09:29:34.676,0.74898,0.74913,1.01,1.00
2015.01.23 09:29:36.885,0.74897,0.74913,2.06,1.00
2015.01.23 09:29:37.684,0.74897,0.74911,1.31,1.00
2015.01.23 09:29:39.042,0.74898,0.74911,1.31,1.00
2015.01.23 09:29:39.549,0.74898,0.74911,1.31,1.00
2015.01.23 09:29:42.197,0.74897,0.74911,1.69,1.00
2015.01.23 09:29:43.303,0.74898,0.7491,1.01,1.00
2015.01.23 09:29:44.407,0.74896,0.7491,1.84,1.00
2015.01.23 09:29:46.959,0.74894,0.7491,1.09,1.00
2015.01.23 09:29:47.468,0.74895,0.7491,1.34,1.00
2015.01.23 09:29:48.566,0.74895,0.7491,1.34,1.00
2015.01.23 09:29:49.597,0.74895,0.7491,1.09,1.00
2015.01.23 09:29:49.951,0.74895,0.74911,1.09,1.00
2015.01.23 09:29:50.460,0.74895,0.74911,1.09,1.00
2015.01.23 09:29:50.663,0.74895,0.74911,3.26,1.00
2015.01.23 09:29:52.398,0.74896,0.74911,1.09,1.00
2015.01.23 09:29:52.904,0.74896,0.74911,1.31,1.00
2015.01.23 09:29:54.982,0.74897,0.74911,3.26,1.00
2015.01.23 09:29:55.185,0.74902,0.74917,2.89,1.00
2015.01.23 09:29:55.642,0.74905,0.74919,1.77,1.00
2015.01.23 09:29:55.693,0.74907,0.74919,2.70,1.00
2015.01.23 09:29:55.795,0.74907,0.74921,2.70,1.00
2015.01.23 09:29:56.302,0.74906,0.74921,2.70,1.00
2015.01.23 09:29:57.111,0.74905,0.74921,3.26,1.00
2015.01.23 09:29:59.702,0.74905,0.74921,1.71,1.00
2015.01.23 09:30:00.244,0.74907,0.74921,1.17,1.00
2015.01.23 09:30:00.908,0.74907,0.74921,3.64,1.00
2015.01.23 09:30:01.215,0.7491,0.74919,1.00,1.00
2015.01.23 09:30:01.266,0.74906,0.74919,1.12,1.00
2015.01.23 09:30:01.775,0.74902,0.74918,1.69,1.00
2015.01.23 09:30:02.282,0.74902,0.74919,1.94,1.00
2015.01.23 09:30:02.434,0.74909,0.74927,1.19,1.00
2015.01.23 09:30:02.942,0.74911,0.74929,1.12,1.19
2015.01.23 09:30:03.045,0.74914,0.7493,1.00,1.00
2015.01.23 09:30:03.146,0.74917,0.74935,1.00,1.10
2015.01.23 09:30:03.248,0.74919,0.74937,1.00,1.19
2015.01.23 09:30:03.556,0.74923,0.74941,1.00,1.65
2015.01.23 09:30:03.942,0.74923,0.74941,1.19,1.00
2015.01.23 09:30:04.145,0.74921,0.74939,1.25,1.00
2015.01.23 09:30:04.196,0.74921,0.74939,1.32,1.00
2015.01.23 09:30:04.501,0.74919,0.74937,3.26,1.00
2015.01.23 09:30:05.059,0.74919,0.74937,1.34,1.00
2015.01.23 09:30:05.822,0.74919,0.74937,1.46,1.07
2015.01.23 09:30:05.874,0.74917,0.74935,1.71,1.00
2015.01.23 09:30:06.482,0.74916,0.74932,1.34,1.00
2015.01.23 09:30:06.684,0.74917,0.74935,1.34,1.00
2015.01.23 09:30:06.888,0.74915,0.7493,2.89,1.00
2015.01.23 09:30:06.990,0.7491,0.74928,1.84,1.00
2015.01.23 09:30:07.092,0.7491,0.74928,1.34,1.10
2015.01.23 09:30:07.143,0.74908,0.74926,1.71,1.00
2015.01.23 09:30:08.294,0.74908,0.74926,1.84,1.07
2015.01.23 09:30:08.800,0.74908,0.74926,1.84,1.00
2015.01.23 09:30:12.893,0.74908,0.74926,1.71,1.00
2015.01.23 09:30:13.529,0.74909,0.74926,1.34,1.00
2015.01.23 09:30:14.044,0.74909,0.74927,1.84,1.00
2015.01.23 09:30:15.839,0.74909,0.74925,1.34,1.00
2015.01.23 09:30:18.029,0.74909,0.74925,1.36,1.00
2015.01.23 09:30:18.637,0.74907,0.74922,1.71,1.00
2015.01.23 09:30:18.942,0.74905,0.74921,1.71,1.00
2015.01.23 09:30:19.448,0.74903,0.74921,3.64,1.00
2015.01.23 09:30:19.968,0.74905,0.74921,1.24,1.10
2015.01.23 09:30:20.171,0.74902,0.74919,1.09,1.00
2015.01.23 09:30:21.133,0.74902,0.74919,1.36,1.10
2015.01.23 09:30:22.008,0.74901,0.74919,1.71,1.00
2015.01.23 09:30:22.517,0.74902,0.74919,1.09,1.00
2015.01.23 09:30:22.666,0.74906,0.74922,1.10,1.10
2015.01.23 09:30:22.769,0.7491,0.74926,1.00,1.71
2015.01.23 09:30:23.344,0.74912,0.74926,1.00,1.46
2015.01.23 09:30:23.862,0.74913,0.74929,1.00,1.34
2015.01.23 09:30:24.267,0.74914,0.74929,1.00,1.34
2015.01.23 09:30:24.369,0.74912,0.74929,1.00,1.34
2015.01.23 09:30:24.875,0.74913,0.74929,1.00,1.71
2015.01.23 09:30:24.977,0.74915,0.74931,1.00,4.39
2015.01.23 09:30:25.130,0.74916,0.74932,1.00,1.34
2015.01.23 09:30:25.180,0.74919,0.74932,1.00,1.34
2015.01.23 09:30:25.231,0.74919,0.74933,1.00,1.71
2015.01.23 09:30:25.738,0.74919,0.74933,1.00,1.46
2015.01.23 09:30:26.346,0.74919,0.74933,1.00,1.34
2015.01.23 09:30:26.853,0.7492,0.74935,1.00,1.71
2015.01.23 09:30:28.854,0.7492,0.74933,1.00,1.46
2015.01.23 09:30:28.905,0.74916,0.74933,1.07,1.46
2015.01.23 09:30:28.956,0.74916,0.74931,1.00,2.81
2015.01.23 09:30:29.006,0.74913,0.7493,1.00,1.77
2015.01.23 09:30:29.057,0.74913,0.74929,1.00,2.70
2015.01.23 09:30:29.566,0.74912,0.74929,1.00,3.45
2015.01.23 09:30:30.074,0.74911,0.74929,1.00,4.39
2015.01.23 09:30:30.379,0.74913,0.74929,1.00,3.64
2015.01.23 09:30:30.430,0.74913,0.74929,1.00,1.71
2015.01.23 09:30:30.836,0.74915,0.74929,1.00,1.34
2015.01.23 09:30:31.352,0.74915,0.74931,1.00,1.71
2015.01.23 09:30:31.864,0.74914,0.7493,1.00,1.46
2015.01.23 09:30:32.168,0.74917,0.74931,1.00,1.46
2015.01.23 09:30:32.855,0.74917,0.74931,1.00,1.71
2015.01.23 09:30:33.215,0.74915,0.74931,1.00,1.46
2015.01.23 09:30:33.318,0.74917,0.74931,1.00,1.46
2015.01.23 09:30:33.875,0.74917,0.74933,1.00,3.64
2015.01.23 09:30:34.854,0.74917,0.74933,1.00,3.64
2015.01.23 09:30:38.343,0.74917,0.74927,1.00,1.00
2015.01.23 09:30:38.800,0.74916,0.74925,1.00,1.00
2015.01.23 09:30:38.952,0.74914,0.74925,1.00,1.00
2015.01.23 09:30:40.870,0.74913,0.74923,1.50,1.00
2015.01.23 09:30:41.328,0.74913,0.74922,1.00,1.17
2015.01.23 09:30:41.380,0.74911,0.74922,1.00,1.17
2015.01.23 09:30:41.887,0.74911,0.74922,1.00,1.10
2015.01.23 09:30:42.102,0.74911,0.74922,1.00,1.15
2015.01.23 09:30:42.205,0.74911,0.74922,1.00,1.10
2015.01.23 09:30:45.979,0.74913,0.74922,1.00,1.00
2015.01.23 09:30:46.839,0.74913,0.74924,1.10,1.00
2015.01.23 09:30:47.042,0.74913,0.74924,1.15,1.00
2015.01.23 09:30:47.245,0.74914,0.74925,1.10,1.00
2015.01.23 09:30:47.914,0.74914,0.74923,1.10,1.00
2015.01.23 09:30:48.118,0.7491,0.74921,1.25,1.00
2015.01.23 09:30:52.625,0.74912,0.74923,1.00,1.10
2015.01.23 09:30:54.947,0.74914,0.74924,1.00,1.00
2015.01.23 09:30:55.089,0.74912,0.74923,1.00,1.00
2015.01.23 09:30:55.706,0.74911,0.74923,1.00,1.00
2015.01.23 09:30:56.498,0.7491,0.7492,1.50,1.00
2015.01.23 09:31:01.340,0.74911,0.7492,1.00,1.00
2015.01.23 09:31:07.030,0.74912,0.74922,1.00,1.00
2015.01.23 09:31:13.977,0.74912,0.74924,1.65,1.00
2015.01.23 09:31:14.483,0.74912,0.74924,1.84,1.00
2015.01.23 09:31:14.534,0.74912,0.74924,1.84,1.00
2015.01.23 09:31:15.249,0.74912,0.74924,1.65,1.00
2015.01.23 09:31:15.858,0.74912,0.74924,1.57,1.00
2015.01.23 09:31:16.364,0.74913,0.74925,1.00,1.10
2015.01.23 09:31:16.415,0.74911,0.74922,1.00,1.00
2015.01.23 09:31:17.720,0.74914,0.74924,1.00,1.00
2015.01.23 09:31:18.323,0.74911,0.74923,1.50,1.00
2015.01.23 09:31:20.808,0.74911,0.74923,1.50,1.17
2015.01.23 09:31:21.315,0.74911,0.74923,1.50,1.15
2015.01.23 09:31:22.177,0.74911,0.74923,1.50,1.15
2015.01.23 09:31:24.749,0.74911,0.74923,1.00,1.15
2015.01.23 09:31:25.253,0.74911,0.74923,1.00,1.17
2015.01.23 09:31:26.684,0.74911,0.74923,1.00,1.15
2015.01.23 09:31:27.339,0.74908,0.7492,1.00,1.00
2015.01.23 09:31:27.390,0.74908,0.74918,1.00,1.00
2015.01.23 09:31:27.644,0.749,0.74911,1.00,1.00
2015.01.23 09:31:27.695,0.749,0.74911,1.00,1.07
2015.01.23 09:31:27.798,0.74898,0.74908,1.25,1.10
2015.01.23 09:31:27.900,0.74892,0.7491,2.14,1.15
2015.01.23 09:31:28.002,0.74892,0.7491,1.19,1.15
2015.01.23 09:31:28.104,0.74891,0.74906,1.00,1.15
2015.01.23 09:31:28.207,0.74886,0.74904,1.29,1.15
2015.01.23 09:31:28.258,0.74886,0.74904,1.29,1.15
2015.01.23 09:31:28.512,0.74886,0.74903,1.00,2.32
2015.01.23 09:31:28.615,0.74886,0.74904,1.00,1.15
2015.01.23 09:31:28.716,0.74884,0.74902,1.25,1.15
2015.01.23 09:31:28.818,0.74886,0.74903,1.00,1.15
2015.01.23 09:31:29.122,0.74884,0.74901,1.25,1.52
2015.01.23 09:31:29.427,0.74881,0.74892,1.00,1.00
2015.01.23 09:31:29.731,0.74879,0.74897,1.00,3.45
2015.01.23 09:31:30.260,0.74879,0.74896,1.00,2.70
2015.01.23 09:31:30.413,0.74879,0.74897,1.00,1.52
2015.01.23 09:31:30.929,0.74879,0.74893,1.00,1.17
2015.01.23 09:31:31.437,0.74879,0.74893,1.00,1.20
2015.01.23 09:31:32.727,0.74879,0.74893,1.00,1.09
2015.01.23 09:31:33.046,0.74879,0.74893,1.00,1.09
2015.01.23 09:31:33.148,0.74879,0.74891,1.00,1.00
2015.01.23 09:31:33.712,0.74879,0.74893,1.35,1.07
2015.01.23 09:31:34.225,0.74879,0.74893,1.00,1.15
2015.01.23 09:31:41.439,0.74879,0.74893,1.35,1.17
2015.01.23 09:31:42.248,0.74879,0.74893,1.35,1.10
2015.01.23 09:31:42.761,0.74879,0.74893,1.00,1.17
2015.01.23 09:31:43.358,0.74879,0.74893,1.35,1.10
2015.01.23 09:31:44.824,0.7488,0.74894,1.50,1.65
2015.01.23 09:31:45.129,0.74884,0.74898,1.35,1.34
2015.01.23 09:31:45.382,0.74884,0.74898,1.00,1.17
2015.01.23 09:31:45.990,0.74886,0.74898,1.00,1.17
2015.01.23 09:31:46.699,0.74886,0.749,1.00,1.36
2015.01.23 09:31:49.735,0.74884,0.749,1.10,2.21
2015.01.23 09:31:50.251,0.74884,0.749,1.00,2.96
2015.01.23 09:31:51.988,0.74884,0.74898,1.00,1.36
2015.01.23 09:31:52.496,0.74884,0.74898,1.00,1.36
2015.01.23 09:31:53.077,0.74884,0.74898,1.10,1.01
2015.01.23 09:31:53.128,0.74884,0.749,1.10,2.96
2015.01.23 09:31:54.568,0.74884,0.74897,1.00,1.84
2015.01.23 09:31:55.118,0.74884,0.74897,1.00,1.76
2015.01.23 09:31:55.701,0.74884,0.74897,1.00,1.76
2015.01.23 09:31:56.422,0.74884,0.74897,1.00,1.84
2015.01.23 09:31:58.656,0.74884,0.74897,1.00,1.84
2015.01.23 09:31:59.112,0.74881,0.74895,1.00,1.39
2015.01.23 09:31:59.163,0.74879,0.74892,1.57,1.10
2015.01.23 09:31:59.214,0.74878,0.74891,1.12,1.07
2015.01.23 09:31:59.469,0.74875,0.74889,1.12,1.27
2015.01.23 09:31:59.672,0.74872,0.74889,1.10,1.46
2015.01.23 09:31:59.723,0.74872,0.74889,1.00,1.46
2015.01.23 09:31:59.977,0.74867,0.74885,2.44,2.40
2015.01.23 09:32:00.129,0.74867,0.74883,1.25,1.17
2015.01.23 09:32:00.332,0.74864,0.74882,1.57,2.02
2015.01.23 09:32:00.434,0.74862,0.7488,1.95,2.02
2015.01.23 09:32:00.957,0.74861,0.74877,1.46,1.20
2015.01.23 09:32:01.009,0.74861,0.74877,1.39,1.17
2015.01.23 09:32:01.535,0.7486,0.74877,1.64,1.15
2015.01.23 09:32:02.058,0.7486,0.74877,1.10,1.27
2015.01.23 09:32:02.362,0.74855,0.7487,1.00,1.07
2015.01.23 09:32:02.413,0.74853,0.74868,1.25,1.07
2015.01.23 09:32:02.565,0.74851,0.74867,1.10,1.10
2015.01.23 09:32:02.617,0.74851,0.74866,1.00,1.07
2015.01.23 09:32:02.922,0.74849,0.74864,1.00,1.15
2015.01.23 09:32:03.176,0.74846,0.74864,1.01,1.27
2015.01.23 09:32:03.581,0.74848,0.74861,1.00,1.00
2015.01.23 09:32:03.887,0.74849,0.74862,1.37,1.20
2015.01.23 09:32:04.193,0.74846,0.74864,2.74,2.02
2015.01.23 09:32:04.345,0.74846,0.74859,1.05,1.07
2015.01.23 09:32:04.548,0.74844,0.74859,1.30,1.15
2015.01.23 09:32:04.650,0.74843,0.74859,2.22,1.15
2015.01.23 09:32:05.178,0.74844,0.74856,1.72,1.10
2015.01.23 09:32:05.689,0.74844,0.74859,1.72,1.15
2015.01.23 09:32:06.209,0.74844,0.74859,1.72,1.15
2015.01.23 09:32:06.729,0.74844,0.74859,1.72,1.34
2015.01.23 09:32:07.084,0.74844,0.74859,1.72,1.34
2015.01.23 09:32:07.602,0.74844,0.74859,1.72,1.34
2015.01.23 09:32:08.050,0.74842,0.74859,1.56,1.15
2015.01.23 09:32:08.152,0.74841,0.74859,1.69,1.84
2015.01.23 09:32:08.455,0.74839,0.74857,1.57,1.84
2015.01.23 09:32:08.994,0.74839,0.74857,1.65,2.21
2015.01.23 09:32:09.761,0.74839,0.74857,1.84,2.21
2015.01.23 09:32:10.218,0.7484,0.74857,2.70,1.32
2015.01.23 09:32:10.320,0.74843,0.74861,1.15,1.46
2015.01.23 09:32:10.421,0.74844,0.74861,1.52,1.01
2015.01.23 09:32:10.624,0.74847,0.74863,1.10,1.76
2015.01.23 09:32:10.675,0.74847,0.74863,1.10,1.76
2015.01.23 09:32:10.828,0.74844,0.7486,1.57,1.10
2015.01.23 09:32:10.930,0.74844,0.74859,1.07,1.00
2015.01.23 09:32:11.234,0.74844,0.7486,2.25,1.00
2015.01.23 09:32:11.791,0.74844,0.7486,2.02,1.00
2015.01.23 09:32:11.842,0.74842,0.74853,1.01,1.00
2015.01.23 09:32:11.944,0.74841,0.74852,1.37,1.47
2015.01.23 09:32:12.148,0.74834,0.7485,1.15,1.00
2015.01.23 09:32:12.249,0.74834,0.74849,1.20,1.00
2015.01.23 09:32:12.452,0.74832,0.74847,1.17,1.07
2015.01.23 09:32:12.962,0.7483,0.74848,1.65,1.36
2015.01.23 09:32:13.266,0.74829,0.74847,1.15,2.14
2015.01.23 09:32:13.672,0.74827,0.74842,3.26,1.00
2015.01.23 09:32:15.488,0.74827,0.7484,2.32,1.00
2015.01.23 09:32:15.540,0.74826,0.7484,1.17,1.00
2015.01.23 09:32:15.591,0.74824,0.74838,1.46,1.00
2015.01.23 09:32:15.642,0.74824,0.74838,1.39,1.00
2015.01.23 09:32:15.794,0.74822,0.74836,1.40,1.00
2015.01.23 09:32:16.098,0.74822,0.74834,1.32,1.00
2015.01.23 09:32:16.606,0.74821,0.74834,1.19,1.00
2015.01.23 09:32:19.564,0.74822,0.74832,1.25,1.00
2015.01.23 09:32:19.767,0.74822,0.74835,1.25,1.00
2015.01.23 09:32:19.869,0.74819,0.74832,1.29,1.00
2015.01.23 09:32:20.174,0.74819,0.7483,1.19,1.00
2015.01.23 09:32:20.225,0.74817,0.7483,1.39,1.00
2015.01.23 09:32:20.327,0.74819,0.7483,1.50,1.07
2015.01.23 09:32:20.429,0.74834,0.74839,1.60,1.00
2015.01.23 09:32:20.531,0.74836,0.74846,2.10,1.46
2015.01.23 09:32:20.632,0.74834,0.74843,1.00,1.00
2015.01.23 09:32:20.683,0.74825,0.74838,2.32,1.00
2015.01.23 09:32:20.855,0.74816,0.74831,2.25,1.00
2015.01.23 09:32:20.907,0.74816,0.74828,2.25,1.00
2015.01.23 09:32:20.959,0.74815,0.74828,1.05,1.00
2015.01.23 09:32:21.113,0.74813,0.74825,1.29,1.00
2015.01.23 09:32:21.265,0.7481,0.74825,1.39,1.00
2015.01.23 09:32:21.317,0.74808,0.74823,1.71,1.00
2015.01.23 09:32:21.626,0.74806,0.74819,1.64,1.00
2015.01.23 09:32:22.400,0.74804,0.74819,1.74,1.00
2015.01.23 09:32:24.212,0.74804,0.74817,1.31,1.00
2015.01.23 09:32:24.365,0.74802,0.74814,1.00,1.00
2015.01.23 09:32:24.517,0.74798,0.74811,1.40,1.00
2015.01.23 09:32:24.568,0.74798,0.74811,1.01,1.00
2015.01.23 09:32:24.872,0.74793,0.74811,1.39,1.15
2015.01.23 09:32:24.924,0.74791,0.74807,2.29,1.00
2015.01.23 09:32:25.280,0.74792,0.74807,1.09,1.00
2015.01.23 09:32:25.382,0.74789,0.74808,1.84,1.10
2015.01.23 09:32:25.536,0.74792,0.74808,1.09,1.00
2015.01.23 09:32:25.994,0.74794,0.74812,1.54,1.00
2015.01.23 09:32:26.045,0.74794,0.74812,1.54,1.10
2015.01.23 09:32:26.096,0.74793,0.74809,2.21,1.00
2015.01.23 09:32:26.604,0.74792,0.74805,1.01,1.00
2015.01.23 09:32:26.935,0.74789,0.74806,1.46,1.00
2015.01.23 09:32:27.139,0.7479,0.74808,1.54,1.00
2015.01.23 09:32:27.240,0.74789,0.74806,1.09,1.00
2015.01.23 09:32:28.135,0.74789,0.74806,3.26,1.00
2015.01.23 09:32:28.289,0.7479,0.74806,1.46,1.10
2015.01.23 09:32:28.340,0.7479,0.74804,1.09,1.00
2015.01.23 09:32:28.810,0.74795,0.74804,1.50,1.00
2015.01.23 09:32:28.861,0.74812,0.74817,1.60,1.00
2015.01.23 09:32:28.963,0.7481,0.74815,1.60,1.00
2015.01.23 09:32:29.014,0.74812,0.74823,1.00,1.20
2015.01.23 09:32:29.115,0.74805,0.74822,1.65,1.61
2015.01.23 09:32:29.217,0.74804,0.74816,2.32,1.00
2015.01.23 09:32:29.268,0.74795,0.74814,4.57,1.00
2015.01.23 09:32:29.319,0.74795,0.74814,3.26,1.69
2015.01.23 09:32:29.370,0.74793,0.74811,3.26,1.00
2015.01.23 09:32:29.472,0.74791,0.74807,1.34,1.00
2015.01.23 09:32:29.624,0.7479,0.74807,1.34,1.00
2015.01.23 09:32:29.726,0.7479,0.74805,1.34,1.00
2015.01.23 09:32:30.131,0.74789,0.74805,1.34,1.00
2015.01.23 09:32:30.620,0.74789,0.74805,1.34,1.00
2015.01.23 09:32:31.637,0.74789,0.74805,1.34,1.00
2015.01.23 09:32:32.864,0.74789,0.74805,1.84,1.00
2015.01.23 09:32:35.271,0.74788,0.74802,1.26,1.00
2015.01.23 09:32:35.788,0.74786,0.748,2.59,1.00
2015.01.23 09:32:36.248,0.74786,0.74799,1.66,1.00
2015.01.23 09:32:37.198,0.74787,0.74802,1.09,1.00
2015.01.23 09:32:37.300,0.7479,0.74806,1.46,1.01
2015.01.23 09:32:37.351,0.74789,0.74806,2.21,1.10
2015.01.23 09:32:37.656,0.74789,0.74804,2.21,1.00
2015.01.23 09:32:38.269,0.74789,0.74804,1.34,1.00
2015.01.23 09:32:38.422,0.74787,0.74801,1.46,1.00
2015.01.23 09:32:38.942,0.74786,0.748,1.76,1.00
2015.01.23 09:32:39.247,0.74788,0.74801,1.76,1.00
2015.01.23 09:32:39.400,0.74788,0.74804,1.36,1.10
2015.01.23 09:32:40.271,0.74788,0.74804,1.74,1.10
2015.01.23 09:32:43.362,0.74788,0.74804,2.06,1.00
2015.01.23 09:32:44.637,0.74788,0.74802,1.56,1.00
2015.01.23 09:32:44.790,0.74787,0.748,2.29,1.00
2015.01.23 09:32:45.147,0.74789,0.74804,1.30,1.17
2015.01.23 09:32:45.350,0.74789,0.74804,1.12,1.00
2015.01.23 09:32:46.647,0.7479,0.74802,1.24,1.00
2015.01.23 09:32:46.800,0.74787,0.74802,2.81,1.00
2015.01.23 09:32:46.851,0.74787,0.748,1.99,1.00
2015.01.23 09:32:47.358,0.74789,0.74801,1.61,1.00
2015.01.23 09:32:48.941,0.74789,0.74801,1.69,1.00
2015.01.23 09:32:50.212,0.74789,0.74801,1.69,1.00
2015.01.23 09:32:51.189,0.74788,0.74802,1.54,1.00
2015.01.23 09:32:51.291,0.74787,0.748,1.99,1.00
2015.01.23 09:32:51.597,0.74786,0.748,1.30,1.00
2015.01.23 09:32:51.799,0.74786,0.74801,1.15,1.00
2015.01.23 09:32:52.103,0.748,0.74807,2.25,1.00
2015.01.23 09:32:52.204,0.74805,0.74816,1.00,1.85
2015.01.23 09:32:52.357,0.74804,0.74812,1.00,1.00
2015.01.23 09:32:52.459,0.74799,0.74811,1.17,1.00
2015.01.23 09:32:52.510,0.74795,0.74806,2.32,1.00
2015.01.23 09:32:52.815,0.74787,0.74802,4.69,1.00
2015.01.23 09:32:52.866,0.74785,0.74802,2.21,1.00
2015.01.23 09:32:53.019,0.74788,0.74804,1.40,1.00
2015.01.23 09:32:53.070,0.74788,0.74804,1.40,1.00
2015.01.23 09:32:53.172,0.74788,0.74804,1.40,1.00
2015.01.23 09:32:58.405,0.74789,0.74803,1.31,1.00
2015.01.23 09:33:00.424,0.74788,0.74801,1.66,1.00
2015.01.23 09:33:00.931,0.74784,0.74801,1.71,1.00
2015.01.23 09:33:01.108,0.74786,0.74803,1.71,1.00
2015.01.23 09:33:01.210,0.74786,0.74801,1.34,1.00
2015.01.23 09:33:01.717,0.74784,0.74801,1.71,1.00
2015.01.23 09:33:02.021,0.74784,0.74799,1.46,1.00
2015.01.23 09:33:02.737,0.74785,0.74799,1.94,1.00
2015.01.23 09:33:03.274,0.74787,0.74799,1.16,1.00
2015.01.23 09:33:03.932,0.74787,0.74799,1.16,1.00
2015.01.23 09:33:04.365,0.74787,0.74799,1.16,1.00
2015.01.23 09:33:07.103,0.74786,0.74799,1.16,1.00
2015.01.23 09:33:09.745,0.74786,0.74799,1.42,1.00
2015.01.23 09:33:10.253,0.74787,0.748,1.12,1.00
2015.01.23 09:33:11.994,0.74786,0.748,1.57,1.00
2015.01.23 09:33:12.631,0.74787,0.748,1.12,1.00
2015.01.23 09:33:14.648,0.74786,0.748,1.09,1.00
2015.01.23 09:33:14.801,0.74785,0.74797,1.09,1.00
2015.01.23 09:33:14.852,0.74785,0.74797,1.10,1.00
2015.01.23 09:33:15.393,0.74781,0.74796,1.99,1.00
2015.01.23 09:33:15.445,0.74782,0.74796,1.31,1.00
2015.01.23 09:33:15.598,0.7478,0.74794,2.36,1.00
2015.01.23 09:33:16.846,0.74779,0.74794,1.09,1.00
2015.01.23 09:33:17.750,0.74779,0.74794,1.87,1.25
2015.01.23 09:33:18.259,0.74779,0.74794,4.42,1.00
2015.01.23 09:33:18.664,0.74785,0.74794,1.17,1.00
2015.01.23 09:33:18.867,0.74795,0.74806,2.25,1.00
2015.01.23 09:33:18.919,0.74795,0.74808,2.25,1.25
2015.01.23 09:33:19.246,0.74802,0.74818,2.32,1.19
2015.01.23 09:33:19.551,0.74804,0.74819,2.32,1.19
2015.01.23 09:33:19.654,0.74804,0.74819,2.32,1.00
2015.01.23 09:33:19.806,0.74809,0.74821,1.05,2.06
2015.01.23 09:33:19.908,0.7481,0.74824,1.05,1.00
2015.01.23 09:33:19.959,0.74812,0.74825,1.42,1.00
2015.01.23 09:33:20.010,0.74812,0.74827,1.50,1.09
2015.01.23 09:33:20.415,0.74815,0.74827,1.12,1.00
2015.01.23 09:33:20.517,0.74815,0.74829,1.87,1.00
2015.01.23 09:33:20.618,0.74817,0.74833,2.02,1.25
2015.01.23 09:33:20.669,0.74817,0.74833,4.20,1.25
2015.01.23 09:33:21.176,0.74818,0.74833,3.82,1.00
2015.01.23 09:33:21.429,0.74818,0.74833,2.17,1.00
2015.01.23 09:33:21.733,0.74818,0.74831,1.76,1.00
2015.01.23 09:33:22.252,0.74818,0.74831,1.76,1.00
2015.01.23 09:33:22.758,0.74817,0.7483,1.01,1.00
2015.01.23 09:33:23.428,0.74817,0.7483,1.09,1.00
2015.01.23 09:33:24.757,0.74815,0.74828,1.01,1.07
2015.01.23 09:33:25.063,0.74812,0.74823,1.86,1.15
2015.01.23 09:33:25.326,0.74812,0.74823,1.16,1.15
2015.01.23 09:33:25.478,0.74812,0.74821,1.05,1.15
2015.01.23 09:33:25.985,0.7481,0.74821,1.16,3.07
2015.01.23 09:33:26.491,0.74809,0.7482,2.47,2.32
2015.01.23 09:33:26.744,0.7481,0.74822,2.66,1.15
2015.01.23 09:33:30.004,0.74812,0.74822,2.66,1.10
2015.01.23 09:33:30.521,0.74812,0.74822,2.66,1.17
2015.01.23 09:33:34.197,0.74811,0.74822,1.16,1.10
2015.01.23 09:33:34.808,0.7481,0.74822,1.16,1.17
2015.01.23 09:33:35.113,0.74809,0.74822,1.76,1.15
2015.01.23 09:33:37.142,0.7481,0.74824,1.56,1.00
2015.01.23 09:33:37.706,0.7481,0.74824,1.91,1.00
2015.01.23 09:33:42.118,0.7481,0.74827,2.06,1.15
2015.01.23 09:33:42.219,0.74815,0.74827,1.37,1.00
2015.01.23 09:33:42.321,0.74817,0.74834,1.47,1.09
2015.01.23 09:33:42.828,0.74817,0.74834,1.10,1.09
2015.01.23 09:33:43.370,0.74816,0.74834,2.02,1.09
2015.01.23 09:33:43.421,0.74816,0.74834,2.21,1.17
2015.01.23 09:33:43.929,0.74819,0.74834,1.61,1.10
2015.01.23 09:33:44.606,0.7482,0.74834,1.66,1.00
2015.01.23 09:33:44.657,0.74821,0.74837,1.62,1.17
2015.01.23 09:33:45.112,0.74825,0.74837,1.50,1.10
2015.01.23 09:33:49.243,0.74825,0.74837,2.44,1.10
2015.01.23 09:33:49.599,0.74824,0.74839,1.31,1.40
2015.01.23 09:33:49.701,0.74824,0.74835,1.25,1.00
2015.01.23 09:33:49.752,0.7482,0.74835,1.25,1.57
2015.01.23 09:33:49.802,0.74817,0.74835,2.51,1.65
2015.01.23 09:33:50.310,0.74815,0.74832,1.76,1.17
2015.01.23 09:33:50.615,0.74815,0.74832,1.29,1.15
2015.01.23 09:33:50.666,0.74815,0.74832,1.29,1.15
2015.01.23 09:33:51.735,0.74816,0.74831,1.29,1.07
2015.01.23 09:33:52.144,0.74818,0.74831,1.50,1.07
2015.01.23 09:33:52.651,0.74818,0.74831,1.37,1.20
2015.01.23 09:33:52.853,0.74816,0.74831,1.39,1.10
2015.01.23 09:33:52.955,0.74815,0.74831,1.19,1.15
2015.01.23 09:33:53.259,0.74817,0.74832,1.91,1.17
2015.01.23 09:33:53.682,0.74819,0.74832,1.31,1.20
2015.01.23 09:33:54.279,0.74819,0.74834,1.69,1.10
2015.01.23 09:33:55.430,0.74816,0.74833,1.84,1.00
2015.01.23 09:33:55.584,0.74816,0.74833,1.09,1.01
2015.01.23 09:33:55.939,0.74815,0.74831,2.59,1.10
2015.01.23 09:33:56.446,0.74814,0.74831,1.66,1.17
2015.01.23 09:33:56.954,0.74813,0.74827,1.56,1.00
2015.01.23 09:33:57.106,0.74811,0.74827,1.19,1.17
2015.01.23 09:33:57.283,0.7481,0.74825,1.31,1.17
2015.01.23 09:33:58.053,0.74809,0.74825,1.69,1.17
2015.01.23 09:33:59.206,0.74809,0.74825,1.69,1.17
2015.01.23 09:34:01.088,0.74809,0.74825,1.69,1.17
2015.01.23 09:34:06.128,0.74809,0.74825,1.69,1.17
2015.01.23 09:34:07.113,0.74809,0.74825,1.69,1.09
2015.01.23 09:34:07.641,0.7481,0.74825,2.06,1.09
2015.01.23 09:34:08.808,0.7481,0.74825,2.89,1.00
2015.01.23 09:34:10.930,0.7481,0.74825,3.26,1.00
2015.01.23 09:34:11.604,0.7481,0.74825,2.81,1.17
2015.01.23 09:34:12.112,0.7481,0.74824,2.81,1.15
2015.01.23 09:34:12.696,0.7481,0.74824,2.81,1.10
2015.01.23 09:34:14.136,0.74809,0.74824,1.69,1.10
2015.01.23 09:34:14.441,0.74809,0.74821,1.69,1.00
2015.01.23 09:34:15.336,0.74809,0.74821,1.62,1.00
2015.01.23 09:34:15.539,0.74811,0.74824,1.12,1.10
2015.01.23 09:34:26.960,0.74809,0.74827,2.21,1.10
2015.01.23 09:34:27.485,0.74812,0.74827,1.00,1.10
2015.01.23 09:34:28.571,0.74812,0.74827,1.00,1.17
2015.01.23 09:34:29.761,0.74812,0.74827,1.00,1.20
2015.01.23 09:34:30.270,0.74812,0.74827,1.00,1.17
2015.01.23 09:34:30.371,0.74809,0.74815,1.17,1.00
2015.01.23 09:34:30.422,0.74809,0.74815,1.17,1.00
2015.01.23 09:34:30.473,0.74806,0.74817,1.47,1.00
2015.01.23 09:34:30.575,0.74804,0.74817,1.37,1.27
2015.01.23 09:34:30.627,0.74804,0.74808,1.00,1.00
2015.01.23 09:34:30.678,0.74796,0.748,1.00,1.00
2015.01.23 09:34:30.779,0.7479,0.74803,1.76,1.00
2015.01.23 09:34:30.830,0.7479,0.74799,1.76,1.00
2015.01.23 09:34:30.881,0.7479,0.74799,1.17,1.00
2015.01.23 09:34:30.982,0.74782,0.74793,1.50,1.00
2015.01.23 09:34:31.033,0.74778,0.74793,1.62,1.00
2015.01.23 09:34:31.084,0.74778,0.74793,1.81,1.00
2015.01.23 09:34:31.186,0.74786,0.748,1.12,1.10
2015.01.23 09:34:31.287,0.74787,0.74801,1.15,1.00
2015.01.23 09:34:31.338,0.7479,0.74804,1.00,1.25
2015.01.23 09:34:34.201,0.74787,0.74804,1.46,1.00
2015.01.23 09:34:35.135,0.74787,0.74804,1.46,1.00
2015.01.23 09:34:35.677,0.74787,0.74803,1.65,1.00
2015.01.23 09:34:36.557,0.74787,0.74803,1.15,1.69
2015.01.23 09:34:37.416,0.74787,0.74803,1.15,1.69
2015.01.23 09:34:38.309,0.74787,0.74803,1.15,1.69
2015.01.23 09:34:38.853,0.74787,0.74803,1.27,1.69
2015.01.23 09:34:39.875,0.74787,0.74803,1.27,1.69
2015.01.23 09:34:40.642,0.74787,0.74803,1.15,2.06
2015.01.23 09:34:41.188,0.74787,0.74803,1.15,1.19
2015.01.23 09:34:41.719,0.74787,0.74803,1.15,1.25
2015.01.23 09:34:42.228,0.74787,0.74802,1.17,1.00
2015.01.23 09:34:42.735,0.74787,0.74802,3.26,1.00
2015.01.23 09:34:42.888,0.74787,0.74804,3.26,1.31
2015.01.23 09:34:43.343,0.74788,0.74804,1.15,1.31
2015.01.23 09:34:43.870,0.74788,0.74804,1.27,1.31
2015.01.23 09:34:44.118,0.74788,0.74804,1.15,1.62
2015.01.23 09:34:44.220,0.74788,0.74804,1.10,1.39
2015.01.23 09:34:44.524,0.74784,0.74801,1.34,1.00
2015.01.23 09:34:44.831,0.74784,0.74801,1.84,1.00
2015.01.23 09:34:45.338,0.74788,0.74803,1.57,1.70
2015.01.23 09:34:45.744,0.74783,0.74798,1.44,1.00
2015.01.23 09:34:45.845,0.74781,0.74798,1.77,1.00
2015.01.23 09:34:46.796,0.7478,0.74798,1.46,1.31
2015.01.23 09:34:47.049,0.7478,0.74798,3.64,1.31
2015.01.23 09:34:47.909,0.7478,0.74798,3.64,1.31
2015.01.23 09:34:48.897,0.74781,0.74798,2.51,1.31
2015.01.23 09:34:53.854,0.74784,0.74798,2.32,1.00
2015.01.23 09:34:54.158,0.74787,0.74801,2.32,1.19
2015.01.23 09:34:54.261,0.74787,0.74802,1.10,1.19
2015.01.23 09:34:54.413,0.74784,0.748,1.27,1.25
2015.01.23 09:34:54.515,0.74785,0.74798,1.20,1.00
2015.01.23 09:34:56.251,0.74785,0.74801,2.32,1.69
2015.01.23 09:34:56.556,0.74788,0.74802,1.15,1.25
2015.01.23 09:34:57.434,0.74788,0.74805,1.15,1.69
2015.01.23 09:34:58.422,0.74788,0.74805,1.15,1.69
2015.01.23 09:34:59.862,0.74789,0.74805,2.32,1.69
2015.01.23 09:35:00.526,0.74789,0.74805,3.45,1.69
2015.01.23 09:35:00.577,0.74791,0.74807,3.07,1.69
2015.01.23 09:35:00.881,0.74795,0.74809,1.15,1.69
2015.01.23 09:35:01.416,0.74795,0.74809,1.15,1.69
2015.01.23 09:35:01.957,0.74795,0.74809,1.15,1.69
2015.01.23 09:35:05.370,0.74795,0.74809,1.15,1.69
2015.01.23 09:35:08.886,0.74795,0.74809,1.15,1.00
2015.01.23 09:35:09.434,0.74795,0.74809,3.07,1.00
2015.01.23 09:35:09.535,0.74795,0.74809,1.15,1.00
2015.01.23 09:35:10.120,0.74795,0.74809,1.15,1.00
2015.01.23 09:35:10.628,0.74798,0.74809,1.00,1.25
2015.01.23 09:35:12.575,0.74798,0.74809,1.20,1.19
2015.01.23 09:35:13.297,0.74798,0.74809,1.00,1.19
2015.01.23 09:35:13.349,0.74792,0.74799,1.34,1.50
2015.01.23 09:35:13.400,0.74792,0.74799,1.15,1.00
2015.01.23 09:35:13.451,0.74791,0.74795,1.12,1.00
2015.01.23 09:35:13.603,0.74786,0.74791,1.00,1.00
2015.01.23 09:35:13.662,0.74783,0.74791,1.00,1.00
2015.01.23 09:35:13.714,0.74779,0.74791,1.25,1.00
2015.01.23 09:35:13.917,0.74779,0.74789,1.00,1.00
2015.01.23 09:35:15.054,0.74776,0.74789,1.52,1.00
2015.01.23 09:35:15.207,0.74779,0.74794,2.02,1.25
2015.01.23 09:35:15.258,0.74779,0.74794,2.02,1.25
2015.01.23 09:35:15.562,0.74782,0.74796,1.65,1.19
2015.01.23 09:35:15.613,0.74782,0.74796,2.02,1.00
2015.01.23 09:35:15.672,0.74784,0.74796,1.52,1.00
2015.01.23 09:35:15.723,0.74785,0.748,4.87,1.25
2015.01.23 09:35:15.824,0.74787,0.74802,2.32,2.06
2015.01.23 09:35:15.977,0.74787,0.74802,3.07,1.12
2015.01.23 09:35:16.756,0.7479,0.74803,1.17,1.25
2015.01.23 09:35:17.682,0.7479,0.74803,1.00,1.25
2015.01.23 09:35:17.733,0.7479,0.74801,1.00,1.00
2015.01.23 09:35:18.621,0.74788,0.74801,1.10,1.00
2015.01.23 09:35:19.579,0.74788,0.74801,1.17,1.00
2015.01.23 09:35:21.755,0.74788,0.74801,1.00,1.00
2015.01.23 09:35:22.262,0.74788,0.748,1.00,1.00
2015.01.23 09:35:24.228,0.74786,0.748,1.17,1.00
2015.01.23 09:35:24.279,0.74786,0.74798,1.00,1.00
2015.01.23 09:35:24.583,0.74785,0.74795,1.00,1.00
2015.01.23 09:35:24.685,0.74783,0.74795,1.20,1.00
2015.01.23 09:35:25.040,0.74782,0.74792,1.00,1.00
2015.01.23 09:35:25.243,0.74779,0.7479,1.25,1.00
2015.01.23 09:35:25.549,0.74777,0.74783,1.00,1.00
2015.01.23 09:35:25.651,0.74774,0.74783,1.00,1.00
2015.01.23 09:35:25.854,0.7477,0.74782,1.25,1.00
2015.01.23 09:35:25.905,0.7477,0.74782,1.69,1.00
2015.01.23 09:35:26.006,0.74775,0.74789,1.15,1.69
2015.01.23 09:35:26.159,0.74776,0.74788,1.00,1.00
2015.01.23 09:35:26.210,0.74774,0.74788,1.00,1.00
2015.01.23 09:35:26.363,0.74774,0.74786,1.00,1.00
2015.01.23 09:35:27.071,0.74772,0.74786,1.46,1.00
2015.01.23 09:35:27.376,0.74771,0.74786,1.84,1.00
2015.01.23 09:35:28.635,0.74771,0.74786,1.84,1.00
2015.01.23 09:35:29.441,0.74771,0.74786,1.84,1.00
2015.01.23 09:35:29.945,0.74771,0.74786,1.84,1.00
2015.01.23 09:35:30.650,0.74771,0.74781,1.15,1.00
2015.01.23 09:35:30.955,0.74769,0.74783,1.84,1.00
2015.01.23 09:35:31.373,0.74771,0.74786,1.40,1.00
2015.01.23 09:35:31.831,0.74771,0.74786,1.84,1.00
2015.01.23 09:35:36.048,0.74771,0.74786,1.46,1.00
2015.01.23 09:35:36.579,0.74771,0.74786,1.46,1.00
2015.01.23 09:35:38.088,0.74773,0.74786,1.17,1.00
2015.01.23 09:35:38.606,0.7477,0.74785,1.27,1.00
2015.01.23 09:35:38.911,0.74765,0.74778,1.39,1.00
2015.01.23 09:35:39.216,0.74762,0.74775,2.21,1.00
2015.01.23 09:35:39.318,0.74762,0.74774,1.46,1.00
2015.01.23 09:35:40.772,0.7476,0.74774,1.34,1.00
2015.01.23 09:35:41.279,0.7476,0.74774,1.71,1.00
2015.01.23 09:35:41.677,0.74762,0.74774,2.32,1.00
2015.01.23 09:35:41.830,0.74764,0.74776,1.15,1.00
2015.01.23 09:35:41.932,0.74764,0.74783,1.90,2.51
2015.01.23 09:35:42.084,0.74766,0.74783,3.82,1.25
2015.01.23 09:35:42.288,0.74767,0.74786,3.82,1.69
2015.01.23 09:35:42.850,0.7477,0.74787,1.27,1.25
2015.01.23 09:35:43.357,0.74771,0.74787,1.27,1.25
2015.01.23 09:35:43.763,0.74768,0.74787,2.40,1.29
2015.01.23 09:35:44.285,0.74768,0.74784,1.27,1.00
2015.01.23 09:35:44.793,0.74768,0.74784,1.27,1.10
2015.01.23 09:35:45.309,0.74767,0.74784,1.52,1.29
2015.01.23 09:35:45.851,0.7477,0.74786,1.55,1.19
2015.01.23 09:35:46.294,0.74769,0.74786,1.46,1.31
2015.01.23 09:35:46.396,0.74766,0.74783,4.50,1.12
2015.01.23 09:35:47.607,0.74766,0.74783,4.50,1.31
2015.01.23 09:35:47.911,0.74764,0.74772,1.17,1.00
2015.01.23 09:35:48.318,0.7476,0.74772,1.15,1.00
2015.01.23 09:35:48.836,0.74759,0.74771,5.25,1.00
2015.01.23 09:35:50.127,0.74759,0.74776,5.25,1.31
2015.01.23 09:35:50.178,0.74762,0.74776,3.45,1.00
2015.01.23 09:35:50.229,0.74762,0.74781,3.45,1.69
2015.01.23 09:35:50.483,0.74766,0.74781,2.32,1.19
2015.01.23 09:35:50.637,0.74765,0.74781,1.15,1.00
2015.01.23 09:35:50.738,0.74765,0.74781,1.07,1.07
2015.01.23 09:35:51.701,0.7476,0.74779,1.09,1.95
2015.01.23 09:35:51.752,0.7476,0.74779,1.01,2.02
2015.01.23 09:35:51.803,0.7476,0.74772,1.25,1.00
2015.01.23 09:35:52.728,0.74759,0.74772,1.20,1.00
2015.01.23 09:35:54.113,0.74756,0.74768,1.47,1.45
2015.01.23 09:35:54.438,0.74753,0.74769,1.62,2.02
2015.01.23 09:35:54.640,0.74753,0.74769,1.62,2.02
2015.01.23 09:35:54.894,0.74752,0.74769,1.56,2.02
2015.01.23 09:35:56.198,0.74753,0.74769,2.32,1.57
2015.01.23 09:35:56.249,0.74753,0.74769,2.40,1.50
2015.01.23 09:35:56.757,0.74756,0.74769,1.00,1.00
2015.01.23 09:35:56.813,0.74756,0.74772,1.00,1.09
2015.01.23 09:35:57.421,0.74755,0.74772,1.20,1.09
2015.01.23 09:35:57.523,0.74755,0.74771,1.50,1.07
2015.01.23 09:36:00.036,0.74755,0.74769,1.12,1.15
2015.01.23 09:36:00.607,0.74753,0.74769,1.62,1.15
2015.01.23 09:36:02.145,0.74753,0.74769,1.62,1.15
2015.01.23 09:36:04.382,0.74755,0.74769,1.12,1.15
2015.01.23 09:36:05.618,0.74755,0.74771,1.20,2.14
2015.01.23 09:36:07.535,0.74754,0.74771,1.46,1.01
2015.01.23 09:36:08.298,0.74759,0.74771,1.00,1.10
2015.01.23 09:36:08.607,0.74762,0.74772,1.17,1.00
2015.01.23 09:36:08.709,0.74762,0.74777,1.15,1.19
2015.01.23 09:36:09.384,0.74762,0.74777,1.17,1.19
2015.01.23 09:36:09.542,0.74762,0.74777,1.17,1.25
2015.01.23 09:36:09.695,0.74762,0.74775,1.17,1.00
2015.01.23 09:36:12.201,0.74762,0.74775,1.15,1.00
2015.01.23 09:36:12.423,0.74762,0.74775,1.17,1.00
2015.01.23 09:36:16.547,0.74761,0.74775,1.15,1.25
2015.01.23 09:36:18.771,0.74761,0.74775,1.15,1.19
2015.01.23 09:36:20.804,0.74761,0.74775,1.15,1.00
2015.01.23 09:36:21.006,0.74761,0.74775,1.00,1.15
2015.01.23 09:36:22.982,0.74762,0.74778,1.00,4.01
2015.01.23 09:36:23.033,0.74762,0.74778,1.00,1.84
2015.01.23 09:36:23.539,0.74762,0.74778,1.00,1.84
2015.01.23 09:36:27.102,0.74762,0.74777,1.00,2.51
2015.01.23 09:36:27.700,0.7476,0.74777,1.00,3.64
2015.01.23 09:36:27.803,0.7476,0.74775,1.00,2.89
2015.01.23 09:36:27.905,0.74757,0.74774,1.87,2.89
2015.01.23 09:36:35.523,0.74756,0.74774,1.37,2.21
2015.01.23 09:36:37.044,0.74756,0.74774,1.62,4.39
2015.01.23 09:36:39.748,0.74756,0.74774,1.56,2.21
2015.01.23 09:36:40.268,0.74756,0.74774,1.56,4.39
2015.01.23 09:36:40.780,0.74756,0.74773,1.56,2.70
2015.01.23 09:36:41.330,0.74756,0.74774,1.62,4.39
2015.01.23 09:36:41.482,0.74759,0.74776,1.12,2.89
2015.01.23 09:36:41.584,0.74759,0.74777,1.87,1.34
2015.01.23 09:36:41.760,0.74759,0.74777,2.32,1.84
2015.01.23 09:36:42.135,0.74763,0.74777,1.00,1.34
2015.01.23 09:36:42.542,0.74763,0.74781,1.00,1.84
2015.01.23 09:36:42.644,0.74763,0.74781,1.27,2.21
2015.01.23 09:36:42.949,0.74767,0.74783,1.00,1.84
2015.01.23 09:36:48.154,0.74767,0.74781,1.00,1.09
2015.01.23 09:36:48.748,0.74767,0.74781,1.00,1.40
2015.01.23 09:36:49.306,0.74767,0.74781,1.00,1.09
2015.01.23 09:36:49.958,0.74767,0.74781,1.00,1.40
2015.01.23 09:36:50.359,0.74767,0.74783,1.65,1.84
2015.01.23 09:36:51.301,0.74767,0.74783,1.65,1.84
2015.01.23 09:36:54.207,0.74767,0.7478,1.65,1.00
2015.01.23 09:36:58.114,0.74767,0.7478,1.50,1.00
2015.01.23 09:37:05.938,0.74767,0.74781,1.50,1.00
2015.01.23 09:37:06.335,0.74767,0.74781,1.65,1.00
2015.01.23 09:37:07.258,0.74767,0.74782,1.84,1.00
2015.01.23 09:37:07.767,0.7477,0.74781,1.00,1.00
2015.01.23 09:37:14.506,0.7477,0.7478,1.00,1.00
2015.01.23 09:37:14.687,0.74767,0.7478,1.00,1.00
2015.01.23 09:37:14.992,0.74767,0.74778,1.00,1.00
2015.01.23 09:37:15.493,0.74766,0.74778,1.00,1.00
2015.01.23 09:37:16.694,0.74764,0.74775,1.32,1.00
2015.01.23 09:37:16.796,0.74763,0.74775,1.10,1.00
2015.01.23 09:37:16.847,0.74763,0.74775,1.00,1.65
2015.01.23 09:37:16.898,0.74759,0.74771,1.10,1.00
2015.01.23 09:37:17.543,0.74758,0.74771,1.00,1.00
2015.01.23 09:37:19.116,0.74758,0.74769,1.00,1.00
2015.01.23 09:37:19.420,0.74754,0.74766,2.06,1.00
2015.01.23 09:37:20.180,0.74754,0.74766,1.62,1.00
2015.01.23 09:37:23.341,0.74754,0.74765,1.62,1.00
2015.01.23 09:37:23.645,0.7475,0.74763,2.06,1.00
2015.01.23 09:37:23.899,0.7475,0.74763,1.87,1.00
2015.01.23 09:37:25.984,0.7475,0.74763,1.87,2.02
2015.01.23 09:37:26.389,0.74746,0.7476,1.65,1.00
2015.01.23 09:37:26.441,0.74746,0.7476,1.65,1.37
2015.01.23 09:37:26.492,0.74746,0.74757,1.00,1.10
2015.01.23 09:37:26.543,0.7474,0.74757,2.96,1.10
2015.01.23 09:37:26.595,0.7474,0.74754,2.59,1.00
2015.01.23 09:37:27.101,0.74739,0.74753,1.34,1.00
2015.01.23 09:37:27.716,0.74739,0.74753,1.15,1.00
2015.01.23 09:37:29.881,0.74739,0.74753,1.40,1.00
2015.01.23 09:37:30.491,0.74739,0.74753,1.25,1.00
2015.01.23 09:37:31.994,0.74739,0.7475,1.00,1.00
2015.01.23 09:37:39.072,0.74739,0.7475,1.37,1.00
2015.01.23 09:37:39.123,0.7474,0.74752,1.37,1.00
2015.01.23 09:37:40.557,0.7474,0.74755,1.74,1.00
2015.01.23 09:37:40.832,0.7474,0.74755,2.21,1.00
2015.01.23 09:37:41.157,0.74741,0.74755,1.74,1.00
2015.01.23 09:37:42.972,0.74743,0.74757,2.21,1.00
2015.01.23 09:37:43.175,0.74746,0.74762,1.57,1.07
2015.01.23 09:37:43.277,0.7475,0.74763,1.15,1.50
2015.01.23 09:37:43.481,0.74751,0.74766,1.17,1.50
2015.01.23 09:37:43.987,0.74753,0.74767,1.10,1.10
2015.01.23 09:37:44.190,0.74753,0.74764,1.00,1.00
2015.01.23 09:37:44.242,0.74751,0.74764,1.10,1.00
2015.01.23 09:37:44.496,0.74749,0.74762,1.19,1.00
2015.01.23 09:37:44.807,0.74746,0.74757,1.19,1.00
2015.01.23 09:37:44.909,0.74745,0.74757,1.31,1.00
2015.01.23 09:37:46.139,0.74744,0.74757,1.00,1.00
2015.01.23 09:37:46.894,0.74744,0.74755,1.00,1.00
2015.01.23 09:37:47.400,0.74741,0.74755,1.31,1.15
2015.01.23 09:37:48.235,0.74741,0.74755,1.12,1.15
2015.01.23 09:37:48.286,0.74741,0.74751,1.12,1.17
2015.01.23 09:37:48.691,0.74739,0.74751,1.31,1.17
2015.01.23 09:37:49.239,0.74739,0.74751,1.31,1.00
2015.01.23 09:37:49.994,0.74739,0.74751,1.62,1.00
2015.01.23 09:37:52.307,0.74739,0.74751,1.25,1.00
2015.01.23 09:37:52.410,0.74736,0.74751,1.36,1.50
2015.01.23 09:37:54.884,0.74736,0.74751,1.36,1.50
2015.01.23 09:37:55.856,0.74736,0.74751,1.36,1.50
2015.01.23 09:37:56.315,0.74736,0.74748,1.36,1.00
2015.01.23 09:37:56.997,0.74736,0.74748,1.29,1.00
2015.01.23 09:38:00.175,0.74736,0.74748,1.36,1.00
2015.01.23 09:38:01.788,0.74736,0.74748,1.39,1.00
2015.01.23 09:38:06.283,0.74736,0.7475,1.26,1.00
2015.01.23 09:38:07.407,0.74736,0.7475,1.26,1.00
2015.01.23 09:38:08.439,0.74736,0.7475,1.34,1.00
2015.01.23 09:38:09.511,0.74736,0.7475,1.36,1.00
2015.01.23 09:38:10.075,0.74736,0.74752,1.84,1.50
2015.01.23 09:38:10.126,0.74743,0.74752,1.15,1.00
2015.01.23 09:38:10.177,0.74743,0.74757,1.15,2.06
2015.01.23 09:38:10.278,0.74743,0.74757,1.17,2.81
2015.01.23 09:38:10.785,0.74743,0.74756,1.15,1.31
2015.01.23 09:38:11.343,0.74743,0.74757,1.40,2.25
2015.01.23 09:38:12.111,0.74743,0.74757,1.09,1.50
2015.01.23 09:38:12.161,0.74743,0.74755,1.01,1.00
2015.01.23 09:38:12.477,0.7474,0.7475,1.25,1.00
2015.01.23 09:38:16.181,0.74738,0.7475,1.07,1.00
2015.01.23 09:38:16.690,0.74738,0.7475,1.10,1.50
2015.01.23 09:38:17.384,0.74736,0.74749,1.15,1.00
2015.01.23 09:38:17.901,0.74736,0.74749,1.00,1.00
2015.01.23 09:38:18.565,0.74736,0.74749,1.07,1.00
2015.01.23 09:38:23.335,0.74736,0.74749,1.00,1.00
2015.01.23 09:38:25.340,0.74736,0.74749,1.00,1.57
2015.01.23 09:38:25.854,0.74736,0.74749,1.00,1.50
2015.01.23 09:38:34.789,0.74736,0.74748,1.00,1.00
2015.01.23 09:38:35.311,0.74735,0.74747,1.00,1.00
2015.01.23 09:38:35.362,0.74731,0.74744,1.25,1.00
2015.01.23 09:38:35.623,0.74731,0.74742,1.25,1.00
2015.01.23 09:38:36.867,0.74729,0.74742,1.29,1.50
2015.01.23 09:38:38.018,0.74729,0.74742,1.36,1.50
2015.01.23 09:38:40.219,0.74729,0.74742,1.29,1.50
2015.01.23 09:38:40.744,0.74729,0.74742,1.36,1.50
2015.01.23 09:38:41.416,0.74729,0.74742,1.36,1.50
2015.01.23 09:38:41.922,0.74729,0.74741,1.29,1.00
2015.01.23 09:38:43.989,0.74729,0.74741,1.01,1.07
2015.01.23 09:38:44.497,0.74729,0.74741,1.00,1.20
2015.01.23 09:38:44.828,0.74729,0.74738,1.00,1.00
2015.01.23 09:38:45.082,0.74724,0.74735,1.19,1.20
2015.01.23 09:38:45.285,0.74722,0.74735,1.62,1.65
2015.01.23 09:38:53.234,0.74722,0.74735,1.56,1.57
2015.01.23 09:38:54.720,0.74722,0.74735,1.62,1.50
2015.01.23 09:38:56.118,0.74722,0.74735,1.66,1.50
2015.01.23 09:38:59.861,0.74722,0.74735,1.56,1.00
2015.01.23 09:39:02.134,0.74722,0.74735,1.76,1.00
2015.01.23 09:39:05.698,0.74722,0.74733,1.66,1.00
2015.01.23 09:39:05.900,0.7472,0.74732,1.25,1.00
2015.01.23 09:39:05.952,0.74718,0.7473,1.37,1.00
2015.01.23 09:39:06.104,0.74717,0.7473,1.00,1.10
2015.01.23 09:39:06.155,0.74716,0.74727,1.10,1.00
2015.01.23 09:39:06.257,0.74713,0.74726,1.76,1.00
2015.01.23 09:39:06.662,0.74711,0.74726,1.76,1.00
2015.01.23 09:39:07.182,0.74711,0.74726,1.76,1.17
2015.01.23 09:39:07.849,0.74711,0.74726,1.76,1.10
2015.01.23 09:39:08.360,0.74711,0.74726,2.14,1.10
2015.01.23 09:39:10.261,0.74709,0.7472,2.14,1.00
2015.01.23 09:39:10.413,0.74709,0.7472,2.06,1.00
2015.01.23 09:39:11.364,0.74709,0.7472,1.31,1.00
2015.01.23 09:39:11.746,0.74708,0.74714,1.37,1.00
2015.01.23 09:39:11.949,0.747,0.74713,2.06,1.17
2015.01.23 09:39:12.455,0.747,0.74713,1.62,1.00
2015.01.23 09:39:14.151,0.747,0.74715,1.56,1.00
2015.01.23 09:39:15.541,0.74701,0.74715,1.76,1.00
2015.01.23 09:39:16.100,0.74701,0.74715,1.56,1.00
2015.01.23 09:39:16.353,0.74699,0.74715,1.74,1.00
2015.01.23 09:39:17.721,0.74697,0.74713,2.81,1.00
2015.01.23 09:39:18.024,0.74697,0.74711,2.21,1.00
2015.01.23 09:39:23.673,0.74697,0.7471,1.56,1.00
2015.01.23 09:39:24.179,0.74697,0.74711,2.14,1.00
2015.01.23 09:39:25.140,0.74697,0.74711,2.14,1.37
2015.01.23 09:39:25.657,0.74696,0.74711,1.56,1.20
2015.01.23 09:39:25.962,0.74696,0.74709,1.66,1.00
2015.01.23 09:39:27.096,0.74696,0.74709,2.06,1.00
2015.01.23 09:39:27.812,0.74698,0.74716,3.19,1.07
2015.01.23 09:39:28.016,0.74701,0.74716,1.71,1.00
2015.01.23 09:39:28.168,0.74704,0.7472,1.76,1.10
2015.01.23 09:39:28.219,0.74704,0.74722,2.59,1.26
2015.01.23 09:39:28.321,0.74704,0.74722,2.59,1.25
2015.01.23 09:39:28.827,0.74706,0.74725,1.34,1.76
2015.01.23 09:39:29.132,0.74709,0.74725,2.21,1.12
2015.01.23 09:39:29.374,0.74713,0.74731,1.17,1.76
2015.01.23 09:39:29.425,0.74717,0.74731,1.00,1.29
2015.01.23 09:39:29.630,0.74718,0.74734,1.40,1.00
2015.01.23 09:39:29.731,0.74729,0.74735,1.57,7.50
2015.01.23 09:39:29.935,0.74728,0.7474,1.25,1.00
2015.01.23 09:39:30.137,0.74728,0.74745,1.25,1.25
2015.01.23 09:39:30.188,0.74728,0.74745,1.25,1.25
2015.01.23 09:39:30.493,0.74736,0.74746,1.15,1.00
2015.01.23 09:39:30.999,0.74737,0.74754,1.15,1.66
2015.01.23 09:39:31.508,0.74737,0.74754,1.65,1.66
2015.01.23 09:39:31.609,0.74737,0.74754,1.15,1.29
2015.01.23 09:39:32.015,0.74739,0.74754,1.15,1.00
2015.01.23 09:39:32.117,0.74742,0.74757,1.00,1.39
2015.01.23 09:39:32.624,0.74742,0.74757,1.10,1.00
2015.01.23 09:39:33.659,0.74741,0.74757,1.84,1.00
2015.01.23 09:39:34.968,0.74744,0.74757,1.00,1.00
2015.01.23 09:39:36.294,0.74743,0.74757,1.25,1.00
2015.01.23 09:39:36.801,0.74744,0.74757,1.00,1.10
2015.01.23 09:39:37.310,0.74745,0.74758,1.00,1.17
2015.01.23 09:39:37.464,0.74743,0.74758,1.00,1.17
2015.01.23 09:39:37.819,0.74745,0.74758,1.00,1.17
2015.01.23 09:39:38.921,0.74743,0.74758,1.00,1.17
2015.01.23 09:39:39.617,0.74744,0.74757,1.00,1.10
2015.01.23 09:39:39.870,0.74746,0.74757,1.00,1.10
2015.01.23 09:39:42.227,0.74742,0.74757,1.56,1.10
2015.01.23 09:39:44.358,0.74742,0.74757,1.25,1.10
2015.01.23 09:39:45.826,0.74741,0.74757,1.29,1.15
2015.01.23 09:39:46.333,0.74741,0.74756,1.19,1.20
2015.01.23 09:39:49.303,0.7474,0.74756,1.09,1.20
2015.01.23 09:39:54.616,0.74741,0.74756,1.00,1.09
2015.01.23 09:40:01.354,0.74741,0.74755,1.00,1.00
2015.01.23 09:40:01.879,0.7474,0.74755,1.01,1.00
2015.01.23 09:40:02.383,0.7474,0.74755,1.29,1.00
2015.01.23 09:40:04.070,0.7474,0.74756,1.29,2.32
2015.01.23 09:40:04.981,0.74742,0.74756,1.15,2.44
2015.01.23 09:40:09.254,0.74741,0.74757,1.46,1.00
2015.01.23 09:40:09.792,0.74741,0.74757,1.46,1.00
2015.01.23 09:40:10.298,0.74741,0.74757,1.46,1.00
2015.01.23 09:40:10.875,0.74741,0.74757,1.34,1.00
2015.01.23 09:40:11.408,0.74741,0.74757,1.46,1.00
2015.01.23 09:40:14.350,0.74742,0.74757,1.36,1.10
2015.01.23 09:40:15.001,0.74744,0.74757,1.00,1.10
2015.01.23 09:40:17.166,0.74744,0.74756,1.00,1.00
2015.01.23 09:40:18.132,0.74744,0.74756,1.17,1.00
2015.01.23 09:40:18.655,0.74744,0.74756,1.52,1.00
2015.01.23 09:40:23.132,0.74744,0.74756,1.09,1.00
2015.01.23 09:40:23.674,0.74744,0.74756,1.09,1.00
2015.01.23 09:40:23.877,0.74742,0.74749,1.09,1.00
2015.01.23 09:40:24.384,0.74736,0.74749,1.84,1.00
2015.01.23 09:40:25.155,0.74736,0.74749,1.84,1.00
2015.01.23 09:40:25.256,0.74736,0.74749,1.84,1.00
2015.01.23 09:40:25.775,0.74736,0.74749,1.76,1.00
2015.01.23 09:40:27.249,0.74736,0.74749,1.84,1.00
2015.01.23 09:40:27.787,0.74736,0.74748,1.84,1.00
2015.01.23 09:40:29.157,0.74736,0.74748,1.76,1.00
2015.01.23 09:40:29.410,0.74733,0.74745,1.15,1.00
2015.01.23 09:40:29.461,0.74731,0.74745,2.14,1.47
2015.01.23 09:40:29.614,0.74728,0.74745,1.17,1.85
2015.01.23 09:40:30.160,0.74727,0.74745,1.84,3.07
2015.01.23 09:40:30.709,0.74727,0.74745,1.84,2.32
2015.01.23 09:40:31.372,0.74727,0.74745,1.84,2.59
2015.01.23 09:40:32.093,0.74728,0.74745,1.15,2.59
2015.01.23 09:40:32.557,0.74728,0.74745,1.17,2.21
2015.01.23 09:40:32.658,0.74728,0.74745,1.15,2.21
2015.01.23 09:40:33.173,0.74728,0.74745,1.65,1.64
2015.01.23 09:40:33.477,0.74728,0.74746,2.40,3.56
2015.01.23 09:40:33.883,0.74729,0.74745,1.15,1.25
2015.01.23 09:40:35.108,0.74733,0.74749,1.10,1.01
2015.01.23 09:40:35.975,0.74733,0.74749,1.15,1.25
2015.01.23 09:40:36.767,0.74732,0.7475,1.84,1.25
2015.01.23 09:40:37.275,0.74733,0.74751,1.15,2.81
2015.01.23 09:40:39.111,0.74732,0.7475,1.84,1.25
2015.01.23 09:40:40.022,0.74733,0.74751,1.34,2.89
2015.01.23 09:40:40.326,0.74733,0.74751,1.34,2.81
2015.01.23 09:40:40.984,0.74737,0.74751,1.15,1.19
2015.01.23 09:40:41.035,0.74737,0.74751,1.15,1.25
2015.01.23 09:40:42.106,0.74737,0.74751,4.57,1.00
2015.01.23 09:40:42.613,0.74739,0.74756,1.15,1.31
2015.01.23 09:40:43.329,0.7474,0.74756,1.15,1.50
2015.01.23 09:40:48.142,0.74741,0.74757,1.65,1.25
2015.01.23 09:40:48.649,0.7474,0.74757,1.15,1.56
2015.01.23 09:40:49.766,0.74739,0.74757,1.34,2.06
2015.01.23 09:40:51.139,0.7474,0.74757,1.15,1.31
2015.01.23 09:40:53.224,0.7474,0.74757,3.07,1.19
2015.01.23 09:40:53.736,0.7474,0.74757,1.15,1.56
2015.01.23 09:40:54.254,0.74741,0.74757,1.65,1.25
2015.01.23 09:40:54.765,0.74743,0.74757,1.15,1.25
2015.01.23 09:40:55.277,0.74743,0.74757,1.17,1.00
2015.01.23 09:40:55.879,0.74741,0.74757,1.84,1.00
2015.01.23 09:40:58.429,0.74741,0.74757,1.84,1.00
2015.01.23 09:40:59.943,0.74741,0.74757,2.21,1.00
2015.01.23 09:41:02.611,0.74743,0.74757,1.15,2.62
2015.01.23 09:41:02.915,0.74743,0.74757,1.17,1.87
2015.01.23 09:41:03.639,0.74743,0.74757,1.10,1.87
2015.01.23 09:41:04.170,0.74741,0.74755,1.15,2.06
2015.01.23 09:41:04.475,0.74741,0.74755,1.15,1.31
2015.01.23 09:41:04.982,0.74743,0.74756,1.15,1.37
2015.01.23 09:41:05.664,0.74743,0.74757,1.15,2.06
2015.01.23 09:41:06.225,0.74743,0.74757,1.17,2.06
2015.01.23 09:41:06.827,0.74743,0.74756,1.15,1.37
2015.01.23 09:41:07.938,0.74743,0.74757,1.17,2.62
2015.01.23 09:41:08.439,0.74743,0.74757,1.15,2.62
2015.01.23 09:41:08.949,0.74743,0.74757,1.15,2.62
2015.01.23 09:41:10.172,0.74743,0.74757,1.15,2.81
2015.01.23 09:41:10.686,0.74743,0.74757,1.15,2.81
2015.01.23 09:41:12.168,0.74743,0.74757,1.15,2.81
2015.01.23 09:41:21.068,0.74743,0.74757,1.01,2.62
2015.01.23 09:41:21.589,0.74743,0.74757,1.25,2.62
2015.01.23 09:41:24.158,0.74743,0.74757,1.00,2.62
2015.01.23 09:41:29.035,0.74743,0.74757,1.17,2.62
2015.01.23 09:41:35.158,0.74743,0.74755,1.17,1.37
2015.01.23 09:41:36.237,0.74743,0.74757,1.15,2.81
2015.01.23 09:41:37.252,0.74744,0.74757,1.15,2.06
2015.01.23 09:41:37.955,0.74744,0.74757,1.17,2.06
2015.01.23 09:41:38.371,0.74745,0.74759,1.37,1.95
2015.01.23 09:41:38.422,0.74749,0.74759,1.00,1.20
2015.01.23 09:41:38.932,0.74749,0.74759,1.57,1.00
2015.01.23 09:41:43.659,0.74749,0.74761,1.57,1.50
2015.01.23 09:41:47.059,0.74749,0.7476,1.57,1.00
2015.01.23 09:41:50.176,0.74749,0.74761,1.50,1.50
2015.01.23 09:41:56.078,0.74749,0.7476,2.10,1.00
2015.01.23 09:42:00.826,0.74749,0.74761,2.10,1.00
2015.01.23 09:42:01.029,0.74757,0.74769,1.10,2.62
2015.01.23 09:42:01.537,0.74757,0.74769,1.10,1.00
2015.01.23 09:42:03.588,0.74757,0.74768,1.10,1.00
2015.01.23 09:42:06.308,0.74757,0.7477,1.10,1.50
2015.01.23 09:42:06.964,0.74757,0.7477,1.07,1.50
2015.01.23 09:42:07.467,0.74757,0.7477,1.00,1.50
2015.01.23 09:42:07.986,0.74757,0.7477,1.17,1.50
2015.01.23 09:42:09.586,0.74757,0.7477,1.00,1.50
2015.01.23 09:42:14.417,0.74756,0.7477,1.84,1.50
2015.01.23 09:42:14.519,0.7476,0.74772,1.10,1.00
2015.01.23 09:42:14.620,0.7476,0.74774,1.10,1.25
2015.01.23 09:42:15.160,0.74761,0.74775,1.00,1.69
2015.01.23 09:42:15.670,0.74761,0.74775,1.00,1.50
2015.01.23 09:42:18.494,0.7476,0.74772,1.25,1.00
2015.01.23 09:42:27.915,0.74763,0.74775,1.50,1.20
2015.01.23 09:42:28.235,0.74765,0.74778,1.00,1.19
2015.01.23 09:42:28.786,0.74764,0.74778,1.00,1.76
2015.01.23 09:42:29.019,0.74764,0.74778,1.00,1.76
2015.01.23 09:42:30.191,0.74764,0.74778,1.00,1.76
2015.01.23 09:42:33.302,0.74764,0.74778,1.20,1.76
2015.01.23 09:42:33.834,0.74762,0.74777,1.65,1.00
2015.01.23 09:42:34.138,0.74762,0.74775,1.00,1.00
2015.01.23 09:42:34.465,0.74761,0.74773,1.00,1.00
2015.01.23 09:42:35.006,0.7476,0.74772,1.00,1.57
2015.01.23 09:42:35.108,0.74758,0.7477,1.25,1.00
2015.01.23 09:42:38.869,0.74756,0.74762,1.00,1.00
2015.01.23 09:42:38.971,0.74751,0.74762,1.69,1.50
2015.01.23 09:42:39.123,0.74751,0.74764,1.69,1.00
2015.01.23 09:42:39.174,0.74753,0.74764,1.00,1.00
2015.01.23 09:42:39.326,0.74753,0.74767,1.00,1.00
2015.01.23 09:42:39.832,0.74755,0.7477,1.00,2.21
2015.01.23 09:42:40.709,0.74755,0.74767,1.00,1.00
2015.01.23 09:42:41.610,0.74755,0.74767,1.29,1.00
2015.01.23 09:42:41.711,0.74757,0.74769,1.00,1.00
2015.01.23 09:42:41.813,0.74755,0.74766,1.10,1.00
2015.01.23 09:42:42.116,0.74752,0.74762,1.25,1.00
2015.01.23 09:42:42.218,0.7475,0.74762,1.50,2.25
2015.01.23 09:42:42.724,0.7475,0.74762,1.57,2.25
2015.01.23 09:42:43.256,0.74754,0.74765,1.00,1.10
2015.01.23 09:42:43.763,0.74754,0.74766,1.10,1.00
2015.01.23 09:42:45.028,0.74754,0.74761,1.01,1.00
2015.01.23 09:42:45.333,0.74752,0.74761,1.00,1.00
2015.01.23 09:42:45.842,0.74751,0.74762,1.00,1.50
2015.01.23 09:42:45.995,0.74753,0.74765,1.00,1.00
2015.01.23 09:42:46.373,0.74755,0.74765,1.00,1.00
2015.01.23 09:42:52.047,0.74757,0.74769,1.00,1.10
2015.01.23 09:42:55.551,0.74757,0.74769,1.84,1.00
2015.01.23 09:42:56.338,0.74757,0.74768,1.84,1.12
2015.01.23 09:42:56.542,0.74753,0.74763,1.50,1.00
2015.01.23 09:42:56.694,0.74754,0.74766,1.00,1.50
2015.01.23 09:42:57.151,0.74755,0.74767,1.57,1.00
2015.01.23 09:42:57.253,0.74757,0.74769,1.57,1.00
2015.01.23 09:43:02.172,0.74757,0.74769,1.57,1.00
2015.01.23 09:43:02.375,0.7476,0.74772,1.07,1.00
2015.01.23 09:43:03.915,0.74765,0.74774,1.00,1.00
2015.01.23 09:43:04.169,0.74769,0.7478,1.50,1.00
2015.01.23 09:43:04.270,0.74771,0.74783,1.00,1.00
2015.01.23 09:43:04.321,0.74772,0.74783,1.07,1.00
2015.01.23 09:43:04.827,0.74772,0.74783,1.00,1.00
2015.01.23 09:43:06.818,0.74773,0.74785,1.00,1.00
2015.01.23 09:43:08.835,0.74773,0.74783,1.00,1.00
2015.01.23 09:43:09.051,0.74771,0.74782,1.25,1.00
2015.01.23 09:43:15.958,0.74771,0.74782,1.07,1.00
2015.01.23 09:43:16.059,0.74772,0.74784,1.10,1.00
2015.01.23 09:43:26.105,0.74774,0.74784,1.00,1.00
2015.01.23 09:43:31.406,0.74772,0.74784,1.57,1.00
2015.01.23 09:43:31.456,0.74774,0.74786,1.00,1.00
2015.01.23 09:43:31.760,0.74774,0.74786,1.17,1.00
2015.01.23 09:43:32.935,0.74774,0.74786,1.00,1.00
2015.01.23 09:43:41.161,0.74773,0.74786,1.57,1.00
2015.01.23 09:43:41.770,0.74772,0.74785,1.25,1.00
2015.01.23 09:43:57.297,0.74773,0.74785,1.10,1.00
2015.01.23 09:44:05.531,0.74773,0.74785,1.00,1.47
2015.01.23 09:44:05.582,0.74773,0.74782,1.00,1.00
2015.01.23 09:44:05.734,0.74771,0.74782,1.00,1.50
2015.01.23 09:44:06.247,0.74771,0.74782,1.20,1.00
2015.01.23 09:44:08.834,0.74772,0.74785,2.70,1.00
2015.01.23 09:44:09.138,0.74777,0.74788,1.10,1.37
2015.01.23 09:44:09.640,0.74777,0.74788,1.07,1.37
2015.01.23 09:44:10.147,0.74775,0.74788,1.17,1.37
2015.01.23 09:44:10.653,0.74775,0.74788,1.15,1.37
2015.01.23 09:44:11.278,0.74775,0.74788,1.15,1.37
2015.01.23 09:44:11.912,0.74775,0.74788,1.15,1.37
2015.01.23 09:44:12.185,0.74775,0.74788,1.15,1.37
2015.01.23 09:44:12.691,0.74775,0.74788,1.15,1.37
2015.01.23 09:44:13.917,0.74777,0.7479,1.15,1.87
2015.01.23 09:44:14.468,0.74777,0.7479,1.15,1.87
2015.01.23 09:44:15.011,0.74777,0.7479,1.15,2.62
2015.01.23 09:44:15.341,0.74777,0.7479,1.15,2.25
2015.01.23 09:44:15.847,0.74779,0.7479,1.15,1.00
2015.01.23 09:44:16.404,0.74783,0.74793,1.00,1.00
2015.01.23 09:44:16.556,0.74786,0.74799,1.00,2.51
2015.01.23 09:44:16.607,0.74786,0.74799,1.10,2.51
2015.01.23 09:44:16.658,0.74788,0.74799,1.00,1.25
2015.01.23 09:44:17.587,0.74788,0.74801,1.00,1.39
2015.01.23 09:44:18.572,0.74788,0.74801,1.00,1.09
2015.01.23 09:44:21.822,0.74785,0.74798,1.54,1.00
2015.01.23 09:44:22.125,0.74784,0.74796,1.39,1.00
2015.01.23 09:44:22.676,0.74783,0.74796,1.27,1.00
2015.01.23 09:44:24.321,0.74783,0.74796,1.25,1.00
2015.01.23 09:44:24.473,0.74786,0.74799,1.00,1.00
2015.01.23 09:44:24.828,0.74787,0.748,1.17,1.25
2015.01.23 09:44:25.878,0.74787,0.748,1.15,1.00
2015.01.23 09:44:26.382,0.74787,0.748,1.09,1.00
2015.01.23 09:44:27.762,0.74787,0.748,1.15,1.00
2015.01.23 09:44:28.282,0.74787,0.748,1.17,1.00
2015.01.23 09:44:28.739,0.74787,0.74798,1.00,1.00
2015.01.23 09:44:30.404,0.74783,0.74794,1.25,1.00
2015.01.23 09:44:31.178,0.74783,0.74793,1.25,1.00
2015.01.23 09:44:31.700,0.74783,0.74793,1.25,1.00
2015.01.23 09:44:32.263,0.7478,0.7479,4.39,1.00
2015.01.23 09:44:32.466,0.74778,0.74786,1.40,1.00
2015.01.23 09:44:32.668,0.74777,0.74785,1.36,1.00
2015.01.23 09:44:32.922,0.74775,0.74784,1.16,1.00
2015.01.23 09:44:33.253,0.74776,0.74782,1.10,1.00
2015.01.23 09:44:33.781,0.74776,0.74782,1.15,1.00
2015.01.23 09:44:36.642,0.74776,0.74784,1.15,1.00
2015.01.23 09:44:36.744,0.74776,0.74784,1.15,1.00
2015.01.23 09:44:38.861,0.74776,0.74784,1.34,1.00
2015.01.23 09:44:39.705,0.74776,0.74784,1.40,1.00
2015.01.23 09:44:40.238,0.74776,0.74784,1.40,1.00
2015.01.23 09:44:43.111,0.74776,0.74784,1.34,1.00
2015.01.23 09:44:44.314,0.74776,0.74784,1.34,1.00
2015.01.23 09:44:44.841,0.74776,0.74784,1.34,1.00
2015.01.23 09:44:44.892,0.74776,0.74788,1.84,1.00
2015.01.23 09:44:44.993,0.7478,0.74788,1.40,1.00
2015.01.23 09:44:45.044,0.74782,0.7479,1.17,1.00
2015.01.23 09:44:45.095,0.74782,0.7479,1.15,1.00
2015.01.23 09:44:45.609,0.74785,0.74791,1.00,1.00
2015.01.23 09:44:46.999,0.74785,0.74794,1.00,1.00
2015.01.23 09:44:47.568,0.74785,0.74794,1.07,1.00
2015.01.23 09:44:48.176,0.74785,0.74794,1.15,1.00
2015.01.23 09:44:49.527,0.74782,0.74791,2.32,1.00
2015.01.23 09:44:49.629,0.74781,0.74789,1.10,1.00
2015.01.23 09:44:49.882,0.7478,0.74791,1.10,1.00
2015.01.23 09:44:49.984,0.74778,0.74788,2.51,1.00
2015.01.23 09:44:50.440,0.74777,0.74785,1.19,1.00
2015.01.23 09:44:50.776,0.74777,0.74785,1.25,1.00
2015.01.23 09:44:54.662,0.74775,0.74785,1.37,1.00
2015.01.23 09:44:57.247,0.74777,0.74785,1.00,1.00
2015.01.23 09:45:00.992,0.74775,0.74785,1.37,1.00
2015.01.23 09:45:02.313,0.74775,0.74785,1.25,1.00
2015.01.23 09:45:02.820,0.74773,0.74784,1.39,1.00
2015.01.23 09:45:08.175,0.7477,0.74779,1.76,1.00
2015.01.23 09:45:20.125,0.74767,0.74779,2.66,1.00
2015.01.23 09:45:20.901,0.74767,0.74777,1.91,1.00
2015.01.23 09:45:21.103,0.74764,0.74774,2.59,1.00
2015.01.23 09:45:21.257,0.74762,0.74774,1.01,1.00
2015.01.23 09:45:21.308,0.74764,0.74774,1.00,1.20
2015.01.23 09:45:21.613,0.74766,0.74773,1.00,1.00
2015.01.23 09:45:21.917,0.74755,0.74765,2.06,1.00
2015.01.23 09:45:21.967,0.74755,0.74765,1.56,1.00
2015.01.23 09:45:22.019,0.74752,0.74762,2.59,1.00
2015.01.23 09:45:22.325,0.74751,0.74758,1.56,1.00
2015.01.23 09:45:22.833,0.74751,0.74758,1.62,1.00
2015.01.23 09:45:23.087,0.74751,0.74758,1.00,1.00
2015.01.23 09:45:23.340,0.74751,0.74755,1.00,1.00
2015.01.23 09:45:23.442,0.74747,0.74753,1.00,1.00
2015.01.23 09:45:23.543,0.74745,0.74753,1.12,1.00
2015.01.23 09:45:23.645,0.74741,0.74753,1.00,1.00
2015.01.23 09:45:23.898,0.74741,0.74752,1.00,1.17
2015.01.23 09:45:23.950,0.74739,0.74752,1.00,1.17
2015.01.23 09:45:24.305,0.74735,0.74753,1.76,1.72
2015.01.23 09:45:25.068,0.74735,0.74753,1.76,1.91
2015.01.23 09:45:25.621,0.74735,0.74753,1.84,1.09
2015.01.23 09:45:26.913,0.74735,0.74747,1.84,1.00
2015.01.23 09:45:27.015,0.74733,0.74747,1.25,1.10
2015.01.23 09:45:27.521,0.74732,0.74748,1.34,1.00
2015.01.23 09:45:27.673,0.74732,0.7475,1.34,1.31
2015.01.23 09:45:28.032,0.74731,0.74749,1.84,1.07
2015.01.23 09:45:28.387,0.74731,0.74749,1.76,1.40
2015.01.23 09:45:30.100,0.74731,0.74749,1.84,1.01
2015.01.23 09:45:30.573,0.74731,0.74749,1.84,1.46
2015.01.23 09:45:30.929,0.74731,0.74744,1.00,3.45
2015.01.23 09:45:31.232,0.74725,0.74741,1.19,1.65
2015.01.23 09:45:31.436,0.74725,0.74741,1.19,1.65
2015.01.23 09:45:32.001,0.74725,0.74741,1.25,1.65
2015.01.23 09:45:33.108,0.74725,0.74741,1.19,1.65
2015.01.23 09:45:33.326,0.74738,0.74744,2.25,3.64
2015.01.23 09:45:33.529,0.74742,0.74754,1.00,3.82
2015.01.23 09:45:33.580,0.74738,0.74755,1.20,1.65
2015.01.23 09:45:33.631,0.74737,0.74755,1.77,1.47
2015.01.23 09:45:33.733,0.74734,0.7475,1.84,1.00
2015.01.23 09:45:33.885,0.74731,0.74749,1.46,1.12
2015.01.23 09:45:34.417,0.74732,0.74751,1.71,1.29
2015.01.23 09:45:34.923,0.74732,0.74751,1.71,1.36
2015.01.23 09:45:36.233,0.74732,0.74751,1.66,1.40
2015.01.23 09:45:39.227,0.74732,0.74751,1.66,1.46
2015.01.23 09:45:41.377,0.7473,0.74749,1.29,1.71
2015.01.23 09:45:41.682,0.74726,0.74742,1.36,1.00
2015.01.23 09:45:41.733,0.74725,0.74742,1.34,1.00
2015.01.23 09:45:41.835,0.74724,0.74741,1.19,1.15
2015.01.23 09:45:42.819,0.74722,0.74741,2.29,1.15
2015.01.23 09:45:43.927,0.74722,0.74741,1.74,1.15
2015.01.23 09:45:44.794,0.74722,0.74741,1.39,1.17
2015.01.23 09:45:45.812,0.74722,0.74741,1.26,2.29
2015.01.23 09:45:47.895,0.74722,0.74739,1.36,1.17
2015.01.23 09:45:49.899,0.74722,0.74739,1.46,1.17
2015.01.23 09:45:50.443,0.74722,0.74739,1.46,1.17
2015.01.23 09:45:52.554,0.74722,0.74739,1.19,1.15
2015.01.23 09:45:53.061,0.7472,0.74739,1.56,1.15
2015.01.23 09:45:53.576,0.7472,0.74739,1.39,3.82
2015.01.23 09:45:54.367,0.74719,0.74738,2.06,3.82
2015.01.23 09:45:54.521,0.74719,0.74735,2.06,1.15
2015.01.23 09:45:54.623,0.74719,0.74735,1.19,2.02
2015.01.23 09:45:55.130,0.74716,0.74734,2.14,1.15
2015.01.23 09:45:56.012,0.74716,0.74734,2.74,1.15
2015.01.23 09:45:56.367,0.74717,0.74735,1.71,1.65
2015.01.23 09:45:56.874,0.74717,0.74735,1.66,1.65
2015.01.23 09:46:03.041,0.74717,0.74735,1.66,1.15
2015.01.23 09:46:04.472,0.74717,0.74735,1.66,1.40
2015.01.23 09:46:05.637,0.74717,0.74735,1.66,1.15
2015.01.23 09:46:06.681,0.74717,0.74735,1.66,1.15
2015.01.23 09:46:07.575,0.7472,0.74735,1.85,1.15
2015.01.23 09:46:07.677,0.74722,0.74737,1.91,1.17
2015.01.23 09:46:07.778,0.74724,0.74741,1.00,1.35
2015.01.23 09:46:07.981,0.74721,0.74738,1.84,1.17
2015.01.23 09:46:08.285,0.74718,0.74734,1.29,1.10
2015.01.23 09:46:08.808,0.74718,0.74734,1.29,1.17
2015.01.23 09:46:09.316,0.74718,0.74734,1.29,1.17
2015.01.23 09:46:11.406,0.74718,0.74734,1.39,1.20
2015.01.23 09:46:13.499,0.74718,0.74734,1.39,1.20
2015.01.23 09:46:14.412,0.74718,0.74736,2.21,1.10
2015.01.23 09:46:15.509,0.74718,0.74736,2.21,1.17
2015.01.23 09:46:17.309,0.74718,0.74736,2.21,1.10
2015.01.23 09:46:17.827,0.74718,0.74736,2.21,1.17
2015.01.23 09:46:18.344,0.74718,0.74736,2.21,1.10
2015.01.23 09:46:18.859,0.74718,0.74736,2.21,1.17
2015.01.23 09:46:20.794,0.74718,0.74736,1.46,1.17
2015.01.23 09:46:24.428,0.74718,0.74736,1.34,1.17
2015.01.23 09:46:24.934,0.74718,0.74735,1.36,1.10
2015.01.23 09:46:25.440,0.74717,0.74735,1.34,1.10
2015.01.23 09:46:30.649,0.74718,0.74735,1.34,1.00
2015.01.23 09:46:31.197,0.74718,0.74736,1.84,1.09
2015.01.23 09:46:31.248,0.74718,0.74736,4.01,1.25
2015.01.23 09:46:31.553,0.74719,0.74736,1.15,1.19
2015.01.23 09:46:32.538,0.74719,0.74736,1.52,1.19
2015.01.23 09:46:35.661,0.74719,0.74736,1.77,1.25
2015.01.23 09:46:41.630,0.74719,0.74736,1.46,1.07
2015.01.23 09:46:41.783,0.74719,0.74734,1.20,1.00
2015.01.23 09:46:42.340,0.74718,0.74734,1.77,1.00
2015.01.23 09:46:44.987,0.74718,0.74734,1.15,1.25
2015.01.23 09:46:45.493,0.74718,0.74734,1.52,1.25
2015.01.23 09:46:50.147,0.74718,0.74734,1.40,1.00
2015.01.23 09:46:50.350,0.74717,0.74734,1.46,1.00
2015.01.23 09:46:50.895,0.74719,0.74736,1.07,1.76
2015.01.23 09:46:51.580,0.74719,0.74736,1.09,1.01
2015.01.23 09:46:51.783,0.74719,0.74736,1.32,1.09
2015.01.23 09:46:52.087,0.74719,0.74736,1.09,1.01
2015.01.23 09:46:53.862,0.74719,0.74736,1.39,1.07
2015.01.23 09:46:54.377,0.74719,0.74736,1.09,1.01
2015.01.23 09:46:57.993,0.7472,0.74737,1.39,1.65
2015.01.23 09:46:59.539,0.7472,0.74737,1.29,1.65
2015.01.23 09:47:00.713,0.7472,0.74736,1.29,1.10
2015.01.23 09:47:01.813,0.7472,0.74737,1.29,1.09
2015.01.23 09:47:02.576,0.7472,0.74737,1.29,1.40
2015.01.23 09:47:03.103,0.7472,0.74737,1.39,1.15
2015.01.23 09:47:04.839,0.7472,0.74737,1.19,1.15
2015.01.23 09:47:06.258,0.74719,0.74736,1.36,1.10
2015.01.23 09:47:06.360,0.74719,0.74736,1.26,1.17
2015.01.23 09:47:06.461,0.74719,0.74736,1.36,1.10
2015.01.23 09:47:07.077,0.74719,0.74736,1.36,1.10
2015.01.23 09:47:07.228,0.74719,0.74736,1.36,1.10
2015.01.23 09:47:07.431,0.74721,0.74738,1.17,2.14
2015.01.23 09:47:07.952,0.74723,0.74738,1.20,1.25
2015.01.23 09:47:08.517,0.74724,0.74739,1.10,1.00
2015.01.23 09:47:09.040,0.74724,0.74739,1.15,1.00
2015.01.23 09:47:09.496,0.74724,0.7474,1.15,1.00
2015.01.23 09:47:10.204,0.74725,0.7474,1.15,1.00
2015.01.23 09:47:10.710,0.74725,0.7474,1.40,1.00
2015.01.23 09:47:12.107,0.74725,0.7474,1.15,1.00
2015.01.23 09:47:12.489,0.74725,0.7474,1.15,1.00
2015.01.23 09:47:13.005,0.74725,0.7474,1.15,1.00
2015.01.23 09:47:16.322,0.74723,0.7474,1.15,1.00
2015.01.23 09:47:23.786,0.74722,0.74738,1.65,1.00
2015.01.23 09:47:25.036,0.74722,0.74739,1.15,1.50
2015.01.23 09:47:25.352,0.74722,0.74737,1.27,1.00
2015.01.23 09:47:27.365,0.74722,0.74737,1.15,1.00
2015.01.23 09:47:29.207,0.74721,0.74736,3.45,1.00
2015.01.23 09:47:31.463,0.74721,0.74736,1.27,1.00
2015.01.23 09:47:31.965,0.7472,0.74736,1.65,1.00
2015.01.23 09:47:32.483,0.7472,0.74736,1.15,1.50
2015.01.23 09:47:37.747,0.74719,0.74736,2.77,1.57
2015.01.23 09:47:38.419,0.74719,0.74735,2.21,1.00
2015.01.23 09:47:38.725,0.74719,0.74734,1.31,1.20
2015.01.23 09:47:38.827,0.74719,0.74733,1.31,1.57
2015.01.23 09:47:39.134,0.74718,0.74731,1.19,1.00
2015.01.23 09:47:40.121,0.74717,0.74731,1.84,1.00
2015.01.23 09:47:42.123,0.74717,0.74731,4.39,1.00
2015.01.23 09:47:50.942,0.74717,0.74731,2.21,1.00
2015.01.23 09:47:51.465,0.74716,0.74731,2.21,1.00
2015.01.23 09:47:52.759,0.74716,0.74731,2.21,1.00
2015.01.23 09:47:54.891,0.74716,0.74731,4.39,1.00
2015.01.23 09:48:03.410,0.74716,0.74731,2.21,1.00
2015.01.23 09:48:04.375,0.74716,0.74729,1.46,1.00
2015.01.23 09:48:04.527,0.74716,0.74729,1.46,1.00
2015.01.23 09:48:05.034,0.74715,0.74729,2.59,1.00
2015.01.23 09:48:05.560,0.74715,0.74729,2.59,1.00
2015.01.23 09:48:11.250,0.74716,0.74729,1.15,1.00
2015.01.23 09:48:12.545,0.74715,0.74729,1.84,1.00
2015.01.23 09:48:12.596,0.74715,0.74729,1.84,1.00
2015.01.23 09:48:13.102,0.74715,0.74726,1.09,1.00
2015.01.23 09:48:13.406,0.74707,0.74717,2.51,1.00
2015.01.23 09:48:13.610,0.74707,0.74719,1.69,1.00
2015.01.23 09:48:15.841,0.74706,0.74719,1.09,1.00
2015.01.23 09:48:16.348,0.74706,0.74719,1.50,1.00
2015.01.23 09:48:16.449,0.74706,0.74719,1.15,1.00
2015.01.23 09:48:21.420,0.74705,0.74718,2.59,1.00
2015.01.23 09:48:25.133,0.74705,0.74716,1.40,1.00
2015.01.23 09:48:25.234,0.74703,0.74716,1.36,1.00
2015.01.23 09:48:25.741,0.74701,0.74715,1.84,1.00
2015.01.23 09:48:26.267,0.74701,0.74715,1.84,1.00
2015.01.23 09:48:27.832,0.74701,0.74713,1.34,1.00
2015.01.23 09:48:29.086,0.747,0.74713,1.44,1.50
2015.01.23 09:48:29.416,0.747,0.74711,1.44,1.00
2015.01.23 09:48:35.283,0.74699,0.74711,1.46,1.50
2015.01.23 09:48:35.792,0.74701,0.74711,1.46,1.00
2015.01.23 09:48:35.995,0.747,0.74712,1.44,1.00
2015.01.23 09:48:37.371,0.747,0.74712,1.54,1.50
2015.01.23 09:48:37.879,0.747,0.74712,3.71,1.50
2015.01.23 09:48:38.795,0.74699,0.7471,1.69,1.00
2015.01.23 09:48:39.301,0.74698,0.74711,1.91,1.00
2015.01.23 09:48:42.878,0.74698,0.74711,1.91,1.00
2015.01.23 09:48:45.390,0.74698,0.74711,1.54,1.00
2015.01.23 09:48:46.216,0.74698,0.7471,1.54,1.00
2015.01.23 09:48:48.334,0.74698,0.7471,1.54,1.00
2015.01.23 09:48:49.529,0.74698,0.74709,1.46,1.00
2015.01.23 09:48:50.625,0.74698,0.74709,1.01,1.00
2015.01.23 09:48:50.836,0.74696,0.74707,2.21,1.00
2015.01.23 09:48:51.154,0.74696,0.74705,2.21,1.00
2015.01.23 09:48:51.306,0.74694,0.74705,1.56,1.50
2015.01.23 09:48:51.357,0.74693,0.74703,1.69,1.00
2015.01.23 09:48:51.662,0.74687,0.74699,1.76,1.00
2015.01.23 09:48:52.335,0.74686,0.74699,2.66,1.00
2015.01.23 09:48:52.851,0.74688,0.74699,1.29,1.50
2015.01.23 09:48:53.472,0.74687,0.74696,1.46,1.00
2015.01.23 09:48:53.624,0.74687,0.74696,1.01,1.00
2015.01.23 09:48:54.611,0.74686,0.74696,2.14,1.00
2015.01.23 09:48:55.117,0.74686,0.74697,2.06,1.00
2015.01.23 09:48:55.219,0.74686,0.74693,2.06,1.00
2015.01.23 09:48:55.270,0.74686,0.74693,1.01,1.00
2015.01.23 09:48:55.321,0.74686,0.74696,1.01,1.00
2015.01.23 09:48:55.423,0.74683,0.7469,1.66,1.00
2015.01.23 09:48:55.626,0.74682,0.74691,1.00,1.00
2015.01.23 09:48:55.728,0.74682,0.74689,1.00,1.00
2015.01.23 09:48:56.187,0.74677,0.74689,1.16,1.00
2015.01.23 09:48:56.442,0.74677,0.74685,1.25,1.00
2015.01.23 09:48:56.746,0.74677,0.74683,1.00,1.00
2015.01.23 09:48:57.271,0.74674,0.74683,1.76,1.00
2015.01.23 09:48:57.448,0.74674,0.74685,1.76,1.00
2015.01.23 09:48:57.550,0.74674,0.74687,1.76,1.00
2015.01.23 09:48:57.755,0.74675,0.74689,1.46,1.00
2015.01.23 09:48:57.857,0.74677,0.7469,1.69,1.00
2015.01.23 09:48:58.163,0.74676,0.7469,3.64,1.00
2015.01.23 09:48:58.521,0.74676,0.7469,2.89,1.00
2015.01.23 09:48:59.029,0.74676,0.74689,2.14,1.00
2015.01.23 09:48:59.182,0.74676,0.74689,2.51,1.00
2015.01.23 09:48:59.712,0.74676,0.7469,2.51,1.50
2015.01.23 09:49:01.048,0.74677,0.7469,1.76,1.50
2015.01.23 09:49:01.353,0.74676,0.7469,3.26,1.50
2015.01.23 09:49:01.560,0.74676,0.7469,2.89,1.50
2015.01.23 09:49:02.074,0.74676,0.74689,2.89,1.00
2015.01.23 09:49:02.584,0.74677,0.7469,1.01,1.00
2015.01.23 09:49:03.194,0.74677,0.7469,1.01,1.00
2015.01.23 09:49:03.409,0.74677,0.74692,2.04,1.00
2015.01.23 09:49:03.613,0.74677,0.74694,2.89,1.50
2015.01.23 09:49:05.255,0.74677,0.74693,3.94,1.00
2015.01.23 09:49:05.896,0.74677,0.74693,3.34,1.00
2015.01.23 09:49:06.456,0.74677,0.74691,2.21,1.00
2015.01.23 09:49:06.963,0.74676,0.74689,2.14,1.00
2015.01.23 09:49:07.628,0.74676,0.74689,2.06,1.50
2015.01.23 09:49:08.791,0.74676,0.74689,2.06,1.00
2015.01.23 09:49:11.492,0.74679,0.74689,1.00,1.00
2015.01.23 09:49:12.010,0.74679,0.7469,1.10,1.00
2015.01.23 09:49:12.415,0.74679,0.74692,1.10,1.50
2015.01.23 09:49:12.466,0.74679,0.74692,1.07,1.00
2015.01.23 09:49:12.871,0.74679,0.74693,1.27,1.00
2015.01.23 09:49:12.922,0.74678,0.74693,1.39,1.00
2015.01.23 09:49:12.973,0.74678,0.74691,1.39,1.00
2015.01.23 09:49:15.032,0.74676,0.7469,2.51,1.00
2015.01.23 09:49:15.410,0.74675,0.74688,1.54,1.00
2015.01.23 09:49:15.714,0.74675,0.74686,1.54,1.00
2015.01.23 09:49:16.222,0.74675,0.74687,1.54,1.00
2015.01.23 09:49:16.838,0.74675,0.74686,1.91,1.00
2015.01.23 09:49:17.354,0.74675,0.74686,1.71,1.00
2015.01.23 09:49:17.870,0.74675,0.74687,1.71,1.00
2015.01.23 09:49:18.391,0.74675,0.74688,1.84,1.12
2015.01.23 09:49:20.269,0.74675,0.74687,1.77,1.00
2015.01.23 09:49:20.843,0.74675,0.74689,1.77,1.37
2015.01.23 09:49:21.874,0.74675,0.74689,1.74,1.37
2015.01.23 09:49:22.391,0.74675,0.74689,1.71,1.37
2015.01.23 09:49:22.909,0.74675,0.74689,1.74,1.37
2015.01.23 09:49:24.793,0.74675,0.74689,2.21,1.00
2015.01.23 09:49:25.097,0.74675,0.74687,2.14,1.00
2015.01.23 09:49:25.651,0.74675,0.74687,2.21,1.00
2015.01.23 09:49:25.854,0.74675,0.74689,2.21,1.00
2015.01.23 09:49:26.324,0.74675,0.74686,2.21,1.00
2015.01.23 09:49:27.482,0.74675,0.74685,1.57,1.00
2015.01.23 09:49:27.685,0.74674,0.74687,1.01,1.50
2015.01.23 09:49:27.736,0.74672,0.74687,2.21,1.50
2015.01.23 09:49:28.410,0.74672,0.74688,1.71,1.95
2015.01.23 09:49:28.926,0.74673,0.74688,1.25,1.50
2015.01.23 09:49:29.307,0.74672,0.74682,1.84,1.00
2015.01.23 09:49:29.511,0.74672,0.74681,1.12,1.00
2015.01.23 09:49:29.562,0.74673,0.74684,1.10,1.07
2015.01.23 09:49:29.613,0.74676,0.74684,1.37,1.15
2015.01.23 09:49:29.715,0.74679,0.74688,1.00,1.52
2015.01.23 09:49:29.816,0.7468,0.74689,1.00,1.00
2015.01.23 09:49:30.590,0.7468,0.74684,1.00,1.00
2015.01.23 09:49:30.691,0.74675,0.74682,1.20,1.00
2015.01.23 09:49:31.097,0.74677,0.74687,1.00,1.00
2015.01.23 09:49:33.542,0.7468,0.74688,1.00,1.00
2015.01.23 09:49:36.036,0.74678,0.74688,1.25,1.00
2015.01.23 09:49:36.241,0.74681,0.74688,1.00,1.00
2015.01.23 09:49:36.343,0.74679,0.74687,1.00,1.00
2015.01.23 09:49:37.565,0.74672,0.74682,2.96,1.00
2015.01.23 09:49:37.666,0.74674,0.74682,1.29,1.00
2015.01.23 09:49:38.599,0.74674,0.74682,1.00,1.00
2015.01.23 09:49:42.686,0.74671,0.7468,1.01,1.00
2015.01.23 09:49:43.142,0.7467,0.74679,1.46,1.00
2015.01.23 09:49:44.735,0.7467,0.74681,1.27,2.62
2015.01.23 09:49:45.275,0.7467,0.74679,1.12,1.00
2015.01.23 09:49:45.784,0.7467,0.7468,1.12,1.12
2015.01.23 09:49:48.326,0.7467,0.74679,1.12,1.00
2015.01.23 09:49:48.883,0.7467,0.7468,1.00,1.87
2015.01.23 09:49:49.400,0.7467,0.74679,1.00,1.00
2015.01.23 09:49:49.907,0.74669,0.74679,1.00,1.00
2015.01.23 09:49:50.449,0.74669,0.7468,1.00,2.25
2015.01.23 09:49:53.636,0.74669,0.7468,1.62,1.00
2015.01.23 09:49:56.390,0.7467,0.74681,1.37,1.00
2015.01.23 09:49:56.491,0.74673,0.74681,1.00,1.00
2015.01.23 09:49:56.542,0.74673,0.74685,1.57,1.00
2015.01.23 09:49:56.593,0.74679,0.74685,1.00,1.00
2015.01.23 09:49:56.898,0.74682,0.74687,1.00,1.00
2015.01.23 09:49:56.949,0.7468,0.74687,1.00,1.00
2015.01.23 09:49:57.536,0.74679,0.74687,1.00,1.00
2015.01.23 09:49:58.045,0.74678,0.74687,1.00,1.10
2015.01.23 09:49:58.147,0.74678,0.74687,1.00,1.07
2015.01.23 09:49:58.300,0.74677,0.74687,1.00,1.10
2015.01.23 09:49:58.808,0.74677,0.74687,1.00,1.17
2015.01.23 09:49:59.442,0.74677,0.74687,1.00,1.65
2015.01.23 09:49:59.958,0.74676,0.74687,1.00,2.02
2015.01.23 09:50:00.465,0.74676,0.74684,1.00,1.27
2015.01.23 09:50:00.821,0.74673,0.74682,1.00,1.10
2015.01.23 09:50:01.328,0.74672,0.74681,1.00,1.00
2015.01.23 09:50:02.620,0.74672,0.7468,1.00,1.00
2015.01.23 09:50:05.154,0.74672,0.74679,1.00,1.00
2015.01.23 09:50:05.583,0.74671,0.74677,1.00,1.00
2015.01.23 09:50:05.634,0.74668,0.74677,1.00,1.00
2015.01.23 09:50:05.787,0.74666,0.74676,1.00,1.17
2015.01.23 09:50:06.298,0.74668,0.74676,1.00,1.17
2015.01.23 09:50:06.451,0.74665,0.74676,1.00,1.17
2015.01.23 09:50:07.439,0.74668,0.74676,1.00,1.09
2015.01.23 09:50:07.541,0.74665,0.74676,1.00,1.09
2015.01.23 09:50:10.036,0.74668,0.74676,1.00,1.09
2015.01.23 09:50:10.944,0.74669,0.74676,1.00,1.32
2015.01.23 09:50:11.249,0.74672,0.74678,1.00,1.12
2015.01.23 09:50:11.774,0.74671,0.74679,1.00,1.95
2015.01.23 09:50:16.003,0.74673,0.7468,1.00,1.37
2015.01.23 09:50:16.258,0.74682,0.74691,1.00,1.07
2015.01.23 09:50:16.309,0.74684,0.74691,1.00,1.00
2015.01.23 09:50:16.462,0.74686,0.74692,1.35,1.00
2015.01.23 09:50:16.513,0.74686,0.74698,1.42,1.82
2015.01.23 09:50:16.564,0.7469,0.74698,1.00,1.82
2015.01.23 09:50:16.666,0.74694,0.74706,1.00,2.29
2015.01.23 09:50:16.869,0.747,0.74708,1.00,1.00
2015.01.23 09:50:17.173,0.74705,0.74715,1.00,1.19
2015.01.23 09:50:17.485,0.7471,0.74719,1.00,1.19
2015.01.23 09:50:17.587,0.7471,0.74724,1.00,2.21
2015.01.23 09:50:17.638,0.74712,0.74722,1.00,1.31
2015.01.23 09:50:18.044,0.74712,0.74724,1.50,2.21
2015.01.23 09:50:18.095,0.74715,0.74724,1.00,2.21
2015.01.23 09:50:18.399,0.74718,0.74731,1.00,2.89
2015.01.23 09:50:18.501,0.74718,0.74732,1.00,1.46
2015.01.23 09:50:18.553,0.7472,0.74732,1.00,1.46
2015.01.23 09:50:18.867,0.7472,0.74732,1.00,5.81
2015.01.23 09:50:19.449,0.74719,0.74733,1.00,1.54
2015.01.23 09:50:19.502,0.74722,0.74733,1.00,1.44
2015.01.23 09:50:20.010,0.74721,0.74732,1.00,3.26
2015.01.23 09:50:20.263,0.74719,0.74732,1.00,3.64
2015.01.23 09:50:21.127,0.74712,0.74724,1.25,1.20
2015.01.23 09:50:21.178,0.74717,0.74724,1.00,1.20
2015.01.23 09:50:21.280,0.74714,0.74724,1.00,1.15
2015.01.23 09:50:21.382,0.74711,0.74723,1.00,1.52
2015.01.23 09:50:21.611,0.7471,0.74722,1.00,1.52
2015.01.23 09:50:23.051,0.7471,0.7472,1.00,2.32
2015.01.23 09:50:24.128,0.7471,0.74722,1.00,5.81
2015.01.23 09:50:24.534,0.74711,0.74723,1.00,1.15
2015.01.23 09:50:25.063,0.74712,0.74723,1.00,1.15
2015.01.23 09:50:25.317,0.74712,0.74723,1.00,1.20
2015.01.23 09:50:25.368,0.74714,0.74723,1.00,1.10
2015.01.23 09:50:25.713,0.74714,0.74725,1.00,1.65
2015.01.23 09:50:25.916,0.74711,0.74724,1.00,1.09
2015.01.23 09:50:25.967,0.74711,0.74724,1.00,1.09
2015.01.23 09:50:26.121,0.74715,0.74725,1.00,1.15
2015.01.23 09:50:26.223,0.74715,0.74725,1.00,1.17
2015.01.23 09:50:26.730,0.74715,0.74726,1.00,1.15
2015.01.23 09:50:26.934,0.74716,0.7473,1.00,2.21
2015.01.23 09:50:27.086,0.74718,0.7473,1.00,1.27
2015.01.23 09:50:27.542,0.7472,0.7473,1.00,1.27
2015.01.23 09:50:27.949,0.74721,0.74735,1.00,1.84
2015.01.23 09:50:28.102,0.74723,0.74734,1.00,1.52
2015.01.23 09:50:28.611,0.74723,0.74735,1.00,1.77
2015.01.23 09:50:31.932,0.74722,0.74735,1.00,1.57
2015.01.23 09:50:32.260,0.74719,0.7473,1.00,4.50
2015.01.23 09:50:32.362,0.74716,0.7473,1.25,4.50
2015.01.23 09:50:32.866,0.74715,0.7473,1.00,4.50
2015.01.23 09:50:36.321,0.74714,0.7473,1.00,5.06
2015.01.23 09:50:39.952,0.74714,0.74731,1.00,1.71
2015.01.23 09:50:41.821,0.74714,0.74731,1.00,3.64
2015.01.23 09:50:42.964,0.74714,0.7473,1.00,2.89
2015.01.23 09:50:43.478,0.74714,0.74731,1.00,3.64
2015.01.23 09:50:45.088,0.74714,0.74731,1.00,1.71
2015.01.23 09:50:45.595,0.74714,0.74731,1.00,3.71
2015.01.23 09:50:46.123,0.74714,0.74731,1.00,1.81
2015.01.23 09:50:46.633,0.74714,0.74731,1.00,3.71
2015.01.23 09:50:46.795,0.7472,0.74731,1.00,3.15
2015.01.23 09:50:46.897,0.74723,0.74734,1.00,2.62
2015.01.23 09:50:46.948,0.74723,0.74734,1.00,1.50
2015.01.23 09:50:47.483,0.74723,0.74735,1.00,1.20
2015.01.23 09:50:47.585,0.74721,0.74735,1.50,1.20
2015.01.23 09:50:47.687,0.74724,0.74736,1.00,1.55
2015.01.23 09:50:47.890,0.74724,0.74737,1.00,1.09
2015.01.23 09:50:48.195,0.74724,0.74739,1.00,2.89
2015.01.23 09:50:49.006,0.74724,0.74741,1.00,4.39
2015.01.23 09:50:50.622,0.74725,0.74741,1.00,3.64
2015.01.23 09:50:51.128,0.74725,0.74741,1.19,3.64
2015.01.23 09:50:51.179,0.74728,0.74741,1.00,3.64
2015.01.23 09:50:51.281,0.74728,0.74743,1.00,3.82
2015.01.23 09:50:51.332,0.7473,0.74743,1.00,3.07
2015.01.23 09:50:51.383,0.7473,0.74743,1.00,1.15
2015.01.23 09:50:54.715,0.7473,0.74746,1.00,1.84
2015.01.23 09:50:55.138,0.74732,0.74745,1.00,1.15
2015.01.23 09:50:55.240,0.74732,0.74746,1.00,1.84
2015.01.23 09:50:55.595,0.74734,0.74747,1.00,1.17
2015.01.23 09:50:56.586,0.74737,0.7475,1.00,1.15
2015.01.23 09:50:56.637,0.74737,0.74752,1.00,1.40
2015.01.23 09:50:57.156,0.74738,0.74753,1.00,3.64
2015.01.23 09:50:57.674,0.74738,0.74753,1.00,1.71
2015.01.23 09:51:00.537,0.74737,0.74752,1.00,1.09
2015.01.23 09:51:02.303,0.74739,0.74751,1.00,1.17
2015.01.23 09:51:02.844,0.74738,0.74753,1.00,1.09
2015.01.23 09:51:03.148,0.74738,0.74754,1.00,3.26
2015.01.23 09:51:08.687,0.74739,0.74751,1.00,1.17
2015.01.23 09:51:11.818,0.74739,0.7475,1.00,1.45
2015.01.23 09:51:11.869,0.74736,0.7475,1.50,1.95
2015.01.23 09:51:12.072,0.74736,0.7475,1.00,2.02
2015.01.23 09:51:13.430,0.74734,0.74748,1.50,1.55
2015.01.23 09:51:16.287,0.74733,0.74748,1.00,2.15
2015.01.23 09:51:16.833,0.74733,0.74746,1.00,1.09
2015.01.23 09:51:17.250,0.74731,0.74745,1.25,1.65
2015.01.23 09:51:17.554,0.74731,0.74744,1.00,1.15
2015.01.23 09:51:18.061,0.74729,0.74743,1.00,2.70
2015.01.23 09:51:18.377,0.74728,0.74736,1.00,1.00
2015.01.23 09:51:18.682,0.74728,0.74738,1.00,1.15
2015.01.23 09:51:18.783,0.74725,0.74738,1.00,1.15
2015.01.23 09:51:19.139,0.74723,0.74737,1.00,1.15
2015.01.23 09:51:19.240,0.74723,0.74736,1.00,2.70
2015.01.23 09:51:19.747,0.7472,0.74736,1.00,2.70
2015.01.23 09:51:20.410,0.7472,0.74735,1.00,3.07
2015.01.23 09:51:20.919,0.74719,0.74735,1.25,3.60
2015.01.23 09:51:24.609,0.74719,0.74735,1.25,1.61
2015.01.23 09:51:25.117,0.74719,0.74735,1.25,3.79
2015.01.23 09:51:25.880,0.74719,0.74734,1.00,2.32
2015.01.23 09:51:26.084,0.7472,0.74735,1.00,1.61
2015.01.23 09:51:26.793,0.7472,0.74735,1.00,1.40
2015.01.23 09:51:32.471,0.74721,0.74735,1.00,1.40
2015.01.23 09:51:33.548,0.74721,0.74738,1.00,1.71
2015.01.23 09:51:36.364,0.74721,0.74737,1.00,5.81
2015.01.23 09:51:37.404,0.7472,0.74735,1.25,1.15
2015.01.23 09:51:38.292,0.7472,0.74731,1.25,1.00
2015.01.23 09:51:38.597,0.74717,0.74731,1.25,1.65
2015.01.23 09:51:38.952,0.74716,0.74728,1.00,1.15
2015.01.23 09:51:39.054,0.74714,0.74728,1.00,1.15
2015.01.23 09:51:39.155,0.74713,0.74728,1.00,1.15
2015.01.23 09:51:39.358,0.74711,0.74727,1.25,1.15
2015.01.23 09:51:39.460,0.74711,0.74725,1.00,1.65
2015.01.23 09:51:39.967,0.7471,0.74724,1.00,1.27
2015.01.23 09:51:40.488,0.74709,0.74724,1.00,1.27
2015.01.23 09:51:40.793,0.74709,0.74723,1.00,1.84
2015.01.23 09:51:41.047,0.74707,0.74723,1.00,6.19
2015.01.23 09:51:41.148,0.74705,0.7472,1.00,1.77
2015.01.23 09:51:42.568,0.74704,0.7472,1.00,1.77
2015.01.23 09:51:43.342,0.74706,0.7472,1.00,1.71
2015.01.23 09:51:44.687,0.74706,0.7472,1.00,1.40
2015.01.23 09:51:45.304,0.74705,0.7472,1.00,1.17
2015.01.23 09:51:46.873,0.74706,0.74721,1.00,1.09
2015.01.23 09:51:47.280,0.74705,0.74719,1.00,1.52
2015.01.23 09:51:47.432,0.74703,0.74719,1.00,1.40
2015.01.23 09:51:47.939,0.74703,0.74719,1.00,1.40
2015.01.23 09:51:51.612,0.74703,0.74721,1.10,1.71
2015.01.23 09:51:52.814,0.74703,0.74721,1.00,1.71
2015.01.23 09:51:53.019,0.74703,0.74721,1.00,3.64
2015.01.23 09:51:54.146,0.74703,0.74721,1.00,1.71
2015.01.23 09:51:56.580,0.74703,0.74721,1.00,3.64
2015.01.23 09:51:57.101,0.74703,0.74721,1.00,1.71
2015.01.23 09:51:58.475,0.74705,0.74722,1.00,4.01
2015.01.23 09:51:58.982,0.74705,0.74722,1.00,1.84
2015.01.23 09:51:59.819,0.74705,0.74722,1.00,1.84
2015.01.23 09:52:00.327,0.74705,0.74722,1.00,1.71
2015.01.23 09:52:04.569,0.74705,0.74722,1.00,1.71
2015.01.23 09:52:05.679,0.74705,0.74721,1.00,1.09
2015.01.23 09:52:06.669,0.74705,0.74721,1.00,1.09
2015.01.23 09:52:07.182,0.74705,0.74722,1.00,1.09
2015.01.23 09:52:07.696,0.74706,0.74721,1.00,1.71
2015.01.23 09:52:08.214,0.74706,0.74722,1.00,1.34
2015.01.23 09:52:08.730,0.74706,0.74723,1.00,6.19
2015.01.23 09:52:09.044,0.74706,0.7471,1.00,1.00
2015.01.23 09:52:09.350,0.74701,0.74708,2.21,1.00
2015.01.23 09:52:11.022,0.74703,0.74708,1.00,1.00
2015.01.23 09:52:11.507,0.74699,0.74706,1.27,1.00
2015.01.23 09:52:16.620,0.74698,0.74704,1.16,1.00
2015.01.23 09:52:17.290,0.74703,0.74715,1.00,1.34
2015.01.23 09:52:20.132,0.74706,0.74716,1.00,1.34
2015.01.23 09:52:20.234,0.747,0.74706,2.32,1.00
2015.01.23 09:52:22.358,0.74703,0.74715,1.00,1.15
2015.01.23 09:52:23.200,0.74702,0.74706,1.25,1.00
2015.01.23 09:52:38.080,0.74701,0.74706,1.00,1.00
2015.01.23 09:52:38.181,0.747,0.74704,1.00,1.00
2015.01.23 09:52:38.730,0.74701,0.74714,1.00,1.27
2015.01.23 09:52:40.739,0.747,0.74704,1.00,1.00
2015.01.23 09:52:41.043,0.74694,0.74698,1.00,1.00
2015.01.23 09:52:41.145,0.74691,0.74696,1.25,1.00
2015.01.23 09:52:41.651,0.7469,0.74696,1.00,1.00
2015.01.23 09:52:46.149,0.74691,0.74696,1.00,1.00
2015.01.23 09:52:48.729,0.74691,0.74697,1.00,1.00
2015.01.23 09:52:49.252,0.7469,0.74697,1.25,1.00
2015.01.23 09:52:49.455,0.74689,0.74695,1.19,1.00
2015.01.23 09:52:51.992,0.74689,0.74695,1.25,1.00
2015.01.23 09:52:52.983,0.74688,0.74695,1.26,1.00
2015.01.23 09:52:57.869,0.74688,0.74695,1.26,1.00
2015.01.23 09:53:09.828,0.74688,0.74695,1.00,1.00
2015.01.23 09:53:10.133,0.74682,0.74691,1.39,1.00
2015.01.23 09:53:10.235,0.74682,0.74691,1.09,1.00
2015.01.23 09:53:10.439,0.74682,0.74688,1.09,1.00
2015.01.23 09:53:11.538,0.74678,0.74688,1.34,1.00
2015.01.23 09:53:16.281,0.74678,0.7469,1.34,1.00
2015.01.23 09:53:18.682,0.74678,0.7469,1.34,1.00
2015.01.23 09:53:18.835,0.74678,0.7469,1.34,1.00
2015.01.23 09:53:19.938,0.74678,0.7469,1.34,1.00
2015.01.23 09:53:20.475,0.74678,0.7469,1.34,1.00
2015.01.23 09:53:21.588,0.74678,0.7469,1.34,1.00
2015.01.23 09:53:22.004,0.74678,0.74688,1.40,1.00
2015.01.23 09:53:23.893,0.74678,0.74688,1.40,1.00
2015.01.23 09:53:24.433,0.74678,0.74688,1.46,1.00
2015.01.23 09:53:24.743,0.74678,0.74688,1.46,1.00
2015.01.23 09:53:24.845,0.74678,0.74688,1.46,1.00
2015.01.23 09:53:25.419,0.74678,0.74688,1.46,1.00
2015.01.23 09:53:26.219,0.74677,0.74688,1.34,1.00
2015.01.23 09:53:29.958,0.74677,0.74688,1.19,1.00
2015.01.23 09:53:30.161,0.74677,0.74685,1.19,1.00
2015.01.23 09:53:31.380,0.74677,0.74685,1.00,1.00
2015.01.23 09:53:31.743,0.74677,0.74688,1.07,1.00
2015.01.23 09:53:32.200,0.7468,0.74688,1.00,1.00
2015.01.23 09:53:32.251,0.7468,0.74691,1.15,1.00
2015.01.23 09:53:32.863,0.74681,0.74691,1.27,1.00
2015.01.23 09:53:33.702,0.74681,0.74691,1.27,1.00
2015.01.23 09:53:35.963,0.74681,0.74691,1.15,1.00
2015.01.23 09:53:37.887,0.74681,0.74693,1.15,1.00
2015.01.23 09:53:38.295,0.74681,0.74693,1.15,1.00
2015.01.23 09:53:38.818,0.74681,0.74693,1.40,1.00
2015.01.23 09:53:39.355,0.74681,0.74693,1.40,1.00
2015.01.23 09:53:41.480,0.74681,0.74693,1.46,1.00
2015.01.23 09:53:42.000,0.74681,0.74694,1.46,1.00
2015.01.23 09:53:43.184,0.74681,0.74694,1.46,1.00
2015.01.23 09:53:43.488,0.74681,0.74694,1.46,1.00
2015.01.23 09:53:44.192,0.74681,0.74694,3.45,1.00
2015.01.23 09:53:44.900,0.74683,0.74694,1.15,1.00
2015.01.23 09:53:45.717,0.74683,0.74694,1.15,1.00
2015.01.23 09:53:46.224,0.74683,0.74694,2.02,1.00
2015.01.23 09:53:46.934,0.7469,0.74697,1.00,1.00
2015.01.23 09:53:47.036,0.7469,0.74699,1.10,1.57
2015.01.23 09:53:47.189,0.74693,0.74699,1.10,1.00
2015.01.23 09:53:47.240,0.74693,0.74703,1.10,1.00
2015.01.23 09:53:47.291,0.74697,0.74706,1.00,1.12
2015.01.23 09:53:47.819,0.74696,0.74708,1.00,1.19
2015.01.23 09:53:48.627,0.74696,0.74708,1.00,1.00
2015.01.23 09:53:52.103,0.74697,0.74708,1.35,1.00
2015.01.23 09:53:52.407,0.747,0.74711,1.00,1.00
2015.01.23 09:53:52.964,0.74701,0.74711,1.00,1.00
2015.01.23 09:53:53.067,0.74702,0.74713,1.00,1.00
2015.01.23 09:53:56.393,0.74703,0.74713,1.00,1.00
2015.01.23 09:53:58.271,0.74703,0.74714,1.00,1.00
2015.01.23 09:53:58.373,0.74703,0.74712,1.00,1.00
2015.01.23 09:54:00.943,0.74701,0.74712,1.19,1.00
2015.01.23 09:54:01.467,0.747,0.74711,2.44,1.10
2015.01.23 09:54:01.900,0.747,0.74711,2.44,1.10
2015.01.23 09:54:02.206,0.747,0.74709,1.25,1.00
2015.01.23 09:54:02.359,0.74696,0.74709,1.00,1.17
2015.01.23 09:54:02.562,0.74693,0.74706,1.00,1.10
2015.01.23 09:54:03.170,0.74693,0.74703,1.00,1.00
2015.01.23 09:54:03.575,0.74691,0.74704,1.00,1.10
2015.01.23 09:54:03.696,0.74691,0.74702,1.00,1.00
2015.01.23 09:54:05.170,0.74691,0.74704,1.00,1.00
2015.01.23 09:54:05.322,0.74694,0.74704,1.00,1.00
2015.01.23 09:54:05.424,0.74694,0.74706,1.00,1.00
2015.01.23 09:54:05.993,0.74694,0.74707,1.27,1.00
2015.01.23 09:54:06.203,0.74697,0.74708,1.00,1.25
2015.01.23 09:54:06.304,0.74695,0.74708,1.00,1.69
2015.01.23 09:54:06.355,0.74695,0.74708,1.00,1.76
2015.01.23 09:54:06.659,0.74693,0.74706,1.00,2.32
2015.01.23 09:54:09.829,0.74691,0.74703,1.00,1.00
2015.01.23 09:54:09.880,0.74691,0.74703,1.00,1.07
2015.01.23 09:54:10.033,0.74692,0.74703,1.00,1.00
2015.01.23 09:54:10.540,0.74692,0.74704,1.00,1.10
2015.01.23 09:54:11.254,0.74692,0.74704,1.00,1.07
2015.01.23 09:54:11.787,0.74692,0.74704,1.00,1.00
2015.01.23 09:54:18.558,0.74692,0.74702,1.00,1.00
2015.01.23 09:54:20.339,0.74692,0.74705,1.00,1.84
2015.01.23 09:54:25.114,0.747,0.74705,1.00,1.07
2015.01.23 09:54:25.216,0.747,0.74709,1.00,1.46
2015.01.23 09:54:25.419,0.747,0.7471,1.00,1.00
2015.01.23 09:54:25.773,0.74699,0.74712,1.50,1.20
2015.01.23 09:54:25.989,0.74701,0.74714,1.00,1.40
2015.01.23 09:54:32.806,0.74702,0.74715,1.00,1.09
2015.01.23 09:54:32.907,0.74702,0.74715,1.00,1.00
2015.01.23 09:54:33.060,0.74705,0.74716,1.00,1.12
2015.01.23 09:54:33.388,0.74708,0.74721,1.00,1.15
2015.01.23 09:54:33.490,0.74708,0.74721,1.00,1.57
2015.01.23 09:54:33.541,0.74708,0.74719,1.00,2.25
2015.01.23 09:54:33.592,0.74705,0.74716,1.00,1.15
2015.01.23 09:54:33.694,0.74703,0.74716,1.00,1.15
2015.01.23 09:54:33.898,0.74701,0.74714,1.20,1.17
2015.01.23 09:54:34.411,0.74701,0.74714,1.00,1.10
2015.01.23 09:54:35.090,0.74701,0.74714,1.00,1.07
2015.01.23 09:54:35.597,0.74702,0.74713,1.00,1.00
2015.01.23 09:54:35.904,0.74704,0.74717,1.00,1.10
2015.01.23 09:54:36.209,0.74706,0.74719,1.00,2.14
2015.01.23 09:54:36.716,0.74707,0.7472,1.00,1.10
2015.01.23 09:54:40.513,0.74705,0.74718,1.32,1.00
2015.01.23 09:54:41.021,0.74705,0.74718,1.25,1.57
2015.01.23 09:54:41.326,0.74706,0.74718,1.00,1.57
2015.01.23 09:54:41.428,0.74716,0.74722,1.00,1.15
2015.01.23 09:54:41.529,0.74714,0.74726,1.50,2.70
2015.01.23 09:54:41.580,0.74714,0.74727,1.00,2.25
2015.01.23 09:54:41.733,0.7471,0.74723,1.00,1.10
2015.01.23 09:54:41.836,0.7471,0.74723,1.00,1.15
2015.01.23 09:54:42.040,0.74708,0.74722,1.00,1.10
2015.01.23 09:54:42.496,0.7471,0.74723,1.00,1.17
2015.01.23 09:54:44.499,0.74707,0.74723,1.37,1.17
2015.01.23 09:54:44.550,0.74707,0.74722,1.37,1.15
2015.01.23 09:54:44.803,0.74705,0.74721,1.25,1.65
2015.01.23 09:54:45.333,0.74705,0.7472,1.25,1.15
2015.01.23 09:54:45.640,0.74705,0.7472,1.17,1.00
2015.01.23 09:54:47.631,0.74705,0.7472,1.10,1.07
2015.01.23 09:54:48.256,0.74705,0.7472,1.00,1.40
2015.01.23 09:54:48.357,0.74703,0.74719,1.25,1.15
2015.01.23 09:54:48.763,0.74704,0.74717,1.00,1.15
2015.01.23 09:54:52.573,0.74704,0.74717,1.10,1.00
2015.01.23 09:54:52.675,0.74704,0.74717,3.45,1.00
2015.01.23 09:54:52.827,0.74706,0.74719,1.15,1.25
2015.01.23 09:54:53.283,0.74708,0.74721,1.15,1.10
2015.01.23 09:54:53.334,0.74708,0.74721,1.15,1.00
2015.01.23 09:54:53.435,0.74712,0.74723,1.07,1.00
2015.01.23 09:54:54.473,0.74712,0.74723,1.15,1.00
2015.01.23 09:54:54.524,0.74712,0.74725,1.15,1.20
2015.01.23 09:54:54.575,0.74712,0.74725,1.15,1.20
2015.01.23 09:54:56.037,0.74712,0.74725,1.09,1.12
2015.01.23 09:54:56.668,0.74712,0.74725,1.01,1.12
2015.01.23 09:55:04.349,0.74712,0.74724,1.10,1.50
2015.01.23 09:55:04.400,0.74712,0.74724,1.10,1.87
2015.01.23 09:55:04.947,0.74711,0.74721,1.00,1.87
2015.01.23 09:55:05.252,0.74708,0.74721,1.00,2.62
2015.01.23 09:55:06.518,0.74708,0.74721,1.00,2.70
2015.01.23 09:55:07.024,0.74708,0.74721,1.10,2.70
2015.01.23 09:55:07.822,0.74708,0.7472,1.10,1.00
2015.01.23 09:55:08.126,0.74708,0.74719,1.00,1.95
2015.01.23 09:55:08.228,0.74702,0.74714,1.29,1.87
2015.01.23 09:55:08.381,0.74706,0.74714,1.00,1.00
2015.01.23 09:55:08.483,0.74707,0.7472,1.50,1.65
2015.01.23 09:55:08.585,0.74709,0.74722,1.00,1.57
2015.01.23 09:55:08.686,0.74709,0.74722,1.00,1.20
2015.01.23 09:55:08.889,0.74712,0.74725,1.00,1.76
2015.01.23 09:55:08.941,0.74712,0.74725,1.00,1.00
2015.01.23 09:55:08.992,0.74715,0.74728,1.00,2.21
2015.01.23 09:55:09.296,0.74717,0.7473,1.10,1.19
2015.01.23 09:55:09.348,0.74717,0.7473,1.10,1.25
2015.01.23 09:55:09.449,0.74719,0.74732,1.00,1.29
2015.01.23 09:55:09.551,0.74719,0.74732,1.00,1.10
2015.01.23 09:55:09.906,0.74722,0.74735,1.00,1.39
2015.01.23 09:55:10.446,0.74722,0.74735,1.00,1.29
2015.01.23 09:55:11.644,0.74722,0.74735,1.00,1.10
2015.01.23 09:55:19.245,0.74721,0.74732,1.00,1.00
2015.01.23 09:55:20.887,0.74719,0.74732,1.00,1.00
2015.01.23 09:55:27.177,0.74721,0.74732,1.00,1.00
2015.01.23 09:55:29.808,0.74722,0.74735,1.00,1.10
2015.01.23 09:55:31.154,0.74722,0.74735,1.17,1.00
2015.01.23 09:55:31.407,0.74723,0.74735,1.36,1.00
2015.01.23 09:55:31.459,0.74724,0.74737,1.40,1.00
2015.01.23 09:55:31.561,0.74727,0.7474,1.00,1.57
2015.01.23 09:55:31.612,0.74727,0.7474,1.32,1.10
2015.01.23 09:55:31.663,0.74729,0.74742,1.17,1.10
2015.01.23 09:55:31.866,0.74729,0.74742,1.15,1.00
2015.01.23 09:55:32.170,0.74728,0.74743,1.36,1.12
2015.01.23 09:55:32.620,0.74728,0.7474,1.20,1.00
2015.01.23 09:55:32.924,0.74726,0.7474,1.17,1.72
2015.01.23 09:55:33.583,0.74726,0.74731,1.17,1.00
2015.01.23 09:55:33.736,0.7472,0.74731,1.15,1.37
2015.01.23 09:55:33.838,0.7472,0.74729,1.07,1.37
2015.01.23 09:55:33.889,0.74716,0.74729,3.00,1.37
2015.01.23 09:55:33.941,0.74716,0.74727,1.00,1.37
2015.01.23 09:55:34.043,0.74714,0.74724,1.09,1.00
2015.01.23 09:55:34.195,0.74722,0.74732,1.00,1.10
2015.01.23 09:55:34.296,0.74723,0.74736,1.10,2.06
2015.01.23 09:55:34.828,0.74723,0.74733,1.10,1.12
2015.01.23 09:55:35.032,0.74719,0.74732,1.31,1.60
2015.01.23 09:55:35.083,0.74719,0.74732,1.31,2.47
2015.01.23 09:55:35.184,0.74718,0.7473,1.00,1.37
2015.01.23 09:55:35.387,0.74718,0.7473,1.00,1.62
2015.01.23 09:55:35.844,0.74715,0.74726,1.00,1.47
2015.01.23 09:55:35.946,0.74712,0.74721,1.00,1.12
2015.01.23 09:55:36.098,0.74712,0.74725,1.00,1.12
2015.01.23 09:55:36.200,0.74714,0.74727,1.00,1.64
2015.01.23 09:55:36.809,0.74714,0.74724,1.00,1.37
2015.01.23 09:55:36.961,0.74708,0.74721,2.21,1.12
2015.01.23 09:55:37.063,0.74708,0.74721,1.01,1.37
2015.01.23 09:55:37.367,0.74707,0.7472,1.07,1.37
2015.01.23 09:55:37.898,0.74707,0.7472,1.00,1.45
2015.01.23 09:55:38.151,0.74705,0.74718,1.00,1.52
2015.01.23 09:55:41.652,0.74705,0.74718,1.07,1.37
2015.01.23 09:55:42.160,0.74705,0.74718,1.20,1.37
2015.01.23 09:55:46.783,0.74705,0.74718,1.17,1.37
2015.01.23 09:55:46.835,0.74705,0.74718,1.17,1.12
2015.01.23 09:55:47.356,0.74707,0.7472,1.10,1.62
2015.01.23 09:55:47.822,0.74707,0.7472,1.10,1.25
2015.01.23 09:55:47.924,0.7471,0.74721,1.00,2.06
2015.01.23 09:55:48.332,0.7471,0.74723,1.10,1.00
2015.01.23 09:55:50.593,0.7471,0.74723,1.29,1.00
2015.01.23 09:55:53.553,0.7471,0.74723,1.10,1.00
2015.01.23 09:55:55.528,0.7471,0.74723,1.17,1.00
2015.01.23 09:55:56.049,0.7471,0.74723,1.20,1.00
2015.01.23 09:55:56.561,0.7471,0.74723,1.39,1.00
2015.01.23 09:55:58.387,0.7471,0.74723,1.25,1.10
2015.01.23 09:56:05.964,0.7471,0.74723,1.00,1.07
2015.01.23 09:56:06.478,0.74708,0.74721,1.19,1.07
2015.01.23 09:56:06.989,0.74708,0.74721,1.00,1.07
2015.01.23 09:56:07.999,0.74708,0.74721,1.00,1.10
2015.01.23 09:56:08.410,0.74708,0.74721,1.00,1.15
2015.01.23 09:56:08.917,0.74707,0.74718,1.00,1.15
2015.01.23 09:56:09.374,0.74704,0.74717,1.69,1.15
2015.01.23 09:56:09.425,0.74704,0.74717,1.69,1.15
2015.01.23 09:56:09.936,0.74704,0.74717,1.69,1.15
2015.01.23 09:56:10.532,0.74704,0.74717,1.00,1.27
2015.01.23 09:56:10.634,0.74704,0.74717,1.00,1.27
2015.01.23 09:56:11.181,0.74703,0.74715,1.05,1.10
2015.01.23 09:56:11.908,0.74702,0.74715,2.29,1.10
2015.01.23 09:56:12.115,0.74702,0.74715,2.29,1.10
2015.01.23 09:56:12.318,0.74702,0.74715,2.29,1.10
2015.01.23 09:56:13.009,0.74702,0.74715,2.29,1.15
2015.01.23 09:56:13.638,0.74702,0.74715,2.29,1.10
2015.01.23 09:56:14.639,0.74702,0.74715,2.29,1.17
2015.01.23 09:56:14.878,0.74702,0.74715,1.69,1.17
2015.01.23 09:56:15.142,0.74702,0.74715,1.00,1.10
2015.01.23 09:56:15.193,0.74702,0.74715,1.00,1.17
2015.01.23 09:56:15.700,0.74701,0.74714,2.29,1.07
2015.01.23 09:56:15.751,0.74701,0.74714,2.29,1.10
2015.01.23 09:56:16.837,0.74701,0.74714,2.29,1.15
2015.01.23 09:56:17.345,0.74701,0.74714,2.29,1.10
2015.01.23 09:56:17.960,0.74701,0.74714,2.29,1.10
2015.01.23 09:56:20.291,0.74701,0.74714,2.44,1.17
2015.01.23 09:56:20.342,0.74701,0.74714,2.44,1.17
2015.01.23 09:56:20.494,0.74701,0.74714,3.04,1.10
2015.01.23 09:56:21.582,0.74701,0.74714,3.04,1.17
2015.01.23 09:56:22.088,0.74701,0.74714,2.44,1.17
2015.01.23 09:56:22.818,0.74701,0.74714,2.44,1.00
2015.01.23 09:56:23.364,0.74701,0.74714,3.04,1.17
2015.01.23 09:56:24.481,0.74701,0.74714,3.04,1.10
2015.01.23 09:56:25.003,0.74701,0.74714,3.04,1.17
2015.01.23 09:56:28.387,0.74701,0.74714,3.04,1.17
2015.01.23 09:56:28.903,0.74701,0.74714,3.04,1.17
2015.01.23 09:56:29.422,0.74701,0.74714,3.04,1.17
2015.01.23 09:56:31.557,0.74701,0.74714,2.29,1.07
2015.01.23 09:56:32.103,0.74701,0.74714,2.29,1.17
2015.01.23 09:56:32.255,0.74701,0.74714,2.29,1.10
2015.01.23 09:56:33.527,0.74701,0.74714,3.04,1.17
2015.01.23 09:56:34.035,0.74702,0.74714,1.05,1.10
2015.01.23 09:56:34.442,0.74703,0.74715,1.07,1.00
2015.01.23 09:56:34.493,0.74704,0.74717,1.10,1.00
2015.01.23 09:56:34.545,0.74706,0.74717,1.42,1.00
2015.01.23 09:56:34.596,0.74706,0.74719,2.17,1.00
2015.01.23 09:56:34.648,0.74706,0.74719,2.62,1.00
2015.01.23 09:56:35.185,0.74707,0.7472,1.20,1.00
2015.01.23 09:56:41.363,0.74707,0.7472,1.25,1.00
2015.01.23 09:56:41.669,0.74706,0.74719,1.19,1.17
2015.01.23 09:56:42.378,0.74706,0.74719,1.19,1.10
2015.01.23 09:56:42.884,0.74706,0.74719,1.00,1.10
2015.01.23 09:56:49.478,0.74706,0.74719,1.00,1.07
2015.01.23 09:56:50.040,0.74706,0.74719,1.00,1.10
2015.01.23 09:56:50.882,0.74706,0.74719,1.00,1.07
2015.01.23 09:56:51.414,0.74704,0.74717,1.50,1.17
2015.01.23 09:56:52.233,0.74704,0.74717,1.00,1.15
2015.01.23 09:56:52.740,0.74702,0.74715,1.19,1.17
2015.01.23 09:56:53.420,0.74702,0.74715,1.00,1.17
2015.01.23 09:56:56.491,0.747,0.74713,2.44,1.10
2015.01.23 09:56:56.542,0.747,0.74713,1.69,1.07
2015.01.23 09:56:57.056,0.747,0.74712,1.00,1.15
2015.01.23 09:56:57.562,0.747,0.74712,1.00,1.15
2015.01.23 09:56:57.664,0.747,0.74712,1.00,1.15
2015.01.23 09:56:58.181,0.747,0.74712,1.00,1.15
2015.01.23 09:56:58.746,0.747,0.74712,1.00,1.15
2015.01.23 09:56:59.285,0.747,0.74712,1.00,1.15
2015.01.23 09:57:01.890,0.747,0.74712,1.00,3.07
2015.01.23 09:57:02.667,0.747,0.74709,1.00,1.20
2015.01.23 09:57:02.920,0.74698,0.74709,1.25,1.17
2015.01.23 09:57:03.446,0.74695,0.74705,1.00,1.00
2015.01.23 09:57:03.498,0.74691,0.74703,1.25,1.17
2015.01.23 09:57:03.701,0.74696,0.74703,1.35,1.00
2015.01.23 09:57:03.853,0.74697,0.74708,1.50,1.15
2015.01.23 09:57:04.670,0.74697,0.74708,1.50,1.15
2015.01.23 09:57:06.928,0.74696,0.74707,2.25,1.17
2015.01.23 09:57:11.533,0.74697,0.74707,1.00,1.17
2015.01.23 09:57:13.215,0.74697,0.74707,1.00,1.10
2015.01.23 09:57:13.753,0.74697,0.74709,1.00,1.17
2015.01.23 09:57:14.278,0.74696,0.74709,2.25,1.10
2015.01.23 09:57:14.941,0.74696,0.74708,1.50,1.00
2015.01.23 09:57:15.509,0.74697,0.7471,1.00,1.17
2015.01.23 09:57:24.071,0.74697,0.74708,1.00,1.00
2015.01.23 09:57:24.173,0.74693,0.74704,1.19,1.07
2015.01.23 09:57:24.224,0.74693,0.74704,1.00,1.17
2015.01.23 09:57:24.275,0.74693,0.74704,1.00,1.17
2015.01.23 09:57:24.376,0.74694,0.74702,1.00,1.10
2015.01.23 09:57:24.427,0.74694,0.74704,1.00,1.00
2015.01.23 09:57:24.529,0.74695,0.74706,1.00,1.00
2015.01.23 09:57:24.732,0.74691,0.74703,1.25,1.00
2015.01.23 09:57:25.192,0.74691,0.747,1.25,1.00
2015.01.23 09:57:25.497,0.74691,0.74702,1.25,1.20
2015.01.23 09:57:26.253,0.7469,0.74702,1.00,1.10
2015.01.23 09:57:27.884,0.74689,0.74702,1.50,1.10
2015.01.23 09:57:30.906,0.7469,0.74703,1.00,1.01
2015.01.23 09:57:45.045,0.7469,0.74703,2.51,1.00
2015.01.23 09:57:45.349,0.74693,0.74704,2.40,1.00
2015.01.23 09:57:46.938,0.74693,0.74704,1.65,1.00
2015.01.23 09:57:56.567,0.74694,0.74704,1.07,1.00
2015.01.23 09:57:56.872,0.74694,0.74707,1.57,1.00
2015.01.23 09:57:56.974,0.74697,0.7471,1.07,1.19
2015.01.23 09:57:57.482,0.747,0.74711,1.10,1.19
2015.01.23 09:57:58.272,0.747,0.74711,1.10,1.25
2015.01.23 09:58:00.299,0.74698,0.74709,1.07,1.00
2015.01.23 09:58:00.350,0.74696,0.74709,1.69,1.00
2015.01.23 09:58:01.161,0.74696,0.74707,1.00,1.00
2015.01.23 09:58:12.143,0.74696,0.74708,1.10,1.00
2015.01.23 09:58:12.688,0.74697,0.74708,1.17,1.00
2015.01.23 09:58:13.235,0.74697,0.74708,1.10,1.00
2015.01.23 09:58:18.413,0.74698,0.74708,1.00,1.00
2015.01.23 09:58:19.396,0.74698,0.74708,1.15,1.00
2015.01.23 09:58:20.536,0.74698,0.74708,1.10,1.00
2015.01.23 09:58:23.428,0.74698,0.74708,1.65,1.00
2015.01.23 09:58:23.732,0.747,0.74708,1.15,1.00
2015.01.23 09:58:23.833,0.74703,0.74714,1.15,1.00
2015.01.23 09:58:23.944,0.74709,0.74719,1.10,1.56
2015.01.23 09:58:24.147,0.74709,0.74719,1.10,1.00
2015.01.23 09:58:24.249,0.74709,0.74721,1.10,3.56
2015.01.23 09:58:26.107,0.74709,0.74721,1.10,1.87
2015.01.23 09:58:26.613,0.74708,0.74719,1.50,1.12
2015.01.23 09:58:29.567,0.74708,0.74718,1.65,1.00
2015.01.23 09:58:30.648,0.74709,0.7472,1.00,1.87
2015.01.23 09:58:31.157,0.74709,0.7472,1.00,1.50
2015.01.23 09:58:32.843,0.7471,0.74722,1.00,1.00
2015.01.23 09:58:32.995,0.74712,0.74722,1.00,1.00
2015.01.23 09:58:33.198,0.74713,0.74725,1.57,1.00
2015.01.23 09:58:33.704,0.74713,0.74725,1.10,1.00
2015.01.23 09:58:33.856,0.74711,0.74722,1.07,1.00
2015.01.23 09:58:34.363,0.74711,0.74723,1.10,1.12
2015.01.23 09:58:35.397,0.74711,0.74723,1.00,2.06
2015.01.23 09:58:36.487,0.74711,0.74723,1.00,2.06
2015.01.23 09:58:37.505,0.74711,0.74723,1.00,2.06
2015.01.23 09:58:38.765,0.74711,0.74723,1.00,2.06
2015.01.23 09:58:40.990,0.74711,0.74723,1.07,1.25
2015.01.23 09:58:41.295,0.74714,0.74724,1.10,1.31
2015.01.23 09:58:41.599,0.74714,0.74724,1.15,1.31
2015.01.23 09:58:42.109,0.74715,0.74727,1.17,1.37
2015.01.23 09:58:44.484,0.74716,0.74728,1.57,1.37
2015.01.23 09:58:45.597,0.74716,0.74728,1.65,1.00
2015.01.23 09:58:46.210,0.74716,0.74728,1.65,1.00
2015.01.23 09:58:48.536,0.74716,0.74728,1.65,1.00
2015.01.23 09:58:49.134,0.74716,0.74728,1.65,1.00
2015.01.23 09:58:50.650,0.74716,0.74728,1.50,1.00
2015.01.23 09:58:52.750,0.74715,0.74727,1.10,1.00
2015.01.23 09:58:55.731,0.74715,0.74727,1.07,1.00
2015.01.23 09:58:59.773,0.74717,0.74729,1.57,1.00
2015.01.23 09:59:00.304,0.74717,0.74729,1.65,1.00
2015.01.23 09:59:00.848,0.74717,0.74729,1.57,1.00
2015.01.23 09:59:00.899,0.74717,0.74727,1.10,1.00
2015.01.23 09:59:01.857,0.74715,0.74727,1.10,1.00
2015.01.23 09:59:02.236,0.74715,0.74727,1.07,1.00
2015.01.23 09:59:02.337,0.74717,0.74729,1.07,1.50
2015.01.23 09:59:02.642,0.74719,0.74731,1.00,1.25
2015.01.23 09:59:02.743,0.74719,0.74731,1.57,1.25
2015.01.23 09:59:02.896,0.74719,0.74734,1.00,1.20
2015.01.23 09:59:03.251,0.74721,0.74735,1.00,1.09
2015.01.23 09:59:04.096,0.74721,0.74732,1.00,1.50
2015.01.23 09:59:09.777,0.74722,0.74732,1.10,1.00
2015.01.23 09:59:10.285,0.74723,0.74733,1.00,1.25
2015.01.23 09:59:14.107,0.74723,0.74733,1.07,1.00
2015.01.23 09:59:16.735,0.74723,0.74735,1.17,1.00
2015.01.23 09:59:16.887,0.74724,0.74735,1.17,1.00
2015.01.23 09:59:17.431,0.74724,0.74735,1.07,1.00
2015.01.23 09:59:21.308,0.74724,0.74735,1.00,1.00
2015.01.23 09:59:21.816,0.74723,0.74735,1.00,1.00
2015.01.23 09:59:24.512,0.74723,0.74735,1.17,1.00
2015.01.23 09:59:25.130,0.74726,0.74735,1.00,1.00
2015.01.23 09:59:25.435,0.74726,0.7474,1.65,1.10
2015.01.23 09:59:25.536,0.74729,0.7474,1.00,1.00
2015.01.23 09:59:33.141,0.74729,0.74742,1.00,1.25
2015.01.23 09:59:33.647,0.7473,0.74744,1.00,1.19
2015.01.23 09:59:34.305,0.7473,0.74744,1.00,1.00
2015.01.23 09:59:36.317,0.7473,0.74742,1.00,1.00
2015.01.23 09:59:40.182,0.7473,0.74744,1.00,1.25
2015.01.23 09:59:43.472,0.74731,0.74746,1.15,2.06
2015.01.23 09:59:43.624,0.74731,0.74746,2.40,1.50
2015.01.23 09:59:44.131,0.74734,0.74747,1.00,1.69
2015.01.23 09:59:45.683,0.74734,0.74746,1.00,1.00
2015.01.23 09:59:46.189,0.74734,0.74747,1.00,1.00
2015.01.23 09:59:47.711,0.74734,0.74747,1.00,1.65
2015.01.23 09:59:49.178,0.74733,0.74745,1.00,1.00
2015.01.23 09:59:49.280,0.74732,0.74743,1.25,1.00
2015.01.23 09:59:49.382,0.7473,0.74743,1.10,1.50
2015.01.23 09:59:49.737,0.7473,0.74741,1.00,1.00
2015.01.23 09:59:50.248,0.74729,0.74741,1.00,1.17
2015.01.23 09:59:50.766,0.74729,0.74741,1.00,1.20
2015.01.23 09:59:51.081,0.74729,0.74741,1.00,1.17
2015.01.23 09:59:51.436,0.74729,0.74741,1.00,1.20
2015.01.23 09:59:53.046,0.74729,0.74741,1.00,1.32
2015.01.23 09:59:53.351,0.74729,0.74741,1.00,1.01
2015.01.23 09:59:53.674,0.74729,0.74741,1.00,1.76
2015.01.23 09:59:53.725,0.74725,0.74737,1.50,1.10
2015.01.23 09:59:53.777,0.74725,0.74737,1.00,1.07
2015.01.23 09:59:54.135,0.74722,0.74734,1.00,1.00
2015.01.23 09:59:54.656,0.74721,0.74734,1.00,1.17
2015.01.23 09:59:54.707,0.74719,0.74734,1.00,1.55
2015.01.23 09:59:54.758,0.74719,0.74733,1.00,1.27
2015.01.23 09:59:54.809,0.74716,0.74733,1.69,1.52
2015.01.23 09:59:54.911,0.74715,0.74732,1.25,1.52
2015.01.23 09:59:55.419,0.74716,0.74726,1.00,1.00
2015.01.23 09:59:55.470,0.74714,0.74726,1.50,1.50
2015.01.23 09:59:55.724,0.74713,0.74725,1.25,1.07
2015.01.23 09:59:56.231,0.7471,0.74724,1.50,1.65
2015.01.23 09:59:57.126,0.7471,0.74723,1.00,1.17
2015.01.23 09:59:57.634,0.74709,0.74723,1.00,1.15
2015.01.23 09:59:59.032,0.74707,0.74721,1.25,1.20
2015.01.23 09:59:59.134,0.74707,0.74721,1.00,1.15
2015.01.23 09:59:59.236,0.74705,0.74719,1.25,1.17
2015.01.23 09:59:59.440,0.74703,0.74718,1.69,1.15
2015.01.23 09:59:59.935,0.74701,0.74716,1.00,1.10
