2007.12.27 18:00:00.492,0.7698,0.7701,4.00,0.50
2007.12.27 18:00:00.671,0.7697,0.7701,8.70,0.60
2007.12.27 18:00:01.737,0.7697,0.7702,8.70,9.60
2007.12.27 18:00:03.828,0.7697,0.7702,8.70,9.60
2007.12.27 18:00:06.719,0.7697,0.7702,8.70,9.60
2007.12.27 18:00:08.174,0.7697,0.7702,8.70,9.60
2007.12.27 18:00:09.240,0.7697,0.7701,8.70,0.70
2007.12.27 18:00:09.444,0.7697,0.7701,8.70,0.70
2007.12.27 18:00:27.685,0.7695,0.7702,1.60,1.60
2007.12.27 18:00:41.106,0.7697,0.7701,8.70,4.00
2007.12.27 18:00:42.316,0.7697,0.7701,2.60,4.00
2007.12.27 18:00:43.237,0.7696,0.7701,17.90,4.00
2007.12.27 18:00:51.746,0.7696,0.7701,17.90,4.00
2007.12.27 18:01:00.528,0.7696,0.7701,17.90,4.00
2007.12.27 18:01:01.458,0.7697,0.7701,1.30,4.00
2007.12.27 18:01:01.726,0.7697,0.7701,1.50,4.00
2007.12.27 18:01:11.373,0.7697,0.7701,1.00,4.00
2007.12.27 18:01:27.061,0.7697,0.7701,8.70,4.00
2007.12.27 18:01:32.418,0.7696,0.7701,17.90,4.00
2007.12.27 18:01:57.590,0.7698,0.7702,4.00,1.60
2007.12.27 18:02:14.975,0.7698,0.7702,4.00,1.60
2007.12.27 18:02:22.295,0.7698,0.7701,4.00,4.00
2007.12.27 18:02:22.582,0.7698,0.7701,4.00,4.00
2007.12.27 18:02:31.542,0.7698,0.7702,4.00,5.60
2007.12.27 18:02:39.405,0.7697,0.7701,6.30,4.00
2007.12.27 18:02:39.608,0.7697,0.7701,6.30,4.00
2007.12.27 18:02:40.443,0.7697,0.7701,6.30,4.00
2007.12.27 18:02:44.456,0.7697,0.7701,6.30,4.00
2007.12.27 18:02:52.182,0.7698,0.7701,4.00,4.00
2007.12.27 18:02:57.596,0.7698,0.7702,4.00,8.00
2007.12.27 18:02:58.204,0.7698,0.7703,4.00,8.00
2007.12.27 18:03:04.987,0.7698,0.77025,4.00,4.00
2007.12.27 18:03:05.264,0.7698,0.77025,4.00,4.00
2007.12.27 18:03:07.689,0.7698,0.77025,4.00,4.00
2007.12.27 18:03:33.477,0.7696,0.77025,4.00,4.00
2007.12.27 18:04:04.920,0.7696,0.77025,4.00,4.00
2007.12.27 18:04:12.457,0.7696,0.77025,4.00,4.00
2007.12.27 18:04:14.749,0.7696,0.77025,4.00,0.60
2007.12.27 18:04:36.757,0.7697,0.77025,7.00,8.00
2007.12.27 18:04:36.960,0.7697,0.7701,7.00,0.90
2007.12.27 18:04:44.910,0.7697,0.7701,7.00,4.00
2007.12.27 18:04:45.949,0.7697,0.7701,7.00,4.00
2007.12.27 18:04:47.907,0.7697,0.7701,7.00,4.00
2007.12.27 18:04:51.980,0.7697,0.7701,7.00,4.00
2007.12.27 18:04:53.230,0.7697,0.7701,7.00,4.00
2007.12.27 18:04:54.830,0.7697,0.7701,7.00,0.90
2007.12.27 18:05:05.885,0.7697,0.77025,7.00,8.00
2007.12.27 18:05:21.311,0.7697,0.77025,6.70,8.00
2007.12.27 18:05:21.559,0.7697,0.77025,6.70,8.00
2007.12.27 18:05:33.419,0.7697,0.7701,7.50,4.00
2007.12.27 18:05:33.627,0.7699,0.7701,4.00,1.60
2007.12.27 18:05:33.835,0.7699,0.7701,4.00,1.60
2007.12.27 18:05:34.704,0.7699,0.7701,4.00,1.60
2007.12.27 18:05:35.936,0.7699,0.7701,4.00,1.60
2007.12.27 18:05:36.184,0.7699,0.7701,4.00,1.60
2007.12.27 18:05:36.450,0.7699,0.7701,4.00,1.60
2007.12.27 18:05:39.465,0.7699,0.7701,4.00,1.60
2007.12.27 18:05:40.952,0.7699,0.7701,0.60,1.60
2007.12.27 18:05:45.061,0.7697,0.7701,11.50,0.80
2007.12.27 18:05:45.334,0.7699,0.7701,2.30,0.80
2007.12.27 18:05:45.607,0.7698,0.7701,10.40,0.80
2007.12.27 18:05:45.875,0.7699,0.7701,0.80,0.80
2007.12.27 18:05:46.156,0.77,0.7704,2.00,17.60
2007.12.27 18:05:46.412,0.7699,0.7704,6.40,5.60
2007.12.27 18:05:46.624,0.7699,0.7705,12.00,3.60
2007.12.27 18:05:46.837,0.7699,0.7705,12.00,3.60
2007.12.27 18:05:47.212,0.77,0.7705,4.70,3.60
2007.12.27 18:05:48.955,0.7699,0.7705,12.00,3.60
2007.12.27 18:05:52.451,0.7699,0.7705,12.00,3.60
2007.12.27 18:05:52.948,0.77,0.7705,9.60,3.60
2007.12.27 18:05:53.182,0.77,0.7705,12.00,3.60
2007.12.27 18:05:54.151,0.7701,0.7705,1.50,3.60
2007.12.27 18:05:56.024,0.77,0.7705,12.00,3.60
2007.12.27 18:05:56.237,0.7699,0.7703,10.40,0.80
2007.12.27 18:05:56.450,0.7699,0.7703,10.40,0.80
2007.12.27 18:05:57.230,0.7701,0.7703,0.70,0.80
2007.12.27 18:05:59.001,0.7699,0.7704,10.40,4.40
2007.12.27 18:06:15.152,0.7701,0.7703,4.00,0.80
2007.12.27 18:06:15.462,0.7701,0.7703,4.00,0.80
2007.12.27 18:06:45.432,0.7697,0.77055,4.00,4.00
2007.12.27 18:06:55.214,0.7697,0.77055,4.00,4.00
2007.12.27 18:06:56.070,0.7698,0.7705,4.00,4.00
2007.12.27 18:06:56.284,0.7698,0.7703,12.00,0.80
2007.12.27 18:06:56.497,0.7698,0.7702,9.60,2.40
2007.12.27 18:06:57.168,0.7698,0.7702,9.60,2.40
2007.12.27 18:06:57.490,0.7698,0.7702,9.60,2.40
2007.12.27 18:07:01.225,0.7698,0.7702,9.60,2.40
2007.12.27 18:07:12.167,0.7698,0.7702,9.60,2.40
2007.12.27 18:07:13.244,0.7698,0.7702,9.60,2.40
2007.12.27 18:07:29.198,0.7698,0.7702,9.60,0.60
2007.12.27 18:07:35.504,0.7696,0.7704,4.00,4.00
2007.12.27 18:07:36.285,0.7698,0.7703,5.60,3.20
2007.12.27 18:07:36.424,0.7699,0.7703,4.00,3.20
2007.12.27 18:07:37.463,0.7699,0.7703,4.00,3.20
2007.12.27 18:07:42.233,0.7699,0.7703,4.00,3.20
2007.12.27 18:07:43.470,0.7699,0.7703,4.00,3.20
2007.12.27 18:07:52.244,0.7698,0.7703,9.60,3.20
2007.12.27 18:08:45.206,0.7696,0.77045,4.00,4.00
2007.12.27 18:08:46.114,0.7696,0.77045,4.00,4.00
2007.12.27 18:08:53.971,0.76965,0.7705,4.00,4.00
2007.12.27 18:08:54.997,0.7697,0.7705,4.00,4.00
2007.12.27 18:09:03.329,0.7697,0.7705,4.00,4.00
2007.12.27 18:09:03.549,0.7697,0.7705,4.00,4.00
2007.12.27 18:09:04.460,0.7697,0.77045,4.00,4.00
2007.12.27 18:09:20.451,0.7697,0.77045,4.00,0.70
2007.12.27 18:10:00.074,0.76951,0.76991,5.80,0.30
2007.12.27 18:10:00.883,0.76952,0.76992,8.20,2.60
2007.12.27 18:10:01.215,0.76955,0.76995,5.80,0.30
2007.12.27 18:10:01.547,0.7696,0.77,8.20,2.60
2007.12.27 18:10:01.880,0.76969,0.77009,5.80,0.30
2007.12.27 18:10:02.213,0.76978,0.77018,8.20,2.60
2007.12.27 18:10:02.435,0.76985,0.77025,8.20,2.60
2007.12.27 18:10:02.657,0.76987,0.77027,8.20,2.60
2007.12.27 18:10:02.880,0.76985,0.77025,5.80,0.30
2007.12.27 18:10:03.103,0.76981,0.77021,5.80,0.30
2007.12.27 18:10:03.325,0.76976,0.77016,8.20,2.60
2007.12.27 18:10:03.659,0.76971,0.77011,5.80,0.30
2007.12.27 18:10:03.993,0.76968,0.77008,5.80,0.30
2007.12.27 18:10:04.326,0.76968,0.77008,8.20,0.90
2007.12.27 18:10:04.544,0.7697,0.7701,8.20,2.60
2007.12.27 18:10:04.761,0.76975,0.77015,5.80,0.30
2007.12.27 18:10:04.978,0.7698,0.7702,8.20,3.80
2007.12.27 18:10:05.201,0.76985,0.77025,5.80,0.30
2007.12.27 18:10:05.419,0.7699,0.7703,5.80,0.30
2007.12.27 18:10:05.751,0.76994,0.77034,8.20,2.60
2007.12.27 18:10:06.084,0.76999,0.77039,8.20,2.60
2007.12.27 18:10:06.416,0.77006,0.77046,5.80,0.30
2007.12.27 18:10:06.749,0.77011,0.77051,8.20,2.60
2007.12.27 18:10:07.082,0.77011,0.77051,8.20,2.60
2007.12.27 18:10:07.414,0.77005,0.77045,8.20,2.60
2007.12.27 18:10:07.631,0.77,0.7704,8.20,0.60
2007.12.27 18:10:07.848,0.76996,0.77036,8.20,2.60
2007.12.27 18:10:08.066,0.76992,0.77032,8.20,2.60
2007.12.27 18:10:08.283,0.76986,0.77026,8.20,2.60
2007.12.27 18:10:08.617,0.76972,0.77022,8.20,0.80
2007.12.27 18:10:08.949,0.76971,0.77011,5.80,0.30
2007.12.27 18:10:09.282,0.76968,0.77008,5.80,0.30
2007.12.27 18:10:09.515,0.76965,0.77015,5.80,0.30
2007.12.27 18:10:09.748,0.7697,0.7702,8.20,2.60
2007.12.27 18:10:09.981,0.76975,0.77025,5.80,0.30
2007.12.27 18:10:10.213,0.76982,0.77022,8.20,2.60
2007.12.27 18:10:10.541,0.76974,0.77024,5.80,0.30
2007.12.27 18:10:10.869,0.76972,0.77022,5.80,0.30
2007.12.27 18:10:11.196,0.76972,0.77022,8.20,0.60
2007.12.27 18:10:11.528,0.76971,0.77021,8.20,2.60
2007.12.27 18:10:11.860,0.76968,0.77018,8.20,2.60
2007.12.27 18:10:12.194,0.76967,0.77017,8.20,2.60
2007.12.27 18:10:12.526,0.76971,0.77011,5.80,0.30
2007.12.27 18:10:12.749,0.76969,0.77019,8.20,2.60
2007.12.27 18:10:12.971,0.76976,0.77016,8.20,2.60
2007.12.27 18:10:13.194,0.76972,0.77022,5.80,0.30
2007.12.27 18:10:13.417,0.76969,0.77019,8.20,2.60
2007.12.27 18:10:13.750,0.76963,0.77013,8.20,2.60
2007.12.27 18:10:14.083,0.76953,0.77003,5.80,0.30
2007.12.27 18:10:14.415,0.76954,0.76994,8.20,0.90
2007.12.27 18:10:20.088,0.76962,0.77002,5.80,0.30
2007.12.27 18:10:31.549,0.76968,0.77008,5.80,0.30
2007.12.27 18:10:52.982,0.76975,0.77015,8.20,2.60
2007.12.27 18:10:53.299,0.7698,0.7702,8.20,2.60
2007.12.27 18:10:53.616,0.76984,0.77024,8.20,2.60
2007.12.27 18:10:53.934,0.76987,0.77027,8.20,2.60
2007.12.27 18:10:54.266,0.76991,0.77031,8.20,2.60
2007.12.27 18:10:54.599,0.76991,0.77031,8.20,0.90
2007.12.27 18:10:54.931,0.76989,0.77029,5.80,0.30
2007.12.27 18:10:55.264,0.76983,0.77023,8.20,3.80
2007.12.27 18:10:55.596,0.76975,0.77015,8.20,2.60
2007.12.27 18:10:55.928,0.76972,0.77012,8.20,2.60
2007.12.27 18:10:56.151,0.76974,0.77014,5.80,0.30
2007.12.27 18:10:56.373,0.76974,0.77014,5.80,0.30
2007.12.27 18:10:56.596,0.76974,0.77014,8.20,0.70
2007.12.27 18:10:56.818,0.76974,0.77014,5.80,0.30
2007.12.27 18:10:57.151,0.76976,0.77016,8.20,2.60
2007.12.27 18:10:57.483,0.76979,0.77019,8.20,2.60
2007.12.27 18:10:57.816,0.76984,0.77024,5.80,0.30
2007.12.27 18:10:58.148,0.76987,0.77027,5.80,0.30
2007.12.27 18:10:58.480,0.76988,0.77028,5.80,0.30
2007.12.27 18:10:58.812,0.76989,0.77029,8.20,2.60
2007.12.27 18:10:59.145,0.76987,0.77027,8.20,3.80
2007.12.27 18:10:59.378,0.76981,0.77021,8.20,2.60
2007.12.27 18:10:59.610,0.76973,0.77013,8.20,3.80
2007.12.27 18:10:59.842,0.76968,0.77008,8.20,2.60
2007.12.27 18:11:06.073,0.7697,0.77045,4.00,4.00
2007.12.27 18:11:06.261,0.7699,0.77045,9.60,4.00
2007.12.27 18:11:06.449,0.7699,0.7705,9.60,1.20
2007.12.27 18:11:06.637,0.7699,0.7705,9.60,1.20
2007.12.27 18:11:07.208,0.7699,0.7705,9.60,1.20
2007.12.27 18:11:11.882,0.7699,0.7705,9.60,1.20
2007.12.27 18:11:12.040,0.7699,0.7705,9.60,1.20
2007.12.27 18:11:20.039,0.7699,0.7705,9.60,1.20
2007.12.27 18:11:20.232,0.7699,0.7703,4.00,3.20
2007.12.27 18:11:20.369,0.7699,0.7703,4.00,3.20
2007.12.27 18:11:20.507,0.7699,0.7703,4.00,3.20
2007.12.27 18:11:20.689,0.7699,0.7704,4.00,10.00
2007.12.27 18:11:21.165,0.7699,0.7703,4.00,3.20
2007.12.27 18:11:48.408,0.7699,0.7703,4.00,8.80
2007.12.27 18:11:48.566,0.7698,0.7703,4.00,8.80
2007.12.27 18:11:52.535,0.7698,0.7703,9.60,3.20
2007.12.27 18:11:52.787,0.7699,0.7703,4.00,3.20
2007.12.27 18:12:25.986,0.7697,0.77045,4.00,4.00
2007.12.27 18:12:33.821,0.7697,0.77045,1.50,4.00
2007.12.27 18:12:45.477,0.7696,0.7705,5.00,4.00
2007.12.27 18:13:36.559,0.7697,0.77045,4.00,4.00
2007.12.27 18:13:40.523,0.7697,0.77045,4.00,4.00
2007.12.27 18:13:41.563,0.7697,0.77045,4.00,4.00
2007.12.27 18:13:47.997,0.7696,0.77045,5.00,4.00
2007.12.27 18:14:05.208,0.7696,0.77045,5.00,4.00
2007.12.27 18:14:06.761,0.7697,0.77045,1.20,4.00
2007.12.27 18:14:22.015,0.7697,0.77045,4.00,4.00
2007.12.27 18:14:37.103,0.7697,0.77095,4.00,4.80
2007.12.27 18:14:40.939,0.7699,0.77045,4.00,0.70
2007.12.27 18:14:41.132,0.7699,0.7706,9.60,15.80
2007.12.27 18:14:41.326,0.7699,0.7706,9.60,11.80
2007.12.27 18:14:42.196,0.7699,0.7706,9.60,11.80
2007.12.27 18:14:55.789,0.7699,0.7705,9.60,0.90
2007.12.27 18:14:56.808,0.7699,0.7706,9.60,15.80
2007.12.27 18:15:09.183,0.7699,0.7705,4.10,1.20
2007.12.27 18:15:59.768,0.76975,0.7706,4.00,4.00
2007.12.27 18:15:59.969,0.76975,0.7706,4.00,4.00
2007.12.27 18:16:14.325,0.76975,0.7706,2.10,4.00
2007.12.27 18:16:45.024,0.76975,0.7706,4.00,4.00
2007.12.27 18:16:45.226,0.76975,0.7706,4.00,4.00
2007.12.27 18:16:52.206,0.77,0.7706,4.00,4.00
2007.12.27 18:16:52.404,0.77,0.7705,9.60,3.60
2007.12.27 18:16:52.646,0.77,0.7705,9.60,3.60
2007.12.27 18:16:53.529,0.77,0.7705,9.60,3.60
2007.12.27 18:16:54.225,0.77,0.7705,9.60,3.60
2007.12.27 18:16:58.470,0.77,0.7705,9.60,0.80
2007.12.27 18:17:00.722,0.77,0.7706,9.60,14.20
2007.12.27 18:17:00.986,0.7701,0.7705,9.60,0.50
2007.12.27 18:17:01.250,0.7701,0.7705,9.60,0.80
2007.12.27 18:17:02.064,0.7701,0.7706,9.60,6.00
2007.12.27 18:17:02.484,0.7701,0.7705,9.60,0.80
2007.12.27 18:17:15.083,0.7701,0.7706,9.60,6.00
2007.12.27 18:17:43.806,0.7701,0.77065,4.00,4.00
2007.12.27 18:17:44.023,0.7701,0.7705,4.00,3.20
2007.12.27 18:17:45.031,0.7701,0.7705,4.00,3.20
2007.12.27 18:17:47.277,0.7701,0.7705,4.00,3.20
2007.12.27 18:17:47.500,0.7701,0.7705,9.60,2.40
2007.12.27 18:17:47.724,0.7701,0.7705,9.60,2.40
2007.12.27 18:17:48.419,0.7701,0.7705,9.60,2.40
2007.12.27 18:18:22.529,0.7699,0.77065,4.00,4.00
2007.12.27 18:18:23.567,0.7699,0.77065,4.00,4.00
2007.12.27 18:18:25.672,0.7699,0.7712,4.00,4.80
2007.12.27 18:18:28.369,0.7699,0.7708,4.00,8.00
2007.12.27 18:18:28.513,0.7705,0.7708,3.20,12.00
2007.12.27 18:18:28.656,0.7705,0.7708,3.20,0.80
2007.12.27 18:18:28.798,0.7705,0.7708,3.20,0.60
2007.12.27 18:18:28.970,0.7705,0.7709,3.20,0.80
2007.12.27 18:18:29.570,0.7705,0.771,3.20,9.40
2007.12.27 18:18:29.778,0.7705,0.7709,3.20,0.50
2007.12.27 18:18:30.503,0.7705,0.7709,3.20,0.80
2007.12.27 18:18:30.953,0.7705,0.7709,8.80,0.70
2007.12.27 18:18:31.146,0.7705,0.771,8.80,6.80
2007.12.27 18:18:31.328,0.7705,0.7709,8.80,0.60
2007.12.27 18:18:32.903,0.7705,0.771,8.00,6.80
2007.12.27 18:18:33.086,0.7705,0.7709,8.00,0.80
2007.12.27 18:18:33.334,0.7705,0.7709,8.00,0.70
2007.12.27 18:18:33.577,0.7705,0.771,8.00,6.80
2007.12.27 18:18:36.016,0.7705,0.771,8.00,6.80
2007.12.27 18:18:36.528,0.7705,0.771,8.00,6.80
2007.12.27 18:18:36.855,0.7705,0.7709,8.00,0.90
2007.12.27 18:18:37.393,0.7705,0.771,8.00,5.20
2007.12.27 18:18:37.577,0.7706,0.771,4.00,5.20
2007.12.27 18:18:37.770,0.7706,0.7708,4.00,0.50
2007.12.27 18:18:38.109,0.7706,0.7708,4.00,0.70
2007.12.27 18:18:38.621,0.7706,0.7708,4.00,0.90
2007.12.27 18:18:38.829,0.7706,0.7709,4.00,4.00
2007.12.27 18:18:39.953,0.7706,0.7708,4.00,0.60
2007.12.27 18:18:40.151,0.7706,0.7709,4.00,4.00
2007.12.27 18:18:40.350,0.7706,0.7709,4.00,4.00
2007.12.27 18:18:40.995,0.7706,0.7708,4.00,0.90
2007.12.27 18:18:42.863,0.7707,0.7708,4.00,0.60
2007.12.27 18:18:43.072,0.7707,0.7709,4.00,0.90
2007.12.27 18:18:43.279,0.7707,0.771,4.00,6.80
2007.12.27 18:18:44.080,0.7707,0.7709,4.00,0.50
2007.12.27 18:18:54.905,0.7705,0.7709,7.40,3.20
2007.12.27 18:18:55.133,0.7704,0.771,2.40,8.20
2007.12.27 18:18:55.361,0.7704,0.771,2.40,8.20
2007.12.27 18:18:55.589,0.7705,0.7709,6.60,3.20
2007.12.27 18:18:55.817,0.7705,0.7709,6.60,3.20
2007.12.27 18:18:55.992,0.7705,0.7709,6.60,3.20
2007.12.27 18:18:56.506,0.7705,0.7709,6.60,3.20
2007.12.27 18:18:56.881,0.7705,0.7709,6.60,3.20
2007.12.27 18:19:04.522,0.7705,0.7709,6.60,3.20
2007.12.27 18:19:05.545,0.7705,0.7709,6.60,3.20
2007.12.27 18:19:06.414,0.7707,0.7709,4.00,3.20
2007.12.27 18:19:06.558,0.7707,0.771,4.00,6.40
2007.12.27 18:19:06.701,0.7707,0.7711,4.00,3.20
2007.12.27 18:19:06.843,0.7707,0.7711,4.00,3.20
2007.12.27 18:19:07.439,0.7707,0.7711,4.00,3.20
2007.12.27 18:19:07.723,0.7707,0.771,4.00,4.80
2007.12.27 18:19:08.006,0.7707,0.771,4.00,4.80
2007.12.27 18:19:08.529,0.7707,0.771,4.00,4.80
2007.12.27 18:19:08.943,0.7707,0.771,4.00,4.80
2007.12.27 18:19:09.086,0.7707,0.7709,4.00,1.60
2007.12.27 18:19:09.301,0.7707,0.7709,4.00,1.60
2007.12.27 18:19:22.010,0.7707,0.771,4.00,4.80
2007.12.27 18:19:22.168,0.7707,0.771,4.00,4.80
2007.12.27 18:19:22.327,0.7707,0.771,4.00,4.80
2007.12.27 18:19:23.078,0.7707,0.771,4.00,4.80
2007.12.27 18:19:23.296,0.7707,0.771,4.00,4.80
2007.12.27 18:19:25.731,0.7707,0.771,4.00,4.80
2007.12.27 18:19:26.795,0.7707,0.771,0.70,4.80
2007.12.27 18:19:54.072,0.7704,0.77105,4.00,4.00
2007.12.27 18:19:54.300,0.7704,0.77105,4.00,4.00
2007.12.27 18:20:01.007,0.7704,0.77105,4.00,4.00
2007.12.27 18:20:09.889,0.7704,0.77105,4.00,0.80
2007.12.27 18:20:27.737,0.7704,0.7711,4.00,4.00
2007.12.27 18:20:28.037,0.77045,0.7711,4.00,4.00
2007.12.27 18:20:31.935,0.77045,0.7711,0.60,4.00
2007.12.27 18:20:32.716,0.77045,0.7711,1.90,4.00
2007.12.27 18:20:33.861,0.77045,0.7711,0.90,4.00
2007.12.27 18:20:39.547,0.77045,0.7711,8.00,4.00
2007.12.27 18:20:39.705,0.7705,0.771,13.00,4.80
2007.12.27 18:20:58.164,0.7705,0.771,13.00,8.80
2007.12.27 18:21:12.568,0.7706,0.771,4.00,4.00
2007.12.27 18:21:22.813,0.7706,0.771,4.00,4.00
2007.12.27 18:21:27.048,0.7706,0.7711,4.00,8.00
2007.12.27 18:21:36.833,0.77045,0.7715,4.00,4.80
2007.12.27 18:21:37.771,0.77045,0.77105,4.00,0.90
2007.12.27 18:21:51.325,0.7705,0.7709,3.40,6.40
2007.12.27 18:21:51.564,0.7705,0.7709,5.00,12.80
2007.12.27 18:21:51.777,0.7706,0.7707,4.00,0.80
2007.12.27 18:21:51.989,0.7706,0.7711,4.00,26.20
2007.12.27 18:21:52.202,0.7706,0.7711,4.00,26.20
2007.12.27 18:21:52.570,0.7706,0.771,4.00,0.70
2007.12.27 18:21:53.082,0.7706,0.771,4.00,0.70
2007.12.27 18:22:08.647,0.7706,0.771,4.00,10.00
2007.12.27 18:22:08.941,0.7706,0.771,4.00,10.00
2007.12.27 18:22:09.084,0.7706,0.771,4.00,10.00
2007.12.27 18:22:13.324,0.7706,0.771,4.00,10.00
2007.12.27 18:22:27.178,0.7705,0.771,13.00,10.00
2007.12.27 18:22:33.514,0.77045,0.77105,4.00,4.00
2007.12.27 18:22:33.717,0.77045,0.77105,4.00,4.00
2007.12.27 18:22:46.788,0.77045,0.77105,4.00,4.00
2007.12.27 18:22:49.922,0.77045,0.77105,4.00,4.00
2007.12.27 18:22:50.229,0.77045,0.77105,4.00,4.00
2007.12.27 18:23:10.880,0.7705,0.7709,2.60,5.60
2007.12.27 18:23:11.178,0.7705,0.7709,0.30,5.60
2007.12.27 18:23:11.475,0.7705,0.7709,0.30,5.60
2007.12.27 18:23:12.187,0.7705,0.7709,0.30,5.60
2007.12.27 18:23:12.706,0.7705,0.7709,0.30,5.60
2007.12.27 18:23:18.862,0.7705,0.7709,0.30,5.60
2007.12.27 18:23:19.010,0.7705,0.7709,0.30,8.00
2007.12.27 18:23:19.192,0.7705,0.7709,0.30,8.00
2007.12.27 18:23:19.980,0.7705,0.7709,0.30,8.00
2007.12.27 18:23:20.188,0.7705,0.7709,0.30,8.00
2007.12.27 18:23:20.895,0.7705,0.7709,0.30,8.00
2007.12.27 18:23:25.307,0.7705,0.7709,0.30,0.60
2007.12.27 18:23:37.447,0.7705,0.7709,0.30,8.00
2007.12.27 18:23:37.591,0.7705,0.771,0.30,6.80
2007.12.27 18:23:37.782,0.7705,0.771,0.30,6.80
2007.12.27 18:23:37.995,0.7705,0.771,0.30,6.80
2007.12.27 18:23:38.752,0.7705,0.771,0.30,6.80
2007.12.27 18:23:41.430,0.7705,0.771,0.30,10.80
2007.12.27 18:23:41.613,0.7705,0.7709,0.30,8.00
2007.12.27 18:23:41.797,0.7705,0.7709,0.30,8.00
2007.12.27 18:23:42.772,0.7705,0.7709,0.30,8.00
2007.12.27 18:23:55.494,0.7705,0.7709,0.30,8.00
2007.12.27 18:24:01.933,0.7705,0.7709,0.30,8.00
2007.12.27 18:24:02.095,0.7705,0.7709,0.30,8.00
2007.12.27 18:24:07.423,0.7705,0.7709,0.30,8.00
2007.12.27 18:24:32.818,0.7703,0.7711,1.80,4.00
2007.12.27 18:24:33.806,0.7702,0.7711,5.00,4.00
2007.12.27 18:25:01.575,0.7705,0.7708,0.30,6.40
2007.12.27 18:25:01.768,0.7705,0.7708,0.30,12.80
2007.12.27 18:25:01.966,0.7705,0.7708,0.30,12.80
2007.12.27 18:25:02.785,0.7705,0.7708,0.30,12.80
2007.12.27 18:25:02.988,0.7705,0.7708,0.30,12.80
2007.12.27 18:25:05.551,0.7703,0.7708,4.30,12.80
2007.12.27 18:25:53.715,0.7703,0.771,4.00,4.00
2007.12.27 18:25:53.994,0.7705,0.7708,0.30,8.00
2007.12.27 18:25:54.102,0.7705,0.7708,0.30,8.00
2007.12.27 18:25:55.048,0.7705,0.7708,0.30,8.00
2007.12.27 18:26:01.510,0.7705,0.771,0.30,23.60
2007.12.27 18:26:23.376,0.7705,0.7708,0.30,8.00
2007.12.27 18:26:24.504,0.7704,0.77125,4.00,4.00
2007.12.27 18:26:24.801,0.77045,0.77125,4.00,4.00
2007.12.27 18:26:25.547,0.77045,0.77125,4.00,4.00
2007.12.27 18:26:25.736,0.77045,0.77125,4.00,4.00
2007.12.27 18:26:26.776,0.7705,0.77125,4.00,4.00
2007.12.27 18:26:27.818,0.7705,0.77125,4.00,4.00
2007.12.27 18:26:46.477,0.7705,0.7709,4.20,8.00
2007.12.27 18:26:46.623,0.7703,0.7709,12.20,8.00
2007.12.27 18:27:43.149,0.7705,0.7707,0.30,3.20
2007.12.27 18:27:43.288,0.7705,0.7707,0.30,4.00
2007.12.27 18:27:43.499,0.7705,0.7707,0.30,4.00
2007.12.27 18:27:44.125,0.7705,0.7707,0.30,4.00
2007.12.27 18:28:10.831,0.77012,0.77036,4.00,0.30
2007.12.27 18:28:10.974,0.77018,0.77043,5.80,0.30
2007.12.27 18:28:11.149,0.77024,0.77049,4.00,0.30
2007.12.27 18:28:12.080,0.77025,0.77055,4.00,2.60
2007.12.27 18:28:12.811,0.7702,0.7705,5.60,2.60
2007.12.27 18:28:12.954,0.77011,0.77041,5.60,2.60
2007.12.27 18:28:13.097,0.77008,0.77038,4.00,2.60
2007.12.27 18:28:15.526,0.77014,0.77044,4.00,0.30
2007.12.27 18:28:16.296,0.77021,0.77051,4.00,0.80
2007.12.27 18:28:16.424,0.77025,0.77055,4.00,0.80
2007.12.27 18:28:16.553,0.76998,0.77083,5.60,2.60
2007.12.27 18:28:53.322,0.77023,0.77053,5.80,0.30
2007.12.27 18:28:53.635,0.77022,0.77052,4.00,0.80
2007.12.27 18:28:54.303,0.77022,0.77052,4.00,0.80
2007.12.27 18:28:54.445,0.77026,0.77056,5.60,2.60
2007.12.27 18:28:54.588,0.77019,0.77079,4.00,0.30
2007.12.27 18:28:54.731,0.77024,0.77084,4.00,0.80
2007.12.27 18:29:02.484,0.7704,0.771,4.00,4.00
2007.12.27 18:29:02.653,0.7704,0.7707,4.00,0.80
2007.12.27 18:29:02.820,0.7704,0.7707,4.00,0.80
2007.12.27 18:29:02.977,0.7704,0.7707,4.00,0.80
2007.12.27 18:29:03.278,0.7704,0.7707,4.00,0.80
2007.12.27 18:29:03.686,0.7704,0.7707,4.00,0.80
2007.12.27 18:29:04.190,0.7704,0.7707,4.00,0.80
2007.12.27 18:29:06.909,0.7704,0.771,4.00,4.80
2007.12.27 18:29:24.053,0.7705,0.7707,4.00,0.80
2007.12.27 18:29:24.286,0.7705,0.7707,4.00,0.80
2007.12.27 18:29:24.508,0.7705,0.7707,4.00,0.80
2007.12.27 18:29:24.746,0.7705,0.7707,4.00,0.80
2007.12.27 18:29:25.655,0.7705,0.7707,4.00,0.80
2007.12.27 18:30:24.268,0.7704,0.7707,4.00,0.80
2007.12.27 18:30:24.793,0.7704,0.7707,4.00,0.80
2007.12.27 18:30:25.066,0.7704,0.7707,4.00,0.80
2007.12.27 18:31:08.541,0.7704,0.7707,4.00,0.80
2007.12.27 18:31:20.035,0.7704,0.7707,4.00,0.80
2007.12.27 18:31:25.208,0.7704,0.7707,1.60,0.80
2007.12.27 18:32:07.528,0.7704,0.7707,4.00,0.80
2007.12.27 18:32:13.727,0.7704,0.7707,4.00,0.80
2007.12.27 18:32:16.182,0.7704,0.7707,4.00,0.80
2007.12.27 18:32:16.482,0.7704,0.7707,4.00,0.80
2007.12.27 18:32:26.333,0.7704,0.7707,4.00,0.80
2007.12.27 18:32:35.536,0.7704,0.7707,4.00,0.80
2007.12.27 18:32:38.810,0.7704,0.7707,4.00,0.80
2007.12.27 18:32:39.012,0.7704,0.7707,4.00,0.80
2007.12.27 18:32:46.742,0.7704,0.7713,4.00,5.00
2007.12.27 18:32:46.945,0.7704,0.7712,4.00,0.70
2007.12.27 18:32:47.260,0.7704,0.7713,4.00,5.00
2007.12.27 18:32:56.726,0.7704,0.7712,4.00,0.60
2007.12.27 18:32:56.941,0.7704,0.7712,4.00,0.90
2007.12.27 18:33:29.760,0.7704,0.7712,4.00,4.00
2007.12.27 18:33:29.966,0.7704,0.7712,4.00,4.00
2007.12.27 18:33:30.269,0.7704,0.7712,4.00,4.00
2007.12.27 18:33:47.805,0.7704,0.7712,4.00,4.00
2007.12.27 18:33:48.010,0.7704,0.7712,4.00,4.00
2007.12.27 18:33:50.639,0.7704,0.7716,4.00,4.80
2007.12.27 18:34:11.199,0.77033,0.77057,5.60,2.60
2007.12.27 18:34:11.342,0.77039,0.77064,4.00,2.60
2007.12.27 18:34:11.517,0.77043,0.77068,4.00,2.60
2007.12.27 18:34:12.448,0.77045,0.77075,4.00,2.60
2007.12.27 18:34:13.179,0.77046,0.77076,4.00,2.60
2007.12.27 18:34:13.322,0.77048,0.77078,5.60,2.60
2007.12.27 18:34:13.465,0.77053,0.77083,4.00,2.60
2007.12.27 18:34:15.894,0.7706,0.7709,5.60,2.60
2007.12.27 18:34:16.664,0.77065,0.77095,5.60,2.60
2007.12.27 18:34:16.792,0.77062,0.77092,5.80,0.30
2007.12.27 18:34:16.921,0.77032,0.77117,5.60,2.60
2007.12.27 18:34:53.690,0.77058,0.77088,5.60,2.60
2007.12.27 18:34:54.003,0.77053,0.77083,5.60,2.60
2007.12.27 18:34:54.671,0.77048,0.77078,5.60,2.60
2007.12.27 18:34:54.813,0.77041,0.77071,4.00,2.60
2007.12.27 18:34:54.956,0.77019,0.77079,5.60,2.60
2007.12.27 18:34:55.099,0.77015,0.77075,5.60,2.60
2007.12.27 18:35:01.194,0.7704,0.7712,4.00,4.00
2007.12.27 18:35:56.166,0.7705,0.771,0.30,10.40
2007.12.27 18:35:56.329,0.7705,0.771,0.30,10.40
2007.12.27 18:35:56.492,0.7704,0.771,14.40,10.40
2007.12.27 18:35:56.697,0.7708,0.771,0.30,10.40
2007.12.27 18:35:57.260,0.7708,0.771,0.30,10.40
2007.12.27 18:36:05.007,0.7708,0.771,0.30,10.40
2007.12.27 18:36:06.028,0.7708,0.771,0.30,10.40
2007.12.27 18:36:10.694,0.7708,0.771,0.30,10.40
2007.12.27 18:36:12.941,0.7708,0.771,0.30,10.40
2007.12.27 18:36:13.093,0.7705,0.771,4.00,10.40
2007.12.27 18:36:13.292,0.7708,0.771,0.30,10.40
2007.12.27 18:36:16.310,0.7705,0.771,4.00,10.40
2007.12.27 18:36:16.578,0.7708,0.771,0.30,10.40
2007.12.27 18:36:16.815,0.7708,0.771,0.30,10.40
2007.12.27 18:36:19.528,0.7705,0.771,4.00,10.40
2007.12.27 18:36:19.693,0.7705,0.771,4.00,10.40
2007.12.27 18:36:19.811,0.7708,0.771,0.30,10.40
2007.12.27 18:36:20.118,0.7708,0.771,0.30,10.40
2007.12.27 18:36:22.837,0.7705,0.771,4.00,10.40
2007.12.27 18:36:23.010,0.7705,0.771,4.00,10.40
2007.12.27 18:36:23.184,0.7708,0.771,0.30,10.40
2007.12.27 18:36:23.356,0.7708,0.771,0.30,10.40
2007.12.27 18:36:26.058,0.7705,0.771,4.00,10.40
2007.12.27 18:36:26.222,0.7705,0.771,4.00,10.40
2007.12.27 18:36:26.384,0.7708,0.771,0.30,10.40
2007.12.27 18:36:26.546,0.7708,0.771,0.30,10.40
2007.12.27 18:36:29.297,0.7705,0.771,4.00,10.40
2007.12.27 18:36:29.484,0.7705,0.771,4.00,10.40
2007.12.27 18:36:29.671,0.7708,0.771,0.30,10.40
2007.12.27 18:36:29.859,0.7708,0.771,0.30,10.40
2007.12.27 18:36:32.614,0.7705,0.771,4.00,10.40
2007.12.27 18:36:32.766,0.7708,0.771,0.30,10.40
2007.12.27 18:36:32.933,0.7708,0.771,0.30,10.40
2007.12.27 18:36:32.976,0.7708,0.7711,0.30,11.60
2007.12.27 18:36:35.801,0.7705,0.771,4.00,0.60
2007.12.27 18:36:36.003,0.7705,0.7711,4.00,11.60
2007.12.27 18:36:36.206,0.7708,0.771,0.30,0.50
2007.12.27 18:36:39.040,0.7705,0.7711,4.00,11.60
2007.12.27 18:36:39.203,0.7705,0.771,4.00,0.80
2007.12.27 18:36:39.366,0.7708,0.771,0.30,0.80
2007.12.27 18:36:42.243,0.7705,0.7711,4.00,11.60
2007.12.27 18:36:42.456,0.7708,0.771,0.30,0.60
2007.12.27 18:36:42.643,0.7708,0.7711,0.30,11.60
2007.12.27 18:36:42.831,0.7708,0.7711,0.30,11.60
2007.12.27 18:36:45.571,0.7705,0.771,4.00,0.50
2007.12.27 18:36:45.744,0.7708,0.7711,0.30,11.60
2007.12.27 18:36:48.790,0.7705,0.771,4.00,0.70
2007.12.27 18:36:49.007,0.7708,0.7711,0.30,11.60
2007.12.27 18:36:49.242,0.7708,0.7711,0.30,11.60
2007.12.27 18:36:51.999,0.7708,0.771,0.30,0.50
2007.12.27 18:36:52.177,0.7705,0.771,4.00,0.50
2007.12.27 18:36:52.356,0.7708,0.771,0.30,0.70
2007.12.27 18:36:55.225,0.7705,0.771,4.00,0.50
2007.12.27 18:36:55.398,0.7709,0.7711,0.30,11.60
2007.12.27 18:36:55.570,0.7709,0.7711,0.30,11.60
2007.12.27 18:37:14.423,0.7705,0.771,4.00,0.70
2007.12.27 18:37:14.586,0.7705,0.7711,4.00,11.60
2007.12.27 18:37:22.852,0.7705,0.7711,4.50,11.60
2007.12.27 18:37:48.019,0.7705,0.771,4.50,10.40
2007.12.27 18:37:48.198,0.7705,0.771,12.50,2.40
2007.12.27 18:37:48.376,0.7705,0.771,16.50,2.40
2007.12.27 18:37:48.573,0.7705,0.771,16.50,2.40
2007.12.27 18:37:52.771,0.7705,0.771,16.50,2.40
2007.12.27 18:37:52.971,0.7705,0.771,16.50,2.40
2007.12.27 18:37:54.143,0.7705,0.771,16.50,0.80
2007.12.27 18:38:11.040,0.7705,0.771,16.50,0.80
2007.12.27 18:38:11.207,0.7705,0.7711,10.90,14.00
2007.12.27 18:38:11.375,0.7705,0.7711,8.50,14.00
2007.12.27 18:38:11.543,0.7705,0.7711,8.50,14.00
2007.12.27 18:38:12.297,0.7705,0.7711,8.50,14.00
2007.12.27 18:38:17.113,0.7705,0.771,14.90,0.70
2007.12.27 18:38:17.281,0.7706,0.771,4.00,0.90
2007.12.27 18:38:17.448,0.7706,0.7711,4.00,14.00
2007.12.27 18:38:17.617,0.7706,0.7711,4.00,14.00
2007.12.27 18:38:17.785,0.7706,0.7711,4.00,14.00
2007.12.27 18:38:18.502,0.7706,0.7711,4.00,14.00
2007.12.27 18:38:18.789,0.7706,0.7711,8.00,14.00
2007.12.27 18:38:25.274,0.7706,0.771,8.00,7.20
2007.12.27 18:38:25.496,0.7706,0.771,8.00,7.20
2007.12.27 18:38:45.259,0.7706,0.771,8.00,7.20
2007.12.27 18:38:49.261,0.7705,0.771,18.90,7.20
2007.12.27 18:39:10.910,0.77035,0.77059,4.00,0.80
2007.12.27 18:39:11.053,0.77032,0.77057,5.60,2.60
2007.12.27 18:39:11.228,0.77031,0.77056,5.60,2.60
2007.12.27 18:39:12.159,0.7703,0.7706,5.60,2.60
2007.12.27 18:39:12.890,0.77031,0.77061,4.00,2.60
2007.12.27 18:39:13.033,0.77031,0.77061,5.60,2.60
2007.12.27 18:39:13.176,0.77034,0.77064,5.80,0.30
2007.12.27 18:39:15.605,0.77041,0.77071,4.00,0.30
2007.12.27 18:39:16.375,0.77043,0.77073,5.80,0.30
2007.12.27 18:39:16.503,0.77036,0.77066,5.80,0.30
2007.12.27 18:39:16.632,0.77001,0.77086,5.60,2.60
2007.12.27 18:39:53.401,0.77022,0.77052,4.00,0.80
2007.12.27 18:39:53.714,0.77019,0.77049,4.00,2.60
2007.12.27 18:39:54.382,0.77018,0.77048,5.80,0.30
2007.12.27 18:39:54.524,0.77019,0.77049,4.00,0.80
2007.12.27 18:39:54.667,0.77002,0.77062,4.00,0.30
2007.12.27 18:39:54.810,0.77002,0.77062,4.00,0.30
2007.12.27 18:40:34.291,0.7706,0.7711,4.00,4.00
2007.12.27 18:40:34.459,0.7706,0.771,4.00,2.40
2007.12.27 18:40:34.627,0.7706,0.7711,8.00,12.80
2007.12.27 18:40:35.863,0.7706,0.7711,8.00,12.80
2007.12.27 18:40:36.076,0.7707,0.7713,4.00,8.00
2007.12.27 18:40:36.289,0.7707,0.7714,4.00,6.80
2007.12.27 18:40:36.887,0.7707,0.7714,4.00,6.80
2007.12.27 18:40:37.039,0.7707,0.7714,4.00,6.80
2007.12.27 18:40:37.195,0.7707,0.7714,8.00,6.80
2007.12.27 18:40:37.512,0.7707,0.7714,8.00,6.80
2007.12.27 18:40:37.852,0.7707,0.7714,8.00,6.80
2007.12.27 18:40:42.350,0.7707,0.7714,4.00,6.80
2007.12.27 18:40:42.563,0.7706,0.7712,17.20,8.00
2007.12.27 18:40:43.509,0.7706,0.7712,17.20,8.00
2007.12.27 18:40:44.499,0.7706,0.7712,0.90,8.00
2007.12.27 18:40:49.825,0.7705,0.7712,22.70,8.00
2007.12.27 18:40:49.973,0.7705,0.7712,22.70,8.00
2007.12.27 18:40:50.240,0.7706,0.7712,2.50,8.00
2007.12.27 18:40:51.057,0.7705,0.7712,22.70,8.00
2007.12.27 18:40:55.820,0.7708,0.7712,0.80,8.00
2007.12.27 18:40:56.003,0.7708,0.7713,1.30,13.60
2007.12.27 18:40:56.252,0.7708,0.7713,0.60,13.60
2007.12.27 18:40:56.763,0.7707,0.7713,14.20,13.60
2007.12.27 18:40:56.964,0.7708,0.7713,3.60,13.60
2007.12.27 18:41:26.912,0.7708,0.7715,8.00,4.00
2007.12.27 18:41:27.067,0.7708,0.7714,16.60,9.20
2007.12.27 18:41:27.223,0.7708,0.7714,16.60,9.20
2007.12.27 18:41:27.954,0.7708,0.7714,16.60,9.20
2007.12.27 18:41:28.253,0.77085,0.7714,4.00,9.20
2007.12.27 18:41:28.454,0.7712,0.7714,4.00,9.20
2007.12.27 18:41:28.627,0.7712,0.7715,4.80,1.60
2007.12.27 18:41:28.802,0.7712,0.7715,4.80,1.60
2007.12.27 18:41:28.997,0.7712,0.7713,4.00,2.40
2007.12.27 18:41:29.170,0.7708,0.7713,12.60,2.40
2007.12.27 18:41:29.343,0.7708,0.7713,12.60,2.40
2007.12.27 18:41:29.551,0.7708,0.7713,12.60,2.40
2007.12.27 18:41:29.759,0.7708,0.7714,13.80,8.00
2007.12.27 18:41:29.966,0.7708,0.7714,13.80,2.40
2007.12.27 18:41:30.174,0.7708,0.7715,11.40,5.60
2007.12.27 18:41:30.382,0.7708,0.7715,11.40,5.60
2007.12.27 18:41:30.783,0.7708,0.7715,11.40,5.60
2007.12.27 18:41:31.292,0.7708,0.7715,15.40,5.60
2007.12.27 18:41:33.921,0.7709,0.7715,4.00,5.60
2007.12.27 18:41:34.143,0.7709,0.7715,13.20,8.00
2007.12.27 18:41:34.337,0.7709,0.7715,13.20,8.00
2007.12.27 18:41:34.796,0.7709,0.7715,13.20,8.00
2007.12.27 18:41:35.255,0.7709,0.7715,13.20,8.00
2007.12.27 18:41:35.464,0.7709,0.7715,13.20,8.00
2007.12.27 18:41:39.782,0.7709,0.7715,13.20,8.00
2007.12.27 18:41:42.799,0.7709,0.7715,13.20,8.00
2007.12.27 18:41:45.462,0.7709,0.7715,13.20,12.00
2007.12.27 18:41:45.654,0.7709,0.7714,13.20,2.40
2007.12.27 18:41:45.847,0.7709,0.7714,13.20,2.40
2007.12.27 18:41:46.624,0.7709,0.7714,13.20,0.80
2007.12.27 18:41:46.712,0.7709,0.7715,13.20,13.60
2007.12.27 18:42:00.643,0.7709,0.7714,13.20,0.90
2007.12.27 18:42:01.973,0.7709,0.7715,13.20,13.60
2007.12.27 18:42:02.206,0.7709,0.7716,13.20,16.80
2007.12.27 18:42:02.440,0.7709,0.7716,13.20,12.80
2007.12.27 18:42:03.218,0.7709,0.7716,13.20,12.80
2007.12.27 18:42:05.149,0.7709,0.7716,13.20,12.80
2007.12.27 18:42:09.957,0.771,0.7716,0.80,12.80
2007.12.27 18:42:10.211,0.7711,0.7716,4.60,0.80
2007.12.27 18:42:10.339,0.7711,0.7716,4.60,0.70
2007.12.27 18:42:11.191,0.7711,0.7716,4.60,0.80
2007.12.27 18:42:11.503,0.7711,0.7716,4.60,0.90
2007.12.27 18:42:18.993,0.7711,0.7715,4.60,0.80
2007.12.27 18:42:19.195,0.7711,0.7715,4.60,4.80
2007.12.27 18:42:19.399,0.7711,0.7715,4.60,7.20
2007.12.27 18:42:27.987,0.7711,0.7715,4.60,3.20
2007.12.27 18:42:28.135,0.7711,0.7715,4.60,2.40
2007.12.27 18:42:28.283,0.7711,0.7716,4.60,12.80
2007.12.27 18:42:28.513,0.7711,0.7716,4.60,12.80
2007.12.27 18:42:35.597,0.7711,0.7716,4.60,14.40
2007.12.27 18:42:35.720,0.7711,0.7716,0.50,14.40
2007.12.27 18:42:35.776,0.77105,0.7716,8.60,14.40
2007.12.27 18:42:36.516,0.77105,0.7716,8.60,14.40
2007.12.27 18:42:36.769,0.77105,0.7716,8.60,14.40
2007.12.27 18:42:37.463,0.7711,0.7716,1.30,14.40
2007.12.27 18:42:37.974,0.771,0.7716,19.00,14.40
2007.12.27 18:42:52.089,0.7711,0.7716,1.10,12.80
2007.12.27 18:42:52.279,0.771,0.7716,19.00,12.80
2007.12.27 18:42:55.610,0.7711,0.7716,0.90,13.60
2007.12.27 18:42:56.709,0.771,0.7716,19.00,13.60
2007.12.27 18:43:09.108,0.7712,0.7716,4.00,13.60
2007.12.27 18:43:09.257,0.7712,0.7716,4.00,8.00
2007.12.27 18:43:09.455,0.7712,0.7716,4.00,8.00
2007.12.27 18:43:09.634,0.7712,0.7716,4.00,8.00
2007.12.27 18:43:09.782,0.7712,0.7716,4.00,8.00
2007.12.27 18:43:10.684,0.7712,0.7716,4.00,8.00
2007.12.27 18:43:10.893,0.7712,0.7716,4.00,8.00
2007.12.27 18:43:11.054,0.7712,0.7716,4.00,8.00
2007.12.27 18:43:12.232,0.7712,0.7716,4.00,8.00
2007.12.27 18:43:15.075,0.7712,0.7716,4.00,8.00
2007.12.27 18:43:15.203,0.7712,0.7716,4.00,7.20
2007.12.27 18:43:15.330,0.7712,0.7716,4.00,7.20
2007.12.27 18:43:16.504,0.7712,0.7716,4.00,7.20
2007.12.27 18:43:19.614,0.7712,0.7716,4.00,3.20
2007.12.27 18:43:19.791,0.7712,0.7716,4.00,3.20
2007.12.27 18:43:19.970,0.7712,0.7717,4.00,12.80
2007.12.27 18:43:25.831,0.7712,0.7718,4.00,14.00
2007.12.27 18:43:35.160,0.7712,0.7717,4.00,14.80
2007.12.27 18:43:35.344,0.7712,0.7717,4.00,14.80
2007.12.27 18:43:35.526,0.7712,0.7717,4.00,14.80
2007.12.27 18:43:36.221,0.7712,0.7717,4.00,14.80
2007.12.27 18:43:36.531,0.7712,0.7716,4.00,0.80
2007.12.27 18:44:10.736,0.7711,0.7716,10.20,4.80
2007.12.27 18:44:11.024,0.7711,0.7716,10.20,4.80
2007.12.27 18:44:12.054,0.7711,0.7716,10.20,4.80
2007.12.27 18:44:12.338,0.7713,0.7716,4.00,2.40
2007.12.27 18:44:12.620,0.7713,0.7716,4.00,2.40
2007.12.27 18:44:12.759,0.7713,0.7716,4.00,2.40
2007.12.27 18:44:12.896,0.7712,0.7716,6.40,2.40
2007.12.27 18:44:13.035,0.7712,0.7716,6.40,2.40
2007.12.27 18:44:13.492,0.7712,0.7716,6.40,2.40
2007.12.27 18:44:13.813,0.7712,0.7716,6.40,2.40
2007.12.27 18:44:16.212,0.7712,0.7716,6.40,2.40
2007.12.27 18:44:16.464,0.7712,0.77175,14.40,4.00
2007.12.27 18:44:16.717,0.7712,0.7718,14.40,13.60
2007.12.27 18:44:17.481,0.7712,0.7718,18.40,13.60
2007.12.27 18:44:19.254,0.7714,0.7718,0.80,8.00
2007.12.27 18:44:19.422,0.7714,0.7718,0.80,5.60
2007.12.27 18:44:19.591,0.7714,0.7718,0.80,5.60
2007.12.27 18:44:20.498,0.7714,0.7718,0.80,5.60
2007.12.27 18:44:25.276,0.7714,0.7717,0.80,0.80
2007.12.27 18:44:25.531,0.7714,0.7717,0.80,0.80
2007.12.27 18:44:26.525,0.7714,0.7717,0.80,0.80
2007.12.27 18:44:28.268,0.7714,0.7717,0.80,4.80
2007.12.27 18:44:28.451,0.7712,0.7717,17.60,7.20
2007.12.27 18:44:28.633,0.7712,0.7717,17.60,7.20
2007.12.27 18:44:29.514,0.7712,0.7717,17.60,7.20
2007.12.27 18:44:29.990,0.7711,0.7717,18.80,7.20
2007.12.27 18:44:31.975,0.7712,0.7717,17.60,7.20
2007.12.27 18:44:45.066,0.7712,0.7717,13.60,7.20
2007.12.27 18:44:45.270,0.7712,0.7717,13.60,7.20
2007.12.27 18:44:46.828,0.7712,0.7717,17.60,7.20
2007.12.27 18:45:11.010,0.77098,0.77124,5.60,2.60
2007.12.27 18:45:11.153,0.77099,0.77124,4.00,0.30
2007.12.27 18:45:11.328,0.77101,0.77126,4.00,0.80
2007.12.27 18:45:12.259,0.77104,0.77134,5.80,0.30
2007.12.27 18:45:12.990,0.77107,0.77137,5.80,0.30
2007.12.27 18:45:13.133,0.77107,0.77137,5.80,0.30
2007.12.27 18:45:13.276,0.77106,0.77136,5.80,0.30
2007.12.27 18:45:15.705,0.77107,0.77137,4.00,0.80
2007.12.27 18:45:16.475,0.77107,0.77137,5.60,2.60
2007.12.27 18:45:16.603,0.77104,0.77134,4.00,0.30
2007.12.27 18:45:16.732,0.77072,0.77158,5.60,2.60
2007.12.27 18:45:53.501,0.77094,0.77124,5.60,2.60
2007.12.27 18:45:53.814,0.77092,0.77122,4.00,0.30
2007.12.27 18:45:54.482,0.77094,0.77124,5.80,0.30
2007.12.27 18:45:54.624,0.77095,0.77125,5.60,2.60
2007.12.27 18:45:54.767,0.7708,0.7714,4.00,0.80
2007.12.27 18:45:54.910,0.7708,0.7714,5.80,0.30
2007.12.27 18:46:14.971,0.7713,0.7718,2.40,8.00
2007.12.27 18:46:15.183,0.7713,0.7718,2.40,8.00
2007.12.27 18:46:15.396,0.7713,0.7718,2.40,8.00
2007.12.27 18:46:17.934,0.7713,0.7718,2.40,8.00
2007.12.27 18:46:18.162,0.7712,0.7716,9.60,0.80
2007.12.27 18:46:18.335,0.7712,0.7716,9.60,0.80
2007.12.27 18:46:19.062,0.7712,0.7716,9.60,0.80
2007.12.27 18:46:19.266,0.7712,0.7716,9.60,0.80
2007.12.27 18:46:29.886,0.7712,0.7717,9.60,12.00
2007.12.27 18:46:30.085,0.7712,0.7717,9.60,10.40
2007.12.27 18:46:30.552,0.7713,0.7717,2.40,4.00
2007.12.27 18:46:30.720,0.7713,0.7718,2.40,6.40
2007.12.27 18:46:30.887,0.7713,0.7718,2.40,6.40
2007.12.27 18:46:31.055,0.7713,0.7718,6.40,6.40
2007.12.27 18:46:31.797,0.7713,0.7718,6.40,6.40
2007.12.27 18:46:32.113,0.7713,0.7718,6.40,6.40
2007.12.27 18:46:36.268,0.7713,0.7718,2.90,6.40
2007.12.27 18:46:38.460,0.7713,0.7718,10.40,6.40
2007.12.27 18:46:38.658,0.7713,0.7719,17.60,12.80
2007.12.27 18:46:38.855,0.7714,0.7719,3.00,12.80
2007.12.27 18:46:39.053,0.7714,0.7719,3.20,11.20
2007.12.27 18:46:39.251,0.7714,0.7719,2.60,11.20
2007.12.27 18:46:39.449,0.7714,0.7719,2.00,11.20
2007.12.27 18:46:39.626,0.7714,0.7719,12.00,11.20
2007.12.27 18:46:40.296,0.7715,0.7719,2.10,11.20
2007.12.27 18:46:50.068,0.7714,0.7719,12.00,12.80
2007.12.27 18:46:52.793,0.7714,0.7719,0.60,12.80
2007.12.27 18:46:54.219,0.7713,0.7719,17.60,12.80
2007.12.27 18:46:55.247,0.7714,0.7719,12.00,12.80
2007.12.27 18:47:14.522,0.7715,0.7719,4.00,8.80
2007.12.27 18:47:16.250,0.7715,0.7719,4.00,8.80
2007.12.27 18:47:20.049,0.7714,0.7719,8.00,8.80
2007.12.27 18:47:24.371,0.7714,0.7719,8.00,0.50
2007.12.27 18:47:25.224,0.7714,0.77245,4.00,4.80
2007.12.27 18:47:26.755,0.7714,0.77245,4.00,5.00
2007.12.27 18:47:27.067,0.7714,0.77235,4.00,0.60
2007.12.27 18:47:28.502,0.7715,0.7724,4.00,4.80
2007.12.27 18:47:36.621,0.7715,0.77245,4.00,5.00
2007.12.27 18:47:36.788,0.7715,0.77235,4.00,0.90
2007.12.27 18:48:50.309,0.7715,0.77235,4.00,4.00
2007.12.27 18:48:50.525,0.7714,0.77235,4.00,4.00
2007.12.27 18:49:33.769,0.7714,0.772,4.00,4.00
2007.12.27 18:49:33.982,0.7714,0.772,13.60,15.20
2007.12.27 18:49:34.195,0.7714,0.772,17.60,15.20
2007.12.27 18:49:35.091,0.77145,0.772,4.00,15.20
2007.12.27 18:49:55.506,0.77145,0.772,4.00,15.20
2007.12.27 18:49:56.430,0.77145,0.772,4.00,15.20
2007.12.27 18:50:04.688,0.7714,0.772,17.60,15.20
2007.12.27 18:50:19.968,0.77135,0.7723,4.00,4.00
2007.12.27 18:50:20.996,0.77135,0.77205,4.00,4.00
2007.12.27 18:50:32.744,0.77135,0.77205,4.00,4.00
2007.12.27 18:50:32.955,0.77135,0.77205,4.00,4.00
2007.12.27 18:50:34.430,0.77135,0.77205,4.00,4.00
2007.12.27 18:50:35.474,0.7714,0.77205,4.00,4.00
2007.12.27 18:50:36.507,0.7714,0.77205,4.00,4.00
2007.12.27 18:50:40.960,0.7714,0.77205,4.00,4.00
2007.12.27 18:50:41.171,0.7714,0.77205,4.00,4.00
2007.12.27 18:50:41.490,0.7714,0.77205,4.00,4.00
2007.12.27 18:50:41.925,0.7714,0.77205,4.00,4.00
2007.12.27 18:50:42.987,0.7714,0.772,15.20,11.20
2007.12.27 18:50:43.215,0.7714,0.772,15.20,11.20
2007.12.27 18:50:49.524,0.7714,0.7719,19.20,4.00
2007.12.27 18:50:49.697,0.7714,0.7718,11.20,1.60
2007.12.27 18:50:49.871,0.7714,0.7718,7.20,1.60
2007.12.27 18:50:50.710,0.7714,0.7718,7.20,1.60
2007.12.27 18:50:51.215,0.7714,0.7718,7.20,1.60
2007.12.27 18:50:51.939,0.7714,0.7718,7.20,1.60
2007.12.27 18:50:52.233,0.7714,0.7718,7.20,1.60
2007.12.27 18:50:52.759,0.7714,0.7718,7.20,1.60
2007.12.27 18:50:55.478,0.7714,0.7718,3.20,1.60
2007.12.27 18:50:55.666,0.7714,0.7717,3.20,1.60
2007.12.27 18:50:55.854,0.7714,0.7717,3.20,1.60
2007.12.27 18:50:56.051,0.7714,0.7717,3.20,1.60
2007.12.27 18:50:56.239,0.7714,0.7718,3.20,5.60
2007.12.27 18:50:56.411,0.7714,0.7718,3.20,5.60
2007.12.27 18:50:56.975,0.7714,0.7718,3.20,5.60
2007.12.27 18:50:57.175,0.7714,0.7718,3.20,5.60
2007.12.27 18:50:58.459,0.7714,0.7718,3.20,5.60
2007.12.27 18:50:58.667,0.7714,0.7718,3.20,5.60
2007.12.27 18:50:59.435,0.7714,0.7718,2.40,5.60
2007.12.27 18:51:01.748,0.7714,0.7718,2.40,5.60
2007.12.27 18:51:02.182,0.7714,0.7718,2.40,5.60
2007.12.27 18:51:04.436,0.7714,0.7718,2.40,5.60
2007.12.27 18:51:04.619,0.77135,0.7718,4.00,13.60
2007.12.27 18:51:04.802,0.7713,0.7718,4.00,13.60
2007.12.27 18:51:04.994,0.7713,0.7718,4.00,13.60
2007.12.27 18:51:05.212,0.7712,0.7718,13.60,13.60
2007.12.27 18:51:05.712,0.7712,0.7718,13.60,13.60
2007.12.27 18:51:05.828,0.77115,0.7718,17.60,13.60
2007.12.27 18:51:06.221,0.7712,0.7718,13.60,13.60
2007.12.27 18:51:07.544,0.7712,0.7718,15.20,13.60
2007.12.27 18:51:07.752,0.7712,0.7718,19.20,13.60
2007.12.27 18:51:12.020,0.7712,0.7718,19.20,13.60
2007.12.27 18:51:12.226,0.7712,0.7718,19.20,13.60
2007.12.27 18:51:52.598,0.7712,0.7716,11.20,0.80
2007.12.27 18:51:52.747,0.7712,0.7716,9.60,0.80
2007.12.27 18:51:52.894,0.7712,0.7716,13.60,0.80
2007.12.27 18:51:53.043,0.7712,0.7716,11.20,0.80
2007.12.27 18:51:53.617,0.7712,0.7716,11.20,0.80
2007.12.27 18:51:53.951,0.7712,0.7718,19.20,12.80
2007.12.27 18:51:54.285,0.7712,0.7718,19.20,8.00
2007.12.27 18:51:54.497,0.7713,0.7718,2.40,8.00
2007.12.27 18:52:03.951,0.7713,0.7718,2.40,8.00
2007.12.27 18:52:05.944,0.7713,0.7719,2.40,13.20
2007.12.27 18:52:06.556,0.7713,0.7719,2.40,13.20
2007.12.27 18:52:06.729,0.7712,0.7717,13.60,0.80
2007.12.27 18:52:06.973,0.7712,0.7717,13.60,8.00
2007.12.27 18:52:07.696,0.7712,0.7717,13.60,8.00
2007.12.27 18:52:08.001,0.7712,0.7717,13.60,8.00
2007.12.27 18:52:08.184,0.7714,0.7717,0.80,5.60
2007.12.27 18:52:08.367,0.7714,0.7717,0.80,1.60
2007.12.27 18:52:08.549,0.7714,0.7717,0.80,1.60
2007.12.27 18:52:09.439,0.7714,0.7717,0.80,1.60
2007.12.27 18:52:11.166,0.7713,0.7716,4.00,1.60
2007.12.27 18:52:11.329,0.7712,0.7716,5.60,1.60
2007.12.27 18:52:11.491,0.7712,0.7716,5.60,1.60
2007.12.27 18:52:12.180,0.7712,0.7716,5.60,1.60
2007.12.27 18:52:21.107,0.7712,0.7716,5.60,1.60
2007.12.27 18:52:21.260,0.7713,0.7718,2.40,12.00
2007.12.27 18:52:21.414,0.7713,0.7718,2.40,12.00
2007.12.27 18:52:21.566,0.7713,0.7718,2.40,8.00
2007.12.27 18:52:22.184,0.7713,0.7718,2.40,8.00
2007.12.27 18:52:32.663,0.7713,0.7718,2.40,8.00
2007.12.27 18:52:32.971,0.7713,0.7718,2.40,8.00
2007.12.27 18:52:33.137,0.7713,0.7718,6.40,8.00
2007.12.27 18:52:33.300,0.7713,0.7719,12.80,12.00
2007.12.27 18:52:34.495,0.7713,0.7719,12.80,12.00
2007.12.27 18:52:38.659,0.7714,0.7719,0.80,12.00
2007.12.27 18:52:38.833,0.7714,0.7719,7.20,12.00
2007.12.27 18:52:39.005,0.7714,0.7719,7.20,12.00
2007.12.27 18:52:39.891,0.7714,0.7719,7.20,12.00
2007.12.27 18:52:40.650,0.7714,0.7719,12.80,6.40
2007.12.27 18:52:40.813,0.7714,0.772,12.80,14.00
2007.12.27 18:52:40.976,0.7714,0.772,12.80,14.00
2007.12.27 18:52:41.826,0.7714,0.772,12.80,14.00
2007.12.27 18:52:44.685,0.7714,0.772,12.80,14.00
2007.12.27 18:52:44.869,0.7713,0.7719,12.00,8.00
2007.12.27 18:52:45.051,0.7713,0.7719,8.00,8.00
2007.12.27 18:52:45.729,0.7713,0.7719,8.00,8.00
2007.12.27 18:52:46.001,0.7713,0.7719,8.00,8.00
2007.12.27 18:52:46.974,0.7713,0.7719,8.00,8.00
2007.12.27 18:52:47.175,0.7713,0.7719,8.00,8.00
2007.12.27 18:52:49.041,0.7713,0.7719,3.60,8.00
2007.12.27 18:53:02.236,0.7713,0.7718,2.90,2.40
2007.12.27 18:53:02.443,0.7712,0.7718,17.60,2.40
2007.12.27 18:53:02.622,0.7713,0.7718,3.40,2.40
2007.12.27 18:53:03.511,0.7712,0.7718,17.60,2.40
2007.12.27 18:53:05.777,0.7713,0.7718,8.00,2.40
2007.12.27 18:53:05.970,0.7713,0.7718,12.00,2.40
2007.12.27 18:53:06.428,0.7713,0.7718,12.00,2.40
2007.12.27 18:53:12.543,0.7714,0.7718,3.90,2.40
2007.12.27 18:53:15.674,0.7714,0.7718,4.50,2.40
2007.12.27 18:53:15.857,0.7712,0.7716,16.00,3.20
2007.12.27 18:53:16.040,0.7714,0.7716,1.10,3.20
2007.12.27 18:53:16.227,0.7712,0.7716,12.00,3.20
2007.12.27 18:53:16.934,0.7714,0.7716,0.50,3.20
2007.12.27 18:53:18.859,0.7714,0.7716,4.00,3.20
2007.12.27 18:53:19.032,0.7714,0.7716,4.00,3.20
2007.12.27 18:53:19.773,0.7714,0.7716,4.00,3.20
2007.12.27 18:53:19.984,0.7714,0.7716,4.00,3.20
2007.12.27 18:53:22.109,0.7714,0.7716,2.20,3.20
2007.12.27 18:53:25.690,0.7714,0.7716,1.80,3.20
2007.12.27 18:53:33.145,0.7714,0.7715,0.70,0.50
2007.12.27 18:53:40.203,0.7714,0.7715,1.80,0.50
2007.12.27 18:53:44.777,0.7712,0.7716,12.00,3.20
2007.12.27 18:53:49.350,0.7711,0.7715,15.60,0.50
2007.12.27 18:54:03.891,0.7712,0.7715,2.90,0.50
2007.12.27 18:54:04.109,0.7711,0.7715,8.80,0.50
2007.12.27 18:54:04.327,0.7712,0.7715,3.50,0.50
2007.12.27 18:54:04.944,0.7711,0.7715,8.80,0.50
2007.12.27 18:54:09.214,0.7711,0.7716,15.20,3.70
2007.12.27 18:54:10.969,0.7711,0.7716,8.80,3.70
2007.12.27 18:54:13.434,0.7711,0.7716,8.80,3.70
2007.12.27 18:54:14.368,0.7711,0.7716,8.80,3.70
2007.12.27 18:54:14.642,0.7709,0.7715,0.90,0.90
2007.12.27 18:54:14.784,0.7709,0.7715,0.90,0.60
2007.12.27 18:54:14.928,0.7708,0.7715,0.50,0.70
2007.12.27 18:54:15.071,0.7707,0.7716,9.60,12.90
2007.12.27 18:54:15.442,0.7707,0.7716,9.60,16.90
2007.12.27 18:54:15.667,0.7708,0.77145,0.80,0.50
2007.12.27 18:54:15.900,0.7712,0.77145,0.50,0.80
2007.12.27 18:54:16.133,0.7712,0.7713,0.70,0.50
2007.12.27 18:54:16.366,0.7712,0.7713,4.00,0.50
2007.12.27 18:54:16.598,0.7712,0.7713,4.00,0.50
2007.12.27 18:54:17.001,0.7712,0.7713,4.00,0.50
2007.12.27 18:54:17.203,0.7712,0.7713,4.00,0.50
2007.12.27 18:54:30.705,0.7712,0.7713,4.00,0.50
2007.12.27 18:54:31.719,0.7712,0.7713,4.00,0.50
2007.12.27 18:54:42.921,0.7712,0.7713,4.00,0.50
2007.12.27 18:54:43.124,0.7712,0.7713,4.00,0.50
2007.12.27 18:54:43.327,0.7712,0.7713,4.00,0.50
2007.12.27 18:54:45.224,0.7712,0.7713,4.00,0.50
2007.12.27 18:54:45.468,0.7712,0.7715,4.00,2.40
2007.12.27 18:54:45.737,0.7712,0.7715,4.00,2.40
2007.12.27 18:54:53.307,0.7712,0.7715,4.00,2.40
2007.12.27 18:54:53.475,0.7711,0.7715,4.00,2.40
2007.12.27 18:54:53.643,0.7711,0.7716,4.00,15.80
2007.12.27 18:54:53.856,0.7711,0.7716,4.00,15.80
2007.12.27 18:54:54.070,0.77085,0.7714,4.00,0.50
2007.12.27 18:54:54.283,0.7708,0.7714,8.00,0.50
2007.12.27 18:54:54.503,0.7707,0.7714,4.00,0.50
2007.12.27 18:54:55.011,0.7707,0.7714,4.00,0.50
2007.12.27 18:54:55.224,0.7707,0.7714,4.00,0.50
2007.12.27 18:54:59.375,0.7708,0.7714,4.00,0.50
2007.12.27 18:54:59.567,0.7708,0.7714,9.60,0.50
2007.12.27 18:54:59.760,0.7708,0.7714,9.60,0.50
2007.12.27 18:55:00.411,0.7708,0.7714,9.60,0.50
2007.12.27 18:55:01.488,0.7708,0.7714,10.80,0.50
2007.12.27 18:55:07.470,0.7708,0.7714,1.90,0.50
2007.12.27 18:55:28.425,0.7708,0.7714,4.10,0.50
2007.12.27 18:55:28.634,0.7708,0.7714,3.30,0.50
2007.12.27 18:55:28.841,0.7708,0.7714,5.60,8.50
2007.12.27 18:55:29.080,0.7708,0.7713,6.00,0.50
2007.12.27 18:55:30.199,0.7707,0.7713,20.00,0.50
2007.12.27 18:55:31.230,0.7707,0.7713,20.00,0.50
2007.12.27 18:55:38.537,0.7708,0.7713,13.20,0.50
2007.12.27 18:55:38.775,0.7708,0.7713,13.20,2.40
2007.12.27 18:55:39.013,0.7708,0.7713,13.20,2.40
2007.12.27 18:55:39.649,0.7708,0.7713,13.20,2.40
2007.12.27 18:55:40.978,0.7708,0.7713,13.20,2.40
2007.12.27 18:55:46.688,0.7708,0.7713,13.20,2.40
2007.12.27 18:55:47.607,0.7708,0.7713,13.20,2.40
2007.12.27 18:55:47.775,0.7708,0.7713,13.20,2.90
2007.12.27 18:55:48.233,0.7708,0.7713,13.20,2.90
2007.12.27 18:55:49.161,0.7708,0.7713,13.20,2.90
2007.12.27 18:55:53.566,0.7707,0.7713,20.80,2.90
2007.12.27 18:55:55.755,0.7707,0.7712,20.00,0.50
2007.12.27 18:55:56.583,0.7708,0.7712,1.80,0.50
2007.12.27 18:55:56.780,0.7708,0.7712,2.00,0.50
2007.12.27 18:55:57.678,0.7707,0.7712,20.00,0.50
2007.12.27 18:56:03.024,0.7708,0.7712,6.20,1.30
2007.12.27 18:56:03.167,0.7708,0.7712,1.70,7.70
2007.12.27 18:56:03.310,0.7708,0.7712,1.90,7.70
2007.12.27 18:56:03.453,0.7707,0.7712,13.20,7.70
2007.12.27 18:56:04.218,0.7708,0.7712,0.90,7.70
2007.12.27 18:56:08.099,0.7708,0.7712,2.00,7.70
2007.12.27 18:56:08.267,0.7707,0.7711,9.60,0.80
2007.12.27 18:56:08.435,0.7707,0.7711,9.60,0.80
2007.12.27 18:56:09.117,0.7707,0.7711,9.60,0.80
2007.12.27 18:56:09.429,0.7708,0.7711,2.20,0.80
2007.12.27 18:56:10.016,0.7707,0.7711,9.60,0.80
2007.12.27 18:56:10.199,0.7708,0.7711,1.50,0.80
2007.12.27 18:56:10.382,0.7707,0.7711,4.80,0.80
2007.12.27 18:56:10.565,0.7707,0.7711,4.80,0.80
2007.12.27 18:56:11.040,0.7707,0.7711,4.80,0.80
2007.12.27 18:56:11.198,0.7708,0.7711,1.30,0.80
2007.12.27 18:56:12.061,0.7706,0.7711,7.60,6.40
2007.12.27 18:56:12.222,0.7705,0.7711,12.80,12.80
2007.12.27 18:56:12.480,0.7705,0.7711,12.80,12.80
2007.12.27 18:56:12.653,0.7708,0.7711,0.30,12.80
2007.12.27 18:56:12.815,0.7706,0.7711,4.30,12.80
2007.12.27 18:56:13.091,0.7706,0.7711,4.30,12.80
2007.12.27 18:56:13.400,0.7706,0.7711,4.30,13.30
2007.12.27 18:56:13.563,0.7706,0.7711,4.30,13.30
2007.12.27 18:56:14.007,0.7708,0.7711,0.30,9.30
2007.12.27 18:56:14.194,0.7708,0.7711,0.30,0.50
2007.12.27 18:56:14.367,0.7708,0.7711,0.30,0.50
2007.12.27 18:56:14.541,0.7708,0.7711,0.30,0.50
2007.12.27 18:56:15.232,0.7706,0.7711,12.80,0.50
2007.12.27 18:56:17.156,0.7708,0.7711,0.30,0.50
2007.12.27 18:56:17.309,0.7708,0.7711,0.30,0.50
2007.12.27 18:56:17.465,0.7708,0.7711,0.30,0.50
2007.12.27 18:56:18.184,0.7708,0.7711,0.30,0.50
2007.12.27 18:56:19.053,0.7708,0.7711,0.30,0.50
2007.12.27 18:56:19.196,0.7707,0.7711,4.30,0.50
2007.12.27 18:56:19.398,0.7708,0.7711,0.30,0.50
2007.12.27 18:56:19.565,0.7708,0.7711,2.40,0.50
2007.12.27 18:56:19.707,0.7707,0.7711,13.00,0.50
2007.12.27 18:56:19.851,0.7708,0.7711,1.10,0.50
2007.12.27 18:56:19.994,0.7707,0.7711,13.50,0.50
2007.12.27 18:56:20.637,0.7707,0.7711,13.50,0.50
2007.12.27 18:56:20.945,0.7707,0.7711,17.50,0.50
2007.12.27 18:56:26.478,0.7707,0.7711,17.00,0.50
2007.12.27 18:56:26.680,0.7708,0.7711,1.70,0.50
2007.12.27 18:56:27.099,0.7707,0.7711,6.40,0.50
2007.12.27 18:56:27.302,0.7707,0.7711,4.03,0.50
2007.12.27 18:56:27.490,0.7708,0.7711,0.03,0.50
2007.12.27 18:56:28.482,0.7708,0.7711,0.03,0.50
2007.12.27 18:56:37.098,0.7708,0.7711,1.40,0.50
2007.12.27 18:56:37.305,0.7708,0.7711,2.10,0.50
2007.12.27 18:56:37.513,0.7707,0.7711,12.80,0.50
2007.12.27 18:56:38.396,0.7707,0.7711,12.80,0.50
2007.12.27 18:56:41.308,0.7708,0.7711,1.30,0.50
2007.12.27 18:56:42.124,0.7707,0.7711,12.80,0.50
2007.12.27 18:56:42.311,0.7708,0.7711,0.50,0.50
2007.12.27 18:56:42.500,0.7707,0.7711,12.80,0.50
2007.12.27 18:56:43.467,0.7707,0.7711,12.80,0.50
2007.12.27 18:56:48.358,0.7708,0.7711,4.00,0.50
2007.12.27 18:56:48.521,0.7708,0.7712,4.00,0.50
2007.12.27 18:56:49.376,0.7708,0.7712,4.00,0.50
2007.12.27 18:57:01.469,0.7708,0.7712,4.00,0.50
2007.12.27 18:57:01.724,0.7708,0.7712,4.00,0.50
2007.12.27 18:57:03.631,0.7708,0.771,4.00,0.50
2007.12.27 18:57:03.804,0.7708,0.771,4.00,0.50
2007.12.27 18:57:04.580,0.7708,0.771,4.00,0.50
2007.12.27 18:57:05.480,0.7708,0.771,4.00,0.50
2007.12.27 18:57:06.721,0.7708,0.771,4.00,0.50
2007.12.27 18:57:07.442,0.7708,0.771,4.00,0.50
2007.12.27 18:57:07.725,0.7708,0.771,4.00,0.50
2007.12.27 18:57:09.464,0.7708,0.771,4.00,0.50
2007.12.27 18:57:09.746,0.7708,0.771,4.00,0.50
2007.12.27 18:57:10.029,0.7708,0.771,4.10,0.50
2007.12.27 18:57:11.078,0.7708,0.771,4.10,0.50
2007.12.27 18:57:13.502,0.7708,0.771,4.00,0.50
2007.12.27 18:57:13.695,0.7708,0.771,4.00,0.50
2007.12.27 18:57:13.958,0.7708,0.771,4.10,0.50
2007.12.27 18:57:14.945,0.7708,0.7713,4.10,12.80
2007.12.27 18:57:15.136,0.7708,0.7713,4.10,12.80
2007.12.27 18:57:15.314,0.7708,0.7713,4.10,12.80
2007.12.27 18:57:16.251,0.7708,0.7713,4.10,12.80
2007.12.27 18:57:16.574,0.7708,0.7713,4.70,12.80
2007.12.27 18:57:16.874,0.7708,0.7713,12.70,2.40
2007.12.27 18:57:17.077,0.7708,0.7713,12.60,2.40
2007.12.27 18:57:17.280,0.7708,0.7713,12.70,2.40
2007.12.27 18:57:17.483,0.7708,0.7713,12.70,2.40
2007.12.27 18:57:18.438,0.7708,0.7713,12.70,2.40
2007.12.27 18:57:20.746,0.7707,0.7713,18.30,2.40
2007.12.27 18:57:22.246,0.7707,0.7713,18.30,2.40
2007.12.27 18:57:24.461,0.7708,0.7713,2.50,2.40
2007.12.27 18:57:24.758,0.7707,0.7713,18.30,2.40
2007.12.27 18:57:25.056,0.7707,0.7713,18.30,2.40
2007.12.27 18:57:25.318,0.7707,0.7713,18.30,2.40
2007.12.27 18:57:36.152,0.7708,0.7713,12.70,2.40
2007.12.27 18:57:36.280,0.7709,0.7713,5.60,2.40
2007.12.27 18:57:36.408,0.7709,0.7714,13.60,7.20
2007.12.27 18:57:36.537,0.771,0.7714,0.70,7.20
2007.12.27 18:57:36.789,0.7709,0.7714,14.20,7.20
2007.12.27 18:57:37.042,0.7709,0.7714,14.20,7.20
2007.12.27 18:57:37.294,0.771,0.7714,0.50,7.20
2007.12.27 18:57:37.600,0.771,0.7714,2.30,7.20
2007.12.27 18:57:40.971,0.771,0.7714,0.90,7.20
2007.12.27 18:57:45.420,0.771,0.7714,0.90,7.20
2007.12.27 18:57:51.908,0.771,0.7714,4.60,7.20
2007.12.27 18:58:06.849,0.771,0.7714,1.80,7.20
2007.12.27 18:58:16.178,0.7709,0.7716,1.80,4.00
2007.12.27 18:59:45.215,0.7709,0.7716,4.00,4.00
2007.12.27 18:59:46.233,0.77095,0.7716,4.00,4.00
2007.12.27 18:59:59.477,0.77095,0.7716,4.00,4.00
2007.12.27 18:59:59.692,0.7709,0.7716,4.00,4.00
2007.12.27 18:59:59.993,0.7709,0.7716,4.00,4.00
