2008.08.26 16:00:08.684,0.6966,0.69685,1.00,2.90
2008.08.26 16:00:08.964,0.6966,0.6969,1.00,1.30
2008.08.26 16:00:09.244,0.6966,0.6969,2.50,1.70
2008.08.26 16:00:10.404,0.6966,0.6969,1.60,1.70
2008.08.26 16:00:10.556,0.6966,0.6969,2.50,1.70
2008.08.26 16:00:12.436,0.69665,0.6969,1.00,1.00
2008.08.26 16:00:12.608,0.69665,0.697,1.00,4.30
2008.08.26 16:00:12.780,0.69665,0.697,1.80,3.70
2008.08.26 16:00:14.100,0.6967,0.69705,1.00,6.60
2008.08.26 16:00:14.796,0.6967,0.69705,1.80,6.20
2008.08.26 16:00:15.017,0.6967,0.69705,1.80,2.90
2008.08.26 16:00:15.520,0.6967,0.69705,1.00,3.30
2008.08.26 16:00:18.721,0.6967,0.69705,1.80,2.90
2008.08.26 16:00:20.983,0.69675,0.6971,6.70,4.30
2008.08.26 16:00:21.169,0.69675,0.6971,7.80,4.30
2008.08.26 16:00:21.356,0.6968,0.69705,1.60,2.90
2008.08.26 16:00:21.728,0.6967,0.69705,1.80,2.90
2008.08.26 16:00:22.316,0.6967,0.69705,1.00,3.30
2008.08.26 16:00:23.518,0.69665,0.697,1.80,2.90
2008.08.26 16:00:24.058,0.69665,0.697,1.00,4.30
2008.08.26 16:00:24.175,0.69665,0.69695,1.00,2.90
2008.08.26 16:00:24.979,0.6966,0.69695,2.50,2.90
2008.08.26 16:00:34.665,0.6966,0.69695,1.80,2.90
2008.08.26 16:00:35.204,0.69655,0.6969,1.80,2.90
2008.08.26 16:00:47.164,0.6966,0.69695,1.80,2.90
2008.08.26 16:00:47.268,0.6966,0.69695,2.50,2.90
2008.08.26 16:00:48.940,0.6966,0.6969,2.50,2.90
2008.08.26 16:00:49.535,0.6966,0.6969,1.30,3.70
2008.08.26 16:00:49.677,0.6966,0.6969,1.00,3.70
2008.08.26 16:00:50.072,0.6966,0.6969,2.20,2.90
2008.08.26 16:00:50.632,0.6966,0.6969,1.30,3.70
2008.08.26 16:00:50.718,0.6966,0.6969,1.60,3.70
2008.08.26 16:00:50.920,0.6966,0.6969,1.00,3.70
2008.08.26 16:00:51.143,0.6966,0.6969,1.00,3.70
2008.08.26 16:00:51.452,0.6966,0.6969,1.00,3.70
2008.08.26 16:00:51.523,0.6966,0.6969,1.60,3.70
2008.08.26 16:00:52.147,0.6966,0.6969,1.00,3.70
2008.08.26 16:00:52.308,0.6966,0.6969,1.00,3.70
2008.08.26 16:00:52.920,0.6966,0.69695,2.50,2.90
2008.08.26 16:01:06.015,0.6966,0.6969,2.20,2.90
2008.08.26 16:01:06.131,0.6966,0.6969,2.20,3.70
2008.08.26 16:01:06.244,0.6966,0.6969,1.00,4.30
2008.08.26 16:01:07.160,0.6966,0.6967,1.00,1.00
2008.08.26 16:01:07.739,0.6966,0.6967,1.00,1.00
2008.08.26 16:01:08.025,0.6966,0.6967,1.60,1.00
2008.08.26 16:01:08.597,0.6966,0.69675,1.00,1.00
2008.08.26 16:01:09.112,0.69655,0.6969,1.80,2.90
2008.08.26 16:01:12.712,0.6966,0.69695,1.00,3.30
2008.08.26 16:01:13.344,0.6966,0.69695,2.50,2.90
2008.08.26 16:01:17.180,0.69655,0.6969,1.80,2.90
2008.08.26 16:01:18.120,0.69665,0.6969,1.00,2.90
2008.08.26 16:01:20.632,0.6966,0.69695,2.90,3.30
2008.08.26 16:01:22.368,0.69665,0.6969,1.00,1.30
2008.08.26 16:01:22.468,0.69665,0.6969,1.00,1.00
2008.08.26 16:01:22.860,0.6967,0.697,1.00,4.30
2008.08.26 16:01:23.244,0.6966,0.69695,2.40,2.90
2008.08.26 16:01:24.379,0.69665,0.69695,1.00,3.30
2008.08.26 16:01:24.661,0.6966,0.69695,1.00,3.30
2008.08.26 16:01:25.125,0.69655,0.6969,2.40,2.90
2008.08.26 16:01:25.307,0.69655,0.6969,2.40,3.30
2008.08.26 16:01:26.043,0.6966,0.6969,1.00,3.30
2008.08.26 16:01:26.229,0.69655,0.6969,2.40,2.90
2008.08.26 16:01:26.597,0.69655,0.6969,1.00,4.30
2008.08.26 16:01:26.784,0.69655,0.69685,1.00,2.90
2008.08.26 16:01:27.391,0.69655,0.6969,1.00,4.30
2008.08.26 16:01:27.623,0.69655,0.6969,1.00,4.30
2008.08.26 16:01:30.932,0.6965,0.69685,2.40,2.90
2008.08.26 16:01:39.816,0.69655,0.6969,2.40,4.30
2008.08.26 16:01:40.234,0.69655,0.6969,2.40,3.70
2008.08.26 16:01:42.143,0.6966,0.6969,1.00,1.30
2008.08.26 16:01:42.538,0.6966,0.6969,7.80,1.30
2008.08.26 16:01:42.731,0.69665,0.6969,1.00,1.30
2008.08.26 16:01:45.176,0.69665,0.6969,1.00,1.70
2008.08.26 16:01:45.308,0.69665,0.6969,1.00,1.70
2008.08.26 16:01:48.303,0.6966,0.6969,2.20,3.70
2008.08.26 16:01:48.481,0.69655,0.6968,7.20,1.60
2008.08.26 16:01:48.820,0.6966,0.6968,7.00,1.60
2008.08.26 16:01:49.492,0.6966,0.6968,1.60,1.60
2008.08.26 16:01:49.684,0.6965,0.6968,2.20,4.50
2008.08.26 16:01:50.067,0.6965,0.6968,10.60,1.60
2008.08.26 16:01:50.259,0.6965,0.6968,1.60,1.60
2008.08.26 16:01:50.847,0.69655,0.6968,1.00,1.30
2008.08.26 16:01:51.256,0.69655,0.6968,1.00,1.00
2008.08.26 16:01:52.462,0.6965,0.6968,2.50,1.00
2008.08.26 16:01:52.799,0.6965,0.6968,2.50,1.30
2008.08.26 16:01:55.699,0.69645,0.6968,7.20,3.70
2008.08.26 16:01:55.952,0.69645,0.6968,1.80,3.70
2008.08.26 16:01:58.539,0.6964,0.6967,1.30,3.30
2008.08.26 16:01:58.780,0.6964,0.69665,1.00,2.90
2008.08.26 16:02:00.326,0.6964,0.69665,1.30,2.90
2008.08.26 16:02:06.279,0.6964,0.69665,1.00,2.90
2008.08.26 16:02:06.480,0.6963,0.6966,2.50,1.00
2008.08.26 16:02:06.823,0.6963,0.6966,2.50,2.90
2008.08.26 16:02:07.907,0.6963,0.6966,2.50,6.20
2008.08.26 16:02:08.371,0.6963,0.6966,2.50,1.60
2008.08.26 16:02:08.604,0.6963,0.6966,1.60,1.60
2008.08.26 16:02:08.819,0.6964,0.6966,1.00,1.60
2008.08.26 16:02:09.035,0.69635,0.6966,1.00,1.00
2008.08.26 16:02:09.251,0.69635,0.6966,1.80,1.00
2008.08.26 16:02:13.320,0.69635,0.6966,5.60,1.00
2008.08.26 16:02:13.526,0.6964,0.6966,5.40,1.00
2008.08.26 16:02:13.712,0.6963,0.6966,3.20,1.00
2008.08.26 16:02:13.727,0.6963,0.6966,2.50,1.00
2008.08.26 16:02:14.124,0.6963,0.6966,2.50,1.30
2008.08.26 16:02:19.603,0.6963,0.6966,2.20,3.70
2008.08.26 16:02:19.808,0.6963,0.6966,2.20,4.50
2008.08.26 16:02:20.011,0.6963,0.6966,6.00,4.50
2008.08.26 16:02:22.000,0.6963,0.6966,1.30,4.50
2008.08.26 16:02:22.191,0.6963,0.69655,1.30,2.90
2008.08.26 16:02:22.283,0.6963,0.69655,1.00,2.90
2008.08.26 16:02:22.951,0.6963,0.69655,1.30,2.90
2008.08.26 16:02:23.237,0.6963,0.6966,2.20,3.70
2008.08.26 16:02:23.787,0.6963,0.69655,2.20,2.90
2008.08.26 16:02:24.059,0.6963,0.69655,1.00,2.90
2008.08.26 16:02:24.316,0.6963,0.6966,1.60,3.70
2008.08.26 16:02:24.576,0.6963,0.6966,2.50,3.70
2008.08.26 16:02:30.078,0.6963,0.6966,1.60,3.70
2008.08.26 16:02:32.053,0.6963,0.6966,2.50,3.70
2008.08.26 16:02:37.348,0.6963,0.6966,2.50,1.30
2008.08.26 16:03:25.519,0.6963,0.6966,6.30,1.70
2008.08.26 16:03:26.320,0.69635,0.6966,1.00,1.70
2008.08.26 16:03:27.407,0.6963,0.6966,2.50,1.70
2008.08.26 16:03:28.173,0.69635,0.6966,1.00,1.70
2008.08.26 16:03:28.295,0.69635,0.6967,1.00,4.30
2008.08.26 16:03:28.415,0.69635,0.6967,1.80,3.70
2008.08.26 16:03:28.775,0.69645,0.6967,1.00,1.30
2008.08.26 16:03:29.355,0.6964,0.6967,2.50,1.30
2008.08.26 16:03:30.035,0.69645,0.6967,1.00,1.40
2008.08.26 16:03:30.323,0.69645,0.6967,1.00,1.00
2008.08.26 16:03:30.900,0.69645,0.6968,1.00,4.30
2008.08.26 16:03:32.764,0.69645,0.6968,1.80,4.30
2008.08.26 16:03:32.970,0.6964,0.69675,1.80,2.90
2008.08.26 16:03:51.939,0.69635,0.6967,7.20,2.90
2008.08.26 16:03:52.055,0.69635,0.6967,7.20,3.70
2008.08.26 16:03:52.171,0.69635,0.6967,5.60,4.10
2008.08.26 16:03:52.636,0.69635,0.6966,5.60,1.00
2008.08.26 16:03:54.020,0.69635,0.6966,5.60,1.30
2008.08.26 16:04:09.515,0.69635,0.6966,5.60,1.00
2008.08.26 16:04:32.469,0.6963,0.6966,1.60,4.00
2008.08.26 16:04:32.579,0.6963,0.6966,6.30,1.60
2008.08.26 16:04:33.107,0.6963,0.6966,6.00,1.60
2008.08.26 16:04:33.211,0.6963,0.6966,6.00,4.50
2008.08.26 16:04:34.291,0.6963,0.6966,6.00,5.10
2008.08.26 16:05:03.964,0.6963,0.6966,6.30,2.10
2008.08.26 16:05:04.240,0.6963,0.6966,6.30,1.60
2008.08.26 16:05:31.725,0.6963,0.6966,6.30,1.30
2008.08.26 16:05:31.827,0.6963,0.6966,6.30,1.60
2008.08.26 16:05:37.719,0.6964,0.6966,5.40,1.60
2008.08.26 16:05:47.980,0.6963,0.6966,6.30,1.60
2008.08.26 16:05:49.894,0.6963,0.6966,6.30,3.70
2008.08.26 16:05:49.995,0.6963,0.6966,6.30,1.30
2008.08.26 16:05:50.094,0.6964,0.6966,5.40,1.30
2008.08.26 16:05:51.164,0.6964,0.6966,5.40,1.70
2008.08.26 16:05:51.503,0.6964,0.6966,5.40,1.30
2008.08.26 16:05:52.387,0.6964,0.6965,5.40,1.00
2008.08.26 16:05:53.064,0.6964,0.6966,5.40,1.30
2008.08.26 16:05:53.326,0.6964,0.6966,5.40,4.30
2008.08.26 16:05:53.590,0.6964,0.6965,5.40,1.00
2008.08.26 16:05:54.791,0.6964,0.6966,5.40,1.30
2008.08.26 16:05:55.863,0.6964,0.6965,5.40,1.00
2008.08.26 16:05:57.234,0.6964,0.6966,5.40,3.70
2008.08.26 16:05:57.582,0.6964,0.6966,5.40,1.30
2008.08.26 16:05:58.114,0.6964,0.6966,5.40,1.70
2008.08.26 16:06:03.179,0.6964,0.6966,5.40,1.30
2008.08.26 16:06:03.354,0.6964,0.6966,5.40,1.70
2008.08.26 16:06:03.719,0.6964,0.6966,5.40,3.70
2008.08.26 16:06:04.328,0.6964,0.6966,5.40,1.70
2008.08.26 16:06:04.939,0.6964,0.6966,5.40,3.70
2008.08.26 16:06:05.830,0.6964,0.6966,5.40,1.70
2008.08.26 16:06:06.391,0.6964,0.6966,5.40,3.70
2008.08.26 16:06:07.363,0.6964,0.6966,5.40,1.70
2008.08.26 16:06:08.560,0.6964,0.6966,5.40,3.70
2008.08.26 16:06:09.043,0.6963,0.6966,1.00,3.70
2008.08.26 16:06:09.167,0.6963,0.6966,2.50,3.70
2008.08.26 16:06:09.291,0.6963,0.6965,1.60,1.00
2008.08.26 16:06:09.658,0.6962,0.6965,4.10,1.00
2008.08.26 16:06:09.782,0.6962,0.6965,2.50,1.00
2008.08.26 16:06:11.742,0.69625,0.6965,1.00,1.00
2008.08.26 16:06:11.910,0.69625,0.6966,1.00,5.10
2008.08.26 16:06:12.078,0.69625,0.6966,1.80,3.70
2008.08.26 16:06:12.411,0.6963,0.69665,1.00,4.40
2008.08.26 16:06:12.581,0.6963,0.69665,1.80,2.90
2008.08.26 16:06:14.890,0.69635,0.6967,1.80,3.30
2008.08.26 16:06:15.278,0.69635,0.6967,1.80,2.90
2008.08.26 16:06:24.705,0.69635,0.6967,1.80,3.30
2008.08.26 16:06:33.631,0.69635,0.6967,1.80,2.90
2008.08.26 16:06:56.627,0.6964,0.6967,1.00,2.90
2008.08.26 16:06:56.976,0.69645,0.69675,1.00,3.30
2008.08.26 16:06:57.317,0.69645,0.6968,1.00,3.30
2008.08.26 16:06:57.599,0.69645,0.6968,1.80,2.90
2008.08.26 16:06:57.694,0.6965,0.6968,1.00,2.90
2008.08.26 16:06:57.790,0.6965,0.69685,1.00,3.30
2008.08.26 16:06:57.886,0.6965,0.69685,1.80,2.90
2008.08.26 16:07:06.682,0.6967,0.697,1.00,2.90
2008.08.26 16:07:06.911,0.6966,0.69695,1.80,2.90
2008.08.26 16:07:18.767,0.69665,0.69695,1.00,2.90
2008.08.26 16:07:19.448,0.69665,0.69695,1.80,2.90
2008.08.26 16:07:20.351,0.6966,0.69695,1.80,2.90
2008.08.26 16:07:21.510,0.6966,0.69695,1.00,3.30
2008.08.26 16:07:21.738,0.69665,0.6969,1.00,2.90
2008.08.26 16:07:22.414,0.6966,0.6969,2.90,2.90
2008.08.26 16:07:22.986,0.6966,0.6969,2.90,3.30
2008.08.26 16:07:23.162,0.69665,0.6969,1.00,3.30
2008.08.26 16:07:23.338,0.69655,0.6969,2.40,3.30
2008.08.26 16:07:23.686,0.69655,0.6969,1.00,3.30
2008.08.26 16:07:23.926,0.6966,0.69685,1.00,1.00
2008.08.26 16:07:24.166,0.6966,0.69695,1.80,2.90
2008.08.26 16:07:26.514,0.69665,0.697,1.00,3.30
2008.08.26 16:07:26.824,0.69665,0.697,1.80,2.90
2008.08.26 16:07:27.709,0.6968,0.69705,1.00,3.30
2008.08.26 16:07:28.080,0.6968,0.69705,1.00,2.90
2008.08.26 16:07:29.784,0.6968,0.697,1.00,2.90
2008.08.26 16:07:30.575,0.69665,0.697,6.20,2.90
2008.08.26 16:07:31.094,0.69665,0.697,2.40,2.90
2008.08.26 16:07:34.965,0.6967,0.69705,1.00,3.30
2008.08.26 16:07:35.170,0.6967,0.69705,2.90,3.30
2008.08.26 16:07:35.374,0.6967,0.69705,2.40,2.90
2008.08.26 16:07:35.738,0.6967,0.69705,3.20,2.90
2008.08.26 16:07:36.450,0.6967,0.69705,2.50,2.90
2008.08.26 16:07:37.406,0.69675,0.6971,1.80,3.70
2008.08.26 16:07:48.726,0.69675,0.6971,4.00,3.70
2008.08.26 16:07:48.926,0.69675,0.6971,4.50,3.70
2008.08.26 16:07:49.363,0.69685,0.6971,1.00,1.00
2008.08.26 16:07:49.583,0.69675,0.6971,1.80,3.70
2008.08.26 16:08:34.307,0.69675,0.69705,1.00,2.90
2008.08.26 16:08:34.773,0.69675,0.697,1.00,1.00
2008.08.26 16:08:35.015,0.6967,0.697,2.50,1.00
2008.08.26 16:08:36.075,0.6967,0.697,1.60,1.30
2008.08.26 16:08:36.755,0.6967,0.69695,1.30,3.50
2008.08.26 16:08:36.923,0.69665,0.6969,1.00,1.30
2008.08.26 16:08:37.091,0.6966,0.6969,9.50,1.30
2008.08.26 16:08:37.587,0.6966,0.6969,6.30,1.30
2008.08.26 16:08:37.866,0.6966,0.6969,5.20,1.30
2008.08.26 16:08:38.731,0.6966,0.6969,3.10,1.30
2008.08.26 16:08:38.919,0.6966,0.6969,1.00,4.30
2008.08.26 16:08:39.291,0.6966,0.6969,1.30,4.30
2008.08.26 16:08:39.980,0.6966,0.6969,1.00,4.30
2008.08.26 16:08:40.571,0.6966,0.69675,1.00,1.00
2008.08.26 16:08:45.846,0.6966,0.6969,1.00,4.30
2008.08.26 16:08:48.437,0.6966,0.6969,1.00,1.30
2008.08.26 16:08:48.841,0.6966,0.6969,1.60,1.30
2008.08.26 16:08:51.015,0.6966,0.69695,3.10,4.40
2008.08.26 16:08:51.238,0.6966,0.69695,1.60,2.90
2008.08.26 16:09:18.169,0.69665,0.697,1.00,4.30
2008.08.26 16:09:20.578,0.6966,0.69695,1.60,2.90
2008.08.26 16:09:30.466,0.6966,0.69695,2.50,2.90
2008.08.26 16:09:30.726,0.6966,0.6969,1.30,3.30
2008.08.26 16:09:30.863,0.6966,0.69685,1.00,2.90
2008.08.26 16:09:31.590,0.6966,0.6968,1.00,2.90
2008.08.26 16:09:45.495,0.69655,0.6968,1.00,3.70
2008.08.26 16:09:45.642,0.69655,0.6968,1.00,4.30
2008.08.26 16:09:45.791,0.69645,0.6968,1.80,4.30
2008.08.26 16:09:50.402,0.69645,0.6968,1.00,4.30
2008.08.26 16:09:51.247,0.6965,0.6968,1.00,4.30
2008.08.26 16:09:51.490,0.69645,0.6968,2.40,4.30
2008.08.26 16:09:52.779,0.69645,0.6968,2.90,4.30
2008.08.26 16:09:52.844,0.69645,0.6968,2.90,3.30
2008.08.26 16:09:52.943,0.6965,0.69675,2.40,1.00
2008.08.26 16:09:53.042,0.69665,0.69675,1.00,1.00
2008.08.26 16:09:53.650,0.69665,0.69695,1.00,3.60
2008.08.26 16:09:53.750,0.69665,0.697,1.00,3.30
2008.08.26 16:09:54.134,0.69665,0.69695,1.80,2.90
2008.08.26 16:09:54.992,0.6966,0.69695,1.80,2.90
2008.08.26 16:09:55.606,0.69675,0.69695,1.00,1.00
2008.08.26 16:09:55.710,0.69665,0.697,1.00,3.30
2008.08.26 16:09:55.814,0.69665,0.6969,1.00,1.00
2008.08.26 16:09:55.918,0.6967,0.69695,1.00,2.90
2008.08.26 16:09:56.494,0.6966,0.6969,1.00,2.90
2008.08.26 16:09:56.734,0.6966,0.69695,1.00,3.30
2008.08.26 16:09:57.210,0.6966,0.69695,1.80,2.90
2008.08.26 16:09:57.682,0.6966,0.69695,1.00,3.30
2008.08.26 16:10:05.109,0.69665,0.69695,1.00,3.30
2008.08.26 16:10:05.194,0.6966,0.69695,1.00,3.30
2008.08.26 16:10:05.317,0.6966,0.69695,1.80,2.90
2008.08.26 16:10:05.442,0.69655,0.6969,1.80,2.90
2008.08.26 16:10:06.047,0.6966,0.6969,1.00,2.90
2008.08.26 16:10:11.454,0.69655,0.6969,1.80,2.90
2008.08.26 16:10:24.626,0.6967,0.6969,1.00,2.90
2008.08.26 16:10:33.479,0.69655,0.6969,1.80,2.90
2008.08.26 16:10:43.433,0.69655,0.6969,1.80,3.30
2008.08.26 16:10:43.491,0.6965,0.69685,2.50,2.90
2008.08.26 16:10:44.580,0.69655,0.69685,1.80,2.90
2008.08.26 16:10:45.762,0.69655,0.69685,1.00,2.90
2008.08.26 16:11:33.962,0.6965,0.69685,2.50,2.90
2008.08.26 16:12:04.746,0.6965,0.6968,2.20,2.90
2008.08.26 16:12:05.553,0.6965,0.6968,2.20,3.70
2008.08.26 16:12:07.951,0.6965,0.6968,1.30,3.70
2008.08.26 16:12:09.359,0.6965,0.6968,2.20,3.70
2008.08.26 16:12:10.781,0.6965,0.6968,1.30,3.70
2008.08.26 16:12:33.643,0.6966,0.6968,1.00,3.70
2008.08.26 16:12:57.577,0.6966,0.6968,1.00,1.00
2008.08.26 16:13:17.549,0.6966,0.6968,1.00,6.20
2008.08.26 16:14:02.121,0.69655,0.6968,2.50,6.20
2008.08.26 16:14:04.977,0.69655,0.6968,2.50,1.30
2008.08.26 16:14:05.317,0.6966,0.6968,1.00,1.30
2008.08.26 16:14:05.657,0.6966,0.6967,1.00,5.40
2008.08.26 16:14:06.785,0.6966,0.69675,1.00,8.30
2008.08.26 16:14:09.309,0.6966,0.6967,1.00,5.40
2008.08.26 16:14:09.521,0.6966,0.6968,1.00,3.30
2008.08.26 16:14:10.175,0.6966,0.6968,1.00,4.30
2008.08.26 16:14:10.513,0.6966,0.6968,1.00,3.70
2008.08.26 16:14:18.667,0.6965,0.6968,1.00,3.70
2008.08.26 16:14:30.017,0.6965,0.6968,2.50,1.30
2008.08.26 16:14:31.989,0.6965,0.6968,1.00,1.30
2008.08.26 16:14:32.291,0.6965,0.6968,1.00,3.70
2008.08.26 16:14:32.678,0.6965,0.6968,1.00,4.30
2008.08.26 16:14:32.849,0.6965,0.6967,1.00,5.40
2008.08.26 16:14:33.526,0.6965,0.6968,2.50,8.30
2008.08.26 16:14:33.949,0.6965,0.6968,2.50,1.30
2008.08.26 16:14:34.753,0.6965,0.6968,2.50,7.20
2008.08.26 16:14:35.001,0.6965,0.6968,2.50,6.20
2008.08.26 16:14:39.328,0.6967,0.69685,1.00,8.30
2008.08.26 16:14:49.035,0.6967,0.69675,1.00,2.90
2008.08.26 16:14:49.202,0.6966,0.69675,1.00,2.90
2008.08.26 16:14:50.681,0.6966,0.6968,1.00,2.90
2008.08.26 16:14:50.925,0.6966,0.6968,1.00,3.30
2008.08.26 16:14:52.249,0.6965,0.6968,4.90,4.30
2008.08.26 16:14:55.981,0.6966,0.69675,1.00,1.00
2008.08.26 16:14:56.165,0.6966,0.69685,1.00,8.70
2008.08.26 16:14:56.533,0.6966,0.69685,1.00,8.30
2008.08.26 16:14:58.093,0.6966,0.69685,1.00,2.90
2008.08.26 16:15:02.229,0.6966,0.69685,1.00,8.30
2008.08.26 16:15:03.250,0.6966,0.69685,2.80,8.30
2008.08.26 16:15:03.442,0.6966,0.6969,2.80,4.30
2008.08.26 16:15:03.639,0.6966,0.6969,2.80,3.70
2008.08.26 16:15:06.362,0.6966,0.69685,1.00,8.30
2008.08.26 16:15:15.249,0.6966,0.6968,1.00,5.40
2008.08.26 16:15:15.650,0.6966,0.6969,1.00,3.70
2008.08.26 16:15:51.243,0.6966,0.69685,1.00,2.90
2008.08.26 16:15:51.733,0.6966,0.69685,1.00,8.30
2008.08.26 16:15:52.736,0.6967,0.69685,1.00,8.30
2008.08.26 16:16:46.134,0.6966,0.69685,1.00,8.30
2008.08.26 16:16:51.850,0.6966,0.69675,1.00,1.00
2008.08.26 16:16:51.993,0.6966,0.69675,1.00,2.90
2008.08.26 16:16:52.693,0.6966,0.69675,1.00,3.30
2008.08.26 16:16:52.849,0.69645,0.69675,1.00,3.30
2008.08.26 16:16:54.572,0.6964,0.69675,1.00,3.30
2008.08.26 16:16:58.190,0.69635,0.69675,1.80,3.30
2008.08.26 16:16:58.337,0.69635,0.6967,1.80,2.90
2008.08.26 16:16:59.589,0.69635,0.69665,1.80,2.90
2008.08.26 16:17:01.276,0.69635,0.6967,1.80,2.90
2008.08.26 16:17:02.277,0.69635,0.6967,1.80,3.30
2008.08.26 16:17:02.721,0.6963,0.69665,2.50,2.90
2008.08.26 16:17:03.033,0.6963,0.69665,2.50,8.30
2008.08.26 16:17:04.166,0.6963,0.69665,2.50,8.70
2008.08.26 16:17:04.945,0.6963,0.69665,2.50,8.30
2008.08.26 16:17:04.981,0.69635,0.6966,1.00,5.40
2008.08.26 16:17:05.366,0.69635,0.6967,1.00,3.30
2008.08.26 16:17:05.706,0.69635,0.69665,1.80,2.90
2008.08.26 16:17:08.320,0.69635,0.69665,1.00,2.90
2008.08.26 16:17:09.320,0.6963,0.69665,2.50,8.30
2008.08.26 16:17:10.040,0.69645,0.69665,1.00,1.00
2008.08.26 16:17:10.704,0.6963,0.69665,2.50,8.30
2008.08.26 16:17:11.010,0.6964,0.69665,1.00,1.00
2008.08.26 16:17:11.312,0.6964,0.69675,1.80,2.90
2008.08.26 16:17:11.800,0.6964,0.69675,1.80,3.30
2008.08.26 16:17:13.749,0.6964,0.69675,1.00,3.30
2008.08.26 16:17:26.696,0.69635,0.6966,1.00,5.40
2008.08.26 16:17:27.149,0.69635,0.6966,1.00,6.20
2008.08.26 16:17:27.631,0.69635,0.6966,1.00,5.40
2008.08.26 16:17:27.769,0.69635,0.6967,1.00,4.30
2008.08.26 16:17:28.080,0.6963,0.69665,2.50,2.90
2008.08.26 16:17:28.406,0.6963,0.69665,2.50,8.30
2008.08.26 16:17:28.616,0.69635,0.6966,1.80,5.40
2008.08.26 16:17:29.056,0.69635,0.6967,1.80,3.70
2008.08.26 16:17:29.295,0.69635,0.69665,1.80,2.90
2008.08.26 16:17:30.457,0.69635,0.6967,2.40,4.30
2008.08.26 16:17:30.689,0.6965,0.6967,1.00,2.90
2008.08.26 16:17:30.921,0.6965,0.69665,1.00,2.90
2008.08.26 16:17:31.408,0.6963,0.6966,2.50,6.20
2008.08.26 16:17:32.040,0.69635,0.6966,1.00,6.20
2008.08.26 16:17:32.185,0.69635,0.6967,1.80,3.70
2008.08.26 16:17:32.328,0.69635,0.6967,1.80,2.90
2008.08.26 16:17:33.245,0.69635,0.6967,1.80,3.70
2008.08.26 16:17:34.352,0.6965,0.6967,1.80,6.20
2008.08.26 16:17:34.432,0.6965,0.6967,1.80,1.00
2008.08.26 16:17:34.512,0.6965,0.6967,3.70,1.00
2008.08.26 16:17:34.752,0.6965,0.69675,2.20,2.90
2008.08.26 16:17:34.846,0.6965,0.6967,3.70,3.70
2008.08.26 16:17:34.928,0.6965,0.6967,1.00,3.70
2008.08.26 16:17:35.008,0.6964,0.6967,2.20,3.70
2008.08.26 16:17:35.089,0.6964,0.6967,1.00,3.70
2008.08.26 16:17:35.505,0.69645,0.69675,1.00,8.70
2008.08.26 16:17:35.840,0.6964,0.69665,2.50,2.90
2008.08.26 16:17:36.172,0.6964,0.6967,1.00,3.30
2008.08.26 16:17:36.600,0.6964,0.6967,1.00,4.30
2008.08.26 16:17:36.813,0.6964,0.69665,1.00,1.00
2008.08.26 16:17:37.026,0.6964,0.69675,2.50,2.90
2008.08.26 16:17:37.261,0.6964,0.69665,2.20,2.90
2008.08.26 16:17:37.450,0.6964,0.6967,1.00,4.30
2008.08.26 16:17:38.680,0.6964,0.6967,1.00,3.30
2008.08.26 16:17:38.833,0.6964,0.69675,2.50,3.30
2008.08.26 16:17:39.136,0.6964,0.69665,2.20,2.90
2008.08.26 16:17:39.289,0.6964,0.6967,2.50,2.90
2008.08.26 16:17:39.442,0.6964,0.6967,1.00,3.30
2008.08.26 16:17:39.748,0.6964,0.6967,1.00,4.30
2008.08.26 16:17:40.217,0.6964,0.6967,2.50,3.70
2008.08.26 16:17:40.792,0.6964,0.6967,1.00,4.30
2008.08.26 16:17:41.584,0.6964,0.69665,1.00,2.90
2008.08.26 16:17:42.225,0.6964,0.6967,1.00,4.30
2008.08.26 16:17:43.217,0.6964,0.6967,1.00,1.30
2008.08.26 16:17:43.269,0.6964,0.69665,1.00,1.00
2008.08.26 16:17:43.388,0.6964,0.69675,1.00,3.30
2008.08.26 16:17:43.653,0.6964,0.6967,1.00,2.90
2008.08.26 16:17:43.776,0.6964,0.6967,1.00,3.30
2008.08.26 16:17:44.328,0.6964,0.6967,1.00,4.30
2008.08.26 16:17:44.836,0.6964,0.6967,2.50,3.70
2008.08.26 16:17:45.244,0.6964,0.6967,1.00,4.30
2008.08.26 16:17:45.933,0.6964,0.69665,1.00,2.90
2008.08.26 16:18:05.871,0.6964,0.69665,1.00,8.30
2008.08.26 16:18:13.538,0.6964,0.6966,1.00,2.90
2008.08.26 16:18:13.817,0.6963,0.6966,2.20,3.70
2008.08.26 16:18:14.306,0.6963,0.6966,4.90,3.70
2008.08.26 16:18:16.716,0.6963,0.6966,2.80,3.70
2008.08.26 16:18:16.880,0.6963,0.69655,1.00,8.30
2008.08.26 16:18:19.316,0.6963,0.6965,1.00,5.40
2008.08.26 16:18:19.660,0.6964,0.6965,1.00,5.40
2008.08.26 16:18:19.832,0.6964,0.6967,1.00,3.30
2008.08.26 16:18:20.004,0.69635,0.6967,1.00,3.30
2008.08.26 16:18:20.664,0.69635,0.6967,1.80,3.70
2008.08.26 16:18:21.152,0.6964,0.69675,1.00,3.30
2008.08.26 16:18:21.668,0.69635,0.6967,1.80,2.90
2008.08.26 16:18:21.943,0.69635,0.6967,1.80,3.70
2008.08.26 16:18:22.824,0.69635,0.6967,1.80,4.30
2008.08.26 16:18:25.448,0.69635,0.6967,1.00,4.30
2008.08.26 16:18:37.945,0.6963,0.69665,2.50,2.90
2008.08.26 16:18:38.425,0.6963,0.6966,2.50,1.00
2008.08.26 16:18:38.842,0.6963,0.6966,2.50,6.20
2008.08.26 16:18:39.084,0.6963,0.6966,2.50,1.30
2008.08.26 16:18:53.370,0.6963,0.6966,1.00,1.30
2008.08.26 16:18:53.426,0.6963,0.69655,1.00,2.90
2008.08.26 16:18:53.823,0.6963,0.6966,1.00,3.70
2008.08.26 16:18:54.132,0.6963,0.6966,1.00,4.30
2008.08.26 16:18:54.298,0.6963,0.6965,1.00,5.40
2008.08.26 16:19:05.609,0.6963,0.69655,1.00,8.30
2008.08.26 16:19:05.830,0.6963,0.6964,1.00,5.40
2008.08.26 16:19:06.052,0.6962,0.6964,2.50,5.40
2008.08.26 16:19:22.620,0.6962,0.6965,2.50,1.30
2008.08.26 16:19:24.396,0.6962,0.6964,2.50,5.40
2008.08.26 16:19:32.629,0.6962,0.69645,2.20,2.90
2008.08.26 16:19:33.590,0.6962,0.69645,1.30,2.90
2008.08.26 16:19:34.080,0.6962,0.69635,1.30,1.00
2008.08.26 16:19:34.896,0.6963,0.69645,1.60,2.90
2008.08.26 16:19:35.060,0.69625,0.6964,1.60,1.00
2008.08.26 16:19:35.401,0.69625,0.6964,1.60,1.80
2008.08.26 16:19:36.104,0.69625,0.6964,1.60,6.20
2008.08.26 16:19:39.409,0.6963,0.6964,1.60,6.20
2008.08.26 16:19:42.513,0.69635,0.6964,1.00,5.40
2008.08.26 16:19:42.735,0.6962,0.6964,1.60,5.40
2008.08.26 16:19:43.196,0.69635,0.6964,1.60,5.40
2008.08.26 16:19:43.318,0.6963,0.6964,1.80,5.40
2008.08.26 16:19:43.436,0.6963,0.6964,1.00,5.40
2008.08.26 16:19:43.916,0.6963,0.6964,3.20,5.40
2008.08.26 16:19:44.240,0.69635,0.69645,1.00,1.00
2008.08.26 16:19:44.648,0.6963,0.69645,1.00,1.00
2008.08.26 16:19:45.316,0.6962,0.69655,2.50,2.90
2008.08.26 16:19:45.796,0.6962,0.6965,3.90,3.30
2008.08.26 16:19:46.524,0.69625,0.69645,1.00,1.00
2008.08.26 16:19:47.300,0.69625,0.6965,1.00,1.00
2008.08.26 16:19:48.968,0.6963,0.69645,1.00,1.00
2008.08.26 16:19:49.612,0.69625,0.69645,1.00,1.00
2008.08.26 16:19:50.053,0.6963,0.69645,1.00,1.00
2008.08.26 16:19:50.274,0.6964,0.69645,1.00,1.00
2008.08.26 16:19:50.623,0.6963,0.69645,1.00,1.00
2008.08.26 16:19:50.961,0.6962,0.69655,1.80,3.30
2008.08.26 16:19:51.297,0.6964,0.6966,1.00,2.90
2008.08.26 16:19:51.896,0.6964,0.6967,1.00,3.60
2008.08.26 16:19:52.196,0.6965,0.6966,1.00,1.00
2008.08.26 16:19:52.476,0.69645,0.6966,1.00,1.00
2008.08.26 16:19:52.756,0.69645,0.6966,1.00,3.20
2008.08.26 16:19:53.036,0.6965,0.6967,1.80,9.70
2008.08.26 16:19:53.316,0.6965,0.69685,1.80,4.00
2008.08.26 16:19:53.480,0.69625,0.6964,6.40,1.00
2008.08.26 16:19:53.644,0.69625,0.6963,4.00,2.90
2008.08.26 16:19:53.972,0.69585,0.6963,3.20,2.90
2008.08.26 16:19:54.757,0.69605,0.6961,1.60,3.50
2008.08.26 16:19:55.056,0.6962,0.69625,9.10,3.90
2008.08.26 16:19:55.353,0.6961,0.69615,2.10,5.10
2008.08.26 16:19:55.671,0.69585,0.696,3.30,1.00
2008.08.26 16:19:55.989,0.69585,0.696,3.30,4.70
2008.08.26 16:19:56.991,0.69555,0.696,1.80,3.70
2008.08.26 16:19:58.996,0.6957,0.696,1.00,4.30
2008.08.26 16:20:04.156,0.69565,0.696,1.00,4.30
2008.08.26 16:20:04.564,0.6957,0.696,1.00,4.30
2008.08.26 16:20:05.824,0.69565,0.696,2.00,3.70
2008.08.26 16:20:06.156,0.6957,0.69595,1.00,2.90
2008.08.26 16:20:08.612,0.69565,0.69595,1.00,2.90
2008.08.26 16:20:20.588,0.6957,0.69595,1.00,2.90
2008.08.26 16:20:27.888,0.69575,0.696,1.00,1.30
2008.08.26 16:20:28.768,0.6957,0.696,2.50,1.00
2008.08.26 16:20:29.448,0.6958,0.696,1.00,1.00
2008.08.26 16:20:29.613,0.6958,0.696,1.00,3.70
2008.08.26 16:20:30.370,0.6958,0.696,1.00,4.30
2008.08.26 16:20:31.588,0.6958,0.696,1.00,3.70
2008.08.26 16:20:37.588,0.6957,0.696,1.00,3.70
2008.08.26 16:20:37.752,0.6957,0.696,1.00,3.70
2008.08.26 16:20:44.312,0.6957,0.696,1.00,3.70
2008.08.26 16:20:44.520,0.6957,0.696,1.00,3.70
2008.08.26 16:21:07.690,0.6959,0.696,1.00,1.30
2008.08.26 16:21:07.824,0.696,0.69615,1.00,2.90
2008.08.26 16:21:07.960,0.69585,0.696,1.00,1.00
2008.08.26 16:21:08.100,0.6958,0.69615,1.00,3.60
2008.08.26 16:21:08.372,0.6958,0.69615,1.00,3.20
2008.08.26 16:21:08.780,0.69595,0.69615,1.00,3.20
2008.08.26 16:21:09.769,0.69595,0.69625,1.00,3.30
2008.08.26 16:21:12.471,0.69595,0.6962,1.00,1.00
2008.08.26 16:21:12.960,0.69595,0.6963,1.00,3.30
2008.08.26 16:21:16.752,0.69595,0.6961,1.00,2.10
2008.08.26 16:21:17.434,0.69595,0.69605,1.00,1.00
2008.08.26 16:21:23.952,0.69595,0.69605,1.00,1.00
2008.08.26 16:21:24.376,0.69595,0.696,1.00,2.10
2008.08.26 16:21:25.181,0.69595,0.696,1.00,2.50
2008.08.26 16:21:27.420,0.6959,0.696,1.00,2.70
2008.08.26 16:21:28.228,0.6957,0.6958,5.20,1.00
2008.08.26 16:21:28.580,0.6957,0.696,5.20,2.50
2008.08.26 16:21:34.115,0.6957,0.696,5.50,2.50
2008.08.26 16:21:35.400,0.6957,0.696,5.20,2.50
2008.08.26 16:21:42.939,0.6958,0.696,1.00,2.50
2008.08.26 16:21:44.293,0.69575,0.696,1.00,2.50
2008.08.26 16:21:44.797,0.69575,0.696,1.00,2.90
2008.08.26 16:21:45.304,0.6957,0.696,1.00,5.90
2008.08.26 16:21:45.552,0.6957,0.696,1.00,2.90
2008.08.26 16:21:45.924,0.6957,0.696,1.00,3.50
2008.08.26 16:21:46.047,0.6957,0.696,1.00,2.90
2008.08.26 16:21:48.120,0.69575,0.696,1.00,2.90
2008.08.26 16:21:48.368,0.69575,0.696,1.00,1.80
2008.08.26 16:21:48.725,0.69575,0.696,1.00,1.30
2008.08.26 16:21:50.151,0.6958,0.696,1.00,1.00
2008.08.26 16:21:51.808,0.6958,0.6961,1.00,1.30
2008.08.26 16:21:53.364,0.6957,0.69605,1.60,3.30
2008.08.26 16:21:53.580,0.6957,0.696,1.60,1.30
2008.08.26 16:21:55.139,0.6957,0.696,1.30,3.70
2008.08.26 16:21:55.429,0.6959,0.696,6.00,1.00
2008.08.26 16:21:55.572,0.696,0.6961,1.00,1.00
2008.08.26 16:21:55.716,0.696,0.6961,1.00,1.00
2008.08.26 16:21:55.859,0.696,0.6961,4.10,1.00
2008.08.26 16:21:56.236,0.69605,0.6961,1.00,1.00
2008.08.26 16:21:56.802,0.69605,0.6963,1.00,1.00
2008.08.26 16:21:57.396,0.69605,0.6963,1.00,1.00
2008.08.26 16:21:57.693,0.69605,0.6964,1.00,3.30
2008.08.26 16:22:03.067,0.69605,0.69635,1.00,2.90
2008.08.26 16:22:03.379,0.69605,0.69635,1.00,3.30
2008.08.26 16:22:03.455,0.69605,0.6963,1.00,1.30
2008.08.26 16:22:05.115,0.69605,0.6962,1.00,1.00
2008.08.26 16:22:07.628,0.6959,0.69625,2.40,3.30
2008.08.26 16:22:07.907,0.6959,0.69625,1.00,3.30
2008.08.26 16:22:08.468,0.6959,0.69605,1.00,1.00
2008.08.26 16:22:08.747,0.69585,0.69605,1.00,1.00
2008.08.26 16:22:08.887,0.69585,0.696,1.00,1.00
2008.08.26 16:22:10.099,0.69585,0.6961,1.00,1.00
2008.08.26 16:22:10.879,0.6958,0.69615,1.00,3.30
2008.08.26 16:22:11.039,0.6958,0.69605,1.00,1.00
2008.08.26 16:22:11.691,0.6958,0.6961,1.00,1.30
2008.08.26 16:22:11.971,0.69575,0.6961,1.00,4.30
2008.08.26 16:22:14.371,0.6957,0.69605,2.50,2.90
2008.08.26 16:22:14.419,0.6957,0.69605,1.60,3.30
2008.08.26 16:22:15.131,0.6957,0.696,1.60,1.30
2008.08.26 16:22:19.439,0.6957,0.696,1.30,3.70
2008.08.26 16:22:19.600,0.6957,0.696,1.00,3.70
2008.08.26 16:22:20.967,0.6957,0.696,1.00,1.30
2008.08.26 16:22:24.307,0.6957,0.696,2.50,1.70
2008.08.26 16:22:24.513,0.6957,0.696,2.50,1.00
2008.08.26 16:22:24.996,0.6958,0.69605,1.00,2.90
2008.08.26 16:22:28.035,0.6957,0.696,2.50,1.00
2008.08.26 16:22:28.623,0.6957,0.696,6.30,1.30
2008.08.26 16:22:28.819,0.6957,0.696,2.00,1.30
2008.08.26 16:22:28.995,0.6957,0.696,12.80,1.30
2008.08.26 16:22:29.374,0.6957,0.696,11.70,1.30
2008.08.26 16:22:29.931,0.6957,0.696,1.60,1.30
2008.08.26 16:22:32.771,0.6957,0.696,1.30,3.70
2008.08.26 16:22:33.071,0.6957,0.696,1.00,3.70
2008.08.26 16:22:33.632,0.6957,0.696,1.00,4.30
2008.08.26 16:22:35.762,0.6957,0.69595,1.00,2.90
2008.08.26 16:22:36.445,0.6957,0.6959,1.00,1.00
2008.08.26 16:22:36.732,0.6957,0.6959,1.00,2.50
2008.08.26 16:22:37.019,0.6957,0.6959,1.00,2.10
2008.08.26 16:22:37.308,0.6957,0.696,1.00,5.20
2008.08.26 16:22:38.531,0.6956,0.6959,2.50,1.00
2008.08.26 16:22:38.627,0.69565,0.6959,1.00,1.00
2008.08.26 16:22:39.279,0.6957,0.6959,1.00,1.00
2008.08.26 16:22:39.591,0.6958,0.69595,1.00,1.00
2008.08.26 16:22:39.904,0.6958,0.69605,1.00,2.90
2008.08.26 16:22:40.059,0.69565,0.696,20.20,3.70
2008.08.26 16:22:40.215,0.69565,0.696,17.00,3.70
2008.08.26 16:22:40.471,0.69565,0.696,1.80,3.70
2008.08.26 16:22:42.227,0.69575,0.696,1.00,1.00
2008.08.26 16:22:43.008,0.6957,0.696,2.50,1.00
2008.08.26 16:22:43.810,0.6957,0.696,1.00,1.30
2008.08.26 16:22:44.288,0.6957,0.696,1.00,3.70
2008.08.26 16:22:44.392,0.69565,0.696,1.80,3.70
2008.08.26 16:22:50.086,0.69565,0.6959,1.80,1.00
2008.08.26 16:22:50.217,0.69565,0.6959,1.00,1.00
2008.08.26 16:22:50.427,0.6956,0.6959,2.50,1.00
2008.08.26 16:22:50.810,0.69565,0.6959,1.00,1.00
2008.08.26 16:22:53.978,0.69565,0.6959,1.00,4.00
2008.08.26 16:22:54.072,0.6956,0.6959,2.50,4.00
2008.08.26 16:22:54.119,0.6956,0.6959,2.50,5.10
2008.08.26 16:22:54.236,0.6956,0.6959,2.50,6.20
2008.08.26 16:22:54.344,0.6956,0.6959,2.50,1.00
2008.08.26 16:22:54.552,0.6956,0.6959,2.50,1.70
2008.08.26 16:22:54.687,0.69565,0.6959,1.00,1.30
2008.08.26 16:22:54.959,0.69565,0.6959,1.00,1.70
2008.08.26 16:22:56.312,0.69565,0.6959,2.40,1.70
2008.08.26 16:22:56.480,0.6957,0.6959,3.50,1.00
2008.08.26 16:22:56.707,0.6957,0.6959,4.50,1.00
2008.08.26 16:22:57.163,0.6957,0.696,5.20,1.30
2008.08.26 16:22:57.616,0.6957,0.69595,1.70,2.90
2008.08.26 16:22:57.713,0.69565,0.6959,1.30,1.00
2008.08.26 16:22:57.807,0.69565,0.6959,1.00,1.00
2008.08.26 16:23:00.809,0.69565,0.696,1.00,4.30
2008.08.26 16:23:00.987,0.69565,0.696,1.80,3.70
2008.08.26 16:23:01.541,0.69565,0.69595,1.80,2.90
2008.08.26 16:23:02.415,0.69565,0.69595,1.00,2.90
2008.08.26 16:23:04.667,0.6957,0.696,1.00,1.30
2008.08.26 16:23:04.723,0.6957,0.696,4.50,1.30
2008.08.26 16:23:04.779,0.6957,0.696,4.50,4.30
2008.08.26 16:23:05.099,0.6957,0.696,5.20,4.30
2008.08.26 16:23:06.051,0.6957,0.696,2.50,3.70
2008.08.26 16:23:14.447,0.6957,0.69595,5.90,2.90
2008.08.26 16:23:14.671,0.6957,0.69595,1.60,2.90
2008.08.26 16:23:15.120,0.6956,0.69595,2.50,2.90
2008.08.26 16:23:20.947,0.69555,0.6959,2.40,2.90
2008.08.26 16:23:21.127,0.69555,0.6959,1.80,2.90
2008.08.26 16:23:41.639,0.69555,0.69585,1.80,2.90
2008.08.26 16:23:45.916,0.69565,0.69585,1.60,2.90
2008.08.26 16:23:46.119,0.6957,0.6959,2.10,1.00
2008.08.26 16:23:46.703,0.6957,0.69595,2.80,2.90
2008.08.26 16:23:46.859,0.69555,0.6959,3.50,2.90
2008.08.26 16:23:47.167,0.69555,0.6959,1.80,2.90
2008.08.26 16:23:51.039,0.69555,0.69585,1.80,2.90
2008.08.26 16:23:53.329,0.69555,0.6959,1.80,3.30
2008.08.26 16:23:53.568,0.69555,0.6959,1.80,2.90
2008.08.26 16:24:00.135,0.69528,0.69558,1.80,2.90
2008.08.26 16:24:00.538,0.69529,0.69564,1.00,3.60
2008.08.26 16:24:00.643,0.69535,0.69565,2.00,4.40
2008.08.26 16:24:00.857,0.69536,0.69566,3.50,2.90
2008.08.26 16:24:01.136,0.69531,0.69571,5.40,2.90
2008.08.26 16:24:01.307,0.69546,0.69551,1.00,3.60
2008.08.26 16:24:01.363,0.69539,0.69544,1.00,3.60
2008.08.26 16:24:01.418,0.69527,0.69537,3.50,2.90
2008.08.26 16:24:01.526,0.69523,0.69539,7.80,1.00
2008.08.26 16:24:01.583,0.69525,0.6955,1.00,2.90
2008.08.26 16:24:01.639,0.69533,0.69558,1.00,3.60
2008.08.26 16:24:01.745,0.69534,0.69564,1.70,3.60
2008.08.26 16:24:02.042,0.69536,0.69566,2.10,2.90
2008.08.26 16:24:18.258,0.69534,0.69569,1.70,3.60
2008.08.26 16:24:19.143,0.69534,0.69569,5.40,2.90
2008.08.26 16:24:19.419,0.69533,0.69568,4.00,3.70
2008.08.26 16:24:19.703,0.69531,0.69566,1.00,3.60
2008.08.26 16:24:19.867,0.69528,0.69563,5.40,2.90
2008.08.26 16:24:42.494,0.69529,0.69559,4.30,1.00
2008.08.26 16:24:43.942,0.69529,0.69559,2.00,1.00
2008.08.26 16:24:44.138,0.69527,0.69557,3.50,2.90
2008.08.26 16:24:44.335,0.69532,0.69557,5.60,3.70
2008.08.26 16:24:44.529,0.69535,0.69565,2.00,3.60
2008.08.26 16:24:44.955,0.69543,0.69573,2.10,2.90
2008.08.26 16:24:45.110,0.69546,0.69576,1.00,3.60
2008.08.26 16:24:45.223,0.69541,0.69571,1.00,3.60
2008.08.26 16:24:45.262,0.69536,0.69566,1.00,3.60
2008.08.26 16:24:45.371,0.69535,0.6956,1.00,7.50
2008.08.26 16:24:48.551,0.69535,0.69565,1.00,7.50
2008.08.26 16:24:48.751,0.69537,0.69567,1.00,3.60
2008.08.26 16:24:48.949,0.69545,0.69565,1.00,7.50
2008.08.26 16:24:53.827,0.69543,0.69568,1.00,3.60
2008.08.26 16:24:54.060,0.69536,0.69571,1.00,3.60
2008.08.26 16:24:54.299,0.6954,0.69565,2.40,7.50
2008.08.26 16:24:55.631,0.69541,0.69561,2.40,1.20
2008.08.26 16:25:20.606,0.6956,0.69595,1.00,3.30
2008.08.26 16:25:20.755,0.6956,0.69595,6.70,3.30
2008.08.26 16:25:20.899,0.6956,0.69595,7.80,3.30
2008.08.26 16:25:21.184,0.6957,0.69595,1.00,2.90
2008.08.26 16:26:14.860,0.6957,0.6959,1.00,2.90
2008.08.26 16:26:14.967,0.69555,0.6959,1.80,2.90
2008.08.26 16:26:25.024,0.69565,0.6959,1.60,2.90
2008.08.26 16:26:31.217,0.69555,0.6959,1.80,2.90
2008.08.26 16:27:24.857,0.6955,0.69585,2.50,2.90
2008.08.26 16:27:33.809,0.6956,0.69585,1.00,2.90
2008.08.26 16:27:35.578,0.6956,0.69585,1.70,2.90
2008.08.26 16:27:35.987,0.6956,0.69585,1.60,2.90
2008.08.26 16:27:36.192,0.6956,0.69585,1.70,2.90
2008.08.26 16:27:36.914,0.6957,0.69585,1.00,2.90
2008.08.26 16:27:38.850,0.6957,0.6959,1.00,1.30
2008.08.26 16:27:38.990,0.6958,0.6959,1.00,1.30
2008.08.26 16:27:39.266,0.6956,0.69585,5.60,2.90
2008.08.26 16:27:39.406,0.6957,0.69585,1.00,2.90
2008.08.26 16:27:40.255,0.6957,0.6959,1.00,2.90
2008.08.26 16:27:41.878,0.6957,0.69585,1.00,2.90
2008.08.26 16:27:48.247,0.6957,0.6959,1.00,2.90
2008.08.26 16:27:48.495,0.6958,0.6959,1.00,2.90
2008.08.26 16:27:49.479,0.6958,0.69595,1.00,3.30
2008.08.26 16:27:51.086,0.6958,0.69595,1.00,2.90
2008.08.26 16:27:51.174,0.6956,0.69595,2.50,2.90
2008.08.26 16:28:04.542,0.6956,0.69595,1.80,2.90
2008.08.26 16:28:04.662,0.69555,0.6959,1.80,2.90
2008.08.26 16:28:23.978,0.6956,0.69595,1.00,3.30
2008.08.26 16:28:24.318,0.6956,0.69595,1.80,2.90
2008.08.26 16:28:24.546,0.69575,0.69595,1.60,2.90
2008.08.26 16:28:24.780,0.69575,0.6959,1.60,2.90
2008.08.26 16:28:27.274,0.6957,0.6959,1.60,2.90
2008.08.26 16:28:29.467,0.69565,0.6959,1.60,2.90
2008.08.26 16:28:34.478,0.69555,0.6959,1.80,2.90
2008.08.26 16:28:48.340,0.69555,0.6959,1.80,3.30
2008.08.26 16:28:48.734,0.69555,0.6959,1.80,4.30
2008.08.26 16:28:49.050,0.6955,0.69585,2.50,2.90
2008.08.26 16:28:49.368,0.69555,0.6959,1.80,4.30
2008.08.26 16:28:50.009,0.6956,0.6959,1.00,4.30
2008.08.26 16:28:50.166,0.6956,0.6959,1.00,3.70
2008.08.26 16:28:59.643,0.6956,0.6959,1.00,1.30
2008.08.26 16:28:59.767,0.6956,0.6959,2.50,1.00
2008.08.26 16:29:00.522,0.69565,0.6959,1.00,1.00
2008.08.26 16:29:12.799,0.6957,0.696,6.30,2.20
2008.08.26 16:29:13.094,0.69565,0.69595,5.60,2.90
2008.08.26 16:29:13.662,0.69565,0.69595,1.80,2.90
2008.08.26 16:29:13.938,0.69565,0.69595,1.00,2.90
2008.08.26 16:29:16.330,0.69565,0.69595,1.80,2.90
2008.08.26 16:29:19.203,0.69575,0.69595,1.60,2.90
2008.08.26 16:29:25.050,0.69565,0.69595,1.80,2.90
2008.08.26 16:29:46.914,0.6958,0.696,1.00,1.30
2008.08.26 16:29:47.038,0.6958,0.696,1.00,1.00
2008.08.26 16:29:47.162,0.69575,0.69595,1.60,2.90
2008.08.26 16:29:47.599,0.69565,0.69595,3.50,2.90
2008.08.26 16:29:47.906,0.69565,0.69595,1.00,2.90
2008.08.26 16:29:49.335,0.6958,0.69595,1.00,2.90
2008.08.26 16:29:49.378,0.69575,0.69595,1.60,2.90
2008.08.26 16:29:49.641,0.69565,0.69595,3.50,2.90
2008.08.26 16:29:49.964,0.69565,0.69595,1.00,2.90
2008.08.26 16:29:52.294,0.69565,0.69595,1.80,2.90
2008.08.26 16:30:03.698,0.6957,0.696,1.00,3.70
2008.08.26 16:30:04.334,0.6957,0.69595,6.00,3.30
2008.08.26 16:30:04.654,0.6957,0.6959,5.40,3.70
2008.08.26 16:30:04.994,0.6956,0.6959,2.00,3.70
2008.08.26 16:30:05.334,0.6956,0.6959,1.00,3.70
2008.08.26 16:30:37.276,0.6956,0.69585,1.00,2.90
2008.08.26 16:30:37.737,0.69555,0.69575,1.60,2.90
2008.08.26 16:30:38.053,0.69555,0.6958,1.60,3.70
2008.08.26 16:30:38.369,0.69545,0.6958,1.80,3.70
2008.08.26 16:30:38.710,0.69545,0.6958,1.80,4.30
2008.08.26 16:30:39.722,0.69545,0.69565,1.60,2.90
2008.08.26 16:30:39.866,0.6954,0.69565,1.70,2.90
2008.08.26 16:30:40.641,0.6955,0.6957,1.00,1.00
2008.08.26 16:30:40.870,0.69545,0.69575,1.00,3.30
2008.08.26 16:30:40.977,0.6956,0.69575,1.00,3.30
2008.08.26 16:30:41.086,0.6956,0.6958,6.40,5.10
2008.08.26 16:30:41.297,0.69555,0.69575,1.60,2.90
2008.08.26 16:30:41.845,0.69545,0.6958,1.80,3.70
2008.08.26 16:30:42.199,0.6955,0.6957,1.00,1.00
2008.08.26 16:30:42.540,0.6955,0.6958,2.20,3.70
2008.08.26 16:30:43.867,0.6955,0.6958,2.50,3.70
2008.08.26 16:30:46.446,0.6955,0.6958,2.50,1.00
2008.08.26 16:30:54.890,0.6955,0.6958,2.20,3.70
2008.08.26 16:30:55.178,0.6955,0.6958,2.50,3.70
2008.08.26 16:30:59.589,0.69555,0.6958,1.00,1.30
2008.08.26 16:31:01.285,0.69555,0.6958,1.80,1.00
2008.08.26 16:31:02.129,0.69555,0.6958,1.00,1.00
2008.08.26 16:31:09.466,0.69555,0.6958,1.00,1.30
2008.08.26 16:31:15.729,0.69555,0.6958,5.60,1.30
2008.08.26 16:31:32.262,0.6955,0.6958,6.30,1.30
2008.08.26 16:31:43.742,0.69555,0.6958,1.00,1.30
2008.08.26 16:31:44.081,0.69555,0.6958,1.00,1.30
2008.08.26 16:31:44.421,0.6955,0.6958,2.50,1.30
2008.08.26 16:31:44.763,0.6956,0.6958,5.40,1.30
2008.08.26 16:31:45.721,0.69555,0.6958,5.60,1.30
2008.08.26 16:31:46.922,0.6956,0.6958,6.70,1.30
2008.08.26 16:31:47.381,0.69555,0.6958,5.60,1.30
2008.08.26 16:31:55.929,0.6956,0.6958,5.60,1.30
2008.08.26 16:31:56.065,0.6956,0.6958,6.70,1.30
2008.08.26 16:31:56.456,0.6956,0.6958,7.40,1.00
2008.08.26 16:31:58.633,0.6956,0.6958,7.10,1.00
2008.08.26 16:32:02.465,0.6956,0.69585,6.00,3.50
2008.08.26 16:32:04.561,0.6956,0.69585,1.30,3.50
2008.08.26 16:32:05.957,0.6956,0.6958,1.30,1.00
2008.08.26 16:32:08.633,0.6956,0.6958,1.60,1.00
2008.08.26 16:32:09.281,0.6956,0.6958,6.70,1.30
2008.08.26 16:32:09.617,0.6956,0.6958,1.00,1.30
2008.08.26 16:32:09.957,0.6956,0.6958,5.60,1.30
2008.08.26 16:32:10.297,0.69555,0.6958,6.20,1.30
2008.08.26 16:32:48.847,0.6956,0.6958,6.20,1.00
2008.08.26 16:32:49.061,0.6956,0.6958,1.80,1.00
2008.08.26 16:32:49.290,0.6956,0.6958,1.00,1.00
2008.08.26 16:32:51.074,0.6956,0.6958,1.80,1.00
2008.08.26 16:32:55.385,0.6956,0.69585,1.60,4.50
2008.08.26 16:32:55.767,0.6956,0.6958,1.60,1.80
2008.08.26 16:32:56.741,0.6955,0.6958,1.60,1.30
2008.08.26 16:33:28.225,0.6955,0.6958,6.30,1.30
2008.08.26 16:33:51.805,0.69555,0.6958,1.00,1.30
2008.08.26 16:33:56.982,0.6955,0.6958,7.40,1.30
2008.08.26 16:33:57.133,0.6955,0.6958,6.30,1.30
2008.08.26 16:34:16.613,0.6955,0.6958,2.50,1.30
2008.08.26 16:34:16.727,0.69555,0.6958,1.00,1.30
2008.08.26 16:34:20.437,0.6956,0.6958,1.00,1.30
2008.08.26 16:34:20.717,0.6956,0.6959,1.00,3.70
2008.08.26 16:34:20.998,0.6956,0.69585,1.00,2.90
2008.08.26 16:34:21.716,0.6956,0.6959,1.00,4.30
2008.08.26 16:34:53.353,0.6957,0.6959,1.00,3.30
2008.08.26 16:34:58.837,0.6956,0.6959,1.00,4.30
2008.08.26 16:35:18.137,0.69555,0.69585,1.80,6.20
2008.08.26 16:35:18.238,0.6954,0.69565,3.20,1.00
2008.08.26 16:35:18.436,0.6953,0.69565,1.00,1.00
2008.08.26 16:35:18.637,0.6953,0.69575,1.80,2.90
2008.08.26 16:35:18.985,0.69525,0.69555,4.80,2.90
2008.08.26 16:35:19.272,0.69525,0.69545,3.20,3.30
2008.08.26 16:35:19.416,0.6951,0.69545,1.80,3.30
2008.08.26 16:35:23.976,0.6952,0.69555,1.80,3.30
2008.08.26 16:35:24.717,0.6952,0.69555,2.50,3.30
2008.08.26 16:35:28.677,0.69525,0.69555,1.00,3.30
2008.08.26 16:35:29.081,0.69535,0.6955,1.00,1.00
2008.08.26 16:35:29.353,0.69535,0.69565,1.80,2.90
2008.08.26 16:35:29.625,0.6954,0.69565,1.60,2.90
2008.08.26 16:35:30.170,0.69535,0.69555,1.00,1.00
2008.08.26 16:35:30.441,0.69535,0.6957,1.80,6.20
2008.08.26 16:35:30.577,0.69535,0.6957,1.80,2.90
2008.08.26 16:35:32.400,0.6954,0.6957,1.80,2.90
2008.08.26 16:35:45.543,0.69545,0.6958,1.80,2.90
2008.08.26 16:35:53.628,0.69545,0.69575,1.80,2.90
2008.08.26 16:35:53.869,0.69545,0.69575,1.00,2.90
2008.08.26 16:35:56.884,0.6955,0.6958,1.00,3.30
2008.08.26 16:35:57.878,0.6955,0.6958,1.80,2.90
2008.08.26 16:36:08.326,0.69545,0.6958,1.80,2.90
2008.08.26 16:36:10.357,0.6955,0.69575,1.60,2.90
2008.08.26 16:36:10.671,0.6954,0.69575,2.50,3.30
2008.08.26 16:36:21.068,0.69545,0.69575,1.00,3.30
2008.08.26 16:36:21.304,0.6955,0.69575,1.00,3.30
2008.08.26 16:36:21.724,0.6955,0.69575,1.00,2.90
2008.08.26 16:36:47.132,0.6954,0.69575,2.50,2.90
2008.08.26 16:36:47.868,0.6954,0.69575,2.50,3.30
2008.08.26 16:36:51.462,0.6953,0.6956,1.00,2.10
2008.08.26 16:36:51.533,0.6954,0.6956,1.00,2.10
2008.08.26 16:36:51.568,0.6954,0.6957,1.00,1.30
2008.08.26 16:36:51.604,0.6954,0.69565,1.00,1.00
2008.08.26 16:36:51.784,0.6954,0.6958,1.80,3.20
2008.08.26 16:36:51.960,0.6954,0.69585,1.80,2.90
2008.08.26 16:36:53.558,0.69545,0.6958,1.00,3.30
2008.08.26 16:36:53.868,0.69545,0.6958,1.80,3.30
2008.08.26 16:36:56.030,0.69545,0.6956,1.80,3.20
2008.08.26 16:36:56.272,0.69545,0.69565,1.60,6.20
2008.08.26 16:36:56.512,0.69545,0.6956,1.60,4.00
2008.08.26 16:36:56.632,0.6953,0.6956,1.20,1.30
2008.08.26 16:36:56.752,0.6953,0.6956,1.20,4.30
2008.08.26 16:36:57.440,0.6953,0.6956,1.20,3.70
2008.08.26 16:36:57.564,0.6953,0.6956,2.20,3.70
2008.08.26 16:36:59.369,0.6953,0.6956,2.00,3.70
2008.08.26 16:37:08.896,0.69535,0.6956,1.00,1.30
2008.08.26 16:37:09.396,0.69545,0.6956,1.00,1.00
2008.08.26 16:37:09.734,0.69545,0.6958,1.80,2.90
2008.08.26 16:37:10.072,0.69545,0.6957,1.00,1.30
2008.08.26 16:37:12.892,0.69545,0.6957,1.00,1.00
2008.08.26 16:37:21.372,0.6954,0.6957,6.30,1.30
2008.08.26 16:37:21.512,0.6954,0.6957,6.00,4.30
2008.08.26 16:37:52.764,0.6954,0.69565,6.00,2.90
2008.08.26 16:37:54.496,0.6954,0.6957,7.10,4.30
2008.08.26 16:37:54.836,0.6954,0.6957,7.10,3.70
2008.08.26 16:37:56.352,0.6954,0.6957,2.20,3.70
2008.08.26 16:37:58.053,0.6954,0.6957,2.50,3.70
2008.08.26 16:38:02.017,0.6954,0.6957,2.20,3.70
2008.08.26 16:38:02.760,0.6954,0.6957,6.00,3.70
2008.08.26 16:38:05.436,0.6954,0.69565,1.00,4.00
2008.08.26 16:38:05.948,0.6953,0.6956,2.50,1.30
2008.08.26 16:38:07.249,0.6953,0.6956,2.20,1.30
2008.08.26 16:38:07.368,0.6953,0.6956,2.20,3.70
2008.08.26 16:38:08.621,0.6953,0.6956,7.10,3.70
2008.08.26 16:38:08.821,0.6953,0.6956,7.40,3.70
2008.08.26 16:38:09.068,0.6953,0.6956,2.50,3.70
2008.08.26 16:38:11.256,0.69535,0.6956,1.00,1.30
2008.08.26 16:38:11.336,0.6954,0.6956,1.00,1.40
2008.08.26 16:38:11.392,0.6954,0.6956,6.00,1.00
2008.08.26 16:38:11.650,0.6954,0.6957,6.00,5.20
2008.08.26 16:38:17.792,0.6954,0.6956,6.00,1.00
2008.08.26 16:38:17.828,0.6954,0.6956,6.00,2.90
2008.08.26 16:38:17.903,0.6954,0.6956,1.00,2.90
2008.08.26 16:38:18.360,0.6953,0.6956,2.50,3.70
2008.08.26 16:38:26.132,0.6953,0.6956,8.20,3.70
2008.08.26 16:38:36.455,0.6953,0.6956,8.50,3.70
2008.08.26 16:38:36.632,0.6953,0.6956,2.50,3.70
2008.08.26 16:38:59.360,0.6954,0.6956,6.00,2.90
2008.08.26 16:38:59.600,0.6954,0.6956,6.00,1.00
2008.08.26 16:38:59.840,0.6954,0.6957,6.00,5.20
2008.08.26 16:39:04.601,0.6954,0.6956,6.00,2.90
2008.08.26 16:39:04.844,0.6954,0.6956,1.00,2.90
2008.08.26 16:39:07.528,0.6954,0.69565,1.00,5.50
2008.08.26 16:39:07.887,0.6954,0.69565,1.00,5.10
2008.08.26 16:39:09.187,0.6954,0.69565,6.00,2.90
2008.08.26 16:39:16.628,0.6954,0.6956,6.00,2.90
2008.08.26 16:39:16.867,0.6954,0.6956,5.40,3.70
2008.08.26 16:39:17.347,0.6953,0.6956,2.20,3.70
2008.08.26 16:39:27.011,0.6953,0.6956,2.50,3.70
2008.08.26 16:39:27.431,0.6954,0.69565,6.00,2.90
2008.08.26 16:39:38.156,0.6953,0.6956,2.20,3.70
2008.08.26 16:39:38.695,0.6953,0.6956,2.50,1.30
2008.08.26 16:39:39.864,0.6953,0.6956,2.20,3.70
2008.08.26 16:39:40.179,0.6953,0.6956,6.00,3.70
2008.08.26 16:39:40.531,0.6953,0.6956,2.20,3.70
2008.08.26 16:39:40.708,0.6953,0.69555,2.20,2.90
2008.08.26 16:39:40.886,0.6953,0.6955,7.00,4.00
2008.08.26 16:39:41.061,0.6953,0.69545,1.60,2.90
2008.08.26 16:39:41.615,0.6951,0.69545,1.00,3.30
2008.08.26 16:39:42.028,0.695,0.69535,5.10,2.90
2008.08.26 16:39:42.228,0.6951,0.69535,1.60,2.90
2008.08.26 16:39:42.540,0.695,0.6953,1.00,1.30
2008.08.26 16:39:42.939,0.6951,0.6953,1.00,1.30
2008.08.26 16:39:43.139,0.6951,0.6953,1.00,1.00
2008.08.26 16:39:44.035,0.6951,0.6954,1.00,2.90
2008.08.26 16:39:44.953,0.6951,0.69535,1.00,1.00
2008.08.26 16:39:45.463,0.695,0.69535,3.50,1.00
2008.08.26 16:39:45.719,0.6951,0.69535,1.60,1.00
2008.08.26 16:39:45.987,0.695,0.6953,1.00,1.30
2008.08.26 16:39:46.255,0.6952,0.6953,3.30,1.00
2008.08.26 16:39:46.523,0.6952,0.6954,4.00,5.80
2008.08.26 16:39:46.793,0.6952,0.6954,10.20,3.20
2008.08.26 16:39:46.941,0.6952,0.6954,9.70,3.20
2008.08.26 16:39:47.087,0.6952,0.6956,9.70,1.70
2008.08.26 16:39:47.237,0.6952,0.6956,2.50,1.70
2008.08.26 16:39:47.900,0.6953,0.6955,7.00,2.90
2008.08.26 16:39:48.068,0.6953,0.69545,7.00,2.90
2008.08.26 16:39:48.235,0.6953,0.69545,1.60,2.90
2008.08.26 16:39:48.403,0.69515,0.69545,1.00,3.30
2008.08.26 16:39:50.800,0.69515,0.69545,1.00,2.90
2008.08.26 16:39:52.393,0.6951,0.69535,1.60,2.90
2008.08.26 16:39:52.660,0.695,0.69535,1.00,3.30
2008.08.26 16:39:52.927,0.695,0.6953,1.00,1.30
2008.08.26 16:39:57.452,0.69495,0.6952,1.00,1.00
2008.08.26 16:39:58.063,0.69495,0.6952,1.00,1.30
2008.08.26 16:39:59.795,0.69495,0.6952,1.00,1.00
2008.08.26 16:39:59.983,0.695,0.6952,3.50,1.00
2008.08.26 16:40:00.171,0.695,0.6952,1.00,1.00
2008.08.26 16:40:00.435,0.695,0.69525,1.00,1.00
2008.08.26 16:40:00.699,0.695,0.6953,1.00,1.30
2008.08.26 16:40:05.352,0.6951,0.6954,1.00,3.60
2008.08.26 16:40:05.580,0.6951,0.69545,1.00,3.30
2008.08.26 16:40:06.071,0.6951,0.69545,1.00,7.60
2008.08.26 16:40:06.299,0.6951,0.69545,1.80,8.70
2008.08.26 16:40:06.543,0.69505,0.6953,1.00,1.00
2008.08.26 16:40:15.089,0.6951,0.6954,1.00,1.30
2008.08.26 16:40:15.704,0.6951,0.6954,1.00,4.30
2008.08.26 16:40:17.485,0.69505,0.6954,1.00,4.30
2008.08.26 16:40:17.823,0.69505,0.6953,1.00,1.00
2008.08.26 16:40:17.880,0.69505,0.6953,1.00,1.30
2008.08.26 16:40:20.835,0.695,0.6953,1.00,1.30
2008.08.26 16:40:23.227,0.69505,0.69525,1.00,1.00
2008.08.26 16:40:23.451,0.69505,0.6954,1.00,4.30
2008.08.26 16:40:34.035,0.69505,0.6953,1.00,1.00
2008.08.26 16:40:37.280,0.69495,0.6953,1.80,2.90
2008.08.26 16:40:37.436,0.69495,0.6952,1.00,1.00
2008.08.26 16:40:37.592,0.69495,0.6952,1.00,1.30
2008.08.26 16:40:41.975,0.69505,0.6952,1.00,1.00
2008.08.26 16:40:42.772,0.69505,0.6953,1.00,1.00
2008.08.26 16:40:57.743,0.695,0.69535,1.00,3.30
2008.08.26 16:40:58.239,0.695,0.6953,1.00,1.30
2008.08.26 16:41:06.231,0.69495,0.6953,1.80,3.70
2008.08.26 16:41:21.472,0.695,0.6953,1.00,1.30
2008.08.26 16:41:23.111,0.69505,0.6953,1.00,1.00
2008.08.26 16:41:23.301,0.69505,0.6954,1.00,4.30
2008.08.26 16:42:01.237,0.6951,0.6954,1.00,1.30
2008.08.26 16:42:01.751,0.6951,0.6954,1.00,1.30
2008.08.26 16:42:02.527,0.6951,0.6954,7.40,1.30
2008.08.26 16:42:02.680,0.6951,0.6954,2.50,1.00
2008.08.26 16:42:04.593,0.69515,0.69535,1.60,2.90
2008.08.26 16:42:04.780,0.69505,0.69535,1.80,2.90
2008.08.26 16:42:04.963,0.6951,0.6954,1.00,1.30
2008.08.26 16:42:05.148,0.6951,0.6954,1.80,3.70
2008.08.26 16:42:05.691,0.6951,0.6954,2.50,3.70
2008.08.26 16:42:06.094,0.695,0.69535,1.80,2.90
2008.08.26 16:42:06.276,0.6951,0.6954,1.30,4.30
2008.08.26 16:42:06.662,0.6951,0.6954,1.80,3.70
2008.08.26 16:42:06.858,0.6951,0.6954,2.50,3.70
2008.08.26 16:42:10.511,0.6951,0.6954,1.80,3.70
2008.08.26 16:42:11.076,0.6951,0.6954,1.30,1.30
2008.08.26 16:42:11.373,0.6951,0.6954,1.80,1.00
2008.08.26 16:42:11.526,0.6952,0.69545,1.00,2.90
2008.08.26 16:42:26.519,0.6952,0.69535,1.00,2.90
2008.08.26 16:42:26.843,0.69515,0.6953,1.60,3.70
2008.08.26 16:42:27.167,0.695,0.6953,6.00,3.70
2008.08.26 16:42:27.383,0.69505,0.6953,1.00,1.30
2008.08.26 16:42:27.599,0.69505,0.6953,1.00,1.00
2008.08.26 16:42:27.827,0.6951,0.69535,1.00,2.90
2008.08.26 16:42:30.873,0.6951,0.69525,1.00,1.00
2008.08.26 16:42:32.652,0.6951,0.6952,1.00,1.00
2008.08.26 16:42:37.138,0.6951,0.69535,1.00,2.90
2008.08.26 16:42:48.763,0.6951,0.6954,2.50,1.30
2008.08.26 16:42:48.987,0.6951,0.6954,1.80,1.30
2008.08.26 16:42:50.044,0.6952,0.69545,1.00,3.30
2008.08.26 16:42:50.220,0.6952,0.69545,1.00,2.90
2008.08.26 16:42:50.623,0.69515,0.69535,1.60,2.90
2008.08.26 16:42:50.984,0.695,0.69535,1.80,2.90
2008.08.26 16:42:51.146,0.69505,0.6954,1.00,4.30
2008.08.26 16:42:51.426,0.69505,0.6954,1.80,3.70
2008.08.26 16:42:51.700,0.6951,0.6954,2.20,3.70
2008.08.26 16:43:04.820,0.69505,0.69535,1.80,2.90
2008.08.26 16:43:05.271,0.69505,0.69535,1.00,2.90
2008.08.26 16:43:05.722,0.69505,0.69535,1.00,3.30
2008.08.26 16:43:07.679,0.69505,0.69535,1.00,2.90
2008.08.26 16:43:09.278,0.69505,0.69535,1.00,3.30
2008.08.26 16:43:11.706,0.69505,0.69535,1.00,2.90
2008.08.26 16:43:13.650,0.69495,0.6953,1.80,2.90
2008.08.26 16:43:13.907,0.695,0.6952,1.80,1.00
2008.08.26 16:43:14.162,0.695,0.6951,1.00,1.00
2008.08.26 16:43:14.418,0.69505,0.6951,1.00,1.00
2008.08.26 16:43:15.088,0.69505,0.69545,1.00,3.30
2008.08.26 16:43:22.218,0.69505,0.69535,1.00,2.90
2008.08.26 16:43:23.754,0.69505,0.69535,1.00,3.30
2008.08.26 16:43:27.786,0.69495,0.6952,1.00,1.00
2008.08.26 16:43:28.467,0.69495,0.6952,1.00,1.30
2008.08.26 16:43:42.514,0.69495,0.6951,1.00,2.50
2008.08.26 16:43:42.638,0.6949,0.6951,1.30,3.50
2008.08.26 16:43:42.763,0.6949,0.6951,1.00,3.50
2008.08.26 16:43:43.271,0.69485,0.6951,1.00,1.30
2008.08.26 16:44:01.914,0.6948,0.6951,1.30,3.70
2008.08.26 16:44:02.171,0.6948,0.6951,1.00,3.70
2008.08.26 16:44:02.678,0.6948,0.6951,1.00,4.30
2008.08.26 16:44:02.935,0.69475,0.695,1.00,1.00
2008.08.26 16:44:05.151,0.6947,0.695,1.60,1.30
2008.08.26 16:44:05.834,0.6947,0.695,1.60,3.70
2008.08.26 16:44:29.859,0.6948,0.6951,1.00,2.90
2008.08.26 16:44:30.955,0.6948,0.69515,1.00,3.30
2008.08.26 16:45:31.562,0.6948,0.69515,1.00,2.90
2008.08.26 16:45:39.214,0.69485,0.69515,1.00,2.90
2008.08.26 16:46:08.586,0.6949,0.69515,1.00,2.90
2008.08.26 16:46:30.454,0.69485,0.69515,1.00,2.90
2008.08.26 16:46:45.991,0.695,0.69515,1.00,2.90
2008.08.26 16:46:46.274,0.695,0.6952,1.00,2.90
2008.08.26 16:46:47.189,0.695,0.69515,1.00,2.90
2008.08.26 16:47:09.284,0.6949,0.69515,1.00,2.90
2008.08.26 16:47:09.471,0.6949,0.6951,1.00,2.90
2008.08.26 16:47:23.789,0.6949,0.6951,1.00,3.30
2008.08.26 16:47:27.369,0.6949,0.6951,1.00,2.90
2008.08.26 16:47:36.448,0.6949,0.6951,1.00,3.30
2008.08.26 16:47:40.969,0.6947,0.69505,1.60,2.90
2008.08.26 16:47:41.153,0.6947,0.69505,2.50,2.90
2008.08.26 16:47:41.517,0.6947,0.69505,1.60,3.30
2008.08.26 16:47:59.005,0.6948,0.69505,1.00,3.30
2008.08.26 16:48:41.977,0.6948,0.69505,1.00,2.90
2008.08.26 16:49:03.225,0.69454,0.6948,1.00,6.60
2008.08.26 16:49:03.374,0.6945,0.69475,3.20,2.90
2008.08.26 16:49:03.522,0.69447,0.69472,5.40,2.90
2008.08.26 16:49:03.745,0.69445,0.6947,1.00,2.90
2008.08.26 16:49:03.970,0.69444,0.69469,1.80,2.90
2008.08.26 16:49:09.772,0.69448,0.69468,1.80,2.90
2008.08.26 16:49:09.934,0.69445,0.6947,1.00,1.00
2008.08.26 16:49:10.095,0.69445,0.6947,1.00,6.60
2008.08.26 16:49:10.418,0.69448,0.69468,3.50,2.90
2008.08.26 16:49:10.578,0.69448,0.69468,5.90,4.70
2008.08.26 16:49:10.814,0.69446,0.69466,1.80,6.60
2008.08.26 16:49:11.286,0.69445,0.69465,1.00,7.40
2008.08.26 16:49:11.521,0.69441,0.69466,1.00,2.90
2008.08.26 16:49:12.841,0.69436,0.69466,1.00,3.30
2008.08.26 16:49:13.042,0.69434,0.69459,1.80,2.90
2008.08.26 16:49:31.522,0.69439,0.69453,3.90,3.70
2008.08.26 16:49:31.757,0.69436,0.69461,1.00,6.60
2008.08.26 16:49:33.486,0.69437,0.69467,2.70,4.10
2008.08.26 16:49:33.666,0.69439,0.69474,3.20,3.30
2008.08.26 16:49:33.846,0.69446,0.69471,9.40,1.00
2008.08.26 16:49:34.026,0.69445,0.69475,1.00,3.30
2008.08.26 16:49:34.205,0.69449,0.69474,1.00,6.60
2008.08.26 16:49:34.386,0.69456,0.69471,3.10,3.60
2008.08.26 16:49:34.664,0.69453,0.69478,1.00,7.60
2008.08.26 16:49:34.940,0.69454,0.69479,5.10,2.90
2008.08.26 16:49:35.220,0.69453,0.69483,1.80,2.90
2008.08.26 16:49:35.506,0.69459,0.69474,11.00,4.00
2008.08.26 16:49:35.725,0.6946,0.6947,2.70,1.20
2008.08.26 16:49:35.948,0.69453,0.69468,3.20,3.30
2008.08.26 16:49:36.168,0.69446,0.69471,5.10,2.90
2008.08.26 16:49:36.609,0.69445,0.6947,1.60,2.90
2008.08.26 16:49:36.950,0.69447,0.69472,1.00,6.60
2008.08.26 16:49:37.293,0.69449,0.69474,1.00,1.00
2008.08.26 16:49:37.633,0.6945,0.6948,1.00,6.60
2008.08.26 16:49:37.729,0.69455,0.69485,1.00,6.60
2008.08.26 16:49:37.825,0.69465,0.69485,2.80,4.10
2008.08.26 16:49:37.921,0.69464,0.69484,1.80,6.60
2008.08.26 16:49:38.030,0.69456,0.69481,2.80,3.70
2008.08.26 16:49:38.126,0.69449,0.69479,1.80,3.20
2008.08.26 16:49:38.222,0.69447,0.69477,2.10,1.00
2008.08.26 16:49:40.517,0.69453,0.69468,1.00,7.60
2008.08.26 16:49:40.617,0.69447,0.69477,1.00,1.00
2008.08.26 16:49:40.815,0.69451,0.69476,2.40,3.70
2008.08.26 16:49:43.446,0.69449,0.69479,1.80,6.20
2008.08.26 16:49:43.670,0.69453,0.69478,1.00,2.90
2008.08.26 16:49:44.194,0.69451,0.69476,1.00,6.60
2008.08.26 16:49:44.350,0.69453,0.69478,1.00,2.90
2008.08.26 16:49:44.502,0.69453,0.69478,3.50,2.90
2008.08.26 16:49:46.814,0.6945,0.6948,3.50,5.10
2008.08.26 16:49:46.974,0.69452,0.69477,1.80,6.60
2008.08.26 16:49:47.133,0.69451,0.69476,1.00,7.40
2008.08.26 16:49:47.477,0.69451,0.69476,3.50,3.30
2008.08.26 16:49:50.685,0.69451,0.69476,1.00,2.90
2008.08.26 16:49:51.534,0.69447,0.69477,1.00,2.90
2008.08.26 16:49:51.822,0.6945,0.6947,2.70,1.00
2008.08.26 16:49:51.965,0.69445,0.6947,1.80,2.90
2008.08.26 16:49:52.110,0.69444,0.69469,1.00,6.60
2008.08.26 16:49:52.458,0.69446,0.69471,2.70,4.70
2008.08.26 16:49:55.380,0.69446,0.69476,5.10,2.90
2008.08.26 16:49:55.439,0.69454,0.69474,3.20,2.90
2008.08.26 16:49:55.540,0.69454,0.6948,1.00,8.70
2008.08.26 16:50:06.153,0.69462,0.69488,2.40,10.20
2008.08.26 16:50:06.438,0.69454,0.69484,5.80,1.00
2008.08.26 16:50:06.723,0.69449,0.69479,3.50,3.30
2008.08.26 16:50:15.235,0.69456,0.69466,1.00,6.20
2008.08.26 16:50:18.757,0.69445,0.69475,5.10,2.90
2008.08.26 16:50:19.020,0.69442,0.69477,3.20,2.90
2008.08.26 16:50:19.284,0.6944,0.69475,1.80,3.20
2008.08.26 16:50:32.553,0.69439,0.69474,3.50,5.10
2008.08.26 16:50:32.863,0.69441,0.69476,1.00,1.00
2008.08.26 16:50:33.171,0.69443,0.69478,5.10,1.00
2008.08.26 16:50:33.785,0.69447,0.69477,1.00,1.00
2008.08.26 16:50:34.262,0.69445,0.6948,1.00,1.00
2008.08.26 16:50:34.375,0.69449,0.69479,1.00,7.40
2008.08.26 16:50:34.487,0.6945,0.69475,7.50,1.00
2008.08.26 16:50:34.657,0.69451,0.69471,2.70,4.70
2008.08.26 16:50:34.715,0.6945,0.6947,1.00,6.60
2008.08.26 16:50:35.226,0.6945,0.69465,1.00,1.00
2008.08.26 16:50:36.886,0.69438,0.69473,5.10,2.90
2008.08.26 16:50:37.617,0.69437,0.69472,9.70,6.20
2008.08.26 16:50:38.861,0.69438,0.69473,1.00,3.30
2008.08.26 16:50:39.537,0.6944,0.69475,1.00,6.20
2008.08.26 16:50:40.668,0.69444,0.69479,1.80,2.10
2008.08.26 16:50:40.922,0.69444,0.69479,1.00,1.00
2008.08.26 16:50:42.144,0.69455,0.6947,1.00,2.90
2008.08.26 16:50:42.433,0.69448,0.69478,3.20,3.30
2008.08.26 16:50:42.946,0.69447,0.69482,3.50,3.30
2008.08.26 16:50:43.194,0.69451,0.69481,3.50,2.90
2008.08.26 16:50:43.325,0.69459,0.69474,3.20,2.90
2008.08.26 16:50:43.506,0.69456,0.69481,1.00,2.90
2008.08.26 16:50:43.662,0.6945,0.69485,7.50,3.90
2008.08.26 16:50:43.977,0.69444,0.69479,1.80,6.20
2008.08.26 16:50:44.294,0.69437,0.69472,5.40,2.90
2008.08.26 16:50:44.398,0.69433,0.69467,1.60,2.90
2008.08.26 16:50:45.090,0.69436,0.69466,1.80,3.90
2008.08.26 16:50:45.542,0.69438,0.69468,1.00,3.60
2008.08.26 16:50:45.785,0.69439,0.69464,3.50,3.30
2008.08.26 16:50:46.027,0.69447,0.69452,2.40,3.70
2008.08.26 16:50:46.286,0.69441,0.69451,1.00,1.20
2008.08.26 16:50:46.402,0.69439,0.69449,1.00,1.00
2008.08.26 16:50:46.518,0.6944,0.69455,9.40,1.00
2008.08.26 16:50:46.634,0.69444,0.69459,9.40,1.00
2008.08.26 16:50:46.750,0.69447,0.69472,1.00,2.10
2008.08.26 16:50:46.866,0.69458,0.69473,1.00,3.20
2008.08.26 16:50:46.982,0.69452,0.69477,1.00,2.90
2008.08.26 16:50:47.882,0.69447,0.69477,1.00,2.90
2008.08.26 16:50:48.322,0.69444,0.69474,2.10,2.90
2008.08.26 16:50:48.951,0.69441,0.69471,3.20,3.30
2008.08.26 16:50:49.182,0.6944,0.6947,1.00,3.30
2008.08.26 16:50:49.298,0.69441,0.69466,5.10,2.90
2008.08.26 16:50:49.414,0.69441,0.69466,1.80,6.60
2008.08.26 16:50:49.522,0.69442,0.69467,1.60,2.90
2008.08.26 16:50:53.218,0.69442,0.69472,1.00,2.90
2008.08.26 16:50:53.813,0.69445,0.69475,1.00,3.60
2008.08.26 16:50:54.141,0.69447,0.69477,1.80,2.90
2008.08.26 16:50:54.306,0.69449,0.69479,9.70,6.20
2008.08.26 16:50:54.470,0.69448,0.69483,3.20,3.70
2008.08.26 16:50:54.634,0.69452,0.69482,1.00,1.00
2008.08.26 16:50:54.961,0.69452,0.69482,1.00,6.60
2008.08.26 16:50:55.202,0.69447,0.69477,1.00,6.20
2008.08.26 16:50:55.322,0.69442,0.69472,1.80,6.60
2008.08.26 16:50:55.561,0.6944,0.6947,2.70,1.00
2008.08.26 16:50:55.682,0.69442,0.69467,1.00,2.10
2008.08.26 16:50:56.062,0.69445,0.6947,2.40,3.70
2008.08.26 16:50:56.459,0.69452,0.69467,7.20,2.90
2008.08.26 16:50:56.842,0.69449,0.69469,1.00,2.90
2008.08.26 16:50:57.146,0.69448,0.69468,1.80,3.90
2008.08.26 16:50:57.450,0.69442,0.69472,1.60,6.20
2008.08.26 16:50:58.522,0.69438,0.69473,3.20,2.90
2008.08.26 16:50:58.770,0.69438,0.69473,1.00,3.30
2008.08.26 16:50:59.018,0.6944,0.69475,1.80,4.00
2008.08.26 16:50:59.266,0.69445,0.6948,1.00,2.10
2008.08.26 16:50:59.514,0.69458,0.69473,1.80,4.00
2008.08.26 16:50:59.762,0.6946,0.69476,7.20,2.90
2008.08.26 16:51:18.441,0.6948,0.6951,1.00,2.90
2008.08.26 16:51:18.613,0.69475,0.6951,2.40,2.90
2008.08.26 16:52:19.402,0.6948,0.6951,1.00,2.90
2008.08.26 16:52:27.473,0.6948,0.695,1.00,1.00
2008.08.26 16:52:30.967,0.69475,0.6951,2.40,2.90
2008.08.26 16:53:06.532,0.6948,0.69505,1.00,2.90
2008.08.26 16:53:12.061,0.69485,0.69505,1.00,1.00
2008.08.26 16:53:12.232,0.6949,0.6951,1.00,2.90
2008.08.26 16:54:19.479,0.6949,0.6952,1.30,2.90
2008.08.26 16:54:19.607,0.6949,0.69515,1.30,2.90
2008.08.26 16:55:34.476,0.6949,0.6952,1.60,2.90
2008.08.26 16:55:34.715,0.695,0.6952,1.00,2.90
2008.08.26 16:55:37.816,0.69505,0.69525,1.00,1.00
2008.08.26 16:55:38.043,0.69515,0.69525,1.00,1.00
2008.08.26 16:55:38.208,0.69515,0.6953,1.00,1.00
2008.08.26 16:55:38.519,0.69515,0.69545,1.80,2.90
2008.08.26 16:55:39.611,0.69525,0.69545,1.60,2.90
2008.08.26 16:55:40.141,0.6953,0.69545,1.60,2.90
2008.08.26 16:55:42.553,0.6953,0.6954,1.60,2.90
2008.08.26 16:55:42.696,0.69495,0.69535,1.00,2.90
2008.08.26 16:55:43.919,0.6951,0.6954,1.00,3.30
2008.08.26 16:55:44.124,0.6951,0.6954,1.80,2.90
2008.08.26 16:55:44.269,0.6951,0.69545,1.80,3.30
2008.08.26 16:55:50.891,0.69525,0.6954,1.60,2.90
2008.08.26 16:55:51.231,0.6952,0.6954,1.60,2.90
2008.08.26 16:55:51.912,0.69525,0.6954,1.60,2.90
2008.08.26 16:56:00.619,0.69505,0.6954,1.80,2.90
2008.08.26 16:56:01.940,0.695,0.69535,2.50,2.90
2008.08.26 16:56:02.259,0.6951,0.69535,1.00,2.90
2008.08.26 16:56:02.847,0.6951,0.69535,2.10,2.90
2008.08.26 16:56:03.135,0.69515,0.69535,1.60,2.90
2008.08.26 16:56:10.559,0.6951,0.69535,1.00,2.90
2008.08.26 16:56:19.675,0.6951,0.69535,1.00,1.00
2008.08.26 16:56:19.702,0.6951,0.69535,2.40,1.00
2008.08.26 16:56:19.831,0.6951,0.69535,7.80,1.00
2008.08.26 16:56:20.239,0.6951,0.69535,11.00,1.00
2008.08.26 16:56:20.268,0.6952,0.69535,1.00,1.00
2008.08.26 16:56:20.317,0.6952,0.69545,1.00,2.90
2008.08.26 16:56:32.819,0.6952,0.6954,1.00,1.00
2008.08.26 16:56:37.740,0.6952,0.69545,1.00,2.90
2008.08.26 16:56:37.804,0.6952,0.6955,1.00,4.30
2008.08.26 16:56:38.376,0.69515,0.6955,2.40,4.30
2008.08.26 16:56:42.012,0.6952,0.6955,6.00,4.30
2008.08.26 16:56:42.240,0.6952,0.6955,6.00,3.70
2008.08.26 16:56:42.468,0.6952,0.6955,1.30,3.70
2008.08.26 16:57:13.294,0.69489,0.69514,11.70,1.20
2008.08.26 16:57:18.922,0.69489,0.69514,11.40,3.70
2008.08.26 16:57:38.246,0.69482,0.69512,9.30,1.20
2008.08.26 16:57:38.730,0.69482,0.69512,11.40,1.20
2008.08.26 16:57:38.973,0.6949,0.69515,9.30,1.20
2008.08.26 16:57:46.203,0.69495,0.69525,1.00,3.60
2008.08.26 16:57:46.749,0.69503,0.69533,4.10,1.00
2008.08.26 16:57:49.069,0.69507,0.69537,1.00,3.60
2008.08.26 16:57:49.963,0.69507,0.69537,11.70,1.20
2008.08.26 16:57:50.168,0.69503,0.69533,8.50,1.20
2008.08.26 16:57:50.371,0.695,0.6953,11.40,1.20
2008.08.26 16:57:52.785,0.69498,0.69528,9.70,1.20
2008.08.26 16:57:52.843,0.69499,0.69524,1.60,11.40
2008.08.26 16:57:53.467,0.69497,0.69527,2.40,8.30
2008.08.26 16:57:59.543,0.69496,0.69526,4.10,1.00
2008.08.26 16:57:59.997,0.695,0.6952,4.10,1.00
2008.08.26 16:58:34.793,0.6952,0.69545,1.30,2.90
2008.08.26 16:58:58.503,0.6952,0.6953,1.30,2.90
2008.08.26 16:58:58.566,0.69525,0.6953,1.00,3.70
2008.08.26 16:58:58.639,0.6951,0.6953,2.10,3.70
2008.08.26 16:58:58.703,0.6951,0.6953,1.00,3.70
2008.08.26 16:58:58.736,0.6951,0.6953,1.00,1.30
2008.08.26 16:58:58.799,0.6951,0.6953,1.00,4.90
2008.08.26 16:58:58.868,0.6951,0.6953,1.00,3.90
2008.08.26 16:59:25.129,0.6951,0.6953,1.30,3.10
2008.08.26 16:59:25.282,0.6951,0.6954,1.30,4.30
2008.08.26 16:59:25.594,0.6951,0.6954,1.30,3.70
