2015.06.17 16:00:07.035,0.69109,0.69119,1.00,1.00
2015.06.17 16:00:07.778,0.69109,0.69121,1.50,1.00
2015.06.17 16:00:09.690,0.6911,0.69121,1.00,1.00
2015.06.17 16:00:18.595,0.6911,0.69118,1.00,1.00
2015.06.17 16:00:19.295,0.6911,0.69119,1.00,1.00
2015.06.17 16:00:23.939,0.6911,0.69121,1.00,1.12
2015.06.17 16:00:24.784,0.69109,0.69121,1.50,1.12
2015.06.17 16:00:26.136,0.69109,0.69116,1.50,1.00
2015.06.17 16:00:26.644,0.69108,0.69115,1.00,1.00
2015.06.17 16:00:27.956,0.69107,0.69115,1.00,1.00
2015.06.17 16:00:28.319,0.69101,0.6911,1.87,1.00
2015.06.17 16:00:28.878,0.69101,0.6911,1.37,1.00
2015.06.17 16:00:29.031,0.69099,0.69108,1.50,1.00
2015.06.17 16:00:30.840,0.69099,0.6911,1.50,1.50
2015.06.17 16:00:33.161,0.69098,0.6911,1.37,1.00
2015.06.17 16:00:33.668,0.69098,0.6911,1.37,1.50
2015.06.17 16:00:45.335,0.69099,0.6911,1.12,1.00
2015.06.17 16:00:59.430,0.69099,0.69112,1.87,3.37
2015.06.17 16:01:07.081,0.69099,0.69111,1.12,1.50
2015.06.17 16:01:09.782,0.69097,0.69103,1.37,1.00
2015.06.17 16:01:09.834,0.69097,0.69103,1.00,1.00
2015.06.17 16:01:09.986,0.69091,0.69102,1.00,1.00
2015.06.17 16:01:10.493,0.69092,0.69103,1.00,1.50
2015.06.17 16:01:10.595,0.69089,0.69102,1.37,1.00
2015.06.17 16:01:13.796,0.69088,0.69101,1.12,1.50
2015.06.17 16:01:13.899,0.69088,0.69099,1.00,1.00
2015.06.17 16:01:14.411,0.69088,0.691,1.00,1.50
2015.06.17 16:01:15.030,0.69086,0.69099,2.62,1.00
2015.06.17 16:01:17.626,0.69086,0.69099,2.62,1.00
2015.06.17 16:01:18.746,0.69086,0.69098,1.12,1.00
2015.06.17 16:01:19.271,0.69085,0.69098,1.12,1.50
2015.06.17 16:01:19.576,0.69082,0.69094,1.10,1.37
2015.06.17 16:01:19.677,0.6908,0.69093,1.95,1.87
2015.06.17 16:01:20.190,0.6908,0.69092,1.87,1.00
2015.06.17 16:01:21.401,0.69083,0.69093,1.12,1.00
2015.06.17 16:01:21.757,0.69084,0.69095,1.00,1.00
2015.06.17 16:01:22.265,0.69084,0.69096,1.00,1.50
2015.06.17 16:01:22.367,0.69084,0.69096,1.72,1.00
2015.06.17 16:01:22.901,0.69085,0.69097,1.87,1.00
2015.06.17 16:01:25.314,0.69085,0.69097,1.87,1.00
2015.06.17 16:01:25.619,0.69087,0.69098,1.00,1.00
2015.06.17 16:01:27.807,0.69085,0.69098,2.62,1.00
2015.06.17 16:01:33.880,0.69086,0.69098,1.50,1.00
2015.06.17 16:01:35.487,0.69087,0.691,1.00,1.12
2015.06.17 16:01:43.927,0.69087,0.69098,1.00,1.00
2015.06.17 16:01:44.583,0.69086,0.69098,1.00,1.50
2015.06.17 16:01:48.448,0.69086,0.69094,1.00,1.00
2015.06.17 16:01:48.651,0.69081,0.69094,1.00,1.87
2015.06.17 16:01:48.904,0.69081,0.69092,1.00,1.00
2015.06.17 16:01:49.484,0.69081,0.69091,1.00,1.00
2015.06.17 16:01:49.586,0.69078,0.6909,1.87,1.00
2015.06.17 16:01:49.790,0.69078,0.69088,1.00,1.00
2015.06.17 16:01:50.927,0.69078,0.69087,1.00,1.00
2015.06.17 16:01:53.196,0.69077,0.69087,1.00,1.00
2015.06.17 16:01:53.703,0.69076,0.69087,2.62,1.00
2015.06.17 16:01:57.351,0.6908,0.69087,1.00,1.00
2015.06.17 16:01:57.676,0.69086,0.69097,1.00,1.75
2015.06.17 16:01:57.829,0.6909,0.69098,1.00,1.00
2015.06.17 16:01:57.880,0.6909,0.691,1.00,1.00
2015.06.17 16:01:58.412,0.6909,0.69101,1.00,1.50
2015.06.17 16:01:59.621,0.69089,0.69101,1.50,1.00
2015.06.17 16:02:09.669,0.69088,0.69101,1.00,1.50
2015.06.17 16:02:09.720,0.69087,0.69098,1.00,1.00
2015.06.17 16:02:14.418,0.69088,0.691,1.00,1.00
2015.06.17 16:02:29.890,0.6909,0.691,1.00,1.00
2015.06.17 16:02:40.620,0.69089,0.691,1.00,1.00
2015.06.17 16:02:45.340,0.6909,0.691,1.00,1.50
2015.06.17 16:02:46.722,0.6909,0.69101,1.50,1.00
2015.06.17 16:02:51.743,0.69089,0.69101,1.00,1.12
2015.06.17 16:02:52.293,0.69088,0.691,1.12,1.00
2015.06.17 16:02:52.802,0.69089,0.691,1.00,1.50
2015.06.17 16:03:04.588,0.69089,0.691,1.00,1.50
2015.06.17 16:03:09.216,0.69089,0.691,1.00,1.12
2015.06.17 16:03:09.757,0.69088,0.691,1.87,1.12
2015.06.17 16:03:10.076,0.6909,0.69101,1.00,1.87
2015.06.17 16:03:14.901,0.6909,0.69101,1.00,1.87
2015.06.17 16:03:22.483,0.69093,0.69102,1.50,1.12
2015.06.17 16:03:22.815,0.69098,0.69108,1.00,1.12
2015.06.17 16:03:23.325,0.69099,0.6911,1.00,1.75
2015.06.17 16:03:23.937,0.69099,0.6911,1.10,1.50
2015.06.17 16:03:24.444,0.691,0.6911,1.00,1.50
2015.06.17 16:03:25.041,0.691,0.69113,1.87,1.50
2015.06.17 16:03:25.143,0.69104,0.69114,1.00,1.12
2015.06.17 16:03:25.550,0.69105,0.69115,2.10,1.50
2015.06.17 16:03:25.702,0.69106,0.69118,3.97,1.00
2015.06.17 16:03:26.229,0.69108,0.69119,1.50,1.00
2015.06.17 16:03:26.331,0.69108,0.69116,1.00,1.00
2015.06.17 16:03:26.636,0.69101,0.69114,1.37,2.62
2015.06.17 16:03:26.790,0.691,0.69112,1.00,1.12
2015.06.17 16:03:27.299,0.69098,0.69111,2.32,1.00
2015.06.17 16:03:27.807,0.69098,0.69111,1.50,1.00
2015.06.17 16:03:28.557,0.69098,0.6911,1.50,1.00
2015.06.17 16:03:30.169,0.69097,0.6911,3.00,1.50
2015.06.17 16:03:39.062,0.69099,0.69108,1.00,1.00
2015.06.17 16:03:40.064,0.69099,0.6911,1.00,1.00
2015.06.17 16:03:41.574,0.69098,0.6911,1.00,1.00
2015.06.17 16:03:45.894,0.69097,0.6911,2.25,1.00
2015.06.17 16:03:51.097,0.69096,0.69108,2.32,1.00
2015.06.17 16:03:51.647,0.69096,0.69108,1.95,1.00
2015.06.17 16:03:55.633,0.69097,0.69108,1.00,1.00
2015.06.17 16:03:56.686,0.69098,0.69109,1.00,1.00
2015.06.17 16:04:06.358,0.69099,0.69109,1.00,1.12
2015.06.17 16:04:09.537,0.69098,0.69109,1.50,1.50
2015.06.17 16:04:13.639,0.69098,0.69107,1.00,1.37
2015.06.17 16:04:13.843,0.69094,0.69105,1.12,1.87
2015.06.17 16:04:13.945,0.69094,0.69105,1.87,1.50
2015.06.17 16:04:14.249,0.69093,0.69104,3.30,1.00
2015.06.17 16:04:14.579,0.6909,0.69103,2.62,1.00
2015.06.17 16:04:28.893,0.69093,0.69103,1.00,1.00
2015.06.17 16:04:28.944,0.69093,0.69105,1.00,1.50
2015.06.17 16:04:29.299,0.69095,0.69106,1.00,1.00
2015.06.17 16:04:29.350,0.69095,0.69108,1.00,2.25
2015.06.17 16:04:29.867,0.69096,0.69108,1.00,1.00
2015.06.17 16:04:30.079,0.69098,0.69109,1.00,1.12
2015.06.17 16:04:37.107,0.69098,0.69107,1.00,1.00
2015.06.17 16:04:37.259,0.69093,0.69104,1.00,1.87
2015.06.17 16:04:37.361,0.69091,0.69104,1.12,2.62
2015.06.17 16:04:37.665,0.69091,0.69102,1.00,1.00
2015.06.17 16:04:49.572,0.6909,0.69099,1.12,1.00
2015.06.17 16:04:49.775,0.69085,0.69095,1.00,1.00
2015.06.17 16:04:49.978,0.69083,0.69092,2.32,1.00
2015.06.17 16:04:50.420,0.6908,0.69092,1.87,2.62
2015.06.17 16:04:50.934,0.6908,0.69092,1.50,3.00
2015.06.17 16:04:51.458,0.69081,0.69093,1.00,1.37
2015.06.17 16:04:51.972,0.69081,0.69093,1.00,1.00
2015.06.17 16:04:52.550,0.6908,0.69093,1.50,2.62
2015.06.17 16:04:53.067,0.6908,0.69092,1.00,1.12
2015.06.17 16:04:53.609,0.69079,0.69092,1.87,1.12
2015.06.17 16:04:57.247,0.69079,0.69092,2.62,1.00
2015.06.17 16:05:05.315,0.6908,0.69089,1.12,1.00
2015.06.17 16:05:05.871,0.69079,0.69089,2.70,1.50
2015.06.17 16:05:06.176,0.69079,0.69086,1.00,1.00
2015.06.17 16:05:06.495,0.69074,0.69086,1.57,1.50
2015.06.17 16:05:06.546,0.69074,0.69083,1.57,1.00
2015.06.17 16:05:06.598,0.69074,0.69085,1.20,1.12
2015.06.17 16:05:06.750,0.69077,0.69088,1.00,1.50
2015.06.17 16:05:07.257,0.69077,0.69087,1.00,1.00
2015.06.17 16:05:07.857,0.69077,0.69086,1.00,1.00
2015.06.17 16:05:08.166,0.69077,0.69084,1.00,1.00
2015.06.17 16:05:08.530,0.69074,0.69085,1.10,1.00
2015.06.17 16:05:09.068,0.69075,0.69085,1.00,1.00
2015.06.17 16:05:09.614,0.69075,0.69086,1.00,1.00
2015.06.17 16:05:10.123,0.69076,0.69086,1.00,1.00
2015.06.17 16:05:19.801,0.69074,0.69085,1.57,1.00
2015.06.17 16:05:19.953,0.69072,0.69083,1.57,1.00
2015.06.17 16:05:20.299,0.69072,0.69081,1.00,1.00
2015.06.17 16:05:20.451,0.69068,0.69079,1.95,1.00
2015.06.17 16:05:20.502,0.69068,0.69077,1.95,1.00
2015.06.17 16:05:20.605,0.69068,0.69079,1.50,1.00
2015.06.17 16:05:21.373,0.69068,0.6908,1.87,1.50
2015.06.17 16:05:25.405,0.69068,0.69078,2.25,1.00
2015.06.17 16:05:33.076,0.69072,0.69078,1.87,1.00
2015.06.17 16:05:33.127,0.69072,0.69083,1.87,1.00
2015.06.17 16:05:33.229,0.69074,0.69084,1.87,1.00
2015.06.17 16:05:33.330,0.69076,0.69086,1.00,1.00
2015.06.17 16:05:33.461,0.69074,0.69081,1.57,1.00
2015.06.17 16:05:33.766,0.69071,0.69081,1.57,1.00
2015.06.17 16:05:34.424,0.69071,0.69081,1.27,1.00
2015.06.17 16:05:34.944,0.6907,0.69081,1.00,1.00
2015.06.17 16:05:34.996,0.6907,0.69079,1.00,1.00
2015.06.17 16:05:35.636,0.6907,0.6908,1.00,1.00
2015.06.17 16:05:39.595,0.69068,0.69079,1.95,1.00
2015.06.17 16:05:40.102,0.69068,0.69078,1.00,1.00
2015.06.17 16:05:40.255,0.69068,0.69079,1.37,1.00
2015.06.17 16:05:42.785,0.69068,0.69079,2.62,1.00
2015.06.17 16:05:43.292,0.6907,0.6908,1.00,1.00
2015.06.17 16:05:44.043,0.6907,0.69081,1.00,1.00
2015.06.17 16:05:48.096,0.6907,0.69081,1.37,1.00
2015.06.17 16:05:54.373,0.6907,0.6908,1.37,1.00
2015.06.17 16:05:54.893,0.6907,0.6908,1.12,1.00
2015.06.17 16:05:56.035,0.6907,0.69081,1.12,1.00
2015.06.17 16:05:59.785,0.69071,0.69081,1.00,1.00
2015.06.17 16:06:00.113,0.69073,0.69082,1.50,1.00
2015.06.17 16:06:02.626,0.69073,0.69083,1.50,1.50
2015.06.17 16:06:06.392,0.69071,0.69082,2.32,1.00
2015.06.17 16:06:07.388,0.6907,0.69082,1.50,1.50
2015.06.17 16:06:07.694,0.69069,0.69079,1.00,1.50
2015.06.17 16:06:08.208,0.69069,0.69079,1.37,1.50
2015.06.17 16:06:08.868,0.69069,0.69079,1.50,1.50
2015.06.17 16:06:16.147,0.6907,0.69081,1.50,1.00
2015.06.17 16:06:28.347,0.69072,0.69081,1.10,1.00
2015.06.17 16:06:28.502,0.69073,0.69083,1.00,1.00
2015.06.17 16:06:29.008,0.69073,0.69084,1.50,1.00
2015.06.17 16:06:29.523,0.69074,0.69085,1.00,1.50
2015.06.17 16:06:31.705,0.69075,0.69085,1.00,1.00
2015.06.17 16:06:32.247,0.69075,0.69086,1.50,1.00
2015.06.17 16:06:36.497,0.69076,0.69086,1.00,1.00
2015.06.17 16:06:37.409,0.69075,0.69086,1.87,1.00
2015.06.17 16:06:39.480,0.69075,0.69085,1.12,1.00
2015.06.17 16:06:40.106,0.69075,0.69084,1.00,1.00
2015.06.17 16:06:40.209,0.69073,0.69083,1.12,1.00
2015.06.17 16:06:40.310,0.69071,0.69083,1.00,2.25
2015.06.17 16:06:40.615,0.69071,0.6908,1.00,1.00
2015.06.17 16:06:41.140,0.69068,0.69079,1.00,1.00
2015.06.17 16:06:41.272,0.69066,0.69078,1.10,1.00
2015.06.17 16:06:41.577,0.69068,0.69079,1.00,1.00
2015.06.17 16:06:43.350,0.69068,0.6908,1.12,1.50
2015.06.17 16:06:43.872,0.69069,0.69081,1.12,1.50
2015.06.17 16:06:48.307,0.69072,0.69082,1.00,1.50
2015.06.17 16:06:48.841,0.69072,0.6908,1.00,1.00
2015.06.17 16:06:53.100,0.6907,0.6908,1.00,1.00
2015.06.17 16:06:56.326,0.69067,0.69078,2.62,3.75
2015.06.17 16:06:56.479,0.69067,0.69077,1.00,1.00
2015.06.17 16:06:56.634,0.69067,0.69079,1.37,1.50
2015.06.17 16:06:56.945,0.69068,0.69076,1.37,1.50
2015.06.17 16:06:57.047,0.69061,0.69072,2.32,1.00
2015.06.17 16:06:57.200,0.6906,0.69068,1.57,1.00
2015.06.17 16:06:57.251,0.6906,0.69068,1.12,1.00
2015.06.17 16:07:01.593,0.6906,0.69069,1.12,1.00
2015.06.17 16:07:08.079,0.6906,0.69068,1.00,1.00
2015.06.17 16:07:10.312,0.6906,0.69069,1.00,1.00
2015.06.17 16:07:14.797,0.6906,0.6907,1.00,1.12
2015.06.17 16:07:15.582,0.6906,0.69069,1.00,1.00
2015.06.17 16:07:17.457,0.69058,0.69069,1.37,1.00
2015.06.17 16:07:17.996,0.69058,0.69068,1.37,1.50
2015.06.17 16:07:18.419,0.69053,0.69063,1.12,1.00
2015.06.17 16:07:18.521,0.6905,0.69062,1.65,1.00
2015.06.17 16:07:18.801,0.6905,0.69061,1.12,1.00
2015.06.17 16:07:19.308,0.6905,0.6906,1.00,1.00
2015.06.17 16:07:19.833,0.6905,0.69061,1.12,1.00
2015.06.17 16:07:20.339,0.6905,0.6906,1.12,1.00
2015.06.17 16:07:20.879,0.6905,0.69061,1.12,1.00
2015.06.17 16:07:21.451,0.6905,0.69062,1.12,2.25
2015.06.17 16:07:29.417,0.6905,0.69062,1.37,1.50
2015.06.17 16:07:29.570,0.69052,0.69064,1.00,1.50
2015.06.17 16:07:30.163,0.69053,0.69063,1.00,1.00
2015.06.17 16:07:30.215,0.69053,0.69065,1.00,1.50
2015.06.17 16:07:30.418,0.69058,0.69065,1.12,1.00
2015.06.17 16:07:30.876,0.69058,0.69067,1.37,1.00
2015.06.17 16:07:31.391,0.69058,0.69068,1.37,1.50
2015.06.17 16:07:36.160,0.69057,0.69067,1.50,1.00
2015.06.17 16:07:36.891,0.69057,0.69066,1.00,1.00
2015.06.17 16:07:38.032,0.69057,0.69067,1.00,1.50
2015.06.17 16:07:40.361,0.69053,0.69065,1.87,1.00
2015.06.17 16:07:40.463,0.69053,0.69065,1.12,1.87
2015.06.17 16:07:40.869,0.6905,0.69061,1.50,1.00
2015.06.17 16:07:41.416,0.6905,0.69062,1.50,2.25
2015.06.17 16:07:42.186,0.6905,0.69061,1.50,1.00
2015.06.17 16:07:42.953,0.6905,0.69062,1.50,2.25
2015.06.17 16:07:43.460,0.69051,0.69063,1.37,1.50
2015.06.17 16:07:48.423,0.69051,0.69063,1.75,1.50
2015.06.17 16:07:50.687,0.69058,0.69066,1.37,1.00
2015.06.17 16:07:50.890,0.69058,0.69068,1.37,1.00
2015.06.17 16:07:51.442,0.69058,0.69069,1.37,1.00
2015.06.17 16:07:53.907,0.69058,0.69069,1.00,2.62
2015.06.17 16:07:53.958,0.69056,0.69067,1.10,1.50
2015.06.17 16:07:54.280,0.69053,0.69064,1.12,1.00
2015.06.17 16:07:55.201,0.69051,0.69063,2.25,1.00
2015.06.17 16:07:55.895,0.69051,0.69063,1.00,1.12
2015.06.17 16:07:55.996,0.6905,0.69061,1.12,1.00
2015.06.17 16:07:56.302,0.6905,0.69059,1.00,1.00
2015.06.17 16:07:57.306,0.6905,0.6906,1.00,1.00
2015.06.17 16:08:08.361,0.69052,0.6906,1.50,1.00
2015.06.17 16:08:08.412,0.69052,0.69062,1.50,1.00
2015.06.17 16:08:08.940,0.69052,0.69063,2.25,1.00
2015.06.17 16:08:09.870,0.69052,0.69062,1.50,1.00
2015.06.17 16:08:10.394,0.69051,0.69061,1.00,1.00
2015.06.17 16:08:11.396,0.69051,0.69062,1.50,1.00
2015.06.17 16:08:11.926,0.69052,0.69063,1.00,1.00
2015.06.17 16:08:17.745,0.69051,0.69063,1.87,1.00
2015.06.17 16:08:18.249,0.69052,0.69062,1.00,1.00
2015.06.17 16:08:18.796,0.69052,0.69063,1.00,1.00
2015.06.17 16:08:19.951,0.69051,0.69063,1.12,1.00
2015.06.17 16:08:20.293,0.69051,0.69061,1.00,1.00
2015.06.17 16:08:22.719,0.69049,0.69061,1.87,1.00
2015.06.17 16:08:22.821,0.69049,0.69059,1.12,1.00
2015.06.17 16:08:25.019,0.69049,0.6906,1.12,1.00
2015.06.17 16:08:27.452,0.69049,0.69061,1.87,1.00
2015.06.17 16:08:28.785,0.69049,0.6906,1.12,1.00
2015.06.17 16:08:29.287,0.69049,0.69061,1.12,1.00
2015.06.17 16:08:30.194,0.69049,0.6906,1.12,1.00
2015.06.17 16:08:31.262,0.69046,0.69058,1.12,1.00
2015.06.17 16:08:31.313,0.69045,0.69057,2.70,1.00
2015.06.17 16:08:31.668,0.69044,0.69055,1.12,1.00
2015.06.17 16:08:32.199,0.69045,0.69056,1.00,1.87
2015.06.17 16:08:32.403,0.69047,0.69059,1.00,3.75
2015.06.17 16:08:33.814,0.69049,0.6906,1.00,1.50
2015.06.17 16:08:38.679,0.69048,0.69058,1.20,1.00
2015.06.17 16:08:38.985,0.69047,0.69058,1.57,1.50
2015.06.17 16:08:39.959,0.69048,0.69058,1.00,1.50
2015.06.17 16:08:40.471,0.69047,0.69058,1.50,1.50
2015.06.17 16:08:41.389,0.69047,0.69055,1.00,1.00
2015.06.17 16:08:41.912,0.69048,0.69055,1.00,1.00
2015.06.17 16:08:42.441,0.69047,0.69055,1.00,1.00
2015.06.17 16:08:42.943,0.69047,0.69057,1.00,1.00
2015.06.17 16:08:43.448,0.69046,0.69057,1.10,1.00
2015.06.17 16:08:43.949,0.69046,0.69057,1.57,1.00
2015.06.17 16:08:44.552,0.69047,0.69058,1.12,1.50
2015.06.17 16:08:45.060,0.69047,0.69058,1.00,1.50
2015.06.17 16:08:45.583,0.69046,0.69058,1.10,2.62
2015.06.17 16:08:46.229,0.69047,0.69058,1.12,1.00
2015.06.17 16:08:53.388,0.69047,0.69058,1.00,2.25
2015.06.17 16:08:56.505,0.69047,0.69057,1.00,1.00
2015.06.17 16:08:57.250,0.69047,0.69058,1.00,3.75
2015.06.17 16:08:57.775,0.69047,0.69057,1.00,1.00
2015.06.17 16:09:00.457,0.69048,0.69057,1.00,1.00
2015.06.17 16:09:00.840,0.69048,0.69058,1.57,1.00
2015.06.17 16:09:01.584,0.69048,0.69059,1.57,1.50
2015.06.17 16:09:03.129,0.69048,0.69061,2.25,2.62
2015.06.17 16:09:03.531,0.69051,0.69062,1.50,1.00
2015.06.17 16:09:04.038,0.69051,0.69061,1.10,1.00
2015.06.17 16:09:04.558,0.69051,0.6906,1.10,1.00
2015.06.17 16:09:09.224,0.69051,0.69059,1.00,1.00
2015.06.17 16:09:09.326,0.69049,0.69059,1.27,1.00
2015.06.17 16:09:10.245,0.69049,0.6906,1.00,1.50
2015.06.17 16:09:12.292,0.69049,0.6906,1.12,1.50
2015.06.17 16:09:14.310,0.6905,0.6906,1.07,1.50
2015.06.17 16:09:16.325,0.6905,0.69061,2.32,1.00
2015.06.17 16:09:22.419,0.69051,0.69061,1.12,1.00
2015.06.17 16:09:30.065,0.69051,0.69061,1.10,1.00
2015.06.17 16:09:32.211,0.69051,0.69062,1.10,1.00
2015.06.17 16:09:33.579,0.69051,0.69063,1.57,5.25
2015.06.17 16:09:33.630,0.69051,0.69063,1.57,5.25
2015.06.17 16:09:33.937,0.69052,0.69063,1.50,5.25
2015.06.17 16:09:34.939,0.69051,0.69063,3.00,4.87
2015.06.17 16:09:38.399,0.69051,0.69061,3.00,1.00
2015.06.17 16:09:38.916,0.6905,0.69061,3.00,1.00
2015.06.17 16:09:39.471,0.6905,0.69062,3.00,1.87
2015.06.17 16:09:40.364,0.6905,0.69063,2.70,3.37
2015.06.17 16:09:41.492,0.6905,0.69063,2.70,3.75
2015.06.17 16:09:42.021,0.69051,0.69063,1.57,3.75
2015.06.17 16:09:43.920,0.69054,0.69066,1.37,1.12
2015.06.17 16:09:43.971,0.69056,0.69066,1.37,1.00
2015.06.17 16:09:44.533,0.69056,0.69067,3.00,1.00
2015.06.17 16:09:44.587,0.69055,0.69067,2.70,1.00
2015.06.17 16:09:45.888,0.69056,0.69067,1.57,1.00
2015.06.17 16:09:54.947,0.69057,0.69069,1.47,1.87
2015.06.17 16:09:58.505,0.69057,0.69068,1.47,1.00
2015.06.17 16:09:59.032,0.69057,0.69067,1.00,1.00
2015.06.17 16:09:59.083,0.69057,0.69065,1.00,1.00
2015.06.17 16:09:59.237,0.69054,0.69064,1.20,1.00
2015.06.17 16:09:59.440,0.69055,0.69066,1.50,1.00
2015.06.17 16:09:59.942,0.69057,0.69067,1.95,1.00
2015.06.17 16:10:00.247,0.69065,0.69073,1.87,1.00
2015.06.17 16:10:00.450,0.69065,0.69075,1.87,1.00
2015.06.17 16:10:00.653,0.69067,0.69077,1.12,1.00
2015.06.17 16:10:01.171,0.69067,0.69076,1.12,1.00
2015.06.17 16:10:01.376,0.69067,0.69074,1.10,1.00
2015.06.17 16:10:01.632,0.69062,0.69074,1.50,1.00
2015.06.17 16:10:01.683,0.69061,0.69071,3.37,1.00
2015.06.17 16:10:02.059,0.69061,0.69071,1.10,1.00
2015.06.17 16:10:11.365,0.6906,0.69069,1.07,1.00
2015.06.17 16:10:11.565,0.69059,0.69069,1.00,1.00
2015.06.17 16:10:12.092,0.69059,0.69069,1.95,1.00
2015.06.17 16:10:16.984,0.6906,0.69072,1.95,1.87
2015.06.17 16:10:17.137,0.69061,0.69073,2.32,1.00
2015.06.17 16:10:17.441,0.69063,0.69075,1.10,1.00
2015.06.17 16:10:17.543,0.69066,0.69076,1.00,3.75
2015.06.17 16:10:18.122,0.69066,0.69076,4.35,3.00
2015.06.17 16:10:18.326,0.69066,0.69078,2.85,1.50
2015.06.17 16:10:24.346,0.69068,0.69079,1.20,1.50
2015.06.17 16:10:24.874,0.69068,0.69079,1.57,1.00
2015.06.17 16:10:29.141,0.69068,0.6908,2.32,1.00
2015.06.17 16:10:29.561,0.69068,0.69077,2.32,1.00
2015.06.17 16:10:29.816,0.69066,0.69077,1.00,1.12
2015.06.17 16:10:29.867,0.69068,0.69078,1.00,1.12
2015.06.17 16:10:29.918,0.69068,0.6908,1.87,1.00
2015.06.17 16:10:30.136,0.69068,0.69076,1.20,3.75
2015.06.17 16:10:30.341,0.69062,0.69073,1.00,1.87
2015.06.17 16:10:30.849,0.69061,0.69071,1.20,1.00
2015.06.17 16:10:31.370,0.69061,0.69071,1.00,1.00
2015.06.17 16:10:31.573,0.69064,0.69071,1.00,1.00
2015.06.17 16:10:31.625,0.69064,0.69074,1.87,1.00
2015.06.17 16:10:31.676,0.69064,0.69076,3.37,1.00
2015.06.17 16:10:31.727,0.69066,0.69078,1.37,2.32
2015.06.17 16:10:32.236,0.69067,0.69078,1.37,1.00
2015.06.17 16:10:32.589,0.69066,0.69077,1.10,1.37
2015.06.17 16:10:33.048,0.69066,0.69078,1.10,1.50
2015.06.17 16:10:34.294,0.69067,0.69078,1.00,1.00
2015.06.17 16:10:34.802,0.69066,0.69078,3.22,1.00
2015.06.17 16:10:35.348,0.69068,0.69079,1.10,1.00
2015.06.17 16:10:44.484,0.69067,0.69079,1.20,1.87
2015.06.17 16:10:44.637,0.69066,0.69078,1.50,1.12
2015.06.17 16:10:48.930,0.69066,0.69077,1.50,1.00
2015.06.17 16:10:53.035,0.69066,0.69077,1.37,1.00
2015.06.17 16:10:53.238,0.69067,0.69079,1.87,1.00
2015.06.17 16:11:01.953,0.69067,0.69079,1.87,1.00
2015.06.17 16:11:02.257,0.6907,0.6908,1.87,1.00
2015.06.17 16:11:02.535,0.69072,0.69082,1.12,1.00
2015.06.17 16:11:04.193,0.69072,0.6908,1.12,1.00
2015.06.17 16:11:04.494,0.69072,0.69082,1.12,1.50
2015.06.17 16:11:06.155,0.6907,0.69081,1.37,1.50
2015.06.17 16:11:07.956,0.69069,0.69081,1.87,1.37
2015.06.17 16:11:09.558,0.69069,0.69081,1.87,1.00
2015.06.17 16:11:10.375,0.69069,0.69079,1.12,1.00
2015.06.17 16:11:25.284,0.69069,0.69077,1.00,1.00
2015.06.17 16:11:25.589,0.69063,0.69075,1.27,1.50
2015.06.17 16:11:25.640,0.69064,0.69075,1.37,1.00
2015.06.17 16:11:25.742,0.69069,0.69078,1.00,1.00
2015.06.17 16:11:26.339,0.69069,0.69079,1.12,1.00
2015.06.17 16:11:37.662,0.69069,0.69081,1.12,1.50
2015.06.17 16:11:37.893,0.6907,0.69081,1.37,1.00
2015.06.17 16:11:38.442,0.69072,0.69082,1.00,1.12
2015.06.17 16:11:39.456,0.69073,0.69085,1.00,1.50
2015.06.17 16:11:39.711,0.69073,0.69088,2.62,1.00
2015.06.17 16:11:40.066,0.69076,0.69087,1.00,1.00
2015.06.17 16:11:40.370,0.69076,0.69087,1.37,1.00
2015.06.17 16:11:40.872,0.69077,0.69088,1.37,1.00
2015.06.17 16:11:48.800,0.69077,0.69088,1.37,1.00
2015.06.17 16:11:53.520,0.69078,0.6909,1.37,1.12
2015.06.17 16:12:03.449,0.69078,0.6909,1.00,1.00
2015.06.17 16:12:05.933,0.69078,0.69087,1.00,1.37
2015.06.17 16:12:06.035,0.69074,0.69083,1.50,1.00
2015.06.17 16:12:07.477,0.69075,0.69086,1.00,1.00
2015.06.17 16:12:07.580,0.69076,0.69088,1.50,1.50
2015.06.17 16:12:07.632,0.69078,0.69088,1.00,1.00
2015.06.17 16:12:07.940,0.6908,0.6909,1.00,1.00
2015.06.17 16:12:34.801,0.69085,0.69091,3.00,1.00
2015.06.17 16:12:35.055,0.69097,0.69109,1.50,1.00
2015.06.17 16:12:35.157,0.69098,0.69108,1.50,1.37
2015.06.17 16:12:35.310,0.69093,0.69103,1.00,1.00
2015.06.17 16:12:35.608,0.69091,0.69103,1.10,1.00
2015.06.17 16:12:36.115,0.6909,0.69102,1.00,1.87
2015.06.17 16:12:36.671,0.69091,0.69103,1.00,1.12
2015.06.17 16:12:42.269,0.69091,0.69103,1.00,1.37
2015.06.17 16:12:44.313,0.69091,0.69101,1.00,1.00
2015.06.17 16:12:45.024,0.69088,0.691,1.00,1.00
2015.06.17 16:12:52.422,0.69087,0.69098,1.00,1.12
2015.06.17 16:12:52.962,0.69088,0.69098,1.00,1.50
2015.06.17 16:12:53.216,0.69089,0.69101,1.00,1.12
2015.06.17 16:12:54.262,0.69087,0.69099,2.62,1.00
2015.06.17 16:12:54.572,0.69083,0.69093,1.00,1.00
2015.06.17 16:12:59.873,0.6908,0.69092,1.37,1.00
2015.06.17 16:13:11.445,0.69082,0.69094,1.00,1.50
2015.06.17 16:13:12.005,0.69083,0.69095,2.25,1.00
2015.06.17 16:13:12.107,0.69086,0.69096,1.00,1.00
2015.06.17 16:13:12.158,0.69087,0.69099,1.00,1.50
2015.06.17 16:13:14.579,0.69087,0.69098,1.50,1.00
2015.06.17 16:13:17.697,0.69086,0.69096,1.00,1.00
2015.06.17 16:13:18.057,0.69084,0.69095,1.00,1.00
2015.06.17 16:13:18.578,0.69085,0.69095,1.00,1.00
2015.06.17 16:13:19.105,0.69084,0.69095,1.00,1.00
2015.06.17 16:13:20.131,0.69085,0.69095,1.00,1.00
2015.06.17 16:13:20.637,0.69084,0.69095,1.00,1.00
2015.06.17 16:13:21.879,0.69085,0.69097,1.00,1.00
2015.06.17 16:13:29.989,0.69084,0.69095,1.00,1.00
2015.06.17 16:13:30.293,0.6908,0.69092,1.87,1.00
2015.06.17 16:13:34.047,0.6908,0.69092,1.87,1.00
2015.06.17 16:13:37.311,0.69081,0.69092,1.00,1.00
2015.06.17 16:13:40.796,0.69081,0.6909,1.00,1.00
2015.06.17 16:13:41.304,0.6908,0.6909,1.12,1.00
2015.06.17 16:14:02.167,0.6908,0.69092,1.00,1.87
2015.06.17 16:14:02.674,0.6908,0.69092,1.37,1.50
2015.06.17 16:14:03.187,0.69081,0.69094,1.12,1.87
2015.06.17 16:14:09.386,0.69081,0.69094,1.00,1.00
2015.06.17 16:14:09.894,0.69082,0.69095,1.12,3.00
2015.06.17 16:14:15.992,0.69083,0.69095,1.12,1.00
2015.06.17 16:14:16.043,0.69085,0.69096,1.00,1.00
2015.06.17 16:14:16.145,0.69085,0.69098,2.25,1.00
2015.06.17 16:14:16.247,0.69088,0.69099,1.00,1.12
2015.06.17 16:14:16.755,0.69088,0.691,1.12,1.00
2015.06.17 16:14:18.602,0.69088,0.69101,1.12,1.50
2015.06.17 16:14:22.610,0.69088,0.69099,1.12,1.00
2015.06.17 16:14:23.142,0.69087,0.69098,1.50,1.00
2015.06.17 16:14:24.405,0.69088,0.69098,1.12,1.00
2015.06.17 16:14:27.270,0.69089,0.69098,1.00,1.00
2015.06.17 16:14:32.296,0.6909,0.69098,1.00,1.00
2015.06.17 16:14:32.398,0.6909,0.691,1.00,1.00
2015.06.17 16:14:36.152,0.6909,0.69098,1.00,1.00
2015.06.17 16:14:37.639,0.69089,0.69098,1.87,1.00
2015.06.17 16:14:38.258,0.69089,0.69098,2.25,1.00
2015.06.17 16:14:38.924,0.69089,0.69101,1.95,1.00
2015.06.17 16:14:38.975,0.69089,0.69101,1.95,1.00
2015.06.17 16:14:39.482,0.6909,0.69102,1.47,2.25
2015.06.17 16:14:46.255,0.69089,0.69102,1.57,2.25
2015.06.17 16:14:46.830,0.69089,0.69101,1.57,1.00
2015.06.17 16:14:49.491,0.69089,0.69102,1.57,2.25
2015.06.17 16:14:50.010,0.69089,0.69101,1.57,1.00
2015.06.17 16:14:52.537,0.6909,0.69102,1.10,2.32
2015.06.17 16:14:56.826,0.6909,0.69101,1.27,1.12
2015.06.17 16:14:57.377,0.69089,0.69102,2.62,1.87
2015.06.17 16:14:57.883,0.69089,0.69101,2.62,1.00
2015.06.17 16:15:07.721,0.69089,0.69102,2.25,2.32
2015.06.17 16:15:08.182,0.69091,0.69104,1.87,1.00
2015.06.17 16:15:08.690,0.69094,0.69105,1.00,1.00
2015.06.17 16:15:09.277,0.69093,0.69105,2.62,1.00
2015.06.17 16:15:11.428,0.69092,0.69104,1.12,1.37
2015.06.17 16:15:14.683,0.69091,0.69103,1.87,1.00
2015.06.17 16:15:14.835,0.69093,0.69105,1.37,1.20
2015.06.17 16:15:15.382,0.69095,0.69106,1.00,1.00
2015.06.17 16:15:16.311,0.69095,0.69106,1.00,1.37
2015.06.17 16:15:16.413,0.69093,0.69106,1.50,1.37
2015.06.17 16:15:16.923,0.69092,0.69104,1.00,1.95
2015.06.17 16:15:17.075,0.69092,0.69102,1.00,1.00
2015.06.17 16:15:21.708,0.69092,0.69101,1.00,1.00
2015.06.17 16:15:23.731,0.69092,0.69102,1.50,1.10
2015.06.17 16:15:23.883,0.69092,0.69105,1.87,3.07
2015.06.17 16:15:24.390,0.69093,0.69105,2.70,1.00
2015.06.17 16:15:24.926,0.69093,0.69106,3.07,1.00
2015.06.17 16:15:26.033,0.69093,0.69106,2.70,1.12
2015.06.17 16:15:35.628,0.69093,0.69106,2.62,1.12
2015.06.17 16:15:39.227,0.69093,0.69104,1.87,1.00
2015.06.17 16:15:40.294,0.69092,0.69102,1.10,1.00
2015.06.17 16:15:40.618,0.69087,0.69097,3.75,1.10
2015.06.17 16:15:40.924,0.69087,0.69093,3.00,1.00
2015.06.17 16:15:41.027,0.69081,0.69093,1.00,1.00
2015.06.17 16:15:41.534,0.6908,0.69093,1.50,1.50
2015.06.17 16:15:41.663,0.69082,0.69093,1.00,1.00
2015.06.17 16:15:41.715,0.69083,0.69095,1.12,1.20
2015.06.17 16:15:41.868,0.69084,0.69097,1.87,3.00
2015.06.17 16:15:42.072,0.69087,0.69098,1.00,1.37
2015.06.17 16:15:42.376,0.69087,0.691,1.87,1.57
2015.06.17 16:15:42.479,0.6909,0.691,1.00,1.00
2015.06.17 16:15:42.690,0.69087,0.691,3.37,1.50
2015.06.17 16:15:43.219,0.69088,0.691,1.00,1.00
2015.06.17 16:15:43.777,0.69089,0.69102,1.50,3.07
2015.06.17 16:15:44.291,0.69089,0.691,1.50,1.00
2015.06.17 16:15:45.174,0.69089,0.691,1.00,1.12
2015.06.17 16:15:45.681,0.69088,0.69099,1.00,1.10
2015.06.17 16:15:46.232,0.69086,0.69099,1.50,1.57
2015.06.17 16:15:47.989,0.69087,0.69099,1.00,1.57
2015.06.17 16:15:48.446,0.69089,0.69101,1.00,1.50
2015.06.17 16:15:48.987,0.69089,0.69101,1.87,1.12
2015.06.17 16:15:52.738,0.6909,0.69103,1.87,1.12
2015.06.17 16:15:53.260,0.69091,0.69103,1.00,1.00
2015.06.17 16:15:53.769,0.6909,0.69103,1.12,1.12
2015.06.17 16:15:58.528,0.6909,0.69101,1.12,1.00
2015.06.17 16:15:59.942,0.69089,0.69101,1.50,1.00
2015.06.17 16:16:00.451,0.69087,0.691,1.50,1.87
2015.06.17 16:16:00.553,0.69086,0.69098,1.50,1.00
2015.06.17 16:16:01.402,0.69087,0.69098,1.00,1.00
2015.06.17 16:16:05.663,0.69087,0.69099,1.00,2.70
2015.06.17 16:16:06.295,0.69088,0.69099,1.00,1.50
2015.06.17 16:16:13.273,0.69086,0.69099,1.50,2.25
2015.06.17 16:16:13.374,0.69086,0.69097,1.50,1.00
2015.06.17 16:16:14.739,0.69087,0.69097,1.00,1.00
2015.06.17 16:16:15.442,0.69087,0.69096,1.00,1.00
2015.06.17 16:16:15.696,0.69081,0.69093,2.62,1.50
2015.06.17 16:16:16.209,0.69081,0.69092,1.00,1.00
2015.06.17 16:16:16.718,0.69081,0.69093,1.00,2.62
2015.06.17 16:16:17.372,0.6908,0.69093,1.12,2.62
2015.06.17 16:16:39.199,0.6908,0.69093,1.95,1.87
2015.06.17 16:16:40.374,0.6908,0.69092,1.20,1.00
2015.06.17 16:16:40.818,0.6908,0.6909,1.20,1.00
2015.06.17 16:16:41.325,0.6908,0.6909,1.00,1.00
2015.06.17 16:16:42.271,0.6908,0.69093,1.00,3.37
2015.06.17 16:16:51.240,0.6908,0.69093,3.52,1.00
2015.06.17 16:16:51.292,0.69083,0.69095,1.00,1.00
2015.06.17 16:16:51.597,0.69085,0.69096,1.00,1.00
2015.06.17 16:16:51.851,0.69085,0.69098,2.02,1.50
2015.06.17 16:16:56.377,0.69086,0.69099,1.00,3.37
2015.06.17 16:17:02.470,0.69087,0.69099,1.00,1.12
2015.06.17 16:17:02.973,0.69086,0.69099,1.50,1.00
2015.06.17 16:17:03.552,0.69087,0.69099,1.00,1.00
2015.06.17 16:17:04.906,0.69088,0.69099,1.00,1.00
2015.06.17 16:17:05.431,0.69087,0.69099,1.00,1.00
2015.06.17 16:17:08.352,0.69089,0.69099,1.00,1.00
2015.06.17 16:17:20.909,0.69089,0.69101,1.00,1.50
2015.06.17 16:17:26.563,0.6909,0.69101,1.00,1.00
2015.06.17 16:17:29.300,0.69089,0.69101,1.57,1.00
2015.06.17 16:17:44.557,0.69089,0.69099,1.00,1.00
2015.06.17 16:17:44.711,0.69086,0.69097,1.50,1.00
2015.06.17 16:17:44.863,0.69084,0.69096,1.50,1.12
2015.06.17 16:17:44.965,0.69083,0.69094,1.50,1.00
2015.06.17 16:17:45.395,0.69081,0.69093,1.00,1.00
2015.06.17 16:17:57.185,0.6908,0.69091,1.20,1.00
2015.06.17 16:18:02.507,0.69076,0.69088,2.32,1.00
2015.06.17 16:18:02.814,0.69072,0.69081,1.00,1.00
2015.06.17 16:18:03.119,0.6907,0.69081,1.12,1.00
2015.06.17 16:18:03.626,0.6907,0.69082,1.00,2.25
2015.06.17 16:18:09.563,0.69069,0.69079,1.00,1.00
2015.06.17 16:18:10.069,0.69069,0.69078,1.00,1.00
2015.06.17 16:18:10.618,0.69069,0.69079,1.00,1.00
2015.06.17 16:18:15.266,0.69069,0.69078,1.00,1.00
2015.06.17 16:18:17.357,0.69069,0.69079,1.00,2.25
2015.06.17 16:18:21.529,0.69071,0.6908,1.00,1.00
2015.06.17 16:18:22.011,0.69072,0.69084,1.00,2.25
2015.06.17 16:18:23.824,0.69072,0.69082,1.00,1.37
2015.06.17 16:18:24.027,0.6907,0.69082,1.12,3.37
2015.06.17 16:18:41.584,0.6907,0.69081,1.12,1.87
2015.06.17 16:18:45.239,0.69072,0.69081,1.00,1.37
2015.06.17 16:18:45.391,0.69073,0.69082,1.00,1.00
2015.06.17 16:18:45.442,0.69075,0.69087,1.87,2.70
2015.06.17 16:18:45.696,0.69076,0.69089,1.00,1.50
2015.06.17 16:18:49.518,0.69076,0.69089,1.87,1.50
2015.06.17 16:18:58.445,0.6908,0.69091,1.12,3.00
2015.06.17 16:19:06.074,0.6908,0.69092,1.12,1.50
2015.06.17 16:19:06.530,0.6908,0.6909,1.12,1.00
2015.06.17 16:19:07.075,0.6908,0.69091,1.12,1.00
2015.06.17 16:19:11.135,0.6908,0.69093,1.87,2.25
2015.06.17 16:19:11.666,0.6908,0.69093,2.25,2.25
2015.06.17 16:19:16.542,0.6908,0.69091,1.12,1.00
2015.06.17 16:19:17.055,0.6908,0.69091,1.00,1.00
2015.06.17 16:19:17.814,0.69081,0.69092,1.00,1.87
2015.06.17 16:19:20.129,0.69081,0.69091,1.00,1.00
2015.06.17 16:19:20.654,0.69079,0.69091,1.87,1.00
2015.06.17 16:19:37.663,0.69079,0.69091,1.12,1.00
2015.06.17 16:19:38.196,0.69079,0.6909,1.12,1.12
2015.06.17 16:19:49.874,0.6908,0.69092,1.00,1.50
2015.06.17 16:19:50.480,0.69079,0.69091,1.12,1.87
2015.06.17 16:19:54.815,0.6908,0.69091,1.00,1.00
2015.06.17 16:19:55.321,0.69079,0.69091,1.12,1.12
2015.06.17 16:20:06.424,0.69079,0.6909,1.00,1.00
2015.06.17 16:20:06.525,0.69077,0.6909,2.62,2.62
2015.06.17 16:20:07.825,0.69077,0.6909,1.00,3.37
2015.06.17 16:20:08.129,0.69076,0.69087,1.50,1.37
2015.06.17 16:20:08.486,0.69076,0.69089,1.50,2.25
2015.06.17 16:20:13.516,0.69078,0.6909,1.00,1.87
2015.06.17 16:20:14.033,0.69078,0.6909,1.00,1.00
2015.06.17 16:20:19.094,0.69079,0.6909,1.00,1.00
2015.06.17 16:20:19.601,0.69079,0.6909,1.37,1.00
2015.06.17 16:20:20.107,0.69079,0.6909,1.12,1.00
2015.06.17 16:20:20.842,0.69079,0.6909,1.37,1.00
2015.06.17 16:20:21.505,0.69079,0.6909,1.12,1.00
2015.06.17 16:20:25.830,0.69078,0.69088,1.12,1.00
2015.06.17 16:20:26.033,0.69076,0.69088,2.25,1.00
2015.06.17 16:20:28.132,0.69076,0.69085,1.37,1.00
2015.06.17 16:20:28.186,0.69075,0.69085,1.87,1.12
2015.06.17 16:20:28.693,0.69072,0.69083,1.50,1.00
2015.06.17 16:20:29.248,0.69073,0.69083,1.00,1.00
2015.06.17 16:20:30.513,0.69073,0.69086,1.00,2.25
2015.06.17 16:20:31.019,0.69074,0.69086,1.00,1.50
2015.06.17 16:20:31.543,0.69075,0.69086,1.00,1.00
2015.06.17 16:20:32.363,0.69075,0.69086,1.87,1.00
2015.06.17 16:20:32.640,0.69077,0.69088,1.00,1.50
2015.06.17 16:20:33.686,0.69075,0.69088,2.62,1.50
2015.06.17 16:20:33.981,0.69073,0.69084,1.50,1.87
2015.06.17 16:20:34.285,0.69071,0.69082,1.50,1.87
2015.06.17 16:20:37.852,0.69072,0.69082,1.00,1.00
2015.06.17 16:20:38.004,0.69072,0.69084,1.50,1.00
2015.06.17 16:20:43.013,0.69071,0.69083,1.50,1.00
2015.06.17 16:20:43.166,0.6907,0.69082,1.50,1.00
2015.06.17 16:20:43.268,0.6907,0.6908,1.50,1.00
2015.06.17 16:20:48.720,0.69071,0.6908,1.00,1.00
2015.06.17 16:20:49.226,0.6907,0.6908,1.00,1.50
2015.06.17 16:20:54.861,0.69069,0.6908,1.00,1.50
2015.06.17 16:20:56.858,0.69069,0.6908,1.00,1.50
2015.06.17 16:21:00.392,0.69069,0.6908,1.50,1.00
2015.06.17 16:21:00.699,0.69071,0.69082,1.00,1.00
2015.06.17 16:21:01.208,0.69072,0.69083,1.00,1.12
2015.06.17 16:21:01.764,0.69073,0.69083,1.00,1.12
2015.06.17 16:21:05.439,0.69071,0.69083,1.12,1.87
2015.06.17 16:21:05.968,0.6907,0.69081,1.00,1.00
2015.06.17 16:21:12.944,0.69071,0.69081,1.00,1.00
2015.06.17 16:21:14.096,0.6907,0.69081,1.12,1.00
2015.06.17 16:21:16.673,0.6907,0.69083,1.87,1.12
2015.06.17 16:21:17.206,0.69071,0.69083,1.00,1.12
2015.06.17 16:21:18.636,0.69073,0.69083,1.00,1.12
2015.06.17 16:21:20.968,0.69072,0.69083,1.00,1.00
2015.06.17 16:21:21.350,0.69078,0.69087,1.00,1.00
2015.06.17 16:21:21.452,0.69078,0.69089,1.00,1.12
2015.06.17 16:21:21.503,0.69078,0.69091,1.12,1.87
2015.06.17 16:21:22.991,0.69078,0.69091,1.87,1.00
2015.06.17 16:21:23.498,0.6908,0.69093,1.50,1.87
2015.06.17 16:21:27.165,0.6908,0.69088,1.00,1.00
2015.06.17 16:21:27.219,0.69078,0.69088,1.00,1.50
2015.06.17 16:21:27.271,0.69076,0.69088,1.50,1.50
2015.06.17 16:21:27.778,0.69076,0.69089,1.87,1.50
2015.06.17 16:21:28.301,0.69077,0.69089,1.00,1.50
2015.06.17 16:21:29.690,0.69078,0.6909,1.00,1.00
2015.06.17 16:21:32.032,0.69078,0.69091,1.00,2.62
2015.06.17 16:21:34.491,0.69078,0.6909,1.00,1.00
2015.06.17 16:21:34.542,0.69076,0.69089,1.12,1.00
2015.06.17 16:21:34.594,0.69076,0.69087,1.00,1.00
2015.06.17 16:21:34.645,0.69074,0.69087,2.32,1.87
2015.06.17 16:21:35.212,0.69074,0.69086,1.12,1.00
2015.06.17 16:21:38.614,0.69074,0.69087,1.12,2.25
2015.06.17 16:21:40.610,0.69073,0.69086,1.87,1.12
2015.06.17 16:21:40.662,0.69071,0.69084,1.00,1.00
2015.06.17 16:21:41.169,0.69071,0.69083,1.00,1.00
2015.06.17 16:21:41.671,0.69071,0.69084,1.00,1.87
2015.06.17 16:21:43.952,0.69072,0.69084,1.50,1.00
2015.06.17 16:21:44.004,0.69073,0.69086,1.00,1.00
2015.06.17 16:21:44.055,0.69075,0.69086,1.00,1.00
2015.06.17 16:21:44.410,0.69074,0.69087,2.25,1.50
2015.06.17 16:21:46.692,0.69076,0.69088,1.37,1.00
2015.06.17 16:21:48.350,0.69076,0.69087,1.37,1.00
2015.06.17 16:21:49.881,0.69077,0.69089,1.12,1.00
2015.06.17 16:22:22.181,0.69076,0.69088,1.37,3.00
2015.06.17 16:22:22.434,0.69075,0.69085,1.00,1.87
2015.06.17 16:22:22.587,0.69072,0.69084,1.00,1.00
2015.06.17 16:22:23.131,0.69071,0.69084,1.00,1.50
2015.06.17 16:22:24.988,0.69071,0.69084,1.00,1.87
2015.06.17 16:22:25.294,0.69069,0.69082,1.10,1.00
2015.06.17 16:22:28.580,0.6907,0.69082,1.00,2.62
2015.06.17 16:22:30.605,0.69069,0.69082,1.00,1.12
2015.06.17 16:22:35.140,0.69069,0.69082,2.47,1.50
2015.06.17 16:22:35.675,0.69071,0.69082,1.00,1.00
2015.06.17 16:22:35.900,0.69071,0.69083,2.70,1.00
2015.06.17 16:22:36.103,0.69074,0.69086,1.87,1.12
2015.06.17 16:22:36.205,0.69076,0.69086,1.00,1.12
2015.06.17 16:22:36.510,0.69078,0.69088,1.12,2.25
2015.06.17 16:22:36.713,0.69078,0.6909,4.05,1.12
2015.06.17 16:22:37.263,0.69077,0.6909,4.05,1.87
2015.06.17 16:22:38.999,0.69077,0.6909,1.50,1.87
2015.06.17 16:22:42.762,0.69077,0.69083,1.00,1.00
2015.06.17 16:22:42.915,0.69072,0.69081,1.00,1.00
2015.06.17 16:22:43.017,0.6907,0.69081,1.00,1.50
2015.06.17 16:22:47.821,0.69069,0.69079,1.80,1.00
2015.06.17 16:22:48.145,0.69068,0.69081,1.50,3.37
2015.06.17 16:22:48.602,0.6907,0.69081,1.10,1.00
2015.06.17 16:22:51.782,0.6907,0.69081,1.12,1.00
2015.06.17 16:23:00.772,0.69068,0.6908,2.25,1.00
2015.06.17 16:23:01.302,0.69068,0.6908,1.20,1.00
2015.06.17 16:23:06.052,0.69068,0.69079,2.32,1.00
2015.06.17 16:23:06.255,0.69067,0.69076,1.50,1.00
2015.06.17 16:23:06.408,0.69065,0.69076,1.95,1.50
2015.06.17 16:23:06.510,0.69064,0.69076,1.57,1.87
2015.06.17 16:23:07.345,0.69065,0.69077,4.50,1.00
2015.06.17 16:23:07.396,0.69067,0.69079,1.35,1.12
2015.06.17 16:23:07.701,0.69067,0.69079,3.30,1.00
2015.06.17 16:23:30.810,0.69066,0.69076,2.62,1.37
2015.06.17 16:23:30.912,0.69065,0.69074,1.07,1.12
2015.06.17 16:23:31.416,0.69068,0.69077,1.00,1.00
2015.06.17 16:23:31.518,0.69068,0.6908,1.50,3.00
2015.06.17 16:23:31.825,0.69069,0.6908,2.10,1.50
2015.06.17 16:23:32.028,0.69068,0.6908,2.17,1.50
2015.06.17 16:23:33.843,0.69068,0.6908,2.17,1.50
2015.06.17 16:23:34.655,0.69068,0.6908,3.67,1.50
2015.06.17 16:23:39.383,0.69068,0.6908,2.17,1.50
2015.06.17 16:23:41.931,0.69068,0.6908,2.92,1.50
2015.06.17 16:23:41.982,0.69071,0.6908,1.00,1.00
2015.06.17 16:23:59.019,0.69071,0.69081,1.00,1.75
2015.06.17 16:24:05.080,0.69071,0.69081,1.00,1.50
2015.06.17 16:24:26.824,0.69069,0.69079,1.72,1.00
2015.06.17 16:24:28.496,0.69069,0.69079,3.22,1.00
2015.06.17 16:24:29.154,0.69069,0.69079,3.97,1.00
2015.06.17 16:24:29.784,0.69069,0.69079,4.35,1.00
2015.06.17 16:24:36.338,0.69069,0.69079,1.35,1.00
2015.06.17 16:24:37.198,0.6907,0.69079,2.10,1.00
2015.06.17 16:24:37.908,0.69069,0.69079,2.92,1.00
2015.06.17 16:24:41.014,0.6907,0.69079,2.10,1.00
2015.06.17 16:24:56.849,0.69071,0.69081,1.00,1.50
2015.06.17 16:24:58.739,0.69071,0.69081,1.00,1.00
2015.06.17 16:25:00.251,0.69074,0.69083,1.12,1.00
2015.06.17 16:25:00.352,0.69074,0.69086,2.62,1.00
2015.06.17 16:25:00.656,0.69077,0.69089,1.00,1.12
2015.06.17 16:25:03.792,0.69077,0.69089,2.47,1.00
2015.06.17 16:25:04.239,0.6908,0.69092,2.85,1.00
2015.06.17 16:25:09.089,0.69078,0.6909,1.57,2.25
2015.06.17 16:25:09.598,0.69078,0.69089,1.00,1.00
2015.06.17 16:25:09.903,0.69073,0.69083,1.00,1.00
2015.06.17 16:25:10.232,0.69071,0.69083,1.20,1.50
2015.06.17 16:25:39.448,0.69072,0.69083,1.00,1.00
2015.06.17 16:25:40.413,0.69073,0.69085,1.00,2.25
2015.06.17 16:25:40.667,0.69076,0.69086,1.00,1.37
2015.06.17 16:25:40.898,0.69076,0.69088,1.12,1.50
2015.06.17 16:25:41.203,0.69078,0.69089,1.00,1.00
2015.06.17 16:25:41.507,0.69081,0.69091,1.00,1.00
2015.06.17 16:25:42.239,0.69081,0.69093,1.50,1.12
2015.06.17 16:25:42.391,0.69084,0.69094,1.00,1.87
2015.06.17 16:25:42.645,0.69085,0.69097,1.00,1.12
2015.06.17 16:25:42.798,0.69087,0.69097,1.00,1.00
2015.06.17 16:25:43.275,0.69088,0.691,1.87,2.25
2015.06.17 16:25:43.782,0.69088,0.691,2.47,1.50
2015.06.17 16:25:44.098,0.6909,0.691,1.00,1.50
2015.06.17 16:25:46.336,0.69089,0.691,1.00,1.00
2015.06.17 16:25:51.627,0.69089,0.691,1.60,2.25
2015.06.17 16:25:51.931,0.69086,0.69096,1.10,1.87
2015.06.17 16:25:52.032,0.69084,0.69094,1.20,1.87
2015.06.17 16:25:52.538,0.69084,0.69094,1.00,1.00
2015.06.17 16:25:53.066,0.69083,0.69093,1.00,1.00
2015.06.17 16:26:26.720,0.6908,0.69093,1.00,1.87
2015.06.17 16:26:35.617,0.6908,0.69093,1.00,2.62
2015.06.17 16:26:44.054,0.6908,0.69091,1.00,1.00
2015.06.17 16:26:46.957,0.6908,0.69093,1.00,1.87
2015.06.17 16:26:55.691,0.6908,0.69093,1.00,1.87
2015.06.17 16:26:56.198,0.69081,0.69093,1.00,1.00
2015.06.17 16:27:07.645,0.69082,0.69095,1.00,1.87
2015.06.17 16:27:09.550,0.69081,0.69093,1.00,1.00
2015.06.17 16:27:10.079,0.6908,0.69093,3.37,1.00
2015.06.17 16:27:15.565,0.69082,0.69093,1.00,1.00
2015.06.17 16:27:15.883,0.6908,0.69093,4.72,1.00
2015.06.17 16:27:20.759,0.6908,0.69093,3.97,1.00
2015.06.17 16:27:29.950,0.69082,0.69095,1.50,1.50
2015.06.17 16:27:30.002,0.69084,0.69095,1.00,1.87
2015.06.17 16:27:30.384,0.69086,0.69095,1.50,1.00
2015.06.17 16:27:30.638,0.69087,0.691,1.00,1.87
2015.06.17 16:27:31.164,0.69088,0.691,1.87,1.00
2015.06.17 16:27:31.679,0.69088,0.69101,2.62,2.25
2015.06.17 16:27:33.559,0.6909,0.69101,1.00,2.25
2015.06.17 16:27:34.361,0.69089,0.69101,1.72,1.00
2015.06.17 16:27:35.860,0.69092,0.69104,1.87,2.62
2015.06.17 16:27:36.164,0.69093,0.69103,1.87,1.37
2015.06.17 16:27:36.266,0.69089,0.69101,2.70,1.12
2015.06.17 16:27:36.772,0.6909,0.69101,1.00,1.00
2015.06.17 16:27:39.720,0.69089,0.691,2.85,1.00
2015.06.17 16:27:40.227,0.69089,0.691,1.00,1.00
2015.06.17 16:27:54.015,0.6909,0.691,1.00,1.00
2015.06.17 16:28:01.830,0.6909,0.69101,1.50,1.00
2015.06.17 16:28:02.375,0.69092,0.69102,1.00,1.00
2015.06.17 16:28:03.143,0.69093,0.69102,1.00,1.00
2015.06.17 16:28:04.145,0.69091,0.69102,1.12,1.00
2015.06.17 16:28:07.174,0.69091,0.69101,1.00,1.00
2015.06.17 16:28:07.378,0.69089,0.69099,1.12,1.00
2015.06.17 16:28:10.216,0.69086,0.69096,1.00,1.00
2015.06.17 16:28:10.606,0.69088,0.69099,1.00,1.50
2015.06.17 16:28:10.809,0.69089,0.691,1.00,1.00
2015.06.17 16:28:17.147,0.6909,0.691,1.00,1.50
2015.06.17 16:28:17.547,0.69088,0.691,1.72,1.50
2015.06.17 16:28:17.751,0.6909,0.69101,1.12,1.50
2015.06.17 16:28:28.077,0.69091,0.69103,1.00,1.37
2015.06.17 16:28:28.478,0.69093,0.69103,1.00,1.12
2015.06.17 16:28:28.631,0.69094,0.69105,1.72,1.00
2015.06.17 16:28:28.682,0.69096,0.69106,1.00,1.50
2015.06.17 16:28:29.559,0.69099,0.69108,1.00,1.50
2015.06.17 16:28:30.168,0.69099,0.69109,1.87,1.50
2015.06.17 16:28:36.074,0.691,0.69112,1.00,1.87
2015.06.17 16:28:36.584,0.69098,0.6911,1.37,1.12
2015.06.17 16:28:37.268,0.69098,0.6911,1.12,1.00
2015.06.17 16:28:37.769,0.69098,0.69109,1.12,1.00
2015.06.17 16:28:41.517,0.69098,0.6911,1.00,1.87
2015.06.17 16:28:41.840,0.69096,0.69105,1.00,1.37
2015.06.17 16:28:42.145,0.69098,0.69104,1.00,1.00
2015.06.17 16:28:42.197,0.69098,0.69108,1.00,1.00
2015.06.17 16:28:42.453,0.69097,0.69106,1.50,1.00
2015.06.17 16:28:43.002,0.69097,0.69107,1.00,1.00
2015.06.17 16:28:43.510,0.69098,0.69107,1.00,1.00
2015.06.17 16:28:43.917,0.69098,0.69109,1.00,1.12
2015.06.17 16:28:47.707,0.69099,0.69109,1.00,1.00
2015.06.17 16:28:48.227,0.69098,0.69109,1.00,1.00
2015.06.17 16:28:50.212,0.69098,0.69109,1.00,1.87
2015.06.17 16:28:50.415,0.69096,0.69107,1.00,2.62
2015.06.17 16:29:01.828,0.69096,0.69106,1.00,2.62
2015.06.17 16:29:04.262,0.69096,0.69106,1.00,1.37
2015.06.17 16:29:05.300,0.69094,0.69105,1.50,1.37
2015.06.17 16:29:08.681,0.69094,0.69103,1.00,1.00
2015.06.17 16:29:12.623,0.69094,0.69102,1.00,1.00
2015.06.17 16:29:13.481,0.69094,0.69103,1.00,1.00
2015.06.17 16:29:16.598,0.69094,0.69103,1.00,2.25
2015.06.17 16:29:16.779,0.69092,0.69101,1.00,1.12
2015.06.17 16:29:16.881,0.69092,0.69099,1.00,1.00
2015.06.17 16:29:16.983,0.69088,0.69099,1.87,1.00
2015.06.17 16:29:17.490,0.69088,0.691,1.87,1.00
2015.06.17 16:29:32.715,0.69088,0.69098,1.87,1.00
2015.06.17 16:29:36.021,0.69086,0.69098,1.87,1.50
2015.06.17 16:29:36.528,0.69087,0.69098,1.00,1.00
2015.06.17 16:29:36.980,0.69087,0.69098,1.00,1.41
2015.06.17 16:29:37.032,0.69085,0.69095,1.35,1.37
2015.06.17 16:29:37.083,0.69083,0.69093,1.50,1.37
2015.06.17 16:29:37.471,0.69081,0.69091,1.00,1.00
2015.06.17 16:29:37.977,0.69081,0.6909,1.00,1.00
2015.06.17 16:29:43.857,0.69081,0.69091,1.00,1.87
2015.06.17 16:29:59.546,0.69081,0.69091,1.00,3.75
2015.06.17 16:29:59.597,0.69079,0.6909,1.12,1.12
2015.06.17 16:30:02.068,0.69077,0.69089,1.87,1.12
2015.06.17 16:30:02.577,0.69079,0.69091,1.12,1.37
2015.06.17 16:30:03.165,0.69079,0.69091,1.50,1.00
2015.06.17 16:30:05.748,0.6908,0.69091,1.00,1.00
2015.06.17 16:30:12.208,0.69079,0.69091,1.50,1.00
2015.06.17 16:30:25.362,0.69079,0.69091,2.47,1.00
2015.06.17 16:30:27.355,0.69079,0.69091,2.47,1.00
2015.06.17 16:30:37.289,0.6908,0.69091,1.00,1.50
2015.06.17 16:30:38.364,0.69081,0.69091,1.00,1.00
2015.06.17 16:30:53.347,0.6908,0.69091,1.00,1.00
2015.06.17 16:30:54.354,0.69079,0.69091,1.50,1.00
2015.06.17 16:30:58.563,0.6908,0.69091,1.00,1.00
2015.06.17 16:30:59.064,0.69079,0.69091,2.25,1.00
2015.06.17 16:30:59.970,0.69081,0.69091,1.00,1.00
2015.06.17 16:31:00.477,0.69082,0.69091,1.00,1.00
2015.06.17 16:31:01.171,0.69081,0.69091,1.50,1.00
2015.06.17 16:31:01.723,0.69081,0.69092,1.37,1.00
2015.06.17 16:31:02.075,0.6908,0.69092,1.50,1.00
2015.06.17 16:31:02.579,0.69081,0.69092,1.00,1.00
2015.06.17 16:31:03.096,0.6908,0.69092,1.00,1.00
2015.06.17 16:31:03.619,0.6908,0.69092,1.00,1.87
2015.06.17 16:31:06.163,0.6908,0.69092,1.00,1.87
2015.06.17 16:31:21.792,0.69081,0.69092,1.00,1.00
2015.06.17 16:31:25.814,0.69081,0.69093,2.62,1.00
2015.06.17 16:31:26.568,0.69083,0.69095,1.35,1.87
2015.06.17 16:31:26.873,0.69088,0.69099,1.00,1.50
2015.06.17 16:31:27.176,0.69089,0.69101,1.50,1.00
2015.06.17 16:31:27.723,0.6909,0.69101,1.00,1.00
2015.06.17 16:31:28.227,0.6909,0.69102,2.25,1.00
2015.06.17 16:31:29.199,0.69093,0.69103,1.00,1.00
2015.06.17 16:31:31.018,0.69093,0.69103,1.00,1.37
2015.06.17 16:31:31.487,0.69089,0.69101,2.25,1.00
2015.06.17 16:31:32.633,0.6909,0.69101,1.00,1.00
2015.06.17 16:31:33.142,0.69091,0.69101,1.00,1.00
2015.06.17 16:31:33.692,0.6909,0.69101,1.00,1.00
2015.06.17 16:31:42.753,0.69091,0.69101,1.00,1.00
2015.06.17 16:31:43.260,0.69092,0.69103,1.00,1.37
2015.06.17 16:31:44.149,0.69092,0.69101,1.00,1.00
2015.06.17 16:31:44.657,0.69091,0.69101,1.50,1.00
2015.06.17 16:31:52.542,0.69091,0.69103,1.00,2.62
2015.06.17 16:31:53.057,0.6909,0.69102,1.12,1.00
2015.06.17 16:31:56.621,0.69092,0.69102,1.00,1.00
2015.06.17 16:32:04.100,0.69091,0.69102,1.00,1.00
2015.06.17 16:32:20.841,0.69091,0.69104,1.50,1.87
2015.06.17 16:32:49.420,0.69091,0.69103,1.87,1.00
2015.06.17 16:32:49.918,0.69091,0.69103,2.25,1.00
2015.06.17 16:32:55.616,0.69091,0.69103,1.87,1.00
2015.06.17 16:33:03.293,0.69091,0.69104,1.87,1.87
2015.06.17 16:33:03.497,0.69093,0.69104,1.00,1.12
2015.06.17 16:33:04.041,0.69094,0.69104,1.12,1.00
2015.06.17 16:33:04.381,0.69095,0.69108,1.50,3.37
2015.06.17 16:33:04.533,0.69097,0.69108,1.00,1.00
2015.06.17 16:33:04.686,0.69098,0.6911,1.12,1.50
2015.06.17 16:33:05.266,0.69099,0.6911,1.00,1.00
2015.06.17 16:33:06.064,0.69099,0.69111,1.00,1.87
2015.06.17 16:33:06.570,0.691,0.69111,1.00,1.00
2015.06.17 16:33:16.454,0.691,0.69112,1.00,1.12
2015.06.17 16:33:38.608,0.69099,0.69112,1.50,1.12
2015.06.17 16:33:40.016,0.69099,0.69109,1.00,1.00
2015.06.17 16:33:40.168,0.69097,0.69108,1.00,1.50
2015.06.17 16:33:40.676,0.69099,0.69109,1.12,1.00
2015.06.17 16:33:40.727,0.69099,0.69112,2.62,1.00
2015.06.17 16:33:41.274,0.691,0.69112,1.00,1.00
2015.06.17 16:34:07.940,0.69102,0.69113,1.00,1.37
2015.06.17 16:34:08.346,0.69104,0.69117,1.00,1.87
2015.06.17 16:34:08.499,0.69109,0.6912,1.50,1.87
2015.06.17 16:34:09.025,0.69108,0.6912,1.12,1.37
2015.06.17 16:34:09.532,0.69109,0.6912,1.00,1.37
2015.06.17 16:34:11.476,0.6911,0.69122,1.00,1.87
2015.06.17 16:34:11.578,0.69109,0.69122,1.50,1.87
2015.06.17 16:34:15.850,0.6911,0.69122,1.00,1.37
2015.06.17 16:34:15.952,0.69113,0.69123,1.00,1.87
2015.06.17 16:34:16.155,0.69114,0.69126,1.50,1.12
2015.06.17 16:34:16.207,0.69118,0.69129,1.00,1.00
2015.06.17 16:34:16.309,0.69118,0.69131,1.50,1.87
2015.06.17 16:34:16.847,0.69119,0.69131,1.12,1.00
2015.06.17 16:34:17.101,0.69121,0.69132,1.00,1.12
2015.06.17 16:34:17.831,0.69121,0.6913,1.00,1.00
2015.06.17 16:34:18.136,0.6912,0.69132,1.00,1.12
2015.06.17 16:34:18.594,0.69121,0.6913,1.00,1.00
2015.06.17 16:34:18.828,0.6912,0.69132,1.00,1.12
2015.06.17 16:34:23.098,0.6912,0.6913,1.50,1.00
2015.06.17 16:34:32.270,0.69118,0.6913,2.62,1.00
2015.06.17 16:34:33.076,0.69118,0.6913,2.62,1.00
2015.06.17 16:34:33.583,0.69119,0.69131,2.62,1.12
2015.06.17 16:34:36.387,0.6912,0.69131,1.00,1.12
2015.06.17 16:34:37.069,0.69123,0.69132,1.00,1.50
2015.06.17 16:34:37.222,0.6913,0.6914,1.87,2.40
2015.06.17 16:34:37.324,0.69132,0.69142,1.00,1.37
2015.06.17 16:34:37.375,0.69132,0.69143,1.00,1.12
2015.06.17 16:34:37.918,0.69133,0.69143,1.00,1.12
2015.06.17 16:34:38.111,0.69131,0.69143,1.00,1.12
2015.06.17 16:34:39.183,0.69133,0.69143,1.00,1.12
2015.06.17 16:34:40.822,0.69134,0.69143,1.00,1.12
2015.06.17 16:34:41.271,0.69132,0.69143,1.00,1.12
2015.06.17 16:34:44.387,0.69132,0.69142,1.00,1.00
2015.06.17 16:34:44.922,0.69132,0.69143,1.00,1.12
2015.06.17 16:34:45.446,0.69132,0.69143,1.37,1.12
2015.06.17 16:34:48.134,0.69132,0.69143,1.00,1.12
2015.06.17 16:34:48.653,0.69131,0.69143,1.50,1.87
2015.06.17 16:34:52.368,0.69133,0.69143,1.00,1.12
2015.06.17 16:34:53.372,0.69132,0.69143,1.00,1.87
2015.06.17 16:34:55.227,0.69131,0.69143,1.00,1.87
2015.06.17 16:34:58.257,0.69131,0.69141,1.00,1.00
2015.06.17 16:35:06.223,0.69131,0.69139,1.00,1.00
2015.06.17 16:35:06.448,0.69123,0.69133,1.00,1.00
2015.06.17 16:35:06.499,0.69123,0.69133,1.00,1.37
2015.06.17 16:35:06.602,0.69121,0.69132,1.12,1.37
2015.06.17 16:35:06.755,0.69119,0.69131,1.00,1.00
2015.06.17 16:35:40.555,0.69118,0.69128,1.00,1.00
2015.06.17 16:35:48.390,0.69117,0.69127,1.00,1.00
2015.06.17 16:35:48.595,0.69113,0.69125,1.12,1.12
2015.06.17 16:35:48.697,0.69112,0.69123,1.00,1.00
2015.06.17 16:35:48.931,0.6911,0.69122,1.00,1.00
2015.06.17 16:35:59.013,0.6911,0.69121,1.00,1.00
2015.06.17 16:36:00.228,0.6911,0.6912,1.00,1.00
2015.06.17 16:36:02.497,0.69108,0.69119,1.50,1.00
2015.06.17 16:36:02.548,0.69105,0.69114,1.50,1.00
2015.06.17 16:36:02.698,0.69102,0.69114,1.87,1.00
2015.06.17 16:36:02.749,0.69102,0.69114,1.87,1.12
2015.06.17 16:36:02.851,0.69099,0.69111,1.87,1.00
2015.06.17 16:36:03.004,0.69099,0.69109,1.00,1.00
2015.06.17 16:36:03.562,0.69099,0.6911,1.00,1.50
2015.06.17 16:36:04.096,0.69098,0.6911,1.00,2.25
2015.06.17 16:36:11.893,0.69098,0.69109,1.00,1.00
2015.06.17 16:36:13.984,0.69098,0.6911,1.00,2.25
2015.06.17 16:36:33.765,0.69098,0.69111,1.37,2.25
2015.06.17 16:36:34.300,0.69099,0.69111,1.12,1.00
2015.06.17 16:36:34.825,0.69098,0.69111,1.87,1.50
2015.06.17 16:36:35.282,0.69098,0.6911,1.12,1.50
2015.06.17 16:36:43.320,0.69098,0.69111,1.00,2.25
2015.06.17 16:36:49.241,0.69098,0.6911,1.00,1.50
2015.06.17 16:36:52.718,0.69098,0.6911,1.50,1.12
2015.06.17 16:37:02.234,0.69098,0.6911,1.37,1.00
2015.06.17 16:37:02.541,0.69101,0.69112,1.00,1.50
2015.06.17 16:37:02.846,0.69102,0.69114,1.00,1.50
2015.06.17 16:37:03.104,0.69105,0.69116,1.12,1.50
2015.06.17 16:37:03.308,0.69106,0.69117,1.00,1.00
2015.06.17 16:37:03.612,0.69106,0.69119,2.47,1.00
2015.06.17 16:37:09.999,0.69108,0.6912,1.00,1.00
2015.06.17 16:37:11.555,0.69108,0.69119,1.00,1.00
2015.06.17 16:37:12.314,0.69108,0.69118,1.00,1.00
2015.06.17 16:37:12.416,0.69108,0.6912,1.00,1.50
2015.06.17 16:37:12.924,0.69108,0.69119,1.00,1.00
2015.06.17 16:37:21.958,0.69108,0.6912,1.00,1.00
2015.06.17 16:37:22.160,0.69109,0.69122,1.12,1.50
2015.06.17 16:37:22.338,0.69111,0.69122,1.00,1.12
2015.06.17 16:37:33.429,0.69111,0.69124,1.50,1.50
2015.06.17 16:37:34.006,0.69112,0.69123,1.00,1.00
2015.06.17 16:37:34.057,0.69111,0.69121,1.00,1.00
2015.06.17 16:37:34.567,0.69112,0.69121,1.00,1.50
2015.06.17 16:37:34.619,0.6911,0.69121,1.87,1.50
2015.06.17 16:37:40.701,0.69111,0.69121,1.00,1.00
2015.06.17 16:37:41.215,0.6911,0.69121,1.50,1.00
2015.06.17 16:37:49.596,0.69111,0.69121,1.00,1.00
2015.06.17 16:37:54.010,0.6911,0.69121,1.50,1.00
2015.06.17 16:37:54.763,0.69111,0.69121,1.00,1.00
2015.06.17 16:38:05.746,0.69113,0.69123,1.00,1.50
2015.06.17 16:38:06.101,0.69115,0.69125,1.00,1.00
2015.06.17 16:38:06.518,0.69118,0.69125,1.00,1.00
2015.06.17 16:38:07.227,0.69118,0.69127,1.00,1.00
2015.06.17 16:38:07.430,0.69118,0.69129,1.50,1.00
2015.06.17 16:38:11.666,0.69119,0.69132,1.87,2.62
2015.06.17 16:38:12.466,0.6912,0.69132,1.00,1.50
2015.06.17 16:38:25.346,0.69121,0.69132,1.00,1.12
2015.06.17 16:38:26.528,0.6912,0.69132,1.12,1.12
2015.06.17 16:38:37.175,0.69119,0.69132,4.72,1.12
2015.06.17 16:38:39.423,0.6912,0.69132,1.00,1.50
2015.06.17 16:38:40.242,0.6912,0.69133,1.87,1.00
2015.06.17 16:38:40.503,0.69121,0.69133,2.62,1.00
2015.06.17 16:38:41.054,0.69123,0.69133,1.00,1.00
2015.06.17 16:38:41.856,0.69122,0.69133,1.12,1.00
2015.06.17 16:38:43.503,0.69121,0.69133,1.00,1.00
2015.06.17 16:38:44.700,0.6912,0.69133,1.12,1.00
2015.06.17 16:38:57.371,0.6912,0.69132,1.00,1.00
2015.06.17 16:39:00.662,0.69119,0.69132,2.25,1.50
2015.06.17 16:39:03.874,0.6912,0.69132,1.12,1.00
2015.06.17 16:39:05.507,0.6912,0.69133,3.97,1.00
2015.06.17 16:39:08.467,0.6912,0.69132,1.87,1.00
2015.06.17 16:39:10.886,0.69119,0.69131,2.47,1.00
2015.06.17 16:39:12.491,0.69119,0.69132,1.37,1.00
2015.06.17 16:39:14.299,0.69119,0.69131,1.37,1.00
2015.06.17 16:39:14.802,0.69119,0.69132,1.72,1.50
2015.06.17 16:39:15.309,0.69119,0.69131,1.37,1.00
2015.06.17 16:39:15.836,0.69119,0.69132,1.37,2.25
2015.06.17 16:39:38.570,0.69119,0.69132,1.12,1.00
2015.06.17 16:40:00.516,0.69123,0.69132,1.12,1.00
2015.06.17 16:40:00.667,0.69123,0.69134,1.12,1.00
2015.06.17 16:40:01.173,0.69124,0.69137,1.00,2.62
2015.06.17 16:40:01.682,0.69124,0.69137,1.87,1.87
2015.06.17 16:40:01.784,0.69126,0.69137,1.00,1.87
2015.06.17 16:40:11.239,0.69125,0.69136,1.00,1.00
2015.06.17 16:40:11.340,0.69123,0.69136,1.87,1.12
2015.06.17 16:40:11.829,0.69123,0.69134,1.00,1.00
2015.06.17 16:40:12.342,0.69122,0.69133,1.00,1.50
2015.06.17 16:40:12.757,0.6912,0.69133,1.00,1.50
2015.06.17 16:40:14.197,0.6912,0.69133,1.87,1.50
2015.06.17 16:40:17.584,0.69123,0.69133,1.87,1.00
2015.06.17 16:40:17.888,0.69127,0.69137,1.00,1.00
2015.06.17 16:40:17.990,0.69128,0.6914,1.00,1.50
2015.06.17 16:40:18.284,0.69129,0.6914,1.00,2.62
2015.06.17 16:40:21.301,0.69127,0.6914,1.00,2.62
2015.06.17 16:40:21.504,0.69129,0.6914,1.00,1.87
2015.06.17 16:40:21.836,0.69131,0.69141,1.37,1.87
2015.06.17 16:40:22.256,0.69131,0.69141,1.37,1.12
2015.06.17 16:40:22.764,0.69131,0.69142,1.37,1.37
2015.06.17 16:40:26.088,0.69131,0.69142,1.37,1.37
2015.06.17 16:40:26.685,0.6913,0.69141,1.37,1.87
2015.06.17 16:40:26.838,0.6913,0.69141,1.37,1.87
2015.06.17 16:40:27.395,0.69129,0.69139,1.37,1.37
2015.06.17 16:40:35.687,0.69125,0.69138,1.87,1.87
2015.06.17 16:40:35.740,0.69127,0.69138,1.37,1.00
2015.06.17 16:40:35.994,0.69127,0.69135,1.37,1.00
2015.06.17 16:40:36.097,0.69127,0.69137,1.37,1.00
2015.06.17 16:40:36.642,0.69128,0.69137,1.87,1.00
2015.06.17 16:40:37.690,0.69128,0.69137,1.50,1.00
2015.06.17 16:40:38.095,0.69126,0.69135,1.37,1.00
2015.06.17 16:40:38.691,0.69126,0.69135,1.12,1.00
2015.06.17 16:40:40.772,0.69126,0.69135,1.37,1.00
2015.06.17 16:40:41.076,0.69128,0.69135,1.87,1.00
2015.06.17 16:40:41.178,0.6913,0.69138,1.37,1.00
2015.06.17 16:40:41.865,0.6913,0.69138,1.37,1.00
2015.06.17 16:40:48.407,0.6913,0.69141,1.37,1.50
2015.06.17 16:40:48.932,0.6913,0.6914,1.87,1.00
2015.06.17 16:40:49.608,0.69131,0.69141,1.37,1.50
2015.06.17 16:40:53.087,0.69131,0.69141,1.37,1.50
2015.06.17 16:40:53.594,0.69131,0.6914,1.37,1.00
2015.06.17 16:40:54.628,0.69131,0.6914,1.37,1.00
2015.06.17 16:40:55.135,0.69129,0.69137,1.37,1.00
2015.06.17 16:40:55.510,0.69125,0.69137,1.00,2.25
2015.06.17 16:40:56.016,0.69126,0.69137,1.00,1.50
2015.06.17 16:40:57.868,0.69126,0.69134,1.00,1.00
2015.06.17 16:40:58.384,0.69125,0.69134,1.50,1.00
2015.06.17 16:40:58.840,0.69127,0.69135,1.00,1.00
2015.06.17 16:40:59.196,0.69129,0.69135,1.00,1.00
2015.06.17 16:40:59.474,0.69129,0.69137,1.12,1.00
2015.06.17 16:40:59.833,0.69129,0.69135,1.00,1.00
2015.06.17 16:40:59.937,0.69126,0.69135,1.50,1.00
2015.06.17 16:41:01.605,0.69126,0.69136,1.00,1.00
2015.06.17 16:41:03.126,0.69126,0.69137,1.00,1.00
2015.06.17 16:41:03.759,0.69127,0.69137,1.12,1.00
2015.06.17 16:41:04.012,0.69129,0.69137,1.00,1.00
2015.06.17 16:41:11.501,0.69129,0.69136,1.12,1.00
2015.06.17 16:41:11.957,0.6913,0.69138,1.00,1.00
2015.06.17 16:41:12.472,0.69131,0.69138,1.00,1.00
2015.06.17 16:41:12.625,0.69131,0.6914,1.00,1.00
2015.06.17 16:41:12.888,0.69129,0.6914,2.62,1.50
2015.06.17 16:41:13.142,0.69129,0.69136,2.62,1.00
2015.06.17 16:41:13.361,0.6913,0.69139,1.00,1.00
2015.06.17 16:41:18.657,0.6913,0.69141,1.00,1.00
2015.06.17 16:41:24.754,0.69129,0.69141,1.87,1.50
2015.06.17 16:41:24.856,0.69129,0.69139,1.12,1.00
2015.06.17 16:41:26.975,0.69126,0.69136,1.50,1.00
2015.06.17 16:41:27.127,0.69124,0.69136,1.50,1.12
2015.06.17 16:41:27.432,0.69123,0.69134,1.50,1.50
2015.06.17 16:41:27.737,0.69121,0.69133,1.00,1.87
2015.06.17 16:41:28.260,0.69119,0.69131,2.62,1.12
2015.06.17 16:41:37.385,0.69119,0.69131,2.25,1.00
2015.06.17 16:41:47.468,0.6912,0.69131,1.00,1.00
2015.06.17 16:41:51.630,0.69121,0.69132,1.50,1.00
2015.06.17 16:41:51.960,0.69124,0.69133,1.00,1.00
2015.06.17 16:41:52.113,0.69128,0.69138,1.12,1.50
2015.06.17 16:41:52.620,0.69129,0.69139,1.00,1.00
2015.06.17 16:41:53.215,0.69131,0.69141,1.00,1.12
2015.06.17 16:42:11.354,0.69131,0.6914,1.00,1.00
2015.06.17 16:42:11.456,0.69128,0.6914,1.00,1.50
2015.06.17 16:42:14.385,0.69128,0.6914,1.37,1.00
2015.06.17 16:42:21.180,0.69129,0.69141,1.12,1.00
2015.06.17 16:42:27.174,0.69129,0.69141,1.37,1.50
2015.06.17 16:42:28.496,0.69129,0.69141,1.12,1.12
2015.06.17 16:42:37.607,0.69129,0.69141,1.37,1.00
2015.06.17 16:42:40.517,0.69129,0.69141,1.00,1.12
2015.06.17 16:42:41.061,0.69129,0.6914,1.00,1.00
2015.06.17 16:42:42.917,0.6913,0.69141,1.00,1.50
2015.06.17 16:42:44.170,0.69131,0.69143,1.00,1.87
2015.06.17 16:42:53.929,0.69129,0.69141,2.62,1.00
2015.06.17 16:42:54.733,0.69135,0.69143,1.00,1.12
2015.06.17 16:42:56.704,0.69136,0.69146,1.00,1.75
2015.06.17 16:42:56.755,0.69136,0.69145,1.00,1.00
2015.06.17 16:42:56.807,0.6914,0.69145,1.00,1.00
2015.06.17 16:42:57.111,0.69143,0.69149,1.00,1.37
2015.06.17 16:43:02.347,0.69145,0.69151,1.00,2.25
2015.06.17 16:43:02.398,0.69145,0.69151,1.00,2.25
2015.06.17 16:43:02.803,0.69143,0.69151,1.00,2.25
2015.06.17 16:43:03.569,0.69145,0.6915,1.00,1.00
2015.06.17 16:43:04.102,0.69145,0.69153,1.00,2.25
2015.06.17 16:43:04.356,0.69147,0.69153,1.00,1.75
2015.06.17 16:43:04.680,0.69152,0.6916,1.00,3.43
2015.06.17 16:43:04.858,0.69155,0.6916,1.00,3.37
2015.06.17 16:43:05.163,0.6915,0.69158,1.87,1.00
2015.06.17 16:43:05.367,0.69149,0.69156,1.00,1.37
2015.06.17 16:43:05.570,0.6915,0.69156,1.00,1.00
2015.06.17 16:43:05.621,0.69153,0.69159,1.00,3.75
2015.06.17 16:43:05.850,0.69154,0.69162,1.00,1.00
2015.06.17 16:43:06.053,0.69154,0.69158,1.00,1.00
2015.06.17 16:43:06.408,0.69155,0.69162,1.00,1.00
2015.06.17 16:43:06.612,0.69154,0.69158,1.00,1.00
2015.06.17 16:43:06.843,0.69155,0.69161,1.00,1.00
2015.06.17 16:43:06.946,0.69153,0.69162,1.00,1.00
2015.06.17 16:43:07.202,0.6915,0.69159,1.00,1.37
2015.06.17 16:43:07.253,0.69148,0.69158,1.50,1.37
2015.06.17 16:43:07.763,0.69148,0.69155,1.00,1.00
2015.06.17 16:43:08.193,0.6915,0.69155,1.00,1.00
2015.06.17 16:43:08.498,0.69152,0.69156,1.00,1.00
2015.06.17 16:43:08.651,0.6915,0.69156,1.00,1.00
2015.06.17 16:43:09.151,0.69152,0.69156,1.00,1.00
2015.06.17 16:43:10.553,0.69152,0.69157,1.00,1.00
2015.06.17 16:43:11.342,0.69152,0.69158,1.00,1.00
2015.06.17 16:43:12.711,0.69152,0.69158,1.00,1.37
2015.06.17 16:43:12.813,0.6915,0.69157,1.00,1.00
2015.06.17 16:43:13.117,0.69149,0.69155,1.00,1.37
2015.06.17 16:43:13.219,0.69147,0.69155,1.00,1.37
2015.06.17 16:43:13.743,0.69147,0.69153,1.00,1.00
2015.06.17 16:43:14.770,0.69147,0.69155,1.00,1.00
2015.06.17 16:43:15.128,0.69149,0.69155,1.00,1.00
2015.06.17 16:43:15.637,0.69148,0.69155,1.00,1.87
2015.06.17 16:43:16.242,0.69148,0.69155,1.00,1.87
2015.06.17 16:43:17.813,0.69146,0.69155,1.00,1.87
2015.06.17 16:43:18.840,0.69146,0.69151,1.00,1.00
2015.06.17 16:43:19.143,0.69146,0.69153,1.00,1.87
2015.06.17 16:43:20.427,0.69144,0.69153,1.00,1.12
2015.06.17 16:43:20.479,0.69144,0.69153,1.00,1.37
2015.06.17 16:43:20.783,0.69144,0.69149,1.00,1.00
2015.06.17 16:43:21.358,0.69144,0.69152,1.00,1.00
2015.06.17 16:43:22.611,0.69144,0.69151,1.00,2.25
2015.06.17 16:43:23.340,0.69144,0.69149,1.00,1.00
2015.06.17 16:43:32.078,0.69143,0.69148,1.00,1.37
2015.06.17 16:43:32.129,0.6914,0.69148,1.00,1.75
2015.06.17 16:43:32.232,0.69137,0.69144,1.00,1.00
2015.06.17 16:43:33.044,0.69137,0.69143,1.00,1.00
2015.06.17 16:43:33.315,0.69137,0.69145,1.00,1.12
2015.06.17 16:43:36.863,0.69139,0.69147,1.00,2.25
2015.06.17 16:43:37.432,0.6914,0.69145,1.00,1.00
2015.06.17 16:43:37.636,0.69141,0.69147,1.00,1.12
2015.06.17 16:43:38.143,0.69141,0.69146,1.00,1.12
2015.06.17 16:43:38.814,0.69141,0.69145,1.00,1.00
2015.06.17 16:43:39.136,0.69141,0.69147,1.00,1.50
2015.06.17 16:43:39.542,0.69141,0.69148,1.00,3.00
2015.06.17 16:43:39.896,0.69141,0.69147,1.00,1.12
2015.06.17 16:43:40.403,0.69141,0.69147,1.00,1.37
2015.06.17 16:43:40.918,0.69141,0.69147,1.00,1.50
2015.06.17 16:43:41.173,0.69139,0.69147,1.00,1.50
2015.06.17 16:43:41.857,0.69139,0.69146,1.00,1.37
2015.06.17 16:43:42.198,0.69139,0.69147,1.00,1.87
2015.06.17 16:43:42.655,0.69139,0.69147,1.00,1.87
2015.06.17 16:43:43.415,0.69139,0.69146,1.00,1.00
2015.06.17 16:43:54.909,0.69141,0.69147,1.00,1.37
2015.06.17 16:43:56.914,0.6914,0.69146,1.00,1.37
2015.06.17 16:44:00.131,0.69141,0.69147,1.00,1.37
2015.06.17 16:44:03.737,0.69142,0.69148,1.00,1.37
2015.06.17 16:44:03.890,0.69145,0.69151,1.00,1.00
2015.06.17 16:44:04.423,0.69145,0.69152,1.00,1.87
2015.06.17 16:44:08.435,0.69141,0.6915,1.00,1.50
2015.06.17 16:44:08.537,0.69138,0.69148,1.00,1.37
2015.06.17 16:44:12.644,0.69138,0.69146,1.00,1.75
2015.06.17 16:44:12.754,0.69138,0.69146,1.00,1.37
2015.06.17 16:44:18.801,0.6914,0.69146,1.00,1.00
2015.06.17 16:44:19.105,0.69144,0.6915,1.00,1.00
2015.06.17 16:44:21.460,0.69144,0.69151,1.00,1.00
2015.06.17 16:44:22.311,0.69142,0.69151,1.00,1.00
2015.06.17 16:44:45.215,0.69142,0.6915,1.00,1.00
2015.06.17 16:45:15.583,0.69142,0.69151,1.00,1.00
2015.06.17 16:45:20.678,0.69143,0.69151,1.00,1.00
2015.06.17 16:45:33.341,0.69143,0.69151,1.00,1.37
2015.06.17 16:45:33.443,0.69142,0.6915,1.00,1.00
2015.06.17 16:45:33.950,0.69142,0.69151,1.00,1.87
2015.06.17 16:45:38.103,0.69146,0.69153,1.00,1.50
2015.06.17 16:45:38.409,0.69144,0.69153,1.00,1.37
2015.06.17 16:45:40.453,0.69146,0.69153,1.00,1.00
2015.06.17 16:45:41.029,0.69147,0.69155,1.00,1.50
2015.06.17 16:45:41.080,0.69149,0.69155,1.00,1.12
2015.06.17 16:45:41.587,0.6915,0.69155,1.00,1.00
2015.06.17 16:45:41.892,0.6915,0.69161,1.00,1.50
2015.06.17 16:45:41.943,0.69152,0.69161,1.00,1.50
2015.06.17 16:45:48.465,0.6915,0.6916,1.00,1.00
2015.06.17 16:45:57.391,0.6915,0.69162,1.87,1.00
2015.06.17 16:45:57.900,0.69151,0.69162,1.00,1.00
2015.06.17 16:45:58.310,0.69152,0.69164,1.00,1.12
2015.06.17 16:45:58.412,0.69154,0.69166,1.00,2.62
2015.06.17 16:45:58.869,0.69156,0.69166,1.00,1.00
2015.06.17 16:46:03.893,0.69156,0.69164,1.00,1.00
2015.06.17 16:46:07.603,0.69153,0.69164,1.00,1.00
2015.06.17 16:46:07.654,0.69153,0.69162,1.00,1.00
2015.06.17 16:46:08.611,0.69153,0.69163,1.00,1.00
2015.06.17 16:46:08.713,0.69151,0.69163,1.00,1.50
2015.06.17 16:46:10.822,0.69151,0.69162,1.00,1.00
2015.06.17 16:46:12.725,0.69154,0.69162,1.00,1.00
2015.06.17 16:46:12.877,0.69157,0.69166,1.00,1.12
2015.06.17 16:46:23.159,0.69152,0.69164,1.50,1.12
2015.06.17 16:46:23.211,0.69152,0.69162,1.50,1.00
2015.06.17 16:46:23.465,0.6915,0.69162,1.87,1.50
2015.06.17 16:46:24.532,0.6915,0.69161,1.00,1.50
2015.06.17 16:46:24.786,0.69148,0.6916,1.87,1.00
2015.06.17 16:46:28.410,0.69148,0.6916,1.00,2.62
2015.06.17 16:46:28.716,0.69145,0.69155,1.00,1.00
2015.06.17 16:46:32.602,0.69145,0.69156,1.00,1.12
2015.06.17 16:46:34.079,0.69147,0.69156,1.00,1.12
2015.06.17 16:46:34.182,0.69149,0.69159,1.00,1.00
2015.06.17 16:46:34.233,0.69149,0.69161,1.00,1.87
2015.06.17 16:46:34.739,0.69149,0.69161,1.37,1.00
2015.06.17 16:46:36.057,0.69149,0.69161,1.00,1.00
2015.06.17 16:46:37.971,0.69149,0.69159,1.00,1.00
2015.06.17 16:47:10.277,0.69149,0.69161,1.00,1.12
2015.06.17 16:47:19.225,0.69148,0.6916,1.87,1.00
2015.06.17 16:47:29.855,0.69147,0.69157,1.00,1.00
2015.06.17 16:47:30.340,0.69149,0.69159,1.00,1.00
2015.06.17 16:47:54.495,0.69146,0.69158,1.50,1.12
2015.06.17 16:47:55.002,0.69146,0.69157,1.00,1.87
2015.06.17 16:47:55.584,0.69146,0.69155,1.00,1.00
2015.06.17 16:47:55.791,0.69143,0.69153,1.00,1.00
2015.06.17 16:47:56.401,0.69143,0.69152,1.00,1.00
2015.06.17 16:47:59.711,0.69143,0.69153,1.00,1.50
2015.06.17 16:48:16.382,0.69144,0.69153,1.00,1.00
2015.06.17 16:48:16.541,0.69147,0.69156,1.87,1.87
2015.06.17 16:48:16.846,0.6915,0.69155,1.12,1.37
2015.06.17 16:48:16.897,0.6915,0.69156,1.12,1.50
2015.06.17 16:48:17.112,0.6915,0.69161,1.00,1.00
2015.06.17 16:48:17.624,0.69149,0.69161,1.87,1.00
2015.06.17 16:48:17.726,0.69152,0.69162,1.00,1.12
2015.06.17 16:48:52.632,0.69154,0.69162,1.00,1.00
2015.06.17 16:48:53.628,0.69155,0.69163,1.00,1.00
2015.06.17 16:48:53.882,0.69158,0.69167,2.25,1.12
2015.06.17 16:48:54.427,0.69157,0.69167,1.00,1.12
2015.06.17 16:48:54.954,0.69156,0.69167,1.00,1.12
2015.06.17 16:48:57.038,0.69157,0.69167,1.00,1.12
2015.06.17 16:48:59.018,0.69158,0.69167,1.00,1.12
2015.06.17 16:49:03.189,0.69155,0.69167,1.50,1.87
2015.06.17 16:49:03.495,0.69158,0.69169,1.00,1.87
2015.06.17 16:49:04.263,0.69159,0.69169,1.00,1.37
2015.06.17 16:49:04.735,0.69157,0.69169,1.00,1.37
2015.06.17 16:49:09.022,0.69158,0.69169,1.00,2.25
2015.06.17 16:49:10.090,0.69157,0.69169,1.50,1.87
2015.06.17 16:49:11.407,0.69157,0.69169,1.50,1.87
2015.06.17 16:49:20.990,0.6916,0.6917,1.00,1.37
2015.06.17 16:49:21.501,0.69159,0.69171,1.50,1.87
2015.06.17 16:49:23.446,0.69159,0.69169,1.00,2.62
2015.06.17 16:49:23.960,0.69158,0.69169,1.00,2.62
2015.06.17 16:49:24.522,0.69159,0.69169,1.00,1.87
2015.06.17 16:49:30.265,0.69158,0.69167,1.00,1.12
2015.06.17 16:49:33.093,0.69159,0.69167,1.00,1.12
2015.06.17 16:49:38.590,0.69158,0.69167,1.00,1.12
2015.06.17 16:49:38.894,0.69159,0.6917,1.87,1.37
2015.06.17 16:49:39.713,0.6916,0.6917,1.12,1.37
2015.06.17 16:49:44.417,0.6916,0.6917,1.12,1.37
2015.06.17 16:50:01.660,0.69159,0.69168,1.00,1.37
2015.06.17 16:50:02.167,0.69158,0.69168,1.00,1.37
2015.06.17 16:50:02.726,0.69157,0.69168,1.00,1.37
2015.06.17 16:50:03.282,0.69157,0.69168,1.87,1.37
2015.06.17 16:50:03.587,0.69158,0.69169,1.87,1.37
2015.06.17 16:50:06.553,0.69159,0.69169,1.50,1.37
2015.06.17 16:50:06.756,0.69157,0.69169,1.00,3.00
2015.06.17 16:50:07.263,0.69158,0.69167,1.00,1.12
2015.06.17 16:50:14.369,0.69158,0.69167,1.00,1.37
2015.06.17 16:50:22.908,0.69158,0.69167,1.00,1.12
2015.06.17 16:50:25.892,0.69159,0.69168,1.00,1.37
2015.06.17 16:50:27.352,0.6916,0.69168,1.00,1.00
2015.06.17 16:50:27.887,0.69159,0.69168,1.37,1.37
2015.06.17 16:50:27.990,0.69158,0.69168,1.50,1.37
2015.06.17 16:50:28.773,0.69159,0.69168,1.00,1.37
2015.06.17 16:50:29.341,0.69158,0.69168,1.00,1.37
2015.06.17 16:50:30.180,0.69157,0.69168,1.00,1.37
2015.06.17 16:50:32.926,0.69159,0.69169,1.00,1.37
2015.06.17 16:50:36.884,0.69158,0.69169,1.50,1.37
2015.06.17 16:50:37.160,0.69161,0.69172,1.00,1.00
2015.06.17 16:50:37.567,0.69163,0.69173,1.00,1.87
2015.06.17 16:50:39.338,0.69163,0.69173,1.00,1.50
2015.06.17 16:50:39.889,0.69165,0.69175,1.00,1.50
2015.06.17 16:50:40.194,0.69167,0.69178,1.50,1.87
2015.06.17 16:50:41.286,0.69166,0.69176,1.00,1.00
2015.06.17 16:50:41.591,0.69165,0.69174,1.00,1.50
2015.06.17 16:50:41.642,0.69162,0.69172,1.00,1.12
2015.06.17 16:50:42.387,0.69161,0.69172,1.00,1.50
2015.06.17 16:50:43.168,0.69161,0.69171,1.00,1.00
2015.06.17 16:50:43.926,0.69162,0.69171,1.00,1.00
2015.06.17 16:50:44.614,0.6916,0.69171,1.00,1.00
2015.06.17 16:50:45.147,0.69161,0.69171,1.00,1.00
2015.06.17 16:50:46.177,0.69161,0.69172,1.00,2.25
2015.06.17 16:50:47.334,0.6916,0.69172,1.00,2.62
2015.06.17 16:50:47.880,0.69159,0.6917,1.00,1.00
2015.06.17 16:50:48.435,0.69159,0.69171,1.00,1.12
2015.06.17 16:50:52.830,0.69161,0.69171,1.35,1.00
2015.06.17 16:50:53.509,0.69162,0.69172,1.00,1.12
2015.06.17 16:50:54.619,0.69162,0.69173,1.35,1.75
2015.06.17 16:51:00.341,0.6916,0.69173,1.87,1.75
2015.06.17 16:51:00.645,0.69161,0.69172,1.00,2.25
2015.06.17 16:51:00.898,0.69161,0.69172,1.35,1.50
2015.06.17 16:51:01.640,0.6916,0.69172,1.00,2.25
2015.06.17 16:51:01.844,0.6916,0.69169,1.00,1.00
2015.06.17 16:51:02.152,0.69159,0.69169,1.00,1.37
2015.06.17 16:51:02.845,0.6916,0.69173,1.35,2.25
2015.06.17 16:51:02.998,0.69162,0.69173,1.00,1.75
2015.06.17 16:51:03.867,0.6916,0.69173,1.50,1.75
2015.06.17 16:51:04.800,0.6916,0.6917,1.00,1.00
2015.06.17 16:51:04.968,0.69159,0.6917,1.87,1.37
2015.06.17 16:51:05.273,0.69155,0.69164,1.00,1.00
2015.06.17 16:51:05.529,0.69157,0.69166,1.00,1.00
2015.06.17 16:51:05.974,0.69159,0.69166,1.00,1.00
2015.06.17 16:51:06.177,0.69159,0.69169,1.00,1.00
2015.06.17 16:51:06.711,0.6916,0.69169,1.00,1.00
2015.06.17 16:51:07.343,0.6916,0.6917,1.00,1.00
2015.06.17 16:51:07.394,0.69161,0.69172,1.00,1.50
2015.06.17 16:51:07.648,0.69161,0.6917,1.00,1.00
2015.06.17 16:51:08.158,0.69161,0.69172,1.00,1.37
2015.06.17 16:51:09.678,0.69159,0.69171,1.87,1.12
2015.06.17 16:51:09.930,0.69159,0.69169,1.87,1.37
2015.06.17 16:51:15.550,0.69161,0.69172,1.00,1.37
2015.06.17 16:51:15.753,0.69159,0.6917,1.50,1.00
2015.06.17 16:51:17.809,0.69161,0.6917,1.00,1.00
2015.06.17 16:51:17.911,0.69161,0.69172,1.00,1.50
2015.06.17 16:51:18.165,0.69161,0.69172,1.00,1.87
2015.06.17 16:51:18.509,0.69161,0.69172,1.00,1.50
2015.06.17 16:51:19.565,0.69161,0.69172,1.00,1.50
2015.06.17 16:51:19.891,0.69159,0.69171,2.62,1.37
2015.06.17 16:51:25.865,0.69159,0.69171,1.50,1.50
2015.06.17 16:51:33.501,0.69159,0.69169,1.00,1.00
2015.06.17 16:51:33.813,0.69158,0.69167,1.00,1.12
2015.06.17 16:51:36.350,0.69156,0.69167,1.50,1.12
2015.06.17 16:51:36.881,0.69157,0.69167,1.00,1.12
2015.06.17 16:51:37.033,0.69157,0.69167,1.00,1.50
2015.06.17 16:51:37.388,0.69155,0.69166,1.50,2.62
2015.06.17 16:51:37.899,0.69155,0.69165,1.00,1.87
2015.06.17 16:51:51.311,0.69155,0.69164,1.00,1.37
2015.06.17 16:51:51.636,0.69142,0.69154,1.37,1.00
2015.06.17 16:51:52.159,0.69142,0.69153,1.50,1.00
2015.06.17 16:51:54.822,0.69142,0.69151,1.50,1.00
2015.06.17 16:51:58.302,0.6914,0.69151,1.50,1.00
2015.06.17 16:51:58.657,0.6914,0.69153,1.87,1.00
2015.06.17 16:51:59.126,0.6914,0.6915,1.50,1.00
2015.06.17 16:51:59.329,0.6914,0.69152,1.00,1.87
2015.06.17 16:52:03.649,0.69142,0.69152,1.00,1.00
2015.06.17 16:52:03.985,0.6915,0.69161,1.12,1.50
2015.06.17 16:52:04.037,0.69152,0.69163,1.00,1.00
2015.06.17 16:52:04.557,0.69151,0.69163,1.00,1.00
2015.06.17 16:52:05.097,0.69151,0.69163,1.37,1.00
2015.06.17 16:52:05.350,0.69151,0.69163,1.00,1.00
2015.06.17 16:52:05.985,0.6915,0.69163,1.12,1.50
2015.06.17 16:52:08.685,0.6915,0.69163,1.12,1.87
2015.06.17 16:52:11.485,0.6915,0.69161,1.00,1.00
2015.06.17 16:52:11.941,0.69148,0.69161,1.87,1.00
2015.06.17 16:52:12.716,0.69152,0.69163,1.00,1.12
2015.06.17 16:52:13.021,0.69153,0.69165,1.12,1.12
2015.06.17 16:52:13.964,0.69156,0.69167,1.00,1.00
2015.06.17 16:52:14.270,0.69159,0.6917,1.00,1.00
2015.06.17 16:52:16.467,0.69157,0.69169,1.00,1.00
2015.06.17 16:52:16.975,0.69156,0.69168,1.00,1.00
2015.06.17 16:52:18.340,0.69156,0.69169,1.00,1.50
2015.06.17 16:52:27.848,0.69156,0.69167,1.50,1.00
2015.06.17 16:52:29.902,0.69155,0.69167,1.50,1.00
2015.06.17 16:52:30.653,0.69155,0.69167,1.00,1.87
2015.06.17 16:52:30.705,0.69153,0.69166,2.85,1.12
2015.06.17 16:52:31.110,0.69153,0.69164,1.12,1.00
2015.06.17 16:52:32.040,0.69151,0.69163,1.00,1.00
2015.06.17 16:52:32.561,0.6915,0.69163,1.87,1.00
2015.06.17 16:52:36.372,0.6915,0.69162,1.87,1.00
2015.06.17 16:52:36.880,0.69151,0.69161,1.00,1.00
2015.06.17 16:52:37.406,0.69151,0.69162,1.00,1.00
2015.06.17 16:52:37.945,0.69151,0.69163,1.00,2.25
2015.06.17 16:53:01.433,0.69152,0.69163,1.00,1.00
2015.06.17 16:53:01.890,0.69153,0.69163,1.37,1.00
2015.06.17 16:53:02.413,0.69153,0.69164,2.62,1.00
2015.06.17 16:53:02.921,0.69154,0.69165,1.50,1.00
2015.06.17 16:53:05.851,0.69152,0.69163,1.37,1.37
2015.06.17 16:53:06.054,0.69149,0.69161,1.87,1.37
2015.06.17 16:53:06.564,0.69151,0.69163,1.00,1.12
2015.06.17 16:53:06.922,0.69151,0.69161,1.00,1.00
2015.06.17 16:53:07.074,0.69148,0.6916,1.50,1.37
2015.06.17 16:53:07.428,0.6915,0.69161,1.00,1.37
2015.06.17 16:53:07.672,0.6915,0.69162,1.00,1.00
2015.06.17 16:53:10.805,0.69148,0.6916,1.00,1.00
2015.06.17 16:53:29.364,0.69149,0.6916,1.00,1.00
2015.06.17 16:53:29.866,0.69148,0.6916,1.00,1.00
2015.06.17 16:53:47.891,0.69149,0.69161,1.50,1.50
2015.06.17 16:53:49.600,0.6915,0.69161,1.00,1.00
2015.06.17 16:53:50.101,0.69149,0.69161,1.12,1.00
2015.06.17 16:53:52.699,0.6915,0.69161,1.00,1.00
2015.06.17 16:53:53.271,0.69151,0.69161,1.00,1.00
2015.06.17 16:53:53.812,0.69152,0.69162,1.00,1.00
2015.06.17 16:53:58.147,0.69153,0.69162,1.00,1.00
2015.06.17 16:53:58.689,0.69152,0.69162,2.25,1.00
2015.06.17 16:53:59.195,0.69153,0.69162,1.00,1.00
2015.06.17 16:54:00.281,0.69152,0.69162,1.50,1.00
2015.06.17 16:54:11.952,0.69153,0.69164,1.00,1.12
2015.06.17 16:54:15.562,0.69153,0.69164,1.37,1.00
2015.06.17 16:54:15.665,0.69155,0.69166,2.25,1.12
2015.06.17 16:54:15.767,0.69156,0.69168,1.37,2.25
2015.06.17 16:54:16.071,0.69159,0.69168,1.12,1.00
2015.06.17 16:54:16.415,0.69159,0.69171,1.12,1.12
2015.06.17 16:54:17.871,0.69159,0.69172,1.87,1.12
2015.06.17 16:54:18.409,0.6916,0.69173,1.87,2.25
2015.06.17 16:54:27.617,0.6916,0.69173,1.50,2.62
2015.06.17 16:54:39.010,0.6916,0.69173,1.00,2.62
2015.06.17 16:55:06.772,0.69159,0.69169,1.00,1.00
2015.06.17 16:55:07.300,0.69158,0.69169,1.00,1.00
2015.06.17 16:55:07.352,0.69158,0.69171,1.00,3.00
2015.06.17 16:55:08.605,0.69158,0.69171,1.00,1.87
2015.06.17 16:55:08.656,0.69158,0.69168,1.00,1.00
2015.06.17 16:55:09.119,0.69159,0.6917,1.00,1.50
2015.06.17 16:55:09.374,0.69161,0.6917,1.00,1.00
2015.06.17 16:55:09.847,0.69159,0.6917,1.87,1.00
2015.06.17 16:55:29.239,0.6916,0.69173,1.00,2.62
2015.06.17 16:55:29.840,0.6916,0.69173,1.87,1.37
2015.06.17 16:55:33.556,0.69161,0.69174,1.12,2.62
2015.06.17 16:55:34.192,0.69162,0.69174,1.00,1.87
2015.06.17 16:55:34.446,0.69164,0.69174,1.00,1.12
2015.06.17 16:55:37.638,0.69163,0.69174,1.00,1.12
2015.06.17 16:55:37.943,0.69161,0.69172,1.00,2.62
2015.06.17 16:55:38.095,0.69159,0.69172,1.00,2.62
2015.06.17 16:55:38.601,0.69159,0.6917,1.00,1.00
2015.06.17 16:55:47.579,0.6916,0.69171,1.00,1.00
2015.06.17 16:55:54.229,0.69158,0.69171,1.87,1.87
2015.06.17 16:55:55.527,0.69158,0.69171,1.50,1.50
2015.06.17 16:56:12.835,0.6916,0.69171,1.00,1.00
2015.06.17 16:56:13.140,0.6916,0.69173,1.87,1.50
2015.06.17 16:56:13.444,0.69166,0.69175,1.00,1.75
2015.06.17 16:56:13.697,0.69167,0.69178,1.00,1.00
2015.06.17 16:56:14.593,0.69167,0.69179,1.00,1.00
2015.06.17 16:56:15.112,0.69167,0.69179,1.87,1.00
2015.06.17 16:56:17.065,0.69167,0.69179,1.87,1.00
2015.06.17 16:56:20.176,0.69169,0.69179,1.00,1.00
2015.06.17 16:56:20.683,0.69169,0.6918,1.87,1.00
2015.06.17 16:56:20.953,0.69171,0.69183,1.37,1.00
2015.06.17 16:56:21.156,0.69176,0.69183,7.50,1.00
2015.06.17 16:56:21.207,0.69176,0.69185,7.50,1.00
2015.06.17 16:56:21.258,0.69176,0.69187,7.87,1.00
2015.06.17 16:56:21.411,0.69177,0.6919,1.12,2.25
2015.06.17 16:56:22.357,0.69179,0.6919,1.00,1.50
2015.06.17 16:56:22.662,0.69181,0.6919,1.00,1.00
2015.06.17 16:56:23.168,0.69182,0.69188,7.50,1.00
2015.06.17 16:56:23.390,0.69182,0.6919,7.50,1.00
2015.06.17 16:56:23.897,0.69182,0.69191,7.50,1.50
2015.06.17 16:56:24.605,0.69182,0.69189,7.50,1.00
2015.06.17 16:56:25.108,0.69182,0.6919,7.50,1.00
2015.06.17 16:56:25.687,0.69178,0.6919,1.12,1.00
2015.06.17 16:56:29.114,0.69178,0.69188,1.12,1.00
2015.06.17 16:56:29.420,0.69177,0.69184,1.50,1.00
2015.06.17 16:56:29.471,0.69177,0.69186,1.00,1.00
2015.06.17 16:56:29.522,0.69177,0.69189,1.50,1.50
2015.06.17 16:56:30.026,0.69177,0.69188,3.37,1.00
2015.06.17 16:56:30.077,0.69177,0.6919,3.37,2.25
2015.06.17 16:56:30.382,0.69177,0.69189,1.50,1.37
2015.06.17 16:56:30.688,0.69176,0.69182,7.50,1.00
2015.06.17 16:56:31.492,0.69172,0.69182,1.37,1.00
2015.06.17 16:56:42.373,0.69172,0.69182,7.87,1.00
2015.06.17 16:56:53.802,0.69172,0.69182,1.37,1.00
2015.06.17 16:57:06.452,0.69174,0.69181,7.87,1.00
2015.06.17 16:57:07.048,0.69173,0.69181,7.50,1.50
2015.06.17 16:57:15.589,0.69171,0.69181,7.50,1.50
2015.06.17 16:57:16.198,0.69171,0.69179,7.50,1.00
2015.06.17 16:57:19.098,0.69171,0.69177,7.50,1.00
2015.06.17 16:57:19.149,0.69169,0.69177,8.25,1.00
2015.06.17 16:57:19.494,0.69166,0.69176,1.00,3.00
2015.06.17 16:57:19.595,0.69166,0.69173,1.00,1.00
2015.06.17 16:57:20.888,0.69164,0.69173,1.00,1.00
2015.06.17 16:57:21.861,0.69162,0.69173,1.50,1.50
2015.06.17 16:57:21.913,0.69162,0.69171,1.50,1.00
2015.06.17 16:57:22.422,0.69162,0.6917,1.37,1.00
2015.06.17 16:57:24.352,0.69162,0.6917,1.12,1.00
2015.06.17 16:57:28.624,0.6916,0.69168,1.87,1.00
2015.06.17 16:57:29.143,0.6916,0.69168,1.87,1.00
2015.06.17 16:57:30.375,0.69161,0.69166,1.12,1.00
2015.06.17 16:57:30.594,0.69161,0.69168,1.12,1.00
2015.06.17 16:57:32.113,0.69161,0.69166,1.12,1.00
2015.06.17 16:57:41.031,0.6916,0.69166,1.12,1.00
2015.06.17 16:57:46.900,0.6916,0.69164,1.00,1.00
2015.06.17 16:57:46.951,0.69156,0.69164,1.37,1.00
2015.06.17 16:57:47.002,0.69156,0.69164,1.12,1.00
2015.06.17 16:57:48.980,0.69155,0.69163,1.37,1.00
2015.06.17 16:57:52.577,0.69153,0.69162,2.25,1.00
2015.06.17 16:57:52.927,0.69153,0.6916,2.25,1.00
2015.06.17 16:57:53.386,0.69153,0.69163,2.25,1.50
2015.06.17 16:57:54.090,0.69153,0.69163,3.75,1.00
2015.06.17 16:57:56.497,0.69154,0.69163,1.50,1.00
2015.06.17 16:57:56.696,0.69154,0.69165,1.50,1.00
2015.06.17 16:57:57.203,0.69155,0.69166,1.87,1.50
2015.06.17 16:58:00.615,0.69155,0.69167,1.87,1.00
2015.06.17 16:58:01.794,0.69155,0.69167,2.62,1.00
2015.06.17 16:58:05.012,0.69157,0.69167,1.37,1.00
2015.06.17 16:58:05.316,0.69157,0.69167,2.25,1.00
2015.06.17 16:58:05.368,0.69158,0.69169,1.37,1.00
2015.06.17 16:58:06.867,0.69161,0.69169,1.37,1.00
2015.06.17 16:58:07.378,0.69161,0.6917,2.62,1.00
2015.06.17 16:58:08.442,0.69161,0.6917,1.37,1.50
2015.06.17 16:58:08.964,0.69159,0.69169,1.37,1.00
2015.06.17 16:58:10.657,0.69159,0.69167,1.37,1.00
2015.06.17 16:58:11.063,0.69159,0.69169,1.37,1.00
2015.06.17 16:58:14.263,0.6916,0.69169,1.37,1.00
2015.06.17 16:58:14.581,0.6916,0.69167,1.37,1.00
2015.06.17 16:58:15.093,0.6916,0.69168,1.37,1.00
2015.06.17 16:58:17.667,0.6916,0.69169,1.37,1.00
2015.06.17 16:58:18.004,0.69158,0.69167,1.37,1.00
2015.06.17 16:58:18.860,0.69158,0.69169,1.87,1.00
2015.06.17 16:58:18.911,0.69158,0.6917,1.00,1.00
2015.06.17 16:58:19.063,0.69157,0.69168,1.87,1.00
2015.06.17 16:58:19.608,0.69157,0.69169,2.62,1.00
2015.06.17 16:58:19.967,0.69158,0.69171,1.12,1.50
2015.06.17 16:58:20.197,0.69155,0.69167,1.50,1.50
2015.06.17 16:58:20.562,0.69155,0.69165,1.00,1.00
2015.06.17 16:58:21.069,0.69155,0.69166,1.37,2.25
2015.06.17 16:58:21.575,0.69156,0.69166,1.00,1.87
2015.06.17 16:58:22.320,0.69156,0.69164,1.00,1.00
2015.06.17 16:58:22.624,0.69155,0.69162,1.00,1.00
2015.06.17 16:58:23.131,0.69153,0.69162,1.50,1.00
2015.06.17 16:58:23.668,0.69152,0.69163,1.50,1.00
2015.06.17 16:58:24.176,0.69152,0.69165,1.50,2.62
2015.06.17 16:58:29.026,0.69155,0.69165,1.00,1.87
2015.06.17 16:58:29.533,0.69155,0.69163,1.00,1.00
2015.06.17 16:58:30.093,0.69155,0.69162,1.00,1.00
2015.06.17 16:58:31.196,0.69152,0.69162,1.37,1.00
2015.06.17 16:58:36.361,0.69151,0.69161,1.50,1.00
2015.06.17 16:58:36.912,0.69151,0.69162,1.50,1.50
2015.06.17 16:58:41.443,0.69148,0.6916,1.87,1.87
2015.06.17 16:58:41.545,0.69147,0.69158,1.87,1.00
2015.06.17 16:58:42.052,0.69147,0.69157,1.75,1.50
2015.06.17 16:58:42.571,0.69146,0.69155,2.62,1.00
2015.06.17 16:58:42.740,0.69145,0.69155,1.12,1.00
2015.06.17 16:58:43.244,0.69145,0.69156,1.37,1.50
2015.06.17 16:58:43.396,0.69144,0.69154,1.37,1.00
2015.06.17 16:58:43.919,0.69144,0.69153,1.37,1.00
2015.06.17 16:58:45.161,0.69144,0.69154,1.37,1.00
2015.06.17 16:58:48.537,0.69146,0.69157,1.37,1.00
2015.06.17 16:58:48.690,0.69148,0.69159,1.37,1.50
2015.06.17 16:58:49.198,0.69151,0.6916,1.37,1.00
2015.06.17 16:58:49.737,0.69151,0.69162,1.37,1.87
2015.06.17 16:58:50.244,0.69151,0.69162,1.37,1.00
2015.06.17 16:58:50.753,0.69151,0.69163,1.37,1.00
2015.06.17 16:58:56.254,0.69149,0.6916,1.87,1.00
2015.06.17 16:58:56.305,0.69149,0.69159,1.00,1.00
2015.06.17 16:58:56.829,0.69149,0.69158,1.00,1.00
2015.06.17 16:58:57.922,0.69149,0.69158,1.37,1.00
2015.06.17 16:58:58.091,0.69149,0.69161,1.37,3.37
2015.06.17 16:58:58.706,0.69149,0.69161,1.37,1.50
2015.06.17 16:59:01.464,0.69149,0.69161,1.37,1.00
2015.06.17 16:59:01.717,0.69149,0.69161,1.37,1.00
2015.06.17 16:59:06.870,0.69149,0.69161,1.37,1.00
2015.06.17 16:59:07.549,0.6915,0.69162,1.37,1.50
2015.06.17 16:59:09.553,0.6915,0.69162,1.37,1.50
2015.06.17 16:59:11.542,0.6915,0.69161,1.37,1.00
2015.06.17 16:59:13.711,0.6915,0.69161,1.12,1.00
2015.06.17 16:59:16.411,0.6915,0.69161,1.37,1.00
2015.06.17 16:59:16.924,0.6915,0.69162,1.37,2.25
2015.06.17 16:59:24.568,0.6915,0.69162,1.12,2.25
2015.06.17 16:59:33.093,0.6915,0.69162,1.37,3.37
2015.06.17 16:59:35.240,0.6915,0.69162,1.12,1.50
2015.06.17 16:59:39.633,0.6915,0.69162,1.37,1.50
2015.06.17 16:59:49.540,0.6915,0.69161,1.37,1.00
2015.06.17 16:59:50.320,0.6915,0.69162,1.37,1.50
2015.06.17 16:59:51.598,0.6915,0.69161,1.37,1.00
2015.06.17 16:59:58.696,0.6915,0.69162,1.37,3.00
2015.06.17 16:59:59.264,0.6915,0.6916,1.37,1.00
