2010.01.25 08:00:00.319,0.71395,0.71415,1.00,4.00
2010.01.25 08:00:01.589,0.71395,0.71415,1.00,4.10
2010.01.25 08:00:01.949,0.71395,0.71415,2.00,2.40
2010.01.25 08:00:02.289,0.71395,0.7142,2.00,4.10
2010.01.25 08:00:06.747,0.71395,0.71415,1.00,4.00
2010.01.25 08:00:07.088,0.71395,0.71415,1.00,5.60
2010.01.25 08:00:08.237,0.71395,0.71415,1.00,5.60
2010.01.25 08:00:08.537,0.71395,0.71415,1.00,5.70
2010.01.25 08:00:09.177,0.71395,0.71415,1.00,4.10
2010.01.25 08:00:10.437,0.71395,0.71415,1.00,2.50
2010.01.25 08:00:10.677,0.7139,0.71415,2.10,2.40
2010.01.25 08:00:10.967,0.71395,0.7142,2.00,4.10
2010.01.25 08:00:11.646,0.71405,0.7142,1.60,2.40
2010.01.25 08:00:11.996,0.7141,0.7143,4.80,1.60
2010.01.25 08:00:12.346,0.71415,0.7143,1.00,4.00
2010.01.25 08:00:13.036,0.7142,0.71445,1.60,4.00
2010.01.25 08:00:13.506,0.7142,0.71445,4.80,4.00
2010.01.25 08:00:13.856,0.7142,0.7144,1.60,1.60
2010.01.25 08:00:14.525,0.7142,0.71445,1.60,4.00
2010.01.25 08:00:14.876,0.7142,0.71445,4.00,1.60
2010.01.25 08:00:15.046,0.7142,0.71445,2.40,1.60
2010.01.25 08:00:15.206,0.7142,0.71445,1.60,4.00
2010.01.25 08:00:15.376,0.7142,0.71445,1.60,2.40
2010.01.25 08:00:15.536,0.7142,0.7145,2.40,8.80
2010.01.25 08:00:15.696,0.7142,0.7145,2.40,6.40
2010.01.25 08:00:15.866,0.7142,0.71445,4.00,1.60
2010.01.25 08:00:16.025,0.7142,0.71445,2.40,1.60
2010.01.25 08:00:16.376,0.7142,0.71445,4.00,1.60
2010.01.25 08:00:17.065,0.71415,0.7144,3.60,4.00
2010.01.25 08:00:17.405,0.71415,0.71445,1.00,8.00
2010.01.25 08:00:17.745,0.71415,0.7144,1.00,2.40
2010.01.25 08:00:18.245,0.71415,0.71445,2.80,4.00
2010.01.25 08:00:18.595,0.71415,0.7144,1.00,4.00
2010.01.25 08:00:18.945,0.71415,0.7144,2.80,1.60
2010.01.25 08:00:19.295,0.71415,0.7144,1.00,4.00
2010.01.25 08:00:22.224,0.71415,0.71435,1.00,1.60
2010.01.25 08:00:22.514,0.71415,0.7143,1.00,2.40
2010.01.25 08:00:22.844,0.71405,0.7143,4.80,2.40
2010.01.25 08:00:23.244,0.71405,0.7143,1.60,2.40
2010.01.25 08:00:24.593,0.714,0.71425,1.70,5.60
2010.01.25 08:00:24.943,0.714,0.71425,1.60,5.60
2010.01.25 08:00:26.453,0.714,0.71425,1.60,5.70
2010.01.25 08:00:29.452,0.71395,0.71425,8.90,4.10
2010.01.25 08:00:29.792,0.71405,0.7143,1.60,8.90
2010.01.25 08:00:32.911,0.71405,0.7143,1.60,4.10
2010.01.25 08:00:54.106,0.714,0.71425,4.00,1.60
2010.01.25 08:00:54.286,0.714,0.71425,1.60,4.00
2010.01.25 08:00:55.266,0.714,0.71425,1.60,4.10
2010.01.25 08:00:55.496,0.714,0.71425,1.60,2.50
2010.01.25 08:01:07.183,0.71405,0.71425,1.60,2.40
2010.01.25 08:01:07.353,0.71405,0.7143,1.60,5.70
2010.01.25 08:01:07.533,0.71405,0.7143,1.60,4.10
2010.01.25 08:01:38.166,0.7141,0.71435,1.60,10.80
2010.01.25 08:01:38.525,0.7141,0.71435,1.60,4.40
2010.01.25 08:01:39.055,0.7141,0.71435,1.60,2.40
2010.01.25 08:01:39.285,0.7141,0.7144,7.20,4.00
2010.01.25 08:01:40.205,0.7141,0.7144,4.00,4.00
2010.01.25 08:01:40.565,0.7141,0.7144,4.00,8.80
2010.01.25 08:01:49.463,0.7141,0.71435,4.00,1.60
2010.01.25 08:01:49.753,0.7141,0.71435,1.60,4.00
2010.01.25 08:01:50.033,0.7141,0.7144,7.20,4.00
2010.01.25 08:01:52.362,0.7141,0.7144,7.20,2.40
2010.01.25 08:01:52.642,0.71415,0.71445,2.40,8.00
2010.01.25 08:01:52.943,0.71415,0.71445,2.40,5.60
2010.01.25 08:02:00.410,0.7141,0.7144,7.20,4.00
2010.01.25 08:02:01.660,0.7141,0.71435,4.00,1.60
2010.01.25 08:02:01.890,0.7141,0.71435,1.60,4.00
2010.01.25 08:02:28.253,0.71405,0.71435,7.20,7.20
2010.01.25 08:02:28.484,0.71405,0.7143,1.60,2.40
2010.01.25 08:02:29.503,0.71405,0.7143,1.60,4.00
2010.01.25 08:02:30.313,0.71405,0.7143,1.60,4.10
2010.01.25 08:02:31.363,0.71405,0.7143,1.60,4.50
2010.01.25 08:02:32.632,0.71405,0.7143,1.60,4.10
2010.01.25 08:02:37.501,0.71405,0.7143,1.60,4.50
2010.01.25 08:02:38.401,0.71405,0.7143,1.60,4.90
2010.01.25 08:02:40.061,0.71405,0.7143,1.60,4.10
2010.01.25 08:02:41.750,0.71405,0.7143,2.00,4.10
2010.01.25 08:02:42.110,0.71405,0.71435,4.40,7.30
2010.01.25 08:02:42.440,0.7141,0.71435,1.60,5.70
2010.01.25 08:02:42.790,0.7141,0.7143,1.60,1.60
2010.01.25 08:02:43.130,0.7141,0.71435,1.60,5.70
2010.01.25 08:02:44.560,0.71405,0.7143,1.60,2.40
2010.01.25 08:02:45.609,0.71405,0.7143,1.60,2.50
2010.01.25 08:02:49.288,0.71405,0.7143,3.20,2.40
2010.01.25 08:02:49.508,0.7141,0.71435,1.60,5.70
2010.01.25 08:02:54.417,0.71405,0.7143,1.60,2.40
2010.01.25 08:02:55.597,0.71405,0.7143,1.60,2.50
2010.01.25 08:03:04.235,0.71405,0.7143,1.60,4.10
2010.01.25 08:03:04.585,0.71405,0.7143,1.60,5.70
2010.01.25 08:03:05.785,0.71405,0.7143,1.60,7.30
2010.01.25 08:03:05.954,0.714,0.71425,4.00,3.20
2010.01.25 08:03:06.184,0.71395,0.71425,4.00,10.40
2010.01.25 08:03:06.364,0.71395,0.7142,1.60,2.40
2010.01.25 08:03:06.754,0.71395,0.7142,3.20,2.40
2010.01.25 08:03:07.094,0.71395,0.7142,2.00,4.00
2010.01.25 08:03:07.715,0.71395,0.7142,1.60,4.00
2010.01.25 08:03:08.354,0.71395,0.7142,1.60,4.10
2010.01.25 08:03:11.733,0.7139,0.71415,1.60,4.00
2010.01.25 08:03:13.323,0.7139,0.71415,1.60,4.10
2010.01.25 08:03:15.502,0.7138,0.714,1.00,4.00
2010.01.25 08:03:15.842,0.7137,0.71395,1.60,4.00
2010.01.25 08:03:18.591,0.7137,0.71395,1.60,4.10
2010.01.25 08:03:19.221,0.71375,0.71395,1.60,2.40
2010.01.25 08:03:19.461,0.71375,0.714,1.60,4.10
2010.01.25 08:03:19.751,0.7138,0.714,1.60,2.40
2010.01.25 08:03:19.991,0.7138,0.71405,1.60,5.70
2010.01.25 08:03:28.219,0.7138,0.71405,1.60,8.90
2010.01.25 08:03:33.648,0.71375,0.714,4.00,3.20
2010.01.25 08:03:33.998,0.7138,0.714,1.60,4.00
2010.01.25 08:03:34.347,0.71375,0.714,1.60,8.80
2010.01.25 08:03:34.688,0.71375,0.714,1.60,5.60
2010.01.25 08:03:35.627,0.71375,0.714,1.60,4.10
2010.01.25 08:03:36.087,0.71375,0.714,1.60,5.70
2010.01.25 08:03:39.036,0.71375,0.714,2.00,5.70
2010.01.25 08:03:42.876,0.71375,0.714,1.60,5.70
2010.01.25 08:03:53.443,0.71375,0.71395,1.60,1.60
2010.01.25 08:03:53.623,0.7137,0.71395,2.40,4.80
2010.01.25 08:03:53.803,0.7137,0.71395,2.40,1.60
2010.01.25 08:03:54.023,0.71375,0.714,1.60,10.90
2010.01.25 08:03:54.193,0.7137,0.71395,4.00,1.60
2010.01.25 08:03:54.543,0.7137,0.71395,1.60,4.00
2010.01.25 08:03:55.572,0.7137,0.71395,1.60,4.10
2010.01.25 08:03:58.362,0.71365,0.7139,6.80,2.40
2010.01.25 08:03:58.692,0.71365,0.7139,3.60,2.40
2010.01.25 08:03:59.392,0.71365,0.7139,3.60,2.50
2010.01.25 08:04:00.031,0.71365,0.7139,2.00,2.50
2010.01.25 08:04:00.931,0.71365,0.71385,2.00,1.60
2010.01.25 08:04:01.091,0.71365,0.71385,2.00,4.80
2010.01.25 08:04:01.261,0.71365,0.7138,1.00,2.40
2010.01.25 08:04:02.071,0.71365,0.7138,1.60,2.40
2010.01.25 08:04:02.411,0.71365,0.7139,1.60,4.10
2010.01.25 08:04:02.751,0.71365,0.7139,1.60,2.50
2010.01.25 08:04:03.101,0.71365,0.7139,1.60,8.90
2010.01.25 08:04:17.997,0.71365,0.7139,1.60,7.30
2010.01.25 08:04:20.146,0.71365,0.7139,1.60,8.90
2010.01.25 08:04:20.606,0.7137,0.7139,1.60,7.30
2010.01.25 08:04:20.716,0.7137,0.7139,1.60,7.20
2010.01.25 08:04:20.896,0.71375,0.7139,1.60,8.80
2010.01.25 08:04:21.186,0.71365,0.71385,2.40,2.40
2010.01.25 08:04:21.536,0.7137,0.7139,1.60,3.20
2010.01.25 08:04:21.826,0.7137,0.71395,1.60,8.80
2010.01.25 08:04:22.116,0.71365,0.7139,1.60,2.40
2010.01.25 08:04:22.476,0.7137,0.7139,1.60,2.40
2010.01.25 08:04:22.696,0.7137,0.71395,1.60,7.20
2010.01.25 08:04:22.876,0.71365,0.7139,1.60,2.40
2010.01.25 08:04:23.106,0.71365,0.7139,3.20,2.40
2010.01.25 08:04:23.336,0.7137,0.71395,1.60,4.00
2010.01.25 08:04:23.666,0.7137,0.71395,1.60,2.40
2010.01.25 08:04:24.006,0.7137,0.71395,1.60,7.20
2010.01.25 08:04:25.295,0.7137,0.71395,1.60,7.30
2010.01.25 08:04:26.555,0.71375,0.71395,1.60,1.60
2010.01.25 08:04:26.775,0.71375,0.714,1.60,7.30
2010.01.25 08:04:27.175,0.71375,0.714,1.60,4.10
2010.01.25 08:04:31.724,0.71375,0.71395,1.60,1.60
2010.01.25 08:04:32.066,0.71365,0.7139,4.80,2.40
2010.01.25 08:04:32.414,0.7136,0.7139,8.90,5.60
2010.01.25 08:04:32.754,0.7136,0.7139,8.90,4.00
2010.01.25 08:04:33.053,0.7136,0.7139,8.90,5.60
2010.01.25 08:04:34.343,0.7136,0.7139,8.90,5.70
2010.01.25 08:04:34.693,0.7136,0.7139,8.80,7.30
2010.01.25 08:04:35.043,0.7136,0.71385,3.20,4.00
2010.01.25 08:04:37.072,0.71355,0.71385,8.80,4.00
2010.01.25 08:04:38.812,0.71355,0.71385,8.80,4.40
2010.01.25 08:04:43.184,0.71355,0.71375,6.40,1.00
2010.01.25 08:04:43.481,0.7135,0.71375,8.90,1.00
2010.01.25 08:04:44.541,0.7135,0.7138,8.90,4.00
2010.01.25 08:04:44.881,0.71355,0.71385,5.60,6.80
2010.01.25 08:04:45.221,0.71355,0.71385,5.60,7.60
2010.01.25 08:04:45.561,0.71355,0.7138,6.40,2.40
2010.01.25 08:04:45.741,0.71355,0.7137,4.80,2.40
2010.01.25 08:04:45.980,0.71345,0.7137,3.20,4.00
2010.01.25 08:04:46.160,0.71345,0.71365,3.20,1.60
2010.01.25 08:04:46.550,0.7134,0.7136,2.40,1.60
2010.01.25 08:04:46.900,0.7134,0.7136,1.60,4.00
2010.01.25 08:04:47.230,0.7133,0.7136,7.30,5.60
2010.01.25 08:04:47.580,0.7133,0.7136,8.90,5.60
2010.01.25 08:04:48.620,0.7133,0.7136,8.90,5.70
2010.01.25 08:05:11.774,0.7133,0.7136,8.90,5.60
2010.01.25 08:05:12.124,0.71335,0.71365,8.80,5.70
2010.01.25 08:05:13.434,0.71335,0.71365,8.90,5.70
2010.01.25 08:05:13.774,0.7133,0.7136,8.90,5.60
2010.01.25 08:05:14.114,0.7133,0.71355,1.60,4.00
2010.01.25 08:05:14.474,0.7133,0.71355,1.60,5.60
2010.01.25 08:05:14.863,0.71325,0.71355,8.80,8.80
2010.01.25 08:05:15.194,0.7132,0.7135,7.30,5.60
2010.01.25 08:05:15.553,0.7132,0.71345,5.70,1.00
2010.01.25 08:05:16.183,0.7132,0.71345,4.10,1.00
2010.01.25 08:05:16.473,0.7132,0.7134,4.00,1.60
2010.01.25 08:05:16.813,0.71315,0.71325,1.60,4.00
2010.01.25 08:05:17.203,0.7131,0.71315,1.00,1.60
2010.01.25 08:05:17.883,0.7131,0.7132,1.00,2.40
2010.01.25 08:05:18.233,0.7131,0.71315,1.00,1.60
2010.01.25 08:05:18.572,0.71295,0.71315,3.20,1.60
2010.01.25 08:05:18.913,0.71295,0.7132,3.20,2.40
2010.01.25 08:05:21.132,0.7129,0.7132,5.60,2.40
2010.01.25 08:05:21.542,0.71295,0.7132,1.60,4.00
2010.01.25 08:05:21.712,0.71295,0.7132,6.40,2.40
2010.01.25 08:05:22.062,0.71295,0.71325,8.80,2.40
2010.01.25 08:05:22.401,0.713,0.7133,2.40,8.80
2010.01.25 08:05:23.271,0.713,0.71325,2.40,1.60
2010.01.25 08:05:23.551,0.71295,0.71325,2.40,2.40
2010.01.25 08:05:23.831,0.71295,0.71325,2.40,5.60
2010.01.25 08:05:24.121,0.71295,0.71325,2.40,4.00
2010.01.25 08:05:24.631,0.713,0.71325,2.40,1.60
2010.01.25 08:05:25.281,0.713,0.7133,2.40,2.40
2010.01.25 08:05:25.621,0.71305,0.71335,2.40,8.80
2010.01.25 08:05:25.971,0.71305,0.7133,2.40,3.20
2010.01.25 08:05:26.141,0.713,0.7133,8.80,5.60
2010.01.25 08:05:27.580,0.713,0.7133,8.90,5.60
2010.01.25 08:05:28.230,0.713,0.7133,7.30,5.60
2010.01.25 08:05:28.560,0.713,0.7133,7.30,5.70
2010.01.25 08:05:30.120,0.71295,0.7132,4.40,1.60
2010.01.25 08:05:30.460,0.71295,0.7132,1.00,2.40
2010.01.25 08:05:32.759,0.7129,0.7132,5.60,2.40
2010.01.25 08:05:33.209,0.71295,0.71325,2.80,8.80
2010.01.25 08:05:33.799,0.71295,0.71325,2.80,4.00
2010.01.25 08:05:34.139,0.71295,0.7131,4.40,1.60
2010.01.25 08:05:34.469,0.71295,0.7131,5.20,2.40
2010.01.25 08:05:34.859,0.713,0.7132,2.40,1.00
2010.01.25 08:05:35.198,0.713,0.7132,5.60,1.00
2010.01.25 08:05:35.539,0.713,0.7133,5.60,2.40
2010.01.25 08:05:36.398,0.71305,0.71335,2.40,11.20
2010.01.25 08:05:36.558,0.71305,0.71335,2.40,7.20
2010.01.25 08:05:37.588,0.713,0.7133,2.40,8.80
2010.01.25 08:05:37.928,0.713,0.7133,2.40,7.20
2010.01.25 08:05:43.107,0.713,0.7133,2.40,8.80
2010.01.25 08:05:43.277,0.713,0.71325,2.40,1.60
2010.01.25 08:05:43.447,0.71295,0.71325,2.40,4.00
2010.01.25 08:05:43.947,0.71295,0.71325,2.40,5.60
2010.01.25 08:05:44.307,0.7129,0.7132,7.20,2.40
2010.01.25 08:05:44.996,0.7129,0.7132,4.00,4.00
2010.01.25 08:05:45.676,0.71295,0.71325,2.40,7.20
2010.01.25 08:05:46.066,0.71295,0.71325,2.40,4.00
2010.01.25 08:05:46.636,0.71295,0.71325,2.40,7.20
2010.01.25 08:05:49.065,0.7129,0.7132,7.20,2.40
2010.01.25 08:05:49.645,0.7129,0.7132,2.40,7.20
2010.01.25 08:05:49.985,0.71285,0.7132,15.30,2.40
2010.01.25 08:05:50.335,0.7129,0.7132,2.40,2.40
2010.01.25 08:05:51.015,0.7129,0.7132,4.00,2.40
2010.01.25 08:05:51.714,0.7129,0.71325,7.20,9.60
2010.01.25 08:05:52.054,0.71295,0.71325,2.40,7.20
2010.01.25 08:05:52.406,0.71295,0.71325,5.60,2.40
2010.01.25 08:05:57.313,0.71295,0.71325,2.40,7.20
2010.01.25 08:05:57.603,0.7129,0.7132,7.20,2.40
2010.01.25 08:05:57.943,0.7129,0.7132,4.00,2.40
2010.01.25 08:05:58.293,0.71285,0.71315,11.20,4.00
2010.01.25 08:05:58.633,0.71285,0.71315,2.40,11.20
2010.01.25 08:05:58.913,0.71285,0.71315,2.40,7.20
2010.01.25 08:05:59.213,0.71285,0.7131,1.60,7.20
2010.01.25 08:05:59.832,0.71285,0.7131,2.40,4.80
2010.01.25 08:06:00.182,0.71285,0.71315,2.40,7.20
2010.01.25 08:06:00.522,0.71285,0.71315,4.00,4.00
2010.01.25 08:06:01.542,0.71285,0.71315,4.40,4.00
2010.01.25 08:06:01.872,0.71285,0.71315,6.00,2.40
2010.01.25 08:06:02.202,0.7129,0.7132,4.00,2.40
2010.01.25 08:06:02.562,0.7129,0.7132,7.20,2.40
2010.01.25 08:06:02.902,0.71305,0.7133,2.40,4.80
2010.01.25 08:06:03.262,0.713,0.7133,2.40,4.00
2010.01.25 08:06:04.342,0.713,0.7133,4.80,4.00
2010.01.25 08:06:04.701,0.71305,0.71335,2.40,8.80
2010.01.25 08:06:06.721,0.71305,0.71335,2.40,7.20
2010.01.25 08:06:11.880,0.71305,0.71335,2.40,8.80
2010.01.25 08:06:13.259,0.713,0.7133,2.40,4.00
2010.01.25 08:06:13.549,0.71305,0.71335,4.00,10.40
2010.01.25 08:06:15.249,0.71305,0.71335,4.00,12.00
2010.01.25 08:06:15.649,0.713,0.7133,4.10,7.20
2010.01.25 08:06:15.989,0.713,0.7133,4.10,10.40
2010.01.25 08:06:18.268,0.713,0.7133,4.10,10.50
2010.01.25 08:06:22.427,0.713,0.7133,5.70,8.90
2010.01.25 08:06:22.787,0.71305,0.7133,4.00,4.80
2010.01.25 08:06:23.137,0.71305,0.7133,2.40,1.60
2010.01.25 08:06:23.307,0.713,0.7133,5.70,4.00
2010.01.25 08:06:23.487,0.713,0.7133,5.70,5.60
2010.01.25 08:06:24.406,0.713,0.7133,5.70,5.70
2010.01.25 08:06:31.425,0.713,0.7133,5.70,5.60
2010.01.25 08:06:31.605,0.71305,0.7133,1.60,1.60
2010.01.25 08:06:32.005,0.71305,0.71335,1.60,12.80
2010.01.25 08:06:32.355,0.71305,0.71335,4.40,4.80
2010.01.25 08:06:32.685,0.7131,0.7134,5.60,2.40
2010.01.25 08:06:33.095,0.71315,0.71335,4.00,1.60
2010.01.25 08:06:33.425,0.71315,0.71345,9.60,4.00
2010.01.25 08:06:33.765,0.71325,0.7134,1.00,1.60
2010.01.25 08:06:34.104,0.71325,0.7135,1.00,4.00
2010.01.25 08:06:35.174,0.71325,0.71345,1.00,1.60
2010.01.25 08:06:35.454,0.71325,0.7135,1.00,4.00
2010.01.25 08:06:36.024,0.7132,0.7135,2.40,4.00
2010.01.25 08:06:39.863,0.71315,0.71345,5.60,2.40
2010.01.25 08:06:40.193,0.71315,0.71345,5.60,4.00
2010.01.25 08:06:57.009,0.71315,0.71345,5.60,2.40
2010.01.25 08:06:59.328,0.71315,0.71345,7.20,2.40
2010.01.25 08:06:59.688,0.71325,0.7135,1.00,4.00
2010.01.25 08:07:01.098,0.7132,0.7135,5.60,4.00
2010.01.25 08:07:01.858,0.7132,0.71345,3.20,2.40
2010.01.25 08:07:02.248,0.71315,0.71345,6.00,4.00
2010.01.25 08:07:02.908,0.71315,0.71345,2.40,8.80
2010.01.25 08:07:03.308,0.7131,0.7134,4.80,2.40
2010.01.25 08:07:03.597,0.7131,0.7134,5.60,2.40
2010.01.25 08:07:04.337,0.71315,0.71345,2.40,10.40
2010.01.25 08:07:04.687,0.71315,0.71345,5.60,4.00
2010.01.25 08:07:08.976,0.71315,0.71345,5.60,2.40
2010.01.25 08:07:09.626,0.71315,0.71345,5.60,4.00
2010.01.25 08:07:10.016,0.71315,0.71345,5.60,2.40
2010.01.25 08:07:11.785,0.71315,0.71345,5.60,4.00
2010.01.25 08:07:12.055,0.71315,0.71345,2.40,5.60
2010.01.25 08:07:12.405,0.71315,0.71345,2.40,7.20
2010.01.25 08:07:12.745,0.7131,0.7134,5.60,2.40
2010.01.25 08:07:13.095,0.7131,0.7134,5.60,4.00
2010.01.25 08:07:16.224,0.71305,0.71335,8.80,5.60
2010.01.25 08:07:20.493,0.71305,0.7133,3.20,4.00
2010.01.25 08:07:20.793,0.713,0.7133,8.90,4.00
2010.01.25 08:07:21.573,0.713,0.71325,8.90,1.00
2010.01.25 08:07:21.804,0.713,0.71325,5.70,1.00
2010.01.25 08:07:22.872,0.713,0.7133,5.70,7.20
2010.01.25 08:07:23.542,0.713,0.7133,5.70,7.30
2010.01.25 08:07:36.259,0.713,0.71325,5.70,1.00
2010.01.25 08:07:36.729,0.713,0.7132,4.00,1.60
2010.01.25 08:07:36.899,0.713,0.7132,1.60,1.60
2010.01.25 08:07:37.389,0.7129,0.71315,2.40,2.00
2010.01.25 08:07:37.749,0.71285,0.71305,4.00,1.00
2010.01.25 08:07:38.089,0.7128,0.71305,4.10,1.00
2010.01.25 08:07:38.429,0.7128,0.71305,2.40,3.60
2010.01.25 08:07:38.759,0.7127,0.713,8.90,5.60
2010.01.25 08:07:39.109,0.71285,0.71295,1.60,4.00
2010.01.25 08:07:39.459,0.7128,0.71295,1.60,4.00
2010.01.25 08:07:39.808,0.71275,0.71295,1.60,4.00
2010.01.25 08:07:40.208,0.7127,0.71295,1.60,4.00
2010.01.25 08:07:41.178,0.71265,0.71295,8.90,5.60
2010.01.25 08:07:41.518,0.71265,0.71295,8.90,5.70
2010.01.25 08:07:42.648,0.7127,0.71295,1.60,4.10
2010.01.25 08:07:42.988,0.7127,0.713,5.60,10.50
2010.01.25 08:07:44.607,0.7127,0.713,5.70,10.50
2010.01.25 08:07:50.106,0.71275,0.713,3.20,2.40
2010.01.25 08:07:50.456,0.71275,0.71305,3.20,10.80
2010.01.25 08:07:50.806,0.71275,0.71305,5.60,10.80
2010.01.25 08:07:56.734,0.71275,0.713,4.00,1.60
2010.01.25 08:07:56.845,0.7127,0.713,8.10,5.60
2010.01.25 08:07:56.955,0.7127,0.713,5.70,5.60
2010.01.25 08:07:57.804,0.71275,0.713,3.20,2.40
2010.01.25 08:07:58.154,0.71275,0.71305,5.60,10.40
2010.01.25 08:07:58.504,0.71275,0.71305,5.60,10.80
2010.01.25 08:07:59.724,0.71275,0.71305,5.60,10.40
2010.01.25 08:08:04.083,0.71275,0.71305,5.60,8.80
2010.01.25 08:08:07.442,0.71275,0.71305,5.60,10.40
2010.01.25 08:08:14.660,0.71275,0.71305,8.80,4.00
2010.01.25 08:08:17.620,0.71275,0.71305,8.80,2.40
2010.01.25 08:08:17.959,0.7128,0.7131,2.40,7.20
2010.01.25 08:08:18.299,0.7128,0.7131,4.00,2.40
2010.01.25 08:08:19.339,0.7128,0.71305,1.60,4.00
2010.01.25 08:08:19.679,0.71275,0.71305,5.60,4.00
2010.01.25 08:08:20.029,0.7128,0.71305,1.60,4.00
2010.01.25 08:08:20.709,0.7128,0.71305,1.60,5.60
2010.01.25 08:08:21.048,0.71275,0.71305,5.60,5.60
2010.01.25 08:08:24.888,0.71275,0.71305,5.60,7.20
2010.01.25 08:08:25.247,0.71275,0.71305,5.60,10.40
2010.01.25 08:08:27.427,0.71275,0.71305,4.00,10.40
2010.01.25 08:08:27.597,0.71275,0.71305,4.00,12.40
2010.01.25 08:08:27.987,0.7127,0.713,5.70,5.60
2010.01.25 08:08:29.986,0.71275,0.713,4.00,1.60
2010.01.25 08:08:30.326,0.71275,0.71305,5.60,8.80
2010.01.25 08:08:30.716,0.71275,0.71305,5.60,10.40
2010.01.25 08:08:32.946,0.71275,0.71305,5.60,8.80
2010.01.25 08:08:33.176,0.7128,0.71305,1.60,4.00
2010.01.25 08:08:33.415,0.7128,0.71305,4.00,1.60
2010.01.25 08:08:34.026,0.7128,0.71305,5.60,1.60
2010.01.25 08:08:34.365,0.71275,0.7131,16.10,12.10
2010.01.25 08:08:35.415,0.7128,0.7131,5.70,12.10
2010.01.25 08:08:38.474,0.71285,0.7131,1.60,3.20
2010.01.25 08:08:38.864,0.71285,0.71315,5.60,10.80
2010.01.25 08:08:41.864,0.71285,0.7131,5.60,4.80
2010.01.25 08:08:41.924,0.71285,0.71305,1.60,4.00
2010.01.25 08:08:41.984,0.71275,0.71305,11.30,5.60
2010.01.25 08:08:42.104,0.71275,0.71305,9.70,5.60
2010.01.25 08:08:42.283,0.71275,0.71305,8.90,5.60
2010.01.25 08:08:44.423,0.71275,0.71305,8.90,5.70
2010.01.25 08:08:48.192,0.71275,0.71305,8.90,7.30
2010.01.25 08:08:48.462,0.71275,0.71305,5.70,8.90
2010.01.25 08:08:50.841,0.71275,0.71305,8.90,7.30
2010.01.25 08:08:51.021,0.71275,0.71305,8.90,5.70
2010.01.25 08:08:56.700,0.71275,0.71305,8.90,6.10
2010.01.25 08:08:56.940,0.71275,0.71305,7.30,7.70
2010.01.25 08:08:57.211,0.71275,0.71305,5.70,9.30
2010.01.25 08:08:57.430,0.71275,0.713,4.00,1.60
2010.01.25 08:08:57.790,0.7127,0.713,6.50,5.60
2010.01.25 08:08:58.140,0.7127,0.713,9.70,5.60
2010.01.25 08:08:58.490,0.7127,0.71295,4.00,1.60
2010.01.25 08:08:58.840,0.71265,0.71295,8.90,4.00
2010.01.25 08:08:59.570,0.71265,0.71295,8.90,4.40
2010.01.25 08:08:59.919,0.71265,0.71295,8.90,6.00
2010.01.25 08:09:00.609,0.71265,0.71295,8.90,6.10
2010.01.25 08:09:02.649,0.71265,0.71295,8.90,5.70
2010.01.25 08:09:02.928,0.71265,0.71295,7.30,5.70
2010.01.25 08:09:04.078,0.71265,0.71295,7.30,6.10
2010.01.25 08:09:05.668,0.71265,0.7129,5.70,1.60
2010.01.25 08:09:06.008,0.7126,0.71285,4.10,1.00
2010.01.25 08:09:06.458,0.7126,0.71285,4.10,2.00
2010.01.25 08:09:06.688,0.7126,0.71285,4.10,1.00
2010.01.25 08:09:07.597,0.7126,0.71285,4.10,2.00
2010.01.25 08:09:08.967,0.7126,0.71275,2.40,1.00
2010.01.25 08:09:09.327,0.7125,0.71275,5.60,3.60
2010.01.25 08:09:09.677,0.71245,0.71275,8.90,4.40
2010.01.25 08:09:10.057,0.71245,0.71275,7.30,6.00
2010.01.25 08:09:11.446,0.71245,0.7127,7.30,1.60
2010.01.25 08:09:11.806,0.7124,0.71265,5.60,3.20
2010.01.25 08:09:12.146,0.71235,0.7126,3.20,2.40
2010.01.25 08:09:12.537,0.71235,0.7126,4.80,2.40
2010.01.25 08:09:12.836,0.71235,0.7126,3.20,2.40
2010.01.25 08:09:13.196,0.71235,0.71265,5.60,2.40
2010.01.25 08:09:13.536,0.7123,0.7126,5.60,2.40
2010.01.25 08:09:21.074,0.7123,0.71255,5.60,3.20
2010.01.25 08:09:21.374,0.71225,0.71255,5.60,4.00
2010.01.25 08:09:21.664,0.71225,0.71255,2.40,4.00
2010.01.25 08:09:21.844,0.7122,0.7125,7.20,2.40
2010.01.25 08:09:22.064,0.71225,0.7125,3.20,2.40
2010.01.25 08:09:22.234,0.71225,0.71255,8.80,5.60
2010.01.25 08:09:23.254,0.71225,0.7125,3.20,2.40
2010.01.25 08:09:26.973,0.71225,0.71255,5.60,4.00
2010.01.25 08:09:27.203,0.71225,0.71255,5.60,6.40
2010.01.25 08:09:27.373,0.7122,0.7125,5.60,2.40
2010.01.25 08:09:29.532,0.7122,0.7125,7.20,2.40
2010.01.25 08:09:29.882,0.71225,0.71255,2.40,7.20
2010.01.25 08:09:30.272,0.71225,0.71255,4.00,7.20
2010.01.25 08:09:30.622,0.71225,0.7125,3.20,2.40
2010.01.25 08:09:30.922,0.71245,0.7126,4.00,2.40
2010.01.25 08:09:31.322,0.7123,0.71265,2.40,13.20
2010.01.25 08:09:32.021,0.7123,0.71265,5.60,13.20
2010.01.25 08:09:33.401,0.7123,0.7127,5.60,21.40
2010.01.25 08:09:34.801,0.71245,0.71265,1.60,11.60
2010.01.25 08:09:35.151,0.71245,0.71265,5.60,1.00
2010.01.25 08:09:36.141,0.71255,0.71265,1.60,1.00
2010.01.25 08:09:36.491,0.7125,0.71275,7.20,1.00
2010.01.25 08:09:38.330,0.7125,0.71275,7.30,1.00
2010.01.25 08:09:40.419,0.71245,0.7127,4.80,1.60
2010.01.25 08:09:40.769,0.71245,0.7127,4.00,1.60
2010.01.25 08:09:41.109,0.7124,0.7127,5.60,5.60
2010.01.25 08:09:44.118,0.7125,0.7127,6.80,2.40
2010.01.25 08:09:44.408,0.7125,0.7127,3.60,1.60
2010.01.25 08:09:44.698,0.71245,0.71275,4.00,10.80
2010.01.25 08:09:45.048,0.71245,0.7127,4.00,1.60
2010.01.25 08:09:45.408,0.7124,0.7127,2.40,7.20
2010.01.25 08:09:45.748,0.7124,0.7127,2.40,2.40
2010.01.25 08:09:53.246,0.71235,0.71265,9.20,4.00
2010.01.25 08:09:53.816,0.71235,0.71265,7.60,5.60
2010.01.25 08:09:54.466,0.71235,0.71265,7.20,5.60
2010.01.25 08:09:55.126,0.71235,0.7127,11.20,11.20
2010.01.25 08:09:55.476,0.7124,0.7127,2.40,7.20
2010.01.25 08:09:55.826,0.7124,0.7127,2.40,8.80
2010.01.25 08:09:56.416,0.7124,0.7127,2.40,7.20
2010.01.25 08:09:57.685,0.7124,0.7127,2.40,8.80
2010.01.25 08:10:04.024,0.7124,0.71265,2.40,3.20
2010.01.25 08:10:04.304,0.71235,0.71265,4.00,5.60
2010.01.25 08:10:04.533,0.71235,0.71265,4.00,7.20
2010.01.25 08:10:08.753,0.71245,0.7127,1.60,7.20
2010.01.25 08:10:09.023,0.71245,0.71275,1.60,13.20
2010.01.25 08:10:09.353,0.71245,0.71275,4.00,10.80
2010.01.25 08:10:10.902,0.71245,0.71275,7.60,6.00
2010.01.25 08:10:11.142,0.7125,0.71275,3.20,2.40
2010.01.25 08:10:11.322,0.71255,0.7128,1.60,4.00
2010.01.25 08:10:11.532,0.71255,0.71285,4.00,10.80
2010.01.25 08:10:11.752,0.71255,0.71285,4.00,7.60
2010.01.25 08:10:12.282,0.71255,0.71275,4.00,1.00
2010.01.25 08:10:12.642,0.71255,0.71285,4.00,7.60
2010.01.25 08:10:13.262,0.71255,0.71285,4.00,7.70
2010.01.25 08:10:13.721,0.71255,0.71275,4.00,1.00
2010.01.25 08:10:14.172,0.71255,0.71285,4.00,7.70
2010.01.25 08:10:14.571,0.7125,0.71285,17.80,7.70
2010.01.25 08:10:18.220,0.71255,0.71285,5.70,7.70
2010.01.25 08:10:19.560,0.71255,0.71285,5.70,9.30
2010.01.25 08:10:19.900,0.71255,0.7128,1.60,4.00
2010.01.25 08:10:20.190,0.7125,0.7128,4.10,5.60
2010.01.25 08:10:21.190,0.71255,0.7128,4.00,1.60
2010.01.25 08:10:24.539,0.71255,0.71285,4.00,7.20
2010.01.25 08:10:26.558,0.71255,0.71285,4.00,5.60
2010.01.25 08:10:26.848,0.71255,0.71285,9.60,2.40
2010.01.25 08:10:27.138,0.7126,0.7129,2.40,8.80
2010.01.25 08:10:30.067,0.7126,0.7129,2.40,7.20
2010.01.25 08:10:30.457,0.7126,0.7129,5.60,4.00
2010.01.25 08:10:35.746,0.71255,0.7128,2.40,6.40
2010.01.25 08:10:36.106,0.71245,0.71275,5.60,4.00
2010.01.25 08:10:36.216,0.71245,0.71275,5.60,5.60
2010.01.25 08:10:36.336,0.71245,0.71275,2.40,5.60
2010.01.25 08:10:36.456,0.71245,0.71275,2.80,5.60
2010.01.25 08:10:36.626,0.71245,0.71275,6.00,2.40
2010.01.25 08:10:38.246,0.71245,0.71275,6.00,4.00
2010.01.25 08:10:38.586,0.71245,0.71275,2.40,5.60
2010.01.25 08:10:38.936,0.7124,0.7127,5.60,4.00
2010.01.25 08:10:39.265,0.7124,0.7127,2.40,4.00
2010.01.25 08:10:40.675,0.7124,0.7127,2.40,8.80
2010.01.25 08:10:46.784,0.7124,0.71265,2.40,1.00
2010.01.25 08:10:46.954,0.71235,0.71255,4.00,2.40
2010.01.25 08:10:47.123,0.71225,0.71255,8.80,2.40
2010.01.25 08:10:47.293,0.7123,0.7126,2.40,7.20
2010.01.25 08:10:47.463,0.7123,0.7126,2.40,8.80
2010.01.25 08:10:47.643,0.7123,0.7126,2.40,7.20
2010.01.25 08:10:48.153,0.71225,0.71255,2.40,19.20
2010.01.25 08:10:48.503,0.7122,0.7125,2.40,2.40
2010.01.25 08:10:49.133,0.7122,0.7125,2.40,4.00
2010.01.25 08:10:56.051,0.7122,0.7125,2.40,6.40
2010.01.25 08:10:56.441,0.71215,0.71245,7.60,2.40
2010.01.25 08:11:20.835,0.7122,0.7125,2.40,7.20
2010.01.25 08:11:21.415,0.7122,0.7125,2.40,5.60
2010.01.25 08:11:21.795,0.7122,0.7125,8.80,2.40
2010.01.25 08:11:22.125,0.71225,0.71255,5.60,7.20
2010.01.25 08:11:22.475,0.71225,0.71255,6.00,7.20
2010.01.25 08:11:23.175,0.71225,0.71255,5.60,7.20
2010.01.25 08:11:27.934,0.71225,0.71255,9.20,4.00
2010.01.25 08:11:30.163,0.71225,0.71255,9.20,5.60
2010.01.25 08:11:30.503,0.71225,0.71255,2.80,4.00
2010.01.25 08:11:30.833,0.7122,0.7125,7.20,2.40
2010.01.25 08:11:34.042,0.71225,0.7125,1.00,2.40
2010.01.25 08:11:34.682,0.7122,0.7125,7.20,2.40
2010.01.25 08:11:34.962,0.71225,0.7125,1.00,2.40
2010.01.25 08:11:35.542,0.71225,0.7125,2.00,2.40
2010.01.25 08:11:35.881,0.71225,0.71255,9.20,7.20
2010.01.25 08:11:36.582,0.71225,0.7125,6.00,3.20
2010.01.25 08:11:36.701,0.71225,0.7125,1.00,5.60
2010.01.25 08:11:38.661,0.7122,0.71245,1.60,2.40
2010.01.25 08:11:39.011,0.71215,0.71245,2.80,5.60
2010.01.25 08:11:39.361,0.71215,0.7124,1.00,2.40
2010.01.25 08:11:41.100,0.7121,0.7124,7.20,2.40
2010.01.25 08:11:41.330,0.71215,0.7124,1.00,2.40
2010.01.25 08:11:42.030,0.7121,0.7124,7.20,2.40
2010.01.25 08:11:45.569,0.7121,0.7124,8.80,2.40
2010.01.25 08:11:45.919,0.71215,0.71245,4.00,7.20
2010.01.25 08:11:55.837,0.7121,0.7124,7.20,2.40
2010.01.25 08:11:56.187,0.7121,0.7124,5.60,2.40
2010.01.25 08:11:56.537,0.7121,0.7124,2.40,7.20
2010.01.25 08:11:56.936,0.7121,0.7124,4.00,7.20
2010.01.25 08:11:57.397,0.7121,0.7124,2.40,7.20
2010.01.25 08:11:59.076,0.71205,0.71235,8.80,4.00
2010.01.25 08:12:11.353,0.712,0.7123,8.90,4.00
2010.01.25 08:12:13.273,0.712,0.7123,8.90,4.10
2010.01.25 08:12:14.302,0.712,0.71225,4.10,1.00
2010.01.25 08:12:14.652,0.712,0.71225,2.40,3.60
2010.01.25 08:12:15.002,0.71195,0.71225,8.90,4.40
2010.01.25 08:12:15.352,0.71195,0.71225,8.90,6.00
2010.01.25 08:12:16.382,0.71195,0.71225,8.90,6.10
2010.01.25 08:12:18.181,0.71205,0.71225,1.60,4.40
2010.01.25 08:12:18.411,0.7121,0.71225,4.00,1.00
2010.01.25 08:12:18.811,0.712,0.71225,1.60,2.40
2010.01.25 08:12:19.161,0.712,0.7123,4.00,5.60
2010.01.25 08:12:19.741,0.712,0.7123,4.00,7.20
2010.01.25 08:12:20.471,0.712,0.7123,4.10,7.30
2010.01.25 08:12:22.250,0.712,0.71225,4.10,1.00
2010.01.25 08:12:22.480,0.712,0.7123,4.10,7.30
2010.01.25 08:12:26.480,0.71205,0.71235,1.60,13.20
2010.01.25 08:12:26.829,0.71205,0.71235,4.00,7.60
2010.01.25 08:12:28.049,0.71215,0.71235,1.60,4.00
2010.01.25 08:12:28.409,0.71215,0.7124,4.00,1.60
2010.01.25 08:12:38.197,0.7121,0.7124,2.40,4.00
2010.01.25 08:12:38.706,0.7121,0.7124,5.60,4.00
2010.01.25 08:12:39.297,0.7121,0.7124,2.40,7.20
2010.01.25 08:12:39.647,0.7121,0.7124,2.40,8.80
2010.01.25 08:12:39.986,0.7121,0.71235,2.40,1.60
2010.01.25 08:12:41.036,0.71205,0.71235,2.40,4.00
2010.01.25 08:12:41.376,0.71205,0.71235,2.40,5.60
2010.01.25 08:12:44.515,0.71205,0.7123,2.40,1.60
2010.01.25 08:12:47.215,0.712,0.7123,2.40,8.80
2010.01.25 08:12:47.854,0.71195,0.71225,2.40,11.20
2010.01.25 08:12:48.204,0.7119,0.7122,5.60,4.00
2010.01.25 08:12:50.254,0.7119,0.7122,5.60,2.40
2010.01.25 08:12:50.534,0.7119,0.7122,5.60,4.00
2010.01.25 08:12:57.572,0.71185,0.7121,3.20,4.00
2010.01.25 08:12:57.862,0.7119,0.71215,1.60,5.60
2010.01.25 08:12:58.432,0.71185,0.7121,7.60,3.20
2010.01.25 08:12:58.712,0.71185,0.7121,3.20,5.60
2010.01.25 08:12:59.231,0.7118,0.7121,8.90,5.60
2010.01.25 08:13:00.211,0.7118,0.71205,7.30,1.60
2010.01.25 08:13:00.891,0.71175,0.71205,7.60,5.60
2010.01.25 08:13:01.231,0.71175,0.71205,7.20,5.60
2010.01.25 08:13:01.631,0.71175,0.71205,4.00,10.40
2010.01.25 08:13:01.811,0.7117,0.712,5.60,2.40
2010.01.25 08:13:02.201,0.7117,0.712,2.40,2.40
2010.01.25 08:13:02.381,0.71165,0.71195,12.00,4.00
2010.01.25 08:13:02.731,0.71165,0.71195,8.80,4.00
2010.01.25 08:13:08.070,0.71165,0.71195,8.80,7.20
2010.01.25 08:13:08.420,0.71165,0.71195,5.60,7.20
2010.01.25 08:13:10.129,0.71165,0.7119,2.40,1.60
2010.01.25 08:13:10.469,0.71155,0.71185,5.60,2.40
2010.01.25 08:13:11.119,0.71155,0.71185,7.20,2.40
2010.01.25 08:13:11.479,0.71155,0.71185,5.60,2.40
2010.01.25 08:13:11.929,0.71155,0.71185,5.60,4.00
2010.01.25 08:13:12.278,0.71155,0.71185,2.40,4.40
2010.01.25 08:13:12.668,0.71145,0.71175,8.80,4.00
2010.01.25 08:13:13.739,0.7115,0.71175,1.60,4.00
2010.01.25 08:13:14.038,0.71145,0.71175,8.80,4.00
2010.01.25 08:13:15.478,0.71145,0.71175,8.80,1.60
2010.01.25 08:13:15.808,0.71145,0.7118,11.20,9.60
2010.01.25 08:13:16.167,0.71145,0.71175,8.80,2.40
2010.01.25 08:13:16.507,0.71145,0.71175,8.80,4.00
2010.01.25 08:13:18.537,0.71145,0.71175,4.00,8.80
2010.01.25 08:13:18.877,0.7114,0.7117,4.00,2.40
2010.01.25 08:13:19.227,0.71145,0.7117,3.20,2.40
2010.01.25 08:13:19.567,0.71145,0.71175,5.60,4.00
2010.01.25 08:13:19.917,0.71145,0.71175,5.60,2.40
2010.01.25 08:13:21.866,0.71145,0.71175,7.20,2.40
2010.01.25 08:13:24.805,0.71145,0.71175,5.60,2.40
2010.01.25 08:13:25.915,0.71145,0.71175,7.20,2.40
2010.01.25 08:13:45.071,0.7115,0.7118,2.40,6.40
2010.01.25 08:13:45.420,0.7115,0.7118,2.40,4.80
2010.01.25 08:13:45.770,0.71155,0.7118,3.20,4.80
2010.01.25 08:13:46.120,0.71155,0.7118,5.60,2.40
2010.01.25 08:13:46.800,0.71155,0.71185,5.60,4.00
2010.01.25 08:13:47.250,0.71155,0.71185,2.40,4.00
2010.01.25 08:13:47.420,0.71155,0.7119,2.40,12.80
2010.01.25 08:13:48.330,0.71155,0.71185,2.40,5.60
2010.01.25 08:13:48.680,0.7116,0.7119,2.40,5.60
2010.01.25 08:13:49.019,0.71165,0.71195,4.00,10.40
2010.01.25 08:13:51.109,0.7117,0.71195,1.60,4.00
2010.01.25 08:13:51.409,0.7117,0.71195,4.00,1.60
2010.01.25 08:13:53.698,0.7117,0.712,4.10,5.70
2010.01.25 08:14:04.546,0.7117,0.712,4.10,7.30
2010.01.25 08:14:04.896,0.7117,0.71195,1.60,4.00
2010.01.25 08:14:05.236,0.71175,0.712,1.60,4.00
2010.01.25 08:14:05.576,0.71175,0.712,4.00,1.60
2010.01.25 08:14:06.685,0.71175,0.712,4.40,1.60
2010.01.25 08:14:07.325,0.71175,0.712,4.50,1.60
2010.01.25 08:14:07.545,0.71175,0.71195,4.50,1.60
2010.01.25 08:14:07.925,0.71175,0.71195,1.00,1.60
2010.01.25 08:14:08.215,0.71175,0.712,2.80,3.20
2010.01.25 08:14:08.565,0.71175,0.712,1.00,5.60
2010.01.25 08:14:09.265,0.71175,0.712,1.00,5.70
2010.01.25 08:14:11.894,0.71175,0.712,2.00,8.90
2010.01.25 08:14:12.194,0.7118,0.71205,2.40,3.20
2010.01.25 08:14:12.544,0.71175,0.71205,7.70,5.60
2010.01.25 08:14:13.254,0.71185,0.71205,1.00,5.70
2010.01.25 08:14:18.203,0.71185,0.712,1.00,1.60
2010.01.25 08:14:25.431,0.71185,0.71205,2.00,4.10
2010.01.25 08:14:25.781,0.7119,0.7121,2.00,1.60
2010.01.25 08:14:26.121,0.71185,0.7121,7.60,1.60
2010.01.25 08:14:26.760,0.71185,0.71205,9.20,1.60
2010.01.25 08:14:27.091,0.71185,0.712,1.00,2.40
2010.01.25 08:14:27.380,0.71185,0.7121,1.00,5.70
2010.01.25 08:14:27.791,0.71185,0.712,1.00,1.60
2010.01.25 08:14:27.960,0.71185,0.7121,1.00,5.70
2010.01.25 08:14:28.490,0.71185,0.71205,1.00,1.60
2010.01.25 08:14:33.559,0.71185,0.71205,1.00,5.60
2010.01.25 08:14:36.598,0.71185,0.71205,1.00,4.00
2010.01.25 08:14:36.778,0.71185,0.71205,1.00,3.20
2010.01.25 08:14:36.888,0.71185,0.71205,1.00,5.60
2010.01.25 08:14:37.058,0.71185,0.71205,1.00,4.00
2010.01.25 08:14:37.228,0.71195,0.71205,1.00,1.60
2010.01.25 08:14:38.258,0.71195,0.71205,1.00,5.60
2010.01.25 08:14:40.487,0.71185,0.712,1.00,1.60
2010.01.25 08:14:41.867,0.71185,0.712,1.00,2.40
2010.01.25 08:14:56.903,0.71185,0.71195,1.00,1.60
2010.01.25 08:14:57.123,0.71165,0.71195,7.60,5.60
2010.01.25 08:14:57.303,0.71165,0.71195,4.40,5.60
2010.01.25 08:14:57.653,0.71165,0.7119,1.00,2.40
2010.01.25 08:14:58.903,0.7116,0.7119,5.60,2.40
2010.01.25 08:14:59.932,0.7116,0.7119,2.40,4.00
2010.01.25 08:15:00.272,0.7116,0.71185,2.40,5.20
2010.01.25 08:15:00.622,0.71155,0.7118,2.40,1.60
2010.01.25 08:15:00.982,0.7115,0.7118,2.40,4.00
2010.01.25 08:15:01.332,0.7115,0.7118,2.40,2.40
2010.01.25 08:15:01.692,0.7115,0.7118,4.00,2.40
2010.01.25 08:15:02.042,0.7115,0.7118,2.40,7.20
2010.01.25 08:15:02.392,0.7115,0.7118,7.20,2.40
2010.01.25 08:15:02.952,0.71155,0.7118,3.20,2.40
2010.01.25 08:15:03.182,0.71155,0.71185,5.60,2.40
2010.01.25 08:15:04.991,0.71155,0.71185,7.20,2.40
2010.01.25 08:15:05.281,0.71155,0.71185,5.60,2.40
2010.01.25 08:15:07.371,0.71145,0.71175,9.60,4.00
2010.01.25 08:15:08.410,0.7115,0.71175,1.60,2.40
2010.01.25 08:15:08.811,0.71155,0.7118,3.20,2.40
2010.01.25 08:15:09.140,0.71155,0.71185,5.60,2.40
2010.01.25 08:15:09.780,0.71145,0.71165,2.40,4.00
2010.01.25 08:15:10.130,0.71155,0.7117,3.20,2.40
2010.01.25 08:15:10.580,0.7115,0.7118,5.60,4.00
2010.01.25 08:15:10.970,0.71155,0.71185,5.60,4.00
2010.01.25 08:15:13.979,0.71165,0.71185,1.00,4.00
2010.01.25 08:15:14.309,0.71165,0.71185,1.00,1.60
2010.01.25 08:15:14.649,0.71165,0.7119,1.00,4.00
2010.01.25 08:15:15.679,0.71165,0.71185,1.00,1.60
2010.01.25 08:15:16.019,0.7116,0.71185,3.20,2.40
2010.01.25 08:15:16.378,0.71155,0.71185,5.60,4.00
2010.01.25 08:15:18.888,0.71155,0.71165,5.60,1.00
2010.01.25 08:15:19.248,0.71155,0.71185,5.60,4.00
2010.01.25 08:15:25.436,0.7116,0.71185,1.60,4.00
2010.01.25 08:15:25.786,0.7116,0.71185,4.00,1.60
2010.01.25 08:15:28.896,0.7116,0.7119,5.60,4.00
2010.01.25 08:15:29.175,0.71175,0.7119,1.60,1.60
2010.01.25 08:15:32.925,0.71175,0.71195,1.60,6.40
2010.01.25 08:15:33.505,0.71175,0.71195,1.60,1.60
2010.01.25 08:15:44.502,0.71185,0.712,1.60,4.00
2010.01.25 08:15:44.842,0.71175,0.71195,2.40,2.40
2010.01.25 08:15:45.222,0.71175,0.712,1.60,4.00
2010.01.25 08:15:46.552,0.71175,0.712,1.60,4.10
2010.01.25 08:15:47.031,0.71175,0.712,1.60,7.30
2010.01.25 08:15:47.201,0.71175,0.71205,1.60,20.20
2010.01.25 08:15:48.231,0.71175,0.71195,1.60,1.60
2010.01.25 08:15:49.270,0.71175,0.7119,1.60,1.60
2010.01.25 08:15:49.620,0.7117,0.7119,1.60,1.60
2010.01.25 08:15:49.970,0.7116,0.7119,4.00,7.20
2010.01.25 08:15:51.020,0.7116,0.7119,4.00,8.80
2010.01.25 08:15:51.360,0.7116,0.71185,1.60,2.40
2010.01.25 08:15:51.930,0.71155,0.7119,14.80,8.80
2010.01.25 08:15:52.210,0.7116,0.7119,4.00,7.20
2010.01.25 08:15:52.490,0.71165,0.7119,1.00,7.20
2010.01.25 08:15:52.770,0.71165,0.7119,1.00,2.40
2010.01.25 08:15:53.060,0.7117,0.71195,1.60,8.80
2010.01.25 08:15:53.749,0.7117,0.71195,1.60,4.00
2010.01.25 08:15:58.358,0.71165,0.71195,6.00,4.00
2010.01.25 08:15:58.648,0.71165,0.7119,1.00,2.40
2010.01.25 08:16:01.718,0.7117,0.7119,1.60,2.40
2010.01.25 08:16:02.117,0.7117,0.71195,1.60,8.80
2010.01.25 08:16:02.337,0.7117,0.71195,1.60,4.00
2010.01.25 08:16:08.116,0.7116,0.7119,4.00,7.20
2010.01.25 08:16:08.466,0.71155,0.71185,2.80,2.40
2010.01.25 08:16:08.816,0.71155,0.71185,4.40,4.00
2010.01.25 08:16:09.176,0.71155,0.71185,2.80,4.00
2010.01.25 08:16:17.574,0.71155,0.71185,4.40,4.00
2010.01.25 08:16:17.694,0.71155,0.71185,7.60,2.40
2010.01.25 08:16:18.034,0.71155,0.71185,6.00,2.40
2010.01.25 08:16:22.523,0.7116,0.7119,2.40,7.20
2010.01.25 08:16:22.702,0.71155,0.71185,7.60,2.40
2010.01.25 08:16:22.922,0.7116,0.71185,1.60,2.40
2010.01.25 08:16:23.212,0.71155,0.71185,6.00,2.40
2010.01.25 08:16:23.452,0.71155,0.71185,7.60,2.40
2010.01.25 08:16:25.142,0.71155,0.71185,6.00,2.40
2010.01.25 08:16:27.731,0.7116,0.7119,2.40,9.60
2010.01.25 08:16:27.842,0.7116,0.7119,4.00,7.20
2010.01.25 08:16:30.801,0.7116,0.71185,4.00,3.20
2010.01.25 08:16:31.141,0.71155,0.71185,2.40,4.00
2010.01.25 08:16:31.470,0.7115,0.7118,8.80,2.40
2010.01.25 08:16:41.598,0.7115,0.71165,3.20,2.40
2010.01.25 08:16:41.938,0.7115,0.71175,1.60,4.00
2010.01.25 08:16:44.337,0.7115,0.7117,1.60,1.60
2010.01.25 08:16:44.687,0.71145,0.71165,2.80,1.60
2010.01.25 08:16:45.047,0.71145,0.7117,1.00,2.40
2010.01.25 08:16:45.387,0.71145,0.7116,1.00,2.40
2010.01.25 08:16:46.077,0.71145,0.7117,1.00,2.40
2010.01.25 08:16:47.527,0.71145,0.7116,1.00,4.00
2010.01.25 08:16:48.027,0.71135,0.7116,1.60,4.00
2010.01.25 08:16:48.196,0.71135,0.7116,1.60,5.60
2010.01.25 08:16:48.486,0.7113,0.71155,4.80,2.40
2010.01.25 08:16:57.444,0.71135,0.7116,1.60,4.10
2010.01.25 08:17:08.591,0.71135,0.7116,1.60,5.70
2010.01.25 08:17:08.932,0.7113,0.71155,1.60,2.40
2010.01.25 08:17:12.351,0.7113,0.71155,4.80,2.40
2010.01.25 08:17:15.630,0.71135,0.7116,1.60,4.10
2010.01.25 08:17:16.320,0.71135,0.7116,4.80,2.50
2010.01.25 08:17:16.620,0.71135,0.7116,4.80,5.70
2010.01.25 08:17:16.909,0.7113,0.7116,7.20,7.30
2010.01.25 08:17:17.529,0.7113,0.71155,4.80,2.40
2010.01.25 08:17:19.169,0.7113,0.71155,4.80,5.60
2010.01.25 08:17:19.509,0.7113,0.71155,4.80,2.40
2010.01.25 08:17:20.189,0.7113,0.71155,1.60,2.40
2010.01.25 08:17:21.459,0.7113,0.71155,1.60,5.60
2010.01.25 08:17:21.798,0.71125,0.71155,5.20,14.40
2010.01.25 08:17:22.378,0.71125,0.7115,4.80,2.40
2010.01.25 08:17:24.378,0.71125,0.7115,4.80,2.50
2010.01.25 08:17:27.597,0.71125,0.7115,5.20,2.50
2010.01.25 08:17:28.897,0.71125,0.71145,2.00,2.40
2010.01.25 08:17:29.246,0.71125,0.7115,2.00,4.10
2010.01.25 08:17:31.146,0.71135,0.7116,1.60,8.10
2010.01.25 08:17:31.496,0.71135,0.7116,1.60,4.10
2010.01.25 08:17:31.766,0.71135,0.7116,4.80,4.10
2010.01.25 08:17:35.115,0.71135,0.71155,4.80,1.60
2010.01.25 08:17:35.345,0.71125,0.7115,7.60,2.40
2010.01.25 08:17:35.585,0.71135,0.71155,1.60,1.60
2010.01.25 08:17:35.815,0.71135,0.7116,1.60,4.10
2010.01.25 08:17:36.515,0.7113,0.7116,7.20,7.30
2010.01.25 08:17:36.855,0.71135,0.7116,1.60,4.10
2010.01.25 08:17:37.645,0.71135,0.7116,1.60,4.00
2010.01.25 08:17:43.813,0.7113,0.71155,4.00,1.60
2010.01.25 08:17:44.043,0.7113,0.71155,1.60,4.00
2010.01.25 08:17:44.633,0.7113,0.7116,1.60,19.60
2010.01.25 08:17:44.963,0.7113,0.7115,1.60,1.60
2010.01.25 08:17:45.353,0.71125,0.7115,2.00,4.00
2010.01.25 08:17:46.392,0.71125,0.7115,2.00,4.10
2010.01.25 08:17:48.012,0.71125,0.7115,4.40,1.60
2010.01.25 08:17:48.072,0.7113,0.7115,1.60,1.60
2010.01.25 08:17:50.891,0.7113,0.71155,1.60,8.90
2010.01.25 08:17:51.241,0.7113,0.7115,1.60,1.60
2010.01.25 08:17:51.581,0.7113,0.71155,1.60,8.90
2010.01.25 08:17:56.240,0.7113,0.71155,1.60,4.10
2010.01.25 08:17:57.050,0.71135,0.7116,1.60,13.30
2010.01.25 08:17:57.160,0.71135,0.7116,1.60,11.70
2010.01.25 08:17:57.280,0.71135,0.7116,1.60,8.90
2010.01.25 08:17:59.939,0.71135,0.71165,1.60,19.60
2010.01.25 08:18:00.299,0.7113,0.71155,4.00,1.60
2010.01.25 08:18:00.649,0.7113,0.71155,1.60,4.00
2010.01.25 08:18:01.319,0.7113,0.71155,4.80,2.40
2010.01.25 08:18:01.669,0.7114,0.71165,1.60,11.20
2010.01.25 08:18:02.019,0.7114,0.71165,1.60,8.80
2010.01.25 08:18:02.429,0.7113,0.7116,9.60,2.40
2010.01.25 08:18:02.479,0.7113,0.7116,8.80,2.40
2010.01.25 08:18:02.649,0.71135,0.71165,2.40,8.80
2010.01.25 08:18:02.708,0.71135,0.71165,4.00,8.80
2010.01.25 08:18:02.819,0.7114,0.71165,1.60,8.80
2010.01.25 08:18:03.158,0.7114,0.71165,1.60,4.00
2010.01.25 08:18:14.346,0.7114,0.71165,1.60,5.60
2010.01.25 08:18:14.406,0.71135,0.7116,7.20,1.60
2010.01.25 08:18:14.577,0.71135,0.7116,4.00,1.60
2010.01.25 08:18:14.956,0.71135,0.7116,1.60,4.00
2010.01.25 08:18:15.975,0.7114,0.71165,1.60,11.20
2010.01.25 08:18:16.315,0.7114,0.71165,1.60,8.80
2010.01.25 08:18:17.005,0.71135,0.7116,1.60,4.00
2010.01.25 08:18:19.334,0.71135,0.7116,1.60,4.10
2010.01.25 08:18:25.903,0.7114,0.7116,1.60,2.40
2010.01.25 08:18:26.203,0.7114,0.71165,1.60,8.80
2010.01.25 08:18:35.720,0.7114,0.71165,1.60,4.00
2010.01.25 08:18:48.377,0.7114,0.71165,1.60,2.40
2010.01.25 08:18:50.387,0.71145,0.71165,1.60,2.40
2010.01.25 08:18:50.767,0.71145,0.7117,1.60,4.10
2010.01.25 08:18:52.566,0.71145,0.7117,2.00,2.50
2010.01.25 08:18:54.826,0.71145,0.7117,3.60,2.50
2010.01.25 08:18:55.046,0.7115,0.71175,4.80,4.80
2010.01.25 08:18:55.286,0.7115,0.7118,7.20,2.40
2010.01.25 08:18:58.155,0.7115,0.7118,8.80,2.40
2010.01.25 08:18:58.435,0.7116,0.71185,1.60,7.20
2010.01.25 08:18:58.725,0.7116,0.71185,4.80,2.40
2010.01.25 08:18:59.065,0.7116,0.7119,4.00,4.00
2010.01.25 08:18:59.285,0.7116,0.7119,4.00,2.40
2010.01.25 08:18:59.575,0.7116,0.7119,7.20,2.40
2010.01.25 08:19:01.264,0.71155,0.7118,4.80,2.40
2010.01.25 08:19:03.354,0.71155,0.7118,4.80,2.50
2010.01.25 08:19:05.024,0.71155,0.7118,4.80,4.10
2010.01.25 08:19:07.274,0.71155,0.7118,4.80,2.50
2010.01.25 08:19:07.333,0.7116,0.7118,1.60,2.40
2010.01.25 08:19:07.793,0.7116,0.71185,1.60,4.10
2010.01.25 08:19:08.253,0.7116,0.71185,4.80,4.10
2010.01.25 08:19:09.583,0.7116,0.71185,4.80,5.70
2010.01.25 08:19:09.862,0.71155,0.7118,6.40,2.40
2010.01.25 08:19:10.162,0.7116,0.71185,4.80,4.10
2010.01.25 08:19:10.462,0.7116,0.71185,1.60,4.10
2010.01.25 08:19:12.632,0.7118,0.71185,1.60,4.00
2010.01.25 08:19:12.802,0.71175,0.71195,1.60,1.60
2010.01.25 08:19:12.972,0.71175,0.7119,1.60,1.60
2010.01.25 08:19:13.152,0.7117,0.71195,2.40,4.80
2010.01.25 08:19:13.312,0.71165,0.7119,3.20,2.40
2010.01.25 08:19:13.661,0.7117,0.71195,4.00,3.20
2010.01.25 08:19:14.011,0.7117,0.71195,1.60,5.60
2010.01.25 08:19:15.501,0.7117,0.712,1.60,19.40
2010.01.25 08:19:16.511,0.7117,0.71195,1.60,4.10
2010.01.25 08:19:16.791,0.71175,0.712,1.60,8.90
2010.01.25 08:19:19.390,0.71175,0.712,1.60,5.70
2010.01.25 08:19:26.748,0.71175,0.712,1.60,8.90
2010.01.25 08:19:30.787,0.71175,0.712,1.60,5.70
2010.01.25 08:20:04.000,0.71175,0.712,1.60,5.70
2010.01.25 08:20:06.878,0.71175,0.712,1.60,4.00
2010.01.25 08:20:11.717,0.71175,0.71195,1.60,1.00
2010.01.25 08:20:12.067,0.7117,0.71195,1.60,2.80
2010.01.25 08:20:12.748,0.7117,0.71195,1.60,2.40
2010.01.25 08:20:12.977,0.7117,0.71195,1.60,2.80
2010.01.25 08:20:14.187,0.7117,0.71195,1.60,2.90
2010.01.25 08:20:14.977,0.7117,0.71195,1.60,2.50
2010.01.25 08:20:16.016,0.7117,0.71195,1.60,2.90
2010.01.25 08:20:16.576,0.7117,0.71195,1.60,4.10
2010.01.25 08:20:17.286,0.71165,0.7119,1.60,4.00
2010.01.25 08:20:18.256,0.71165,0.7119,1.60,4.10
2010.01.25 08:20:19.895,0.7116,0.7119,4.10,5.70
2010.01.25 08:20:20.116,0.7116,0.7119,5.60,12.10
2010.01.25 08:20:20.695,0.7116,0.71185,3.20,2.40
2010.01.25 08:20:21.365,0.7116,0.71185,3.20,2.50
2010.01.25 08:20:27.174,0.7116,0.71185,3.20,4.10
2010.01.25 08:20:28.694,0.71165,0.71185,1.60,2.50
2010.01.25 08:20:29.163,0.7117,0.7119,1.60,2.40
2010.01.25 08:20:29.513,0.7117,0.71195,1.60,4.00
2010.01.25 08:20:37.061,0.71175,0.712,1.60,5.70
2010.01.25 08:20:37.411,0.71175,0.712,1.60,4.10
2010.01.25 08:20:49.768,0.7117,0.71195,4.80,2.40
2010.01.25 08:20:49.888,0.7117,0.71195,1.60,2.40
2010.01.25 08:20:50.878,0.7117,0.71195,1.60,4.00
2010.01.25 08:20:51.218,0.71165,0.71195,4.00,8.90
2010.01.25 08:20:51.568,0.71165,0.7119,1.60,4.00
2010.01.25 08:20:52.627,0.71165,0.7119,1.60,4.10
2010.01.25 08:20:54.347,0.7117,0.7119,1.60,2.40
2010.01.25 08:20:54.577,0.7117,0.71195,1.60,4.10
2010.01.25 08:20:56.657,0.7117,0.71195,1.60,2.50
2010.01.25 08:20:57.366,0.71175,0.71195,1.60,2.40
2010.01.25 08:20:57.476,0.71175,0.712,1.60,8.10
2010.01.25 08:20:57.527,0.71175,0.712,1.60,5.70
2010.01.25 08:21:00.806,0.7117,0.71195,4.80,4.00
2010.01.25 08:21:01.165,0.71175,0.71195,1.60,2.40
2010.01.25 08:21:01.516,0.71175,0.712,1.60,4.10
2010.01.25 08:21:04.815,0.71175,0.712,1.60,4.00
2010.01.25 08:21:04.984,0.7118,0.712,1.60,2.40
2010.01.25 08:21:05.165,0.7118,0.71205,1.60,2.50
2010.01.25 08:21:05.505,0.71185,0.71205,1.60,2.40
2010.01.25 08:21:05.794,0.71185,0.7121,1.60,4.10
2010.01.25 08:21:06.075,0.7118,0.71205,1.60,4.00
2010.01.25 08:21:06.654,0.7118,0.7121,1.60,19.30
2010.01.25 08:21:07.694,0.7118,0.71205,1.60,2.50
2010.01.25 08:21:11.173,0.712,0.71205,1.60,2.40
2010.01.25 08:21:11.513,0.712,0.7122,1.60,4.00
2010.01.25 08:21:11.913,0.712,0.7122,4.00,1.60
2010.01.25 08:21:12.263,0.712,0.7123,4.00,8.80
2010.01.25 08:21:14.092,0.712,0.7123,4.00,7.20
2010.01.25 08:21:14.442,0.712,0.7123,4.00,4.00
2010.01.25 08:21:28.249,0.712,0.71225,4.00,1.60
2010.01.25 08:21:28.599,0.712,0.7123,4.00,8.80
2010.01.25 08:21:36.267,0.712,0.71225,4.00,1.60
2010.01.25 08:21:36.507,0.712,0.7123,4.00,8.80
2010.01.25 08:21:37.867,0.712,0.7123,7.20,4.00
2010.01.25 08:21:41.976,0.712,0.7123,4.00,5.60
2010.01.25 08:21:43.706,0.712,0.7123,4.00,4.00
2010.01.25 08:21:44.046,0.712,0.7123,7.20,2.40
2010.01.25 08:21:44.385,0.712,0.7123,7.20,4.00
2010.01.25 08:21:47.274,0.71225,0.71235,1.60,2.40
2010.01.25 08:21:47.604,0.7123,0.71255,1.60,1.00
2010.01.25 08:21:47.944,0.7122,0.7125,2.40,1.60
2010.01.25 08:21:48.114,0.71215,0.71245,1.60,4.80
2010.01.25 08:21:48.284,0.71215,0.7124,2.40,8.80
2010.01.25 08:21:48.524,0.71215,0.71235,1.60,2.40
2010.01.25 08:21:48.704,0.7122,0.7124,1.60,3.20
2010.01.25 08:21:48.934,0.7122,0.71245,1.60,8.80
2010.01.25 08:21:49.614,0.71215,0.71245,5.60,2.40
2010.01.25 08:21:49.954,0.7122,0.7125,4.00,8.80
2010.01.25 08:21:52.843,0.7122,0.7125,7.20,2.40
2010.01.25 08:21:53.573,0.7122,0.7125,4.00,5.60
2010.01.25 08:22:02.971,0.7122,0.7125,10.40,2.40
2010.01.25 08:22:03.140,0.7123,0.71255,1.60,6.00
2010.01.25 08:22:07.039,0.7123,0.71255,1.60,4.40
2010.01.25 08:22:17.237,0.7123,0.71255,1.60,4.00
2010.01.25 08:22:20.116,0.7123,0.71255,4.80,2.40
2010.01.25 08:22:20.396,0.7123,0.7126,7.20,4.00
2010.01.25 08:22:21.026,0.7123,0.7126,8.80,4.00
2010.01.25 08:22:21.306,0.7124,0.7126,1.60,4.00
2010.01.25 08:22:21.656,0.7124,0.7126,1.60,1.60
2010.01.25 08:22:22.006,0.7124,0.71265,1.60,4.80
2010.01.25 08:22:23.006,0.7124,0.71265,4.00,2.40
2010.01.25 08:22:23.346,0.7124,0.71265,1.60,4.80
2010.01.25 08:22:30.034,0.7124,0.7126,1.60,1.60
2010.01.25 08:22:39.002,0.7124,0.71265,4.00,2.00
2010.01.25 08:22:39.502,0.7124,0.71265,1.60,4.40
2010.01.25 08:22:40.272,0.7124,0.71265,1.60,2.80
2010.01.25 08:22:40.542,0.7124,0.7127,4.00,4.00
2010.01.25 08:22:40.821,0.7124,0.71265,4.00,1.60
2010.01.25 08:22:41.051,0.7124,0.7127,4.00,4.00
2010.01.25 08:22:41.691,0.7124,0.71265,1.60,4.40
2010.01.25 08:22:44.890,0.7124,0.71265,4.00,2.00
2010.01.25 08:22:45.060,0.7124,0.71265,4.00,1.60
2010.01.25 08:22:45.230,0.7124,0.71265,1.60,4.00
2010.01.25 08:22:45.400,0.7124,0.71265,1.60,4.40
2010.01.25 08:22:50.739,0.71235,0.71265,7.60,4.00
2010.01.25 08:22:51.819,0.7124,0.71265,1.60,4.40
2010.01.25 08:23:04.686,0.7124,0.7126,1.60,1.60
2010.01.25 08:23:12.234,0.7124,0.71265,1.60,6.00
2010.01.25 08:23:13.274,0.7124,0.7126,1.60,1.60
2010.01.25 08:23:13.774,0.7124,0.71265,1.60,6.00
2010.01.25 08:23:14.413,0.71235,0.7126,1.60,2.40
2010.01.25 08:23:14.773,0.71235,0.7126,1.60,4.00
2010.01.25 08:23:15.993,0.71235,0.7126,1.60,2.40
2010.01.25 08:23:16.293,0.7124,0.71265,1.60,4.00
2010.01.25 08:23:17.253,0.7124,0.71265,1.60,4.40
2010.01.25 08:23:17.603,0.7124,0.71265,1.60,4.00
2010.01.25 08:23:18.433,0.7124,0.71265,1.60,4.40
2010.01.25 08:23:18.902,0.7124,0.7126,1.60,1.60
2010.01.25 08:23:26.491,0.7124,0.71265,1.60,4.40
2010.01.25 08:23:26.840,0.7124,0.7126,1.60,1.60
2010.01.25 08:23:27.190,0.7124,0.71265,1.60,4.40
2010.01.25 08:23:40.217,0.7124,0.71255,1.60,1.00
2010.01.25 08:23:41.797,0.7124,0.7126,1.60,1.60
2010.01.25 08:23:43.157,0.7124,0.71255,1.60,1.00
2010.01.25 08:23:47.765,0.71235,0.7126,4.00,1.60
2010.01.25 08:23:47.995,0.71235,0.7126,4.00,1.60
2010.01.25 08:23:50.775,0.71235,0.71255,4.00,1.00
2010.01.25 08:23:51.114,0.7123,0.71255,12.00,1.00
2010.01.25 08:23:51.444,0.7123,0.71255,7.20,1.00
2010.01.25 08:23:52.144,0.7123,0.71255,5.60,3.60
2010.01.25 08:23:52.474,0.71225,0.71255,7.30,6.00
2010.01.25 08:23:52.854,0.71225,0.71255,8.90,6.00
2010.01.25 08:23:52.974,0.7123,0.71255,1.60,2.80
2010.01.25 08:23:53.154,0.7123,0.71255,4.00,2.00
2010.01.25 08:23:53.384,0.7123,0.71255,4.00,1.00
2010.01.25 08:23:54.554,0.7123,0.71255,4.10,1.00
2010.01.25 08:23:55.124,0.7123,0.71255,5.70,1.00
2010.01.25 08:23:55.424,0.71235,0.71265,7.20,6.00
2010.01.25 08:23:55.654,0.71235,0.71255,7.20,1.00
2010.01.25 08:23:56.343,0.7125,0.71255,1.60,1.00
2010.01.25 08:23:56.703,0.7125,0.71265,7.20,1.00
2010.01.25 08:23:57.053,0.7124,0.71265,4.00,2.00
2010.01.25 08:23:57.743,0.71245,0.71265,4.00,2.00
2010.01.25 08:23:58.073,0.71245,0.7127,4.00,6.90
2010.01.25 08:23:58.243,0.71245,0.71265,2.40,1.00
2010.01.25 08:23:58.583,0.7124,0.71265,4.10,1.00
2010.01.25 08:23:58.873,0.7124,0.71265,4.10,2.00
2010.01.25 08:24:00.642,0.7124,0.71265,4.10,1.00
2010.01.25 08:24:00.872,0.7124,0.71255,4.10,1.00
2010.01.25 08:24:01.222,0.7124,0.71265,4.10,1.00
2010.01.25 08:24:03.632,0.7124,0.7126,4.10,1.60
2010.01.25 08:24:03.862,0.71235,0.7126,6.40,1.60
2010.01.25 08:24:04.082,0.71235,0.7126,4.00,1.60
2010.01.25 08:24:10.110,0.71235,0.71255,4.00,1.60
2010.01.25 08:24:10.400,0.71225,0.71255,10.90,5.60
2010.01.25 08:24:10.570,0.71225,0.71255,9.30,5.60
2010.01.25 08:24:10.790,0.71235,0.71255,3.20,2.40
2010.01.25 08:24:11.010,0.71235,0.71265,4.00,10.80
2010.01.25 08:24:11.930,0.71235,0.71265,5.60,10.80
2010.01.25 08:24:12.279,0.7124,0.71265,4.00,2.00
2010.01.25 08:24:14.299,0.7124,0.71265,4.10,2.00
2010.01.25 08:24:14.639,0.7124,0.7127,4.10,11.00
2010.01.25 08:24:15.019,0.71245,0.71265,4.00,1.00
2010.01.25 08:24:15.129,0.71245,0.7127,4.00,3.20
2010.01.25 08:24:15.300,0.71245,0.7127,4.00,1.60
2010.01.25 08:24:15.409,0.71245,0.71275,4.00,10.90
2010.01.25 08:24:16.378,0.71245,0.71275,4.10,10.90
2010.01.25 08:24:17.068,0.71245,0.71275,4.10,10.50
2010.01.25 08:24:18.058,0.71245,0.71275,4.50,10.50
2010.01.25 08:24:18.408,0.71245,0.71275,4.50,12.10
2010.01.25 08:24:18.578,0.71245,0.7127,1.00,5.60
2010.01.25 08:24:18.748,0.71245,0.7127,2.00,2.40
2010.01.25 08:24:19.108,0.71245,0.71275,4.40,10.50
2010.01.25 08:24:20.367,0.71245,0.71275,4.50,10.50
2010.01.25 08:24:28.876,0.71245,0.71275,4.10,10.50
2010.01.25 08:24:36.934,0.71245,0.71275,5.70,7.30
2010.01.25 08:24:37.293,0.71245,0.71275,8.90,5.70
2010.01.25 08:24:37.574,0.71245,0.71275,5.70,7.30
2010.01.25 08:24:38.223,0.71255,0.71285,5.60,10.80
2010.01.25 08:24:38.393,0.7125,0.71285,8.00,10.80
2010.01.25 08:24:38.623,0.7125,0.71285,8.00,13.20
2010.01.25 08:24:38.793,0.7125,0.7128,2.40,4.00
2010.01.25 08:24:39.023,0.71255,0.7128,2.40,1.60
2010.01.25 08:24:39.203,0.71255,0.71285,5.60,10.80
2010.01.25 08:24:41.572,0.71255,0.71285,5.60,10.40
2010.01.25 08:24:44.372,0.71255,0.71285,5.60,10.80
2010.01.25 08:24:44.602,0.71255,0.71285,5.60,10.40
2010.01.25 08:24:46.311,0.71255,0.71285,8.80,5.60
2010.01.25 08:24:49.791,0.71255,0.71285,10.40,4.00
2010.01.25 08:24:50.030,0.7126,0.7129,4.00,10.50
2010.01.25 08:24:52.060,0.7126,0.7129,5.60,10.50
2010.01.25 08:24:52.400,0.7126,0.7129,8.90,5.70
2010.01.25 08:24:57.888,0.7126,0.71285,8.90,1.00
2010.01.25 08:24:59.428,0.7126,0.7129,8.90,5.70
2010.01.25 08:25:06.856,0.7126,0.7129,10.50,5.70
2010.01.25 08:25:07.206,0.7127,0.71295,1.60,6.40
2010.01.25 08:25:07.496,0.71265,0.71295,5.60,11.20
2010.01.25 08:25:07.836,0.71265,0.7129,4.00,1.60
2010.01.25 08:25:11.835,0.7126,0.7129,8.90,5.60
2010.01.25 08:25:12.755,0.7126,0.71285,8.90,1.00
2010.01.25 08:25:13.565,0.7126,0.71285,4.10,1.00
2010.01.25 08:25:15.394,0.7126,0.71285,5.70,1.00
2010.01.25 08:25:17.814,0.7126,0.71285,4.10,2.00
2010.01.25 08:25:18.114,0.71255,0.7128,4.00,5.60
2010.01.25 08:25:18.454,0.7125,0.7128,4.80,1.60
2010.01.25 08:25:18.683,0.71255,0.7128,1.60,2.40
2010.01.25 08:25:18.964,0.7125,0.7128,2.40,4.00
2010.01.25 08:25:19.193,0.7125,0.7128,5.60,4.00
2010.01.25 08:25:20.504,0.7125,0.7128,5.60,2.40
2010.01.25 08:25:32.772,0.7125,0.71275,2.40,1.60
2010.01.25 08:25:33.112,0.71245,0.71275,8.80,4.00
2010.01.25 08:25:33.392,0.71245,0.71275,5.60,5.60
2010.01.25 08:25:34.081,0.71245,0.71275,8.80,4.00
2010.01.25 08:25:34.311,0.71245,0.71275,8.80,2.40
2010.01.25 08:25:34.711,0.7125,0.7128,2.40,8.80
2010.01.25 08:25:35.401,0.7125,0.7128,2.40,2.40
2010.01.25 08:25:56.946,0.7125,0.7128,5.60,2.40
2010.01.25 08:25:57.286,0.71255,0.71285,4.00,7.20
2010.01.25 08:25:57.966,0.71255,0.71285,4.00,7.60
2010.01.25 08:25:58.325,0.71255,0.71285,4.00,7.20
2010.01.25 08:25:58.666,0.71255,0.71285,4.00,7.60
2010.01.25 08:25:59.295,0.71255,0.71285,4.00,7.20
2010.01.25 08:26:00.275,0.71255,0.71285,5.60,7.20
2010.01.25 08:26:05.664,0.71255,0.71285,4.00,7.20
2010.01.25 08:26:05.834,0.7126,0.71285,2.40,1.60
2010.01.25 08:26:13.163,0.7126,0.71285,2.40,4.80
2010.01.25 08:26:13.282,0.71255,0.71285,2.40,7.20
2010.01.25 08:26:13.522,0.7125,0.7128,5.60,2.40
2010.01.25 08:26:13.642,0.71255,0.71285,2.40,10.40
2010.01.25 08:26:13.762,0.71255,0.71285,5.60,10.40
2010.01.25 08:26:13.882,0.71255,0.7128,4.00,3.20
2010.01.25 08:26:14.232,0.71255,0.7128,5.60,4.80
2010.01.25 08:26:14.572,0.7125,0.7128,7.20,2.40
2010.01.25 08:26:17.811,0.71255,0.7128,3.20,2.40
2010.01.25 08:26:18.161,0.71255,0.71285,8.80,2.40
2010.01.25 08:26:18.331,0.7126,0.7129,2.40,8.80
2010.01.25 08:26:18.631,0.7126,0.7129,2.40,4.00
2010.01.25 08:26:21.710,0.7126,0.7129,2.40,8.80
2010.01.25 08:26:22.700,0.7126,0.7129,4.00,8.80
2010.01.25 08:26:22.989,0.71265,0.7129,2.40,3.20
2010.01.25 08:26:23.349,0.7126,0.7129,8.80,5.60
2010.01.25 08:26:24.409,0.7126,0.7129,8.90,5.60
2010.01.25 08:26:25.509,0.7126,0.7129,8.90,5.70
2010.01.25 08:26:25.799,0.7126,0.7129,5.70,7.30
2010.01.25 08:26:29.058,0.7126,0.7129,8.90,5.70
2010.01.25 08:26:35.227,0.7126,0.7129,5.70,7.30
2010.01.25 08:26:35.617,0.71255,0.71285,11.20,3.20
2010.01.25 08:26:35.917,0.71255,0.71285,5.60,5.60
2010.01.25 08:26:36.266,0.7125,0.7128,7.20,2.40
2010.01.25 08:26:36.647,0.7125,0.7128,5.60,2.40
2010.01.25 08:26:47.174,0.7125,0.7128,7.20,2.40
2010.01.25 08:27:01.180,0.7125,0.7128,5.60,4.00
2010.01.25 08:27:01.530,0.7125,0.7128,2.40,4.00
2010.01.25 08:27:01.870,0.71245,0.71275,5.60,2.40
2010.01.25 08:27:02.230,0.7124,0.71275,12.80,2.40
2010.01.25 08:27:02.560,0.71245,0.71275,5.60,2.40
2010.01.25 08:27:04.010,0.71245,0.71275,6.00,2.40
2010.01.25 08:27:06.809,0.71245,0.71275,7.60,2.40
2010.01.25 08:27:07.909,0.7125,0.7128,2.40,4.00
2010.01.25 08:27:08.129,0.7125,0.7128,4.00,2.40
2010.01.25 08:27:09.798,0.71255,0.7128,1.60,2.40
2010.01.25 08:27:09.968,0.71255,0.71285,8.80,4.00
2010.01.25 08:27:10.198,0.71255,0.71285,10.40,4.00
2010.01.25 08:27:10.428,0.7126,0.71285,4.00,1.60
2010.01.25 08:27:10.598,0.71255,0.71285,10.40,5.60
2010.01.25 08:27:10.828,0.71265,0.7129,1.60,4.00
2010.01.25 08:27:11.158,0.71265,0.71295,5.60,7.30
2010.01.25 08:27:11.518,0.71265,0.71285,4.00,1.60
2010.01.25 08:27:11.908,0.71265,0.71295,5.60,7.30
2010.01.25 08:27:13.287,0.71265,0.71295,5.70,7.30
2010.01.25 08:27:16.567,0.71265,0.7129,4.10,1.60
2010.01.25 08:27:16.907,0.71265,0.7129,2.40,3.20
2010.01.25 08:27:17.297,0.7126,0.7129,4.10,5.60
2010.01.25 08:27:18.506,0.7126,0.7129,4.10,5.70
2010.01.25 08:27:25.605,0.7126,0.7129,5.70,5.70
2010.01.25 08:27:25.834,0.71265,0.7129,4.00,1.60
2010.01.25 08:27:26.234,0.71265,0.7129,2.40,1.60
2010.01.25 08:27:26.754,0.7126,0.7129,2.40,4.00
2010.01.25 08:27:30.263,0.7126,0.7129,2.40,2.40
2010.01.25 08:27:30.713,0.7126,0.7129,2.40,4.00
2010.01.25 08:27:44.430,0.71265,0.71295,4.00,10.40
2010.01.25 08:27:44.850,0.71265,0.7129,4.00,1.60
2010.01.25 08:27:45.260,0.71265,0.71295,4.00,10.40
2010.01.25 08:27:46.190,0.71265,0.71295,5.60,8.80
2010.01.25 08:27:46.530,0.71265,0.71295,7.20,5.60
2010.01.25 08:27:47.169,0.71265,0.71295,8.80,5.60
2010.01.25 08:27:57.397,0.71265,0.71295,7.20,5.60
2010.01.25 08:27:57.757,0.71265,0.71295,4.00,7.20
2010.01.25 08:28:00.776,0.71265,0.71295,2.40,10.40
2010.01.25 08:28:01.066,0.7126,0.7129,5.60,2.40
2010.01.25 08:28:01.366,0.71265,0.7129,1.60,2.40
2010.01.25 08:28:01.716,0.71265,0.71295,7.20,5.60
2010.01.25 08:28:02.056,0.7126,0.7129,5.60,2.40
2010.01.25 08:28:03.995,0.7126,0.7129,5.60,4.00
2010.01.25 08:28:04.285,0.7126,0.7129,5.60,5.60
2010.01.25 08:28:04.405,0.7126,0.7129,2.40,5.60
2010.01.25 08:28:04.465,0.7126,0.7129,2.40,4.00
2010.01.25 08:28:04.765,0.7126,0.7129,2.40,9.60
2010.01.25 08:28:05.105,0.7126,0.7129,2.40,8.80
2010.01.25 08:28:05.875,0.7126,0.71295,2.40,16.10
2010.01.25 08:28:07.005,0.7126,0.7129,2.40,4.00
2010.01.25 08:28:07.364,0.71255,0.71285,5.60,2.40
2010.01.25 08:28:23.221,0.7126,0.7129,2.40,7.20
2010.01.25 08:28:23.641,0.7126,0.7129,2.40,5.60
2010.01.25 08:28:23.880,0.7126,0.7129,2.40,4.00
2010.01.25 08:28:28.249,0.7126,0.7129,2.40,5.60
2010.01.25 08:28:28.529,0.7126,0.7129,2.40,7.20
2010.01.25 08:28:29.109,0.71255,0.71285,5.60,2.40
2010.01.25 08:28:37.697,0.71255,0.71285,8.80,4.00
2010.01.25 08:28:42.896,0.7126,0.7129,5.60,7.30
2010.01.25 08:28:43.236,0.7126,0.7129,10.40,5.70
2010.01.25 08:28:44.905,0.71265,0.7129,4.00,1.70
2010.01.25 08:28:45.075,0.7127,0.71295,2.40,8.90
2010.01.25 08:28:45.245,0.71265,0.71295,7.20,10.50
2010.01.25 08:28:46.435,0.71265,0.71295,7.30,10.50
2010.01.25 08:28:57.753,0.71265,0.71295,10.50,4.10
2010.01.25 08:28:58.112,0.71265,0.71295,10.50,5.70
2010.01.25 08:28:58.452,0.71265,0.71295,10.50,4.10
2010.01.25 08:29:02.061,0.71265,0.71295,10.50,5.70
2010.01.25 08:29:10.369,0.71265,0.71295,4.10,10.50
2010.01.25 08:29:10.709,0.7126,0.7129,8.10,5.60
2010.01.25 08:29:11.089,0.71255,0.71285,11.20,3.20
2010.01.25 08:29:11.429,0.71255,0.71285,8.80,5.60
2010.01.25 08:29:13.678,0.71255,0.71285,5.60,10.40
2010.01.25 08:29:23.486,0.71255,0.71285,4.00,10.40
2010.01.25 08:29:24.336,0.71255,0.71285,4.00,8.80
2010.01.25 08:29:24.696,0.71255,0.71285,8.80,5.60
2010.01.25 08:29:25.336,0.7126,0.71285,3.20,5.60
2010.01.25 08:29:30.914,0.7126,0.7129,7.20,5.70
2010.01.25 08:29:33.494,0.7126,0.7129,7.30,5.70
2010.01.25 08:29:37.173,0.7126,0.7129,8.90,5.70
2010.01.25 08:29:44.831,0.7126,0.7129,7.30,5.70
2010.01.25 08:29:52.889,0.7126,0.7129,7.20,5.60
2010.01.25 08:29:53.239,0.71255,0.71275,10.50,1.00
2010.01.25 08:29:53.569,0.7126,0.71285,4.00,1.60
2010.01.25 08:29:53.729,0.7126,0.7129,5.60,5.70
2010.01.25 08:29:53.909,0.71255,0.71285,19.20,3.20
2010.01.25 08:29:54.029,0.7126,0.71285,3.20,5.60
2010.01.25 08:29:54.259,0.71255,0.71285,8.80,5.60
2010.01.25 08:29:54.319,0.71255,0.71285,9.20,5.60
2010.01.25 08:30:01.127,0.71255,0.71285,8.80,5.60
2010.01.25 08:30:03.007,0.71255,0.71285,8.80,4.00
2010.01.25 08:30:04.026,0.71265,0.71285,1.60,4.00
2010.01.25 08:30:04.246,0.71265,0.71295,5.60,7.30
2010.01.25 08:30:06.626,0.71265,0.71295,5.70,7.30
2010.01.25 08:30:12.884,0.71265,0.7129,2.40,3.20
2010.01.25 08:30:13.234,0.7126,0.7129,4.10,5.60
2010.01.25 08:30:14.434,0.7126,0.7129,4.10,5.70
2010.01.25 08:30:14.704,0.71265,0.71295,8.80,5.60
2010.01.25 08:30:15.044,0.71265,0.71295,8.80,4.00
2010.01.25 08:30:18.623,0.71265,0.71285,3.20,1.00
2010.01.25 08:30:18.793,0.71265,0.7129,3.20,4.00
2010.01.25 08:30:18.963,0.71265,0.71295,8.80,4.00
2010.01.25 08:30:29.550,0.71265,0.71295,9.20,4.00
2010.01.25 08:30:29.720,0.7127,0.71295,1.60,4.00
2010.01.25 08:30:31.070,0.7127,0.71295,6.40,2.40
2010.01.25 08:30:31.580,0.71275,0.713,1.60,4.10
2010.01.25 08:30:36.788,0.7127,0.713,8.90,5.70
2010.01.25 08:30:37.128,0.7127,0.71295,8.90,1.00
2010.01.25 08:30:37.468,0.7127,0.713,1.60,14.50
2010.01.25 08:30:37.818,0.71265,0.71295,8.80,4.00
2010.01.25 08:30:54.264,0.7127,0.71295,1.60,4.00
2010.01.25 08:30:58.843,0.7127,0.713,5.60,8.90
2010.01.25 08:30:58.903,0.7127,0.713,5.60,5.70
2010.01.25 08:30:59.313,0.7127,0.713,5.60,4.10
2010.01.25 08:30:59.373,0.7127,0.713,8.80,4.10
2010.01.25 08:30:59.493,0.7127,0.713,5.60,4.10
2010.01.25 08:30:59.543,0.7127,0.713,5.60,5.70
2010.01.25 08:31:01.243,0.7127,0.713,5.70,5.70
2010.01.25 08:31:07.121,0.71285,0.713,1.60,2.40
2010.01.25 08:31:07.461,0.71285,0.713,3.20,2.40
2010.01.25 08:31:07.801,0.71285,0.71335,5.60,12.10
2010.01.25 08:31:08.151,0.71305,0.7133,1.60,3.20
2010.01.25 08:31:08.501,0.71305,0.71345,5.60,8.80
2010.01.25 08:31:08.851,0.7131,0.7134,2.40,8.80
2010.01.25 08:31:09.261,0.71305,0.7133,4.40,1.60
2010.01.25 08:31:09.651,0.71305,0.71335,9.20,5.60
2010.01.25 08:31:10.050,0.7131,0.7134,7.20,7.20
2010.01.25 08:31:10.381,0.71315,0.7134,4.00,1.60
2010.01.25 08:31:10.730,0.71315,0.7133,4.00,1.60
2010.01.25 08:31:11.090,0.71315,0.71325,4.00,1.60
2010.01.25 08:31:11.420,0.71315,0.7134,4.00,1.60
2010.01.25 08:31:11.760,0.71315,0.7133,4.40,1.60
2010.01.25 08:31:12.810,0.71315,0.71335,4.40,1.60
2010.01.25 08:31:13.150,0.71315,0.7134,4.40,1.60
2010.01.25 08:31:13.960,0.71315,0.7134,2.40,1.60
2010.01.25 08:31:14.239,0.7131,0.7134,5.60,4.00
2010.01.25 08:31:16.699,0.7131,0.71335,2.40,1.00
2010.01.25 08:31:17.039,0.71305,0.7133,7.20,1.60
2010.01.25 08:31:17.369,0.71305,0.7133,4.00,1.60
2010.01.25 08:31:18.069,0.71305,0.7133,4.00,3.20
2010.01.25 08:31:18.428,0.713,0.7133,5.70,10.40
2010.01.25 08:31:18.758,0.713,0.7133,4.10,10.40
2010.01.25 08:31:20.178,0.713,0.71325,4.10,1.60
2010.01.25 08:31:20.448,0.713,0.71325,4.10,6.40
2010.01.25 08:31:23.947,0.713,0.71325,4.10,6.80
2010.01.25 08:31:24.467,0.713,0.71325,2.40,8.40
2010.01.25 08:31:24.767,0.71295,0.71325,5.70,10.80
2010.01.25 08:31:26.537,0.71295,0.71325,5.70,10.50
2010.01.25 08:31:31.495,0.71295,0.71325,5.70,10.90
2010.01.25 08:31:32.125,0.71295,0.71325,5.70,10.50
2010.01.25 08:31:38.194,0.71295,0.71325,5.70,10.90
2010.01.25 08:31:39.244,0.71295,0.71325,5.70,10.50
2010.01.25 08:31:44.662,0.71295,0.7133,5.70,20.60
2010.01.25 08:31:45.292,0.71295,0.71315,4.00,1.60
2010.01.25 08:31:45.622,0.71295,0.7132,2.40,4.80
2010.01.25 08:31:45.972,0.71285,0.71315,6.40,8.00
2010.01.25 08:31:46.332,0.71285,0.71315,2.40,8.80
2010.01.25 08:31:46.682,0.7128,0.7131,7.20,2.40
2010.01.25 08:31:52.191,0.71285,0.7131,3.20,2.40
2010.01.25 08:31:52.550,0.7128,0.71305,4.80,4.00
2010.01.25 08:31:53.240,0.7128,0.71305,1.60,4.00
2010.01.25 08:31:53.600,0.7128,0.7131,8.80,5.60
2010.01.25 08:31:55.320,0.7128,0.7131,8.80,5.70
2010.01.25 08:31:56.310,0.7128,0.7131,8.90,5.70
2010.01.25 08:31:56.589,0.7128,0.7131,7.30,5.70
2010.01.25 08:31:56.879,0.7128,0.7131,4.10,7.30
2010.01.25 08:31:57.509,0.7128,0.71305,4.10,1.00
2010.01.25 08:32:03.978,0.7128,0.7131,4.10,7.30
2010.01.25 08:32:19.124,0.7128,0.71305,4.10,1.00
2010.01.25 08:32:19.294,0.7128,0.7131,4.10,7.30
2010.01.25 08:32:22.783,0.7128,0.71305,4.00,1.60
2010.01.25 08:32:23.133,0.71275,0.71305,8.90,6.00
2010.01.25 08:32:24.353,0.71275,0.71305,8.90,6.10
2010.01.25 08:32:28.302,0.71275,0.71305,8.90,5.70
2010.01.25 08:32:29.341,0.71275,0.71305,8.90,6.10
2010.01.25 08:32:30.871,0.71275,0.71305,8.90,5.70
2010.01.25 08:32:31.211,0.71275,0.71305,8.90,6.10
2010.01.25 08:32:31.961,0.71275,0.71305,7.30,6.10
2010.01.25 08:32:32.261,0.71275,0.71305,4.10,10.90
2010.01.25 08:32:33.520,0.71275,0.71305,4.10,12.50
2010.01.25 08:32:33.860,0.71275,0.71295,2.40,1.60
2010.01.25 08:32:33.980,0.71275,0.71295,2.40,3.20
2010.01.25 08:32:34.100,0.71275,0.71295,2.40,4.80
2010.01.25 08:32:34.211,0.71265,0.71295,5.70,7.20
2010.01.25 08:32:36.310,0.71265,0.71295,5.70,7.30
2010.01.25 08:32:40.489,0.71265,0.71295,5.70,7.70
2010.01.25 08:32:40.959,0.71265,0.71285,2.40,1.60
2010.01.25 08:32:41.239,0.7126,0.71285,2.40,3.20
2010.01.25 08:32:41.569,0.71255,0.7128,2.40,1.60
2010.01.25 08:32:41.969,0.7125,0.7128,2.40,4.00
2010.01.25 08:32:44.258,0.7125,0.7128,4.00,2.40
2010.01.25 08:32:44.438,0.7125,0.7128,7.20,2.40
2010.01.25 08:32:45.418,0.7125,0.7128,5.60,2.40
2010.01.25 08:32:47.567,0.71255,0.7128,3.20,2.40
2010.01.25 08:32:47.917,0.71255,0.71285,5.60,2.40
2010.01.25 08:32:50.536,0.7125,0.7128,9.60,2.40
2010.01.25 08:32:50.826,0.7125,0.7128,7.20,2.40
2010.01.25 08:32:51.516,0.7125,0.7128,5.60,2.40
2010.01.25 08:32:51.856,0.71255,0.71285,2.40,7.20
2010.01.25 08:32:55.415,0.7125,0.71285,13.20,2.40
2010.01.25 08:32:56.435,0.7126,0.7129,2.40,8.80
2010.01.25 08:33:01.204,0.7126,0.7129,2.40,7.20
2010.01.25 08:33:01.384,0.7126,0.7129,2.40,2.40
2010.01.25 08:33:04.753,0.7126,0.7129,2.40,4.00
2010.01.25 08:33:04.813,0.7126,0.7129,2.40,5.60
2010.01.25 08:33:05.153,0.7126,0.7129,2.40,8.80
2010.01.25 08:33:06.162,0.7126,0.71285,2.40,3.20
2010.01.25 08:33:06.502,0.71255,0.71285,8.80,5.60
2010.01.25 08:33:15.240,0.71255,0.71275,5.60,3.20
2010.01.25 08:33:15.570,0.71245,0.71275,8.50,5.60
2010.01.25 08:33:15.920,0.71245,0.71275,7.70,5.60
2010.01.25 08:33:16.210,0.71245,0.71275,7.30,5.60
2010.01.25 08:33:17.230,0.71245,0.71265,1.00,1.60
2010.01.25 08:33:17.560,0.7124,0.71265,1.00,5.60
2010.01.25 08:33:18.250,0.71245,0.71265,1.60,4.00
2010.01.25 08:33:18.589,0.71245,0.71265,6.40,2.40
2010.01.25 08:33:18.700,0.7125,0.71265,1.60,2.40
2010.01.25 08:33:18.760,0.7125,0.71275,1.60,2.40
2010.01.25 08:33:18.929,0.71245,0.71275,8.80,2.40
2010.01.25 08:33:19.040,0.7125,0.71275,3.20,2.40
2010.01.25 08:33:19.159,0.7125,0.7128,7.20,2.40
2010.01.25 08:33:19.339,0.71255,0.71285,2.40,9.60
2010.01.25 08:33:19.449,0.7125,0.7128,7.20,2.40
2010.01.25 08:33:19.499,0.7125,0.7128,5.60,2.40
2010.01.25 08:33:19.619,0.7125,0.7128,8.00,2.40
2010.01.25 08:33:19.969,0.7125,0.7126,3.20,5.60
2010.01.25 08:33:20.309,0.7125,0.7128,2.40,8.80
2010.01.25 08:33:25.968,0.7125,0.7128,5.60,2.40
2010.01.25 08:33:26.198,0.71255,0.7128,5.60,1.60
2010.01.25 08:33:26.548,0.71255,0.7128,3.20,4.00
2010.01.25 08:33:27.877,0.71255,0.71285,3.20,6.80
2010.01.25 08:33:28.227,0.71255,0.71285,5.60,4.00
2010.01.25 08:33:28.577,0.7125,0.7128,5.60,4.00
2010.01.25 08:33:30.657,0.71255,0.7128,3.20,4.00
2010.01.25 08:33:30.877,0.71255,0.71285,3.20,5.20
2010.01.25 08:33:31.167,0.71255,0.71285,5.60,2.80
2010.01.25 08:33:31.397,0.71255,0.71275,2.40,1.00
2010.01.25 08:33:31.737,0.7125,0.71275,2.40,2.00
2010.01.25 08:33:32.137,0.7125,0.71275,2.40,3.60
2010.01.25 08:33:32.467,0.71245,0.71275,7.20,6.00
2010.01.25 08:33:33.506,0.71245,0.71275,7.20,4.40
2010.01.25 08:33:33.856,0.71245,0.71275,7.20,6.00
2010.01.25 08:33:34.186,0.71245,0.71275,7.20,2.80
2010.01.25 08:33:34.526,0.7125,0.71275,2.40,1.00
2010.01.25 08:33:37.945,0.7125,0.7128,2.40,8.80
2010.01.25 08:33:40.984,0.7125,0.71275,2.40,1.00
2010.01.25 08:33:41.824,0.7125,0.7128,2.40,8.80
2010.01.25 08:33:44.404,0.7125,0.7128,4.80,4.80
2010.01.25 08:33:44.583,0.71255,0.7128,2.40,4.80
2010.01.25 08:33:44.703,0.71255,0.7128,2.40,1.60
2010.01.25 08:33:44.823,0.71255,0.71285,2.40,8.80
2010.01.25 08:33:46.293,0.7125,0.7128,2.40,4.00
2010.01.25 08:33:46.533,0.7125,0.7128,2.40,8.80
2010.01.25 08:33:53.691,0.71255,0.7128,2.40,1.60
2010.01.25 08:33:54.091,0.7125,0.7128,2.40,5.60
2010.01.25 08:33:54.211,0.7125,0.7128,2.40,4.00
2010.01.25 08:33:54.391,0.71255,0.7128,2.40,1.60
2010.01.25 08:33:54.801,0.71255,0.71285,2.40,8.80
2010.01.25 08:33:55.151,0.7125,0.7128,2.40,5.60
2010.01.25 08:33:55.491,0.7125,0.7128,2.40,8.80
2010.01.25 08:33:56.391,0.7125,0.71275,2.40,3.20
2010.01.25 08:33:56.681,0.71245,0.71265,2.40,1.00
2010.01.25 08:33:57.040,0.71245,0.71265,4.00,1.00
2010.01.25 08:34:02.050,0.7125,0.71275,2.40,6.40
2010.01.25 08:34:02.399,0.7125,0.7128,9.60,5.60
2010.01.25 08:34:02.749,0.71255,0.7128,2.40,1.60
2010.01.25 08:34:03.099,0.7125,0.7128,2.40,8.80
2010.01.25 08:34:15.976,0.71255,0.7128,4.00,6.40
2010.01.25 08:34:28.723,0.7125,0.7128,2.40,8.80
2010.01.25 08:34:42.559,0.7125,0.7128,2.40,10.40
2010.01.25 08:35:28.708,0.71245,0.7128,5.30,8.00
2010.01.25 08:35:29.508,0.71245,0.7128,5.20,8.00
2010.01.25 08:35:29.738,0.7125,0.7129,1.60,10.40
2010.01.25 08:35:29.978,0.71255,0.7128,2.40,8.00
2010.01.25 08:35:30.158,0.71255,0.7128,2.40,4.80
2010.01.25 08:35:31.358,0.71255,0.7128,2.40,3.20
2010.01.25 08:35:31.698,0.7126,0.71285,2.40,8.00
2010.01.25 08:35:34.557,0.7126,0.71285,2.50,8.00
2010.01.25 08:35:36.526,0.7126,0.7128,2.40,1.60
2010.01.25 08:35:36.866,0.71255,0.7128,4.80,3.20
2010.01.25 08:35:37.156,0.71255,0.7128,2.40,3.20
2010.01.25 08:35:45.784,0.71255,0.7128,2.40,6.40
2010.01.25 08:35:45.844,0.7125,0.71285,2.40,16.00
2010.01.25 08:35:52.343,0.7125,0.7128,4.00,10.40
2010.01.25 08:35:52.693,0.7125,0.7128,7.20,7.20
2010.01.25 08:35:53.042,0.71255,0.7128,2.40,4.80
2010.01.25 08:36:06.199,0.7125,0.71275,4.10,1.60
2010.01.25 08:36:07.299,0.7125,0.71275,2.50,1.60
2010.01.25 08:36:08.329,0.7125,0.71275,2.50,3.20
2010.01.25 08:36:12.168,0.7125,0.7127,2.40,1.60
2010.01.25 08:36:12.508,0.71245,0.7127,4.10,1.60
2010.01.25 08:36:12.848,0.7125,0.71275,2.40,8.00
2010.01.25 08:36:14.268,0.7125,0.71275,2.50,8.00
2010.01.25 08:36:14.997,0.7125,0.71275,2.50,6.40
2010.01.25 08:36:15.167,0.7125,0.71275,2.50,3.20
2010.01.25 08:36:19.506,0.7125,0.71275,2.50,1.60
2010.01.25 08:36:20.457,0.7125,0.71275,4.10,1.60
2010.01.25 08:36:21.156,0.7125,0.71275,2.50,1.60
2010.01.25 08:36:21.456,0.7125,0.71275,4.10,1.60
2010.01.25 08:36:21.816,0.7125,0.71275,2.50,1.60
2010.01.25 08:36:26.215,0.7125,0.71275,5.70,1.60
2010.01.25 08:36:26.385,0.7125,0.7128,8.90,10.40
2010.01.25 08:36:26.614,0.71255,0.7128,2.40,4.80
2010.01.25 08:36:26.834,0.7125,0.71275,4.10,1.60
2010.01.25 08:36:27.174,0.7125,0.71275,2.50,1.60
2010.01.25 08:37:17.882,0.7125,0.7127,2.50,1.60
2010.01.25 08:37:27.070,0.7125,0.7127,1.00,1.60
2010.01.25 08:37:28.350,0.71245,0.7127,8.80,1.60
2010.01.25 08:37:28.529,0.7125,0.71275,3.30,1.60
2010.01.25 08:37:28.709,0.7125,0.71275,5.30,1.60
2010.01.25 08:37:28.879,0.7125,0.7127,5.70,1.60
2010.01.25 08:37:29.219,0.71255,0.71275,7.20,1.60
2010.01.25 08:37:29.570,0.71255,0.71275,5.60,1.60
2010.01.25 08:37:29.919,0.71255,0.71275,7.20,1.60
2010.01.25 08:37:30.269,0.71255,0.71275,7.70,1.60
2010.01.25 08:37:30.609,0.71255,0.71275,8.90,1.60
2010.01.25 08:37:31.019,0.7126,0.7128,4.00,1.60
2010.01.25 08:37:31.249,0.71265,0.7128,2.40,1.60
2010.01.25 08:37:31.589,0.7126,0.7128,7.30,1.60
2010.01.25 08:37:31.869,0.7126,0.7128,2.50,1.60
2010.01.25 08:38:31.315,0.7126,0.7128,4.10,1.60
2010.01.25 08:38:31.614,0.7126,0.7128,1.70,1.60
2010.01.25 08:38:32.874,0.7126,0.7128,1.60,1.60
2010.01.25 08:38:34.034,0.71255,0.7128,9.20,1.60
2010.01.25 08:38:48.680,0.71255,0.71285,7.60,1.60
2010.01.25 08:38:55.159,0.71255,0.71285,6.00,1.60
2010.01.25 08:38:55.219,0.71255,0.71285,6.00,3.20
2010.01.25 08:38:55.388,0.71255,0.7128,3.70,1.60
2010.01.25 08:38:55.448,0.71255,0.7128,2.10,1.60
2010.01.25 08:38:55.509,0.71255,0.7128,4.50,1.60
2010.01.25 08:38:56.588,0.71255,0.7128,2.90,1.60
2010.01.25 08:38:59.228,0.71255,0.7128,6.10,1.60
2010.01.25 08:38:59.407,0.7126,0.71285,2.40,1.60
2010.01.25 08:39:01.377,0.7126,0.71285,2.50,1.60
2010.01.25 08:39:28.690,0.7126,0.71285,4.10,1.60
2010.01.25 08:39:29.420,0.7126,0.71285,2.50,1.60
2010.01.25 08:39:39.998,0.71265,0.71285,1.00,1.60
2010.01.25 08:39:44.467,0.71285,0.71305,4.10,1.00
2010.01.25 08:39:45.836,0.71285,0.7131,7.30,1.60
2010.01.25 08:39:48.576,0.71285,0.71305,7.30,1.00
2010.01.25 08:40:09.811,0.71285,0.7131,7.30,1.60
2010.01.25 08:40:14.299,0.71285,0.7131,2.40,1.60
2010.01.25 08:40:14.520,0.7128,0.7131,7.20,4.00
2010.01.25 08:40:14.739,0.7128,0.7131,5.60,4.00
2010.01.25 08:40:18.349,0.7128,0.7131,5.60,5.60
2010.01.25 08:40:18.678,0.7128,0.713,5.60,1.60
2010.01.25 08:40:19.078,0.71275,0.713,7.60,1.60
2010.01.25 08:40:19.718,0.71275,0.71305,7.60,2.40
2010.01.25 08:40:20.008,0.7128,0.7131,5.60,5.60
2010.01.25 08:40:20.288,0.7128,0.71305,3.20,2.40
2010.01.25 08:40:20.528,0.7128,0.7131,5.60,4.00
2010.01.25 08:40:20.808,0.7128,0.713,5.60,1.60
2010.01.25 08:40:21.088,0.71275,0.713,7.60,1.60
2010.01.25 08:40:21.318,0.7128,0.7131,2.40,8.80
2010.01.25 08:40:21.598,0.7128,0.7131,5.60,5.60
2010.01.25 08:40:21.828,0.71275,0.713,7.60,1.60
2010.01.25 08:40:22.058,0.7128,0.7131,5.60,7.20
2010.01.25 08:40:22.288,0.7128,0.7131,5.60,5.60
2010.01.25 08:40:22.748,0.7128,0.713,3.20,1.60
2010.01.25 08:40:23.098,0.7128,0.7131,5.60,5.60
2010.01.25 08:40:23.447,0.71275,0.713,7.60,1.60
2010.01.25 08:40:23.797,0.7128,0.7131,5.60,5.60
2010.01.25 08:40:24.127,0.7128,0.713,3.20,1.60
2010.01.25 08:40:24.467,0.7128,0.7131,5.60,5.60
2010.01.25 08:40:24.827,0.7128,0.713,3.20,1.60
2010.01.25 08:40:25.117,0.7128,0.7131,5.60,5.60
2010.01.25 08:40:25.457,0.7128,0.713,5.60,1.60
2010.01.25 08:40:25.747,0.7128,0.7131,2.40,8.80
2010.01.25 08:40:26.047,0.7128,0.7131,5.60,5.60
2010.01.25 08:40:26.327,0.71275,0.713,7.60,1.60
2010.01.25 08:40:26.657,0.7128,0.7131,5.60,4.00
2010.01.25 08:40:26.766,0.7128,0.7131,5.60,5.60
2010.01.25 08:40:26.936,0.7128,0.713,5.60,1.60
2010.01.25 08:40:27.056,0.71275,0.713,7.60,1.60
2010.01.25 08:40:27.116,0.71275,0.71305,7.60,2.40
2010.01.25 08:40:27.236,0.7128,0.7131,2.40,11.20
2010.01.25 08:40:27.356,0.7128,0.7131,2.40,8.80
2010.01.25 08:40:27.416,0.7128,0.7131,5.60,4.00
2010.01.25 08:40:27.777,0.7128,0.713,2.40,1.60
2010.01.25 08:40:28.116,0.7128,0.7131,5.60,5.60
2010.01.25 08:40:28.456,0.7128,0.7131,2.40,7.20
2010.01.25 08:40:28.746,0.7128,0.713,2.40,1.60
2010.01.25 08:40:29.206,0.71275,0.713,2.80,1.60
2010.01.25 08:40:30.466,0.71275,0.713,4.40,1.60
2010.01.25 08:40:30.815,0.71275,0.713,7.60,1.60
2010.01.25 08:40:33.095,0.7128,0.71305,3.20,2.40
2010.01.25 08:40:33.425,0.7128,0.713,5.60,1.60
2010.01.25 08:40:33.705,0.71275,0.713,7.60,1.60
2010.01.25 08:40:34.085,0.7128,0.7131,5.60,5.60
2010.01.25 08:40:34.375,0.7128,0.713,2.40,1.60
2010.01.25 08:40:34.724,0.7128,0.7131,5.60,4.00
2010.01.25 08:40:35.014,0.7128,0.713,3.20,1.60
2010.01.25 08:40:35.374,0.7128,0.7131,5.60,5.60
2010.01.25 08:40:35.764,0.7128,0.713,5.60,1.60
2010.01.25 08:40:36.104,0.7128,0.7131,5.60,4.00
2010.01.25 08:40:36.384,0.71275,0.7131,13.20,5.60
2010.01.25 08:40:36.614,0.71275,0.713,7.60,1.60
2010.01.25 08:40:36.854,0.7128,0.7131,2.40,8.80
2010.01.25 08:40:37.244,0.7128,0.713,3.20,1.60
2010.01.25 08:40:37.594,0.7128,0.7131,5.60,4.00
2010.01.25 08:40:37.894,0.7128,0.713,5.60,1.60
2010.01.25 08:40:38.514,0.7128,0.7131,5.60,5.60
2010.01.25 08:40:38.803,0.7128,0.713,3.20,1.60
2010.01.25 08:40:39.104,0.7128,0.7131,5.60,4.80
2010.01.25 08:40:39.333,0.7128,0.7131,5.60,5.60
2010.01.25 08:40:39.563,0.71275,0.713,7.60,1.60
2010.01.25 08:40:39.793,0.7128,0.713,2.40,1.60
2010.01.25 08:40:40.073,0.7128,0.7131,5.60,5.60
2010.01.25 08:40:40.303,0.7128,0.713,3.20,1.60
2010.01.25 08:40:40.473,0.7128,0.7131,2.40,12.00
2010.01.25 08:40:40.693,0.7128,0.7131,5.60,5.60
2010.01.25 08:40:41.093,0.7128,0.713,3.20,1.60
2010.01.25 08:40:41.313,0.7128,0.7131,5.60,4.00
2010.01.25 08:40:41.773,0.7128,0.713,5.60,1.60
2010.01.25 08:40:41.943,0.71275,0.713,7.60,1.60
2010.01.25 08:40:42.183,0.7128,0.7131,5.60,5.60
2010.01.25 08:40:42.533,0.7128,0.713,2.40,1.60
2010.01.25 08:40:42.893,0.7128,0.7131,2.40,4.00
2010.01.25 08:40:43.243,0.7128,0.713,5.60,1.60
2010.01.25 08:40:43.472,0.71275,0.713,7.60,1.60
2010.01.25 08:40:43.703,0.7128,0.7131,5.60,4.00
2010.01.25 08:40:43.942,0.7128,0.7131,5.60,5.60
2010.01.25 08:40:44.222,0.7128,0.71305,2.40,1.60
2010.01.25 08:40:45.362,0.7128,0.71305,2.50,1.60
2010.01.25 08:40:48.871,0.7128,0.71305,2.40,3.20
2010.01.25 08:40:49.171,0.71275,0.713,6.10,1.60
2010.01.25 08:40:50.321,0.71275,0.713,6.00,1.60
2010.01.25 08:40:50.611,0.71275,0.713,6.10,1.60
2010.01.25 08:40:54.930,0.71275,0.713,6.10,3.20
2010.01.25 08:40:55.040,0.71275,0.7129,3.60,1.60
2010.01.25 08:40:55.320,0.71275,0.71295,1.00,2.40
2010.01.25 08:40:55.440,0.71275,0.713,1.00,11.20
2010.01.25 08:40:55.680,0.71275,0.71295,1.00,2.40
2010.01.25 08:40:57.319,0.71275,0.71295,3.20,2.40
2010.01.25 08:40:57.609,0.7128,0.713,2.40,1.60
2010.01.25 08:40:57.969,0.71275,0.713,2.40,3.20
2010.01.25 08:40:59.209,0.71275,0.713,4.00,3.20
2010.01.25 08:40:59.439,0.7128,0.71305,2.40,6.80
2010.01.25 08:40:59.679,0.7128,0.71305,2.40,6.40
2010.01.25 08:41:00.318,0.7128,0.71305,2.50,6.40
2010.01.25 08:41:03.148,0.7128,0.71305,2.50,6.80
2010.01.25 08:41:06.087,0.7128,0.71305,7.20,5.20
2010.01.25 08:41:06.377,0.7128,0.71305,7.30,1.00
2010.01.25 08:41:06.607,0.7128,0.7131,7.30,8.80
2010.01.25 08:41:06.827,0.71285,0.71305,2.40,2.00
2010.01.25 08:41:07.057,0.7128,0.71305,4.10,6.80
2010.01.25 08:41:07.287,0.7128,0.71305,2.50,6.80
2010.01.25 08:41:07.997,0.7128,0.71295,2.40,1.00
2010.01.25 08:41:08.356,0.71275,0.71295,3.30,1.00
2010.01.25 08:41:08.686,0.7127,0.71295,4.10,2.00
2010.01.25 08:41:08.976,0.7128,0.713,2.40,4.80
2010.01.25 08:41:09.326,0.71265,0.7129,5.70,1.60
2010.01.25 08:41:09.496,0.71265,0.7129,4.10,1.60
2010.01.25 08:41:09.666,0.7127,0.71295,2.40,1.60
2010.01.25 08:41:10.106,0.7127,0.71295,2.40,2.00
2010.01.25 08:41:10.406,0.7127,0.71295,2.40,3.60
2010.01.25 08:41:10.756,0.7127,0.71295,2.40,2.00
2010.01.25 08:41:11.436,0.7127,0.71295,2.50,2.00
2010.01.25 08:41:13.415,0.71265,0.71295,18.60,1.60
2010.01.25 08:41:16.145,0.7127,0.7128,5.70,0.20
2010.01.25 08:41:16.505,0.7127,0.7128,9.70,0.20
2010.01.25 08:41:16.854,0.71275,0.7128,2.40,0.20
2010.01.25 08:41:23.553,0.7127,0.7128,2.50,0.20
2010.01.25 08:41:24.193,0.71275,0.7128,2.40,0.20
2010.01.25 08:42:12.091,0.71275,0.713,2.40,1.60
2010.01.25 08:42:12.371,0.71275,0.713,2.20,1.60
2010.01.25 08:42:18.210,0.71275,0.713,2.30,1.60
2010.01.25 08:42:24.389,0.71275,0.713,2.40,1.60
2010.01.25 08:42:33.877,0.71275,0.713,4.00,1.60
2010.01.25 08:42:34.167,0.7128,0.71305,2.40,1.60
2010.01.25 08:42:35.037,0.7128,0.713,2.40,1.60
2010.01.25 08:42:35.327,0.71275,0.713,7.20,1.60
2010.01.25 08:42:35.617,0.71275,0.713,2.40,1.60
2010.01.25 08:42:38.426,0.71275,0.713,4.00,1.60
2010.01.25 08:42:41.196,0.71275,0.713,7.20,1.60
2010.01.25 08:42:42.055,0.71275,0.71305,4.00,10.40
2010.01.25 08:42:42.755,0.71275,0.713,8.80,1.60
2010.01.25 08:42:43.235,0.7128,0.7131,12.80,1.60
2010.01.25 08:42:43.585,0.71285,0.7131,2.40,1.60
2010.01.25 08:42:43.925,0.71285,0.7131,2.40,3.20
2010.01.25 08:42:44.275,0.71285,0.7131,2.40,1.60
2010.01.25 08:42:44.605,0.71285,0.7131,2.40,3.20
2010.01.25 08:42:44.945,0.71275,0.713,7.20,1.60
2010.01.25 08:42:45.285,0.71275,0.713,9.60,1.60
2010.01.25 08:42:45.515,0.71275,0.713,7.20,1.60
2010.01.25 08:42:45.795,0.71275,0.713,4.00,1.60
2010.01.25 08:42:47.044,0.71275,0.713,2.40,1.60
2010.01.25 08:42:47.425,0.7127,0.713,7.20,4.00
2010.01.25 08:42:52.963,0.7127,0.713,8.80,4.00
2010.01.25 08:42:53.323,0.71275,0.713,5.60,1.60
2010.01.25 08:42:53.433,0.7128,0.713,4.00,1.60
2010.01.25 08:42:53.543,0.7128,0.71305,4.00,1.60
2010.01.25 08:42:55.582,0.7128,0.71305,4.10,1.60
2010.01.25 08:42:57.002,0.71285,0.71305,1.60,1.60
2010.01.25 08:42:57.352,0.71295,0.7131,1.60,1.60
2010.01.25 08:42:57.742,0.71295,0.7132,4.00,1.60
2010.01.25 08:42:58.081,0.71295,0.7132,7.20,1.60
2010.01.25 08:43:02.721,0.713,0.7133,5.60,4.00
2010.01.25 08:43:03.080,0.713,0.71325,3.20,2.40
2010.01.25 08:43:03.440,0.713,0.7132,2.40,1.60
2010.01.25 08:43:03.790,0.713,0.7133,5.60,5.60
2010.01.25 08:43:04.120,0.713,0.7132,2.40,1.60
2010.01.25 08:43:04.480,0.713,0.7133,2.40,5.60
2010.01.25 08:43:04.820,0.71295,0.7132,7.20,1.60
2010.01.25 08:43:04.990,0.713,0.7133,7.20,4.00
2010.01.25 08:43:05.220,0.71305,0.7133,2.40,1.60
2010.01.25 08:43:05.380,0.71305,0.7133,2.40,3.20
2010.01.25 08:43:05.560,0.713,0.71325,7.20,1.60
2010.01.25 08:43:05.910,0.713,0.71325,5.60,1.60
2010.01.25 08:43:06.290,0.71305,0.7133,2.40,1.60
2010.01.25 08:43:06.640,0.71305,0.7133,2.40,3.20
2010.01.25 08:43:06.999,0.713,0.71325,5.70,1.60
2010.01.25 08:43:07.340,0.71305,0.7133,2.40,3.20
2010.01.25 08:43:07.689,0.713,0.71325,7.30,1.60
2010.01.25 08:43:08.039,0.71305,0.7133,3.20,4.00
2010.01.25 08:43:08.379,0.713,0.71325,9.70,1.60
2010.01.25 08:43:08.849,0.71305,0.7133,2.40,1.60
2010.01.25 08:43:09.179,0.713,0.71325,9.70,1.60
2010.01.25 08:43:09.519,0.71305,0.7133,5.60,3.20
2010.01.25 08:43:09.869,0.71305,0.7133,3.20,5.60
2010.01.25 08:43:10.219,0.71305,0.7133,5.60,1.60
2010.01.25 08:43:10.549,0.71305,0.7133,5.60,3.20
2010.01.25 08:43:10.879,0.713,0.71325,7.30,1.60
2010.01.25 08:43:11.218,0.71305,0.7133,2.40,1.60
2010.01.25 08:43:11.558,0.71305,0.71325,2.40,1.60
2010.01.25 08:43:12.368,0.71305,0.71325,5.60,1.60
2010.01.25 08:43:12.648,0.713,0.71325,7.30,1.60
2010.01.25 08:43:12.888,0.71305,0.7133,5.60,1.60
2010.01.25 08:43:13.168,0.713,0.71325,7.30,1.60
2010.01.25 08:43:13.528,0.71305,0.7133,7.20,1.60
2010.01.25 08:43:13.878,0.713,0.71325,12.90,1.60
2010.01.25 08:43:14.218,0.71305,0.7133,3.20,4.00
2010.01.25 08:43:14.568,0.71305,0.71325,5.60,1.60
2010.01.25 08:43:14.898,0.71305,0.71325,3.20,1.60
2010.01.25 08:43:15.197,0.71305,0.7133,2.40,1.60
2010.01.25 08:43:15.538,0.71305,0.71325,2.40,1.60
2010.01.25 08:43:15.657,0.71305,0.7133,3.20,4.00
2010.01.25 08:43:15.837,0.71305,0.7133,5.60,1.60
2010.01.25 08:43:16.007,0.71305,0.7133,2.40,3.20
2010.01.25 08:43:16.177,0.713,0.7133,8.90,5.60
2010.01.25 08:43:16.347,0.713,0.7133,10.50,5.60
2010.01.25 08:43:16.467,0.71305,0.7133,5.60,1.60
2010.01.25 08:43:16.767,0.71305,0.7132,3.20,2.40
2010.01.25 08:43:17.057,0.713,0.71315,6.50,4.80
2010.01.25 08:43:17.347,0.71305,0.7132,3.20,4.80
2010.01.25 08:43:17.587,0.713,0.71315,3.30,4.80
2010.01.25 08:43:18.637,0.71295,0.71315,7.20,4.80
2010.01.25 08:43:18.747,0.71295,0.71315,6.40,4.80
2010.01.25 08:43:18.866,0.71295,0.71315,9.60,4.80
2010.01.25 08:43:20.546,0.71295,0.71315,9.70,4.80
2010.01.25 08:43:21.386,0.71295,0.7131,6.50,4.80
2010.01.25 08:43:21.676,0.71295,0.7131,6.50,2.40
2010.01.25 08:43:25.935,0.71295,0.7131,3.20,2.40
2010.01.25 08:43:26.285,0.7129,0.71305,4.90,2.40
2010.01.25 08:43:26.625,0.7129,0.71315,7.30,1.60
2010.01.25 08:43:26.975,0.7129,0.71315,8.90,1.60
2010.01.25 08:43:41.701,0.713,0.7132,1.60,1.60
2010.01.25 08:44:12.704,0.71295,0.7132,5.70,1.60
2010.01.25 08:44:12.874,0.71295,0.71315,2.40,1.60
2010.01.25 08:44:13.104,0.7129,0.71315,2.40,1.60
2010.01.25 08:44:13.274,0.7129,0.7131,4.00,1.60
2010.01.25 08:44:13.563,0.7129,0.71315,5.60,1.60
2010.01.25 08:44:13.953,0.71285,0.7131,7.30,1.60
2010.01.25 08:44:15.323,0.7129,0.7131,1.60,1.60
2010.01.25 08:44:15.683,0.71285,0.7131,7.30,1.60
2010.01.25 08:44:16.273,0.7129,0.7131,1.60,1.60
2010.01.25 08:44:16.453,0.7129,0.7131,6.40,1.60
2010.01.25 08:44:16.803,0.7129,0.71315,8.80,1.60
2010.01.25 08:44:18.182,0.7129,0.7132,10.40,4.10
2010.01.25 08:44:18.522,0.7129,0.7132,10.50,4.10
2010.01.25 08:44:25.260,0.7129,0.7132,8.90,5.70
2010.01.25 08:44:25.490,0.7129,0.7132,5.70,5.70
2010.01.25 08:44:25.721,0.7129,0.7132,7.30,5.70
2010.01.25 08:44:28.100,0.71295,0.7132,3.20,4.10
2010.01.25 08:44:45.276,0.71295,0.7132,3.20,5.70
2010.01.25 08:44:45.566,0.7129,0.7132,7.30,5.70
2010.01.25 08:44:50.644,0.7129,0.7132,8.90,5.70
2010.01.25 08:44:50.755,0.7129,0.7132,10.50,4.10
2010.01.25 08:44:50.874,0.71295,0.7132,3.20,4.10
2010.01.25 08:45:16.498,0.71295,0.7132,3.20,1.70
2010.01.25 08:45:18.618,0.71295,0.7132,3.20,1.60
2010.01.25 08:45:47.511,0.7129,0.7132,6.40,1.60
2010.01.25 08:45:50.800,0.7129,0.7132,4.80,3.20
2010.01.25 08:45:53.999,0.7129,0.7132,1.60,3.20
2010.01.25 08:45:57.718,0.7129,0.7132,4.80,3.20
2010.01.25 08:45:59.248,0.7129,0.71315,2.40,1.60
2010.01.25 08:45:59.928,0.7129,0.7132,7.20,5.70
2010.01.25 08:46:00.567,0.7129,0.7132,7.30,5.70
2010.01.25 08:46:05.186,0.7129,0.7131,7.30,1.60
2010.01.25 08:46:05.526,0.713,0.7131,1.60,4.00
2010.01.25 08:46:05.856,0.71305,0.71345,1.60,9.60
2010.01.25 08:46:06.026,0.71305,0.71345,1.60,6.40
2010.01.25 08:46:06.146,0.71305,0.71345,4.00,8.00
2010.01.25 08:46:06.327,0.71305,0.7134,4.00,3.20
2010.01.25 08:46:06.487,0.71295,0.71335,8.80,2.40
2010.01.25 08:46:06.656,0.713,0.7134,4.00,4.00
2010.01.25 08:46:06.776,0.71305,0.7134,4.00,1.60
2010.01.25 08:46:07.116,0.71305,0.71335,4.00,8.00
2010.01.25 08:46:07.506,0.71305,0.71325,4.00,1.60
2010.01.25 08:46:08.206,0.71305,0.71335,4.00,8.00
2010.01.25 08:46:19.763,0.71305,0.71335,7.20,6.40
2010.01.25 08:46:19.983,0.71305,0.71335,9.60,3.20
2010.01.25 08:46:20.143,0.7131,0.71335,2.40,1.00
2010.01.25 08:46:20.503,0.7131,0.71335,2.40,2.40
2010.01.25 08:46:20.783,0.7131,0.71335,2.40,1.60
2010.01.25 08:46:21.123,0.7131,0.7134,2.40,5.60
2010.01.25 08:46:25.532,0.7131,0.7134,5.60,4.00
2010.01.25 08:46:26.452,0.7131,0.7134,7.20,4.00
2010.01.25 08:46:26.791,0.71315,0.7134,4.00,1.60
2010.01.25 08:46:27.141,0.71315,0.71345,12.00,4.00
2010.01.25 08:46:27.531,0.71325,0.7134,3.20,1.60
2010.01.25 08:46:27.881,0.71345,0.7135,2.00,1.60
2010.01.25 08:46:28.221,0.7135,0.7136,5.60,1.60
2010.01.25 08:46:28.571,0.71355,0.7136,2.40,1.60
2010.01.25 08:46:28.921,0.71365,0.71385,4.00,2.10
2010.01.25 08:46:29.261,0.71355,0.7136,33.70,1.60
2010.01.25 08:46:30.070,0.71365,0.71395,4.00,2.10
2010.01.25 08:46:30.471,0.71365,0.714,4.00,1.00
2010.01.25 08:46:31.021,0.71365,0.7141,4.00,20.20
2010.01.25 08:46:31.431,0.71365,0.71395,4.10,10.50
2010.01.25 08:46:31.610,0.71365,0.7139,4.10,1.60
2010.01.25 08:46:32.190,0.7137,0.71395,1.60,2.40
2010.01.25 08:46:32.540,0.7137,0.71395,4.00,1.60
2010.01.25 08:46:33.400,0.7137,0.714,4.10,10.50
2010.01.25 08:46:53.275,0.7137,0.7138,1.60,6.40
2010.01.25 08:46:53.595,0.71335,0.71375,1.00,4.80
2010.01.25 08:46:53.935,0.71335,0.7138,4.40,6.40
2010.01.25 08:46:54.285,0.71335,0.7137,5.60,4.80
2010.01.25 08:46:54.625,0.71345,0.7138,6.80,9.60
2010.01.25 08:46:54.985,0.71345,0.71375,7.60,2.40
2010.01.25 08:46:56.014,0.7135,0.7138,5.60,4.80
2010.01.25 08:46:56.124,0.7135,0.7138,5.60,2.40
2010.01.25 08:46:56.184,0.7135,0.7138,7.20,2.40
2010.01.25 08:46:56.514,0.7135,0.7138,5.60,2.40
2010.01.25 08:46:56.814,0.71355,0.71385,2.40,4.40
2010.01.25 08:46:57.174,0.7135,0.7138,7.20,2.40
2010.01.25 08:46:58.863,0.7135,0.7138,2.40,4.00
2010.01.25 08:46:59.213,0.7135,0.71375,2.40,1.60
2010.01.25 08:46:59.554,0.71345,0.71375,4.00,4.00
2010.01.25 08:46:59.853,0.7134,0.7137,7.20,2.40
2010.01.25 08:47:00.123,0.7134,0.7137,4.00,2.40
2010.01.25 08:47:00.353,0.7134,0.7137,4.00,4.00
2010.01.25 08:47:07.752,0.7135,0.7137,3.20,4.00
2010.01.25 08:47:07.862,0.7135,0.7138,5.60,8.90
2010.01.25 08:47:10.311,0.7135,0.7138,5.70,8.90
2010.01.25 08:47:12.311,0.71345,0.7137,1.60,4.00
2010.01.25 08:47:12.610,0.7135,0.71375,5.60,2.40
2010.01.25 08:47:12.910,0.7135,0.7138,4.00,10.50
2010.01.25 08:47:13.140,0.7135,0.7138,5.60,10.50
2010.01.25 08:47:14.700,0.7135,0.7138,5.70,10.50
2010.01.25 08:47:17.549,0.71345,0.7137,4.80,4.00
2010.01.25 08:47:17.899,0.7135,0.7138,4.00,10.50
2010.01.25 08:47:18.289,0.7135,0.7138,5.60,10.50
2010.01.25 08:47:20.248,0.7135,0.7138,5.70,10.50
2010.01.25 08:47:21.008,0.7135,0.7137,2.40,1.60
2010.01.25 08:47:21.068,0.71345,0.7137,1.00,4.00
2010.01.25 08:47:21.248,0.7135,0.7137,2.40,1.60
2010.01.25 08:47:21.358,0.7135,0.71375,4.00,1.60
2010.01.25 08:47:21.458,0.7135,0.7138,4.00,10.50
2010.01.25 08:47:21.518,0.7135,0.7138,5.60,10.50
2010.01.25 08:47:21.628,0.7135,0.71385,5.60,20.20
2010.01.25 08:47:23.218,0.71345,0.7137,8.40,4.00
2010.01.25 08:47:23.568,0.7135,0.7138,5.60,10.50
2010.01.25 08:47:23.917,0.7135,0.7138,5.60,7.30
2010.01.25 08:47:25.287,0.7135,0.7138,5.70,7.30
2010.01.25 08:47:33.755,0.7135,0.71375,4.10,1.60
2010.01.25 08:47:33.975,0.71345,0.7137,3.60,4.00
2010.01.25 08:47:34.155,0.7135,0.7137,2.40,1.60
2010.01.25 08:47:34.385,0.7135,0.7138,5.60,10.50
2010.01.25 08:47:34.565,0.7135,0.7138,5.60,5.70
2010.01.25 08:47:36.245,0.7135,0.7138,5.70,5.70
2010.01.25 08:47:36.305,0.7135,0.71375,5.70,1.60
2010.01.25 08:47:36.355,0.7135,0.71375,5.60,2.00
2010.01.25 08:47:36.415,0.7135,0.71375,4.00,5.20
2010.01.25 08:47:36.535,0.7135,0.7137,2.40,1.60
2010.01.25 08:47:36.695,0.71345,0.7137,6.00,4.00
2010.01.25 08:47:36.754,0.71345,0.7137,3.60,4.00
2010.01.25 08:47:37.434,0.71345,0.7137,3.20,4.00
2010.01.25 08:47:39.454,0.71345,0.7137,3.20,4.10
2010.01.25 08:47:47.952,0.7135,0.7137,1.60,2.40
2010.01.25 08:47:48.241,0.71345,0.71375,8.90,5.60
2010.01.25 08:47:48.532,0.7135,0.7138,5.60,9.70
2010.01.25 08:47:48.811,0.7135,0.7138,5.60,7.30
2010.01.25 08:47:50.431,0.7135,0.7138,5.70,7.30
2010.01.25 08:47:59.449,0.7135,0.7137,5.70,2.40
2010.01.25 08:47:59.729,0.7135,0.7137,1.70,4.80
2010.01.25 08:48:00.019,0.71345,0.71365,7.30,2.40
2010.01.25 08:48:00.309,0.71345,0.7136,3.70,2.40
2010.01.25 08:48:00.649,0.71345,0.7136,3.30,2.40
2010.01.25 08:48:02.658,0.71345,0.7136,1.60,2.40
2010.01.25 08:48:02.878,0.7134,0.71355,3.20,2.40
2010.01.25 08:48:03.048,0.71335,0.71345,5.20,2.40
2010.01.25 08:48:03.388,0.71335,0.71345,2.00,2.40
2010.01.25 08:48:03.758,0.7133,0.71345,3.20,4.80
2010.01.25 08:48:04.078,0.71325,0.71345,5.60,2.40
2010.01.25 08:48:04.458,0.71325,0.71355,8.00,4.00
2010.01.25 08:48:04.758,0.71325,0.71355,3.20,4.80
2010.01.25 08:48:05.158,0.71325,0.71355,3.20,2.40
2010.01.25 08:48:06.187,0.71325,0.71355,6.40,2.40
2010.01.25 08:48:10.107,0.71325,0.71345,6.40,1.60
2010.01.25 08:48:10.446,0.71325,0.7134,1.00,4.00
2010.01.25 08:48:10.616,0.71325,0.7134,1.00,4.00
2010.01.25 08:48:10.796,0.71315,0.7134,5.20,4.00
2010.01.25 08:48:10.976,0.71315,0.7134,3.60,8.00
2010.01.25 08:48:11.196,0.71315,0.71335,1.00,1.60
2010.01.25 08:48:11.376,0.71315,0.71335,1.00,4.00
2010.01.25 08:48:24.123,0.71315,0.7134,3.20,4.10
2010.01.25 08:48:46.028,0.7131,0.71335,4.80,1.60
2010.01.25 08:48:46.268,0.7131,0.71335,4.80,4.00
2010.01.25 08:48:48.677,0.71305,0.71335,9.60,4.00
2010.01.25 08:48:49.017,0.71305,0.7133,4.00,1.60
2010.01.25 08:48:49.367,0.71305,0.71325,4.00,2.00
2010.01.25 08:48:49.757,0.71305,0.71325,1.60,4.40
2010.01.25 08:48:50.107,0.713,0.71325,1.60,4.40
2010.01.25 08:48:50.727,0.713,0.71325,1.60,4.00
2010.01.25 08:48:52.526,0.713,0.71325,1.60,2.40
2010.01.25 08:48:52.856,0.713,0.7133,4.00,7.20
2010.01.25 08:48:53.556,0.71305,0.7133,1.60,2.40
2010.01.25 08:48:53.906,0.71305,0.7133,4.80,2.40
2010.01.25 08:48:55.265,0.71305,0.7133,5.20,2.40
2010.01.25 08:49:00.045,0.71305,0.71315,3.60,2.40
2010.01.25 08:49:00.344,0.71305,0.7131,2.00,2.40
2010.01.25 08:49:00.684,0.71305,0.71315,3.60,2.40
2010.01.25 08:49:00.974,0.71305,0.7131,5.20,2.40
2010.01.25 08:49:01.154,0.71295,0.71305,7.20,2.40
2010.01.25 08:49:01.454,0.713,0.71305,5.30,8.00
2010.01.25 08:49:01.624,0.71305,0.7131,2.00,14.40
2010.01.25 08:49:01.734,0.71305,0.7131,3.60,14.40
2010.01.25 08:49:01.914,0.71305,0.7131,6.80,2.40
2010.01.25 08:49:02.384,0.71305,0.7131,3.60,8.00
2010.01.25 08:49:02.674,0.71305,0.7131,3.60,4.80
2010.01.25 08:49:03.014,0.71305,0.7131,2.00,8.00
2010.01.25 08:49:03.294,0.7131,0.71315,1.60,11.20
2010.01.25 08:49:03.913,0.71305,0.7131,6.80,2.40
2010.01.25 08:49:04.213,0.713,0.71305,6.90,2.40
2010.01.25 08:49:04.553,0.71305,0.7131,6.80,2.40
2010.01.25 08:49:04.903,0.71305,0.7132,5.20,2.40
2010.01.25 08:49:05.253,0.7131,0.7132,1.60,2.40
2010.01.25 08:49:05.593,0.71305,0.71315,5.20,2.40
2010.01.25 08:49:05.993,0.7131,0.7132,1.60,2.40
2010.01.25 08:49:06.293,0.71305,0.7132,5.20,4.80
2010.01.25 08:49:06.523,0.7131,0.7132,1.60,2.40
2010.01.25 08:49:06.933,0.7131,0.7132,4.80,2.40
2010.01.25 08:49:07.113,0.7131,0.71315,1.60,2.40
2010.01.25 08:49:07.293,0.7131,0.7132,1.60,2.40
2010.01.25 08:49:07.513,0.71305,0.7132,5.20,2.40
2010.01.25 08:49:07.673,0.71305,0.7132,5.20,4.80
2010.01.25 08:49:07.853,0.71305,0.71315,6.80,2.40
2010.01.25 08:49:08.023,0.71305,0.7132,6.80,2.40
2010.01.25 08:49:08.192,0.71305,0.71315,5.20,2.40
2010.01.25 08:49:08.712,0.7131,0.71315,1.60,2.40
2010.01.25 08:49:09.072,0.7131,0.7132,1.60,2.40
2010.01.25 08:49:09.772,0.7131,0.71335,1.60,4.00
2010.01.25 08:49:27.338,0.71305,0.71325,3.60,4.00
2010.01.25 08:49:27.628,0.71305,0.71325,3.60,2.40
2010.01.25 08:49:27.918,0.71305,0.71335,9.20,4.00
2010.01.25 08:49:29.757,0.71305,0.71335,9.20,5.60
2010.01.25 08:49:30.107,0.71305,0.71325,1.00,5.60
2010.01.25 08:49:30.447,0.71305,0.71325,2.00,2.40
2010.01.25 08:49:30.787,0.71305,0.71335,7.60,7.60
2010.01.25 08:49:30.967,0.71305,0.71335,7.60,5.60
2010.01.25 08:49:34.706,0.71305,0.71325,1.00,5.60
2010.01.25 08:49:34.996,0.71305,0.7132,1.00,1.60
2010.01.25 08:49:35.236,0.71305,0.7132,1.00,4.00
2010.01.25 08:49:35.676,0.713,0.7132,4.80,2.40
2010.01.25 08:49:35.906,0.713,0.7133,7.20,2.40
2010.01.25 08:49:36.196,0.71305,0.7133,3.20,2.40
2010.01.25 08:49:40.565,0.7131,0.71335,5.60,2.40
2010.01.25 08:49:40.734,0.71315,0.71345,2.40,12.80
2010.01.25 08:49:40.904,0.71315,0.71345,2.40,11.20
2010.01.25 08:49:41.085,0.71315,0.71345,2.40,7.20
2010.01.25 08:49:41.254,0.71315,0.71345,5.60,2.40
2010.01.25 08:49:41.604,0.71315,0.7133,3.20,4.00
2010.01.25 08:49:41.834,0.7132,0.7133,3.20,2.40
2010.01.25 08:49:42.064,0.7132,0.71355,3.20,1.60
2010.01.25 08:49:42.294,0.71325,0.71355,1.00,1.60
2010.01.25 08:49:42.534,0.71325,0.7135,1.00,1.60
2010.01.25 08:49:42.594,0.71315,0.7135,6.00,1.60
2010.01.25 08:49:42.654,0.71315,0.7135,1.00,4.00
2010.01.25 08:49:42.874,0.71315,0.7135,1.00,2.40
2010.01.25 08:49:42.974,0.71315,0.71355,6.00,6.40
2010.01.25 08:49:43.034,0.71315,0.71355,6.00,4.00
2010.01.25 08:49:43.144,0.7132,0.71345,2.40,1.60
2010.01.25 08:49:44.704,0.7132,0.7133,2.40,3.20
2010.01.25 08:49:45.104,0.71315,0.7134,3.60,2.40
2010.01.25 08:49:45.444,0.7132,0.7135,2.40,5.60
2010.01.25 08:49:47.733,0.7132,0.7135,5.60,4.00
2010.01.25 08:49:49.982,0.7132,0.7135,5.60,5.60
2010.01.25 08:49:50.272,0.71315,0.7134,3.60,5.60
2010.01.25 08:49:50.782,0.71315,0.7134,1.00,5.60
2010.01.25 08:49:51.642,0.71315,0.71335,1.00,1.60
2010.01.25 08:49:51.762,0.71315,0.71335,1.00,3.20
2010.01.25 08:49:51.882,0.71315,0.71335,1.00,1.60
2010.01.25 08:49:51.942,0.71315,0.7134,3.60,4.80
2010.01.25 08:49:52.402,0.7132,0.7135,2.40,7.20
2010.01.25 08:49:52.752,0.7132,0.7135,5.60,4.00
2010.01.25 08:49:53.102,0.7132,0.7135,5.60,2.40
2010.01.25 08:49:53.392,0.7132,0.7135,5.60,4.00
2010.01.25 08:49:53.722,0.71325,0.71355,5.60,2.40
2010.01.25 08:49:53.962,0.71325,0.71355,6.00,4.00
2010.01.25 08:49:57.690,0.7133,0.71355,2.40,1.60
2010.01.25 08:49:58.101,0.7133,0.7135,2.40,1.60
2010.01.25 08:49:58.401,0.71325,0.7135,7.60,1.60
2010.01.25 08:49:59.780,0.71325,0.7135,7.20,1.60
2010.01.25 08:50:02.319,0.71325,0.7135,7.60,1.60
2010.01.25 08:50:02.839,0.71335,0.71355,1.00,2.40
2010.01.25 08:50:03.179,0.71335,0.7136,1.00,4.00
2010.01.25 08:50:09.598,0.71335,0.7136,2.00,4.00
2010.01.25 08:50:09.957,0.71335,0.7136,4.40,1.60
2010.01.25 08:50:14.527,0.71335,0.7136,1.00,5.60
2010.01.25 08:50:14.876,0.71335,0.7136,4.40,1.60
2010.01.25 08:50:16.316,0.71335,0.7136,4.00,1.60
2010.01.25 08:50:16.776,0.71335,0.7136,2.40,1.60
2010.01.25 08:50:17.116,0.7133,0.7136,5.60,4.00
2010.01.25 08:50:17.346,0.7133,0.7136,2.40,5.60
2010.01.25 08:50:32.882,0.7133,0.7135,2.40,1.60
2010.01.25 08:50:33.442,0.71325,0.7135,7.20,1.60
2010.01.25 08:50:34.172,0.71325,0.7135,4.00,1.60
2010.01.25 08:50:34.522,0.7132,0.7135,2.40,4.00
2010.01.25 08:50:35.562,0.7132,0.7135,2.40,6.40
2010.01.25 08:50:35.901,0.71315,0.71345,6.00,2.40
2010.01.25 08:50:39.061,0.7132,0.7135,2.40,5.60
2010.01.25 08:50:39.230,0.7132,0.7135,2.40,2.40
2010.01.25 08:50:39.581,0.7132,0.7135,5.60,2.40
2010.01.25 08:50:39.910,0.71325,0.71355,2.40,8.80
2010.01.25 08:50:40.250,0.71325,0.71355,2.80,5.60
2010.01.25 08:50:42.340,0.71325,0.71355,2.80,7.20
2010.01.25 08:50:42.690,0.71325,0.7135,1.00,2.40
2010.01.25 08:50:46.329,0.71325,0.7135,1.00,4.00
2010.01.25 08:50:52.057,0.71325,0.7135,2.00,4.00
2010.01.25 08:50:52.108,0.71325,0.7135,4.40,1.60
2010.01.25 08:50:52.277,0.71325,0.71355,4.40,7.20
2010.01.25 08:50:56.517,0.71325,0.71355,4.00,7.20
2010.01.25 08:50:58.446,0.71325,0.7135,4.00,1.60
2010.01.25 08:51:04.914,0.71325,0.7135,4.40,1.60
2010.01.25 08:51:05.265,0.71325,0.7135,4.00,1.60
2010.01.25 08:51:05.604,0.71325,0.7135,4.40,1.60
2010.01.25 08:51:05.954,0.71325,0.7135,4.00,1.60
2010.01.25 08:51:06.254,0.71325,0.7135,4.40,1.60
2010.01.25 08:51:13.752,0.71325,0.71355,4.40,7.20
2010.01.25 08:51:14.032,0.71325,0.71355,4.40,5.60
2010.01.25 08:51:14.272,0.7133,0.71355,2.40,3.20
2010.01.25 08:51:19.591,0.7133,0.7135,2.40,1.60
2010.01.25 08:51:19.941,0.71325,0.7135,4.40,1.60
2010.01.25 08:51:27.779,0.71325,0.7135,4.00,1.60
2010.01.25 08:51:31.728,0.71325,0.7135,2.40,3.20
2010.01.25 08:51:32.008,0.7132,0.7135,4.10,5.60
2010.01.25 08:51:34.407,0.7132,0.7135,4.10,5.70
2010.01.25 08:52:05.360,0.71325,0.7135,4.00,1.60
2010.01.25 08:52:11.268,0.7132,0.7135,7.30,5.60
2010.01.25 08:52:11.668,0.7132,0.71345,4.10,1.60
2010.01.25 08:52:49.419,0.7132,0.71345,2.50,3.20
2010.01.25 08:52:49.769,0.71315,0.7134,4.00,1.60
2010.01.25 08:52:50.119,0.7131,0.7134,2.40,4.00
2010.01.25 08:53:12.644,0.7131,0.7134,7.30,5.60
2010.01.25 08:53:12.823,0.7131,0.71335,2.40,3.20
2010.01.25 08:53:13.053,0.71305,0.71335,10.50,5.60
2010.01.25 08:53:13.283,0.71305,0.71335,9.70,5.60
2010.01.25 08:53:13.513,0.71305,0.71335,8.10,5.60
2010.01.25 08:53:13.743,0.71305,0.71335,4.90,10.40
2010.01.25 08:53:14.863,0.71305,0.7133,4.80,4.80
2010.01.25 08:53:15.153,0.71305,0.71325,1.00,1.60
2010.01.25 08:53:15.443,0.71305,0.71325,1.00,4.00
2010.01.25 08:53:15.713,0.71295,0.71325,10.00,4.00
2010.01.25 08:53:26.860,0.71295,0.71325,9.20,4.00
2010.01.25 08:53:45.566,0.71305,0.71325,1.00,2.40
2010.01.25 08:53:45.916,0.71305,0.7133,1.00,10.50
2010.01.25 08:53:47.315,0.71305,0.7133,1.00,5.70
2010.01.25 08:53:49.975,0.71305,0.7133,1.00,4.10
2010.01.25 08:53:54.084,0.71305,0.7133,1.00,7.30
2010.01.25 08:53:56.083,0.713,0.7133,4.10,7.30
2010.01.25 08:53:58.193,0.71305,0.7133,1.00,4.10
2010.01.25 08:53:58.493,0.71305,0.7133,1.00,5.70
2010.01.25 08:53:59.222,0.71305,0.7133,1.00,4.10
2010.01.25 08:53:59.562,0.71305,0.7133,1.00,5.70
2010.01.25 08:53:59.912,0.71305,0.7133,1.00,4.10
2010.01.25 08:54:00.603,0.71305,0.71335,1.00,18.60
2010.01.25 08:54:00.942,0.71305,0.7133,1.00,4.10
2010.01.25 08:54:04.001,0.71305,0.7133,1.00,5.70
2010.01.25 08:54:04.181,0.71305,0.7133,1.00,7.30
2010.01.25 08:54:04.761,0.71305,0.7133,1.00,4.10
2010.01.25 08:54:06.331,0.71305,0.71325,1.00,1.60
2010.01.25 08:54:06.680,0.71305,0.71325,1.00,4.00
2010.01.25 08:54:14.659,0.71295,0.71325,9.20,4.00
2010.01.25 08:54:15.228,0.71295,0.71325,9.70,4.00
2010.01.25 08:54:18.948,0.71305,0.71325,1.00,2.40
2010.01.25 08:54:19.128,0.71305,0.7133,1.00,7.30
2010.01.25 08:54:29.965,0.713,0.7133,4.10,7.30
2010.01.25 08:54:30.355,0.713,0.7133,4.10,10.50
2010.01.25 08:54:30.705,0.713,0.71325,2.40,3.20
2010.01.25 08:54:31.005,0.71295,0.71325,9.30,5.60
2010.01.25 08:54:31.335,0.713,0.71325,5.60,3.20
2010.01.25 08:54:31.684,0.71295,0.7132,2.80,1.60
2010.01.25 08:54:31.805,0.71295,0.7132,1.00,4.00
2010.01.25 08:54:34.674,0.71295,0.7132,1.00,4.10
2010.01.25 08:54:36.373,0.7129,0.7132,8.90,4.10
2010.01.25 08:54:42.532,0.71295,0.7132,1.00,4.10
2010.01.25 08:54:49.680,0.71295,0.7132,5.20,4.10
2010.01.25 08:54:50.930,0.71295,0.7132,3.60,4.10
2010.01.25 08:54:51.280,0.71295,0.7132,1.00,4.10
2010.01.25 08:54:56.519,0.7129,0.7132,5.70,4.10
2010.01.25 08:55:06.306,0.71295,0.7132,2.00,4.10
2010.01.25 08:55:08.116,0.71295,0.7132,3.60,2.40
2010.01.25 08:55:08.446,0.71305,0.71325,1.00,1.60
2010.01.25 08:55:08.796,0.71305,0.7133,3.60,2.40
2010.01.25 08:55:09.136,0.71305,0.7133,7.60,1.60
2010.01.25 08:55:09.536,0.71305,0.7133,1.00,5.60
2010.01.25 08:55:09.885,0.71305,0.7133,2.00,4.00
2010.01.25 08:55:10.545,0.71305,0.7133,2.00,4.10
2010.01.25 08:55:10.895,0.71305,0.7133,1.00,5.70
2010.01.25 08:55:16.164,0.71305,0.7133,1.00,4.10
2010.01.25 08:55:16.504,0.71305,0.7133,1.00,5.70
2010.01.25 08:55:19.293,0.71305,0.71335,1.00,18.60
2010.01.25 08:55:22.172,0.71305,0.7133,1.00,5.70
2010.01.25 08:55:32.020,0.713,0.7133,7.30,5.70
2010.01.25 08:55:33.960,0.71305,0.7133,1.00,5.70
2010.01.25 08:55:37.349,0.71305,0.7133,1.00,4.10
2010.01.25 08:55:37.749,0.71305,0.7133,2.00,2.40
2010.01.25 08:55:37.919,0.71305,0.71335,4.40,7.30
2010.01.25 08:55:39.348,0.71305,0.71335,4.50,7.30
2010.01.25 08:55:42.927,0.71315,0.71335,1.60,2.40
2010.01.25 08:55:43.277,0.71315,0.71345,7.60,7.20
2010.01.25 08:55:43.617,0.71315,0.71345,7.60,5.60
2010.01.25 08:55:49.306,0.71315,0.71345,9.20,5.60
2010.01.25 08:55:51.025,0.71315,0.71345,7.60,5.60
2010.01.25 08:55:51.686,0.71315,0.71345,2.40,7.20
2010.01.25 08:55:52.205,0.7131,0.7134,5.60,2.40
2010.01.25 08:55:53.715,0.7131,0.7134,7.20,2.40
2010.01.25 08:55:56.914,0.71315,0.7134,1.00,2.40
2010.01.25 08:55:57.504,0.71315,0.71345,6.00,7.20
2010.01.25 08:55:57.794,0.71315,0.71345,7.60,5.60
2010.01.25 08:55:58.144,0.71315,0.71345,9.20,4.00
2010.01.25 08:55:59.063,0.71315,0.71345,9.20,5.60
2010.01.25 08:56:04.282,0.71315,0.71325,1.00,4.80
2010.01.25 08:56:08.331,0.71315,0.7134,2.00,7.30
2010.01.25 08:56:08.691,0.71315,0.71345,2.00,12.80
2010.01.25 08:56:09.021,0.71315,0.7134,4.40,1.60
2010.01.25 08:56:09.371,0.71315,0.71345,9.20,5.60
2010.01.25 08:56:09.711,0.71315,0.71345,9.20,4.00
2010.01.25 08:56:17.799,0.7132,0.7135,4.00,5.70
2010.01.25 08:56:20.229,0.7132,0.7135,4.10,5.70
2010.01.25 08:56:27.516,0.7132,0.7135,4.10,7.30
2010.01.25 08:56:27.816,0.71315,0.71345,10.00,3.20
2010.01.25 08:56:28.096,0.71315,0.71345,7.60,5.60
2010.01.25 08:56:28.656,0.71315,0.7134,3.60,2.40
2010.01.25 08:56:38.524,0.71315,0.7134,3.20,2.40
2010.01.25 08:56:40.174,0.7131,0.7134,7.20,2.40
2010.01.25 08:56:41.443,0.71305,0.71335,9.20,4.00
2010.01.25 08:56:42.933,0.7131,0.71335,4.80,2.40
2010.01.25 08:56:43.103,0.7131,0.7134,5.60,5.60
2010.01.25 08:56:43.383,0.7131,0.71335,3.20,4.00
2010.01.25 08:56:47.662,0.71305,0.71335,9.20,4.00
2010.01.25 08:56:56.250,0.7131,0.71335,3.20,2.40
2010.01.25 08:56:56.480,0.7131,0.7134,5.60,2.40
2010.01.25 08:56:56.940,0.7131,0.7134,7.20,2.40
2010.01.25 08:56:57.290,0.7131,0.7134,5.60,2.40
2010.01.25 08:56:57.739,0.7131,0.7134,7.20,2.40
2010.01.25 08:57:06.487,0.7131,0.7134,8.80,2.40
2010.01.25 08:57:06.707,0.71315,0.71345,7.60,5.60
2010.01.25 08:57:07.527,0.71315,0.71345,9.20,5.60
2010.01.25 08:57:08.767,0.71315,0.71345,10.80,4.00
2010.01.25 08:57:08.987,0.7132,0.7135,4.00,5.70
2010.01.25 08:57:11.466,0.7132,0.7135,4.10,5.70
2010.01.25 08:57:37.340,0.7132,0.71345,2.50,1.60
2010.01.25 08:57:37.400,0.7132,0.71345,2.40,3.20
2010.01.25 08:57:37.510,0.71315,0.71345,8.50,7.20
2010.01.25 08:57:37.690,0.71315,0.71335,2.80,1.60
2010.01.25 08:57:37.810,0.71315,0.71335,1.00,4.00
2010.01.25 08:57:37.920,0.71315,0.7134,1.00,10.40
2010.01.25 08:57:39.349,0.71315,0.7134,1.00,10.50
2010.01.25 08:57:44.368,0.71315,0.7134,1.00,5.70
2010.01.25 08:57:45.248,0.71315,0.7134,2.80,1.60
2010.01.25 08:57:45.588,0.71315,0.71345,4.40,7.30
2010.01.25 08:57:45.938,0.7132,0.7135,7.20,4.80
2010.01.25 08:57:46.208,0.71325,0.71355,4.00,8.10
2010.01.25 08:57:47.137,0.71325,0.71355,4.40,8.10
2010.01.25 08:57:51.306,0.7133,0.7136,4.00,7.30
2010.01.25 08:57:52.376,0.7133,0.7136,4.10,7.30
2010.01.25 08:57:54.256,0.71335,0.71365,3.20,13.20
2010.01.25 08:57:54.606,0.71335,0.71365,2.40,6.80
2010.01.25 08:57:54.946,0.7134,0.71365,2.40,2.00
2010.01.25 08:57:55.246,0.71335,0.71365,2.40,4.40
2010.01.25 08:58:02.234,0.7133,0.71365,10.40,8.40
2010.01.25 08:58:02.404,0.7133,0.7136,7.20,2.40
2010.01.25 08:58:12.111,0.71335,0.7136,1.60,2.40
2010.01.25 08:58:20.420,0.71335,0.71365,5.60,6.00
2010.01.25 08:58:22.179,0.71335,0.71365,1.60,8.40
2010.01.25 08:58:22.469,0.71335,0.7136,1.60,2.40
2010.01.25 08:58:31.767,0.71335,0.7136,2.40,2.40
2010.01.25 08:58:31.947,0.71345,0.71365,5.60,1.00
2010.01.25 08:58:32.227,0.71345,0.7137,5.60,4.80
2010.01.25 08:58:33.646,0.7135,0.71375,1.60,9.20
2010.01.25 08:58:33.996,0.71355,0.71375,1.60,5.20
2010.01.25 08:58:34.236,0.71355,0.71375,4.00,1.00
2010.01.25 08:58:34.516,0.71355,0.7138,4.00,6.40
2010.01.25 08:58:35.036,0.71355,0.71385,4.00,7.20
2010.01.25 08:58:35.396,0.7136,0.7138,2.40,1.60
2010.01.25 08:58:36.066,0.7136,0.71385,2.40,4.80
2010.01.25 08:58:44.474,0.7136,0.71385,2.40,5.20
2010.01.25 08:58:45.153,0.7136,0.71385,2.40,4.80
2010.01.25 08:58:47.213,0.71355,0.71385,8.00,2.40
2010.01.25 08:58:47.493,0.71355,0.71385,5.60,2.40
2010.01.25 08:58:49.563,0.71355,0.71385,2.40,7.20
2010.01.25 08:58:49.912,0.71355,0.71385,2.40,8.80
2010.01.25 08:58:50.202,0.7135,0.7138,2.40,5.60
2010.01.25 08:58:50.552,0.7135,0.7138,4.80,1.60
2010.01.25 08:58:50.892,0.7135,0.7138,2.40,5.60
2010.01.25 08:58:51.232,0.71355,0.7138,2.40,3.20
2010.01.25 08:58:51.562,0.71355,0.7138,2.40,1.60
2010.01.25 08:58:51.952,0.7135,0.7138,2.40,5.60
2010.01.25 08:58:52.172,0.7135,0.7138,2.40,4.00
2010.01.25 08:58:52.402,0.7135,0.7138,2.40,5.60
2010.01.25 08:58:53.272,0.71355,0.7138,7.20,4.00
2010.01.25 08:58:53.552,0.7136,0.71385,4.00,4.80
2010.01.25 08:58:54.441,0.7136,0.71385,7.20,4.80
2010.01.25 08:58:54.781,0.71365,0.7139,2.40,8.00
2010.01.25 08:58:55.071,0.71365,0.7139,4.00,6.40
2010.01.25 08:58:55.421,0.71365,0.71385,4.00,1.60
2010.01.25 08:58:55.871,0.71355,0.71385,8.90,5.60
2010.01.25 08:58:58.481,0.7135,0.71385,18.60,5.70
2010.01.25 08:59:00.430,0.71355,0.71385,4.10,10.50
2010.01.25 08:59:02.580,0.7135,0.7138,5.70,10.80
2010.01.25 08:59:03.279,0.7135,0.7138,5.70,10.90
2010.01.25 08:59:06.318,0.7135,0.7138,11.30,8.80
2010.01.25 08:59:06.668,0.71355,0.71385,4.00,10.90
2010.01.25 08:59:07.318,0.71355,0.71385,4.10,10.90
2010.01.25 08:59:11.047,0.71355,0.71385,6.10,7.30
2010.01.25 08:59:11.377,0.71365,0.71385,1.60,4.00
2010.01.25 08:59:11.727,0.71365,0.7139,4.00,6.40
2010.01.25 08:59:13.947,0.71355,0.71385,8.90,5.60
2010.01.25 08:59:16.286,0.71355,0.71385,8.90,5.70
2010.01.25 08:59:17.846,0.7136,0.71385,1.60,5.70
2010.01.25 08:59:17.966,0.7136,0.71385,3.20,4.10
2010.01.25 08:59:18.426,0.71365,0.7139,1.60,2.40
2010.01.25 08:59:18.785,0.71365,0.71395,4.00,10.40
2010.01.25 08:59:19.175,0.71365,0.7139,4.00,1.60
2010.01.25 08:59:19.815,0.71365,0.71385,4.00,1.60
2010.01.25 08:59:20.035,0.71355,0.71385,8.90,5.60
2010.01.25 08:59:21.475,0.71355,0.71385,4.10,10.40
2010.01.25 08:59:21.765,0.71355,0.7138,4.00,1.60
2010.01.25 08:59:21.985,0.7135,0.71375,4.00,1.60
2010.01.25 08:59:22.284,0.71345,0.71375,9.30,5.60
2010.01.25 08:59:22.514,0.7135,0.71375,3.20,4.00
2010.01.25 08:59:22.784,0.71355,0.7138,4.00,6.40
2010.01.25 08:59:23.064,0.7135,0.7138,7.20,8.80
2010.01.25 08:59:23.294,0.71355,0.71385,4.00,10.40
2010.01.25 08:59:23.594,0.71355,0.7138,4.00,1.60
2010.01.25 08:59:23.954,0.71355,0.71385,4.00,10.40
2010.01.25 08:59:25.514,0.71355,0.71385,4.00,7.20
2010.01.25 08:59:27.263,0.7135,0.71385,16.50,7.20
2010.01.25 08:59:28.594,0.71355,0.71385,9.20,5.60
2010.01.25 08:59:33.973,0.71365,0.71385,1.00,5.60
2010.01.25 08:59:34.722,0.71365,0.71385,1.00,2.40
2010.01.25 08:59:35.062,0.71365,0.71395,10.80,5.60
2010.01.25 08:59:36.102,0.71365,0.7139,9.20,1.60
2010.01.25 08:59:36.482,0.71365,0.71395,10.80,5.60
2010.01.25 08:59:40.121,0.71365,0.7139,9.20,1.60
2010.01.25 08:59:46.210,0.71365,0.71385,6.00,3.20
2010.01.25 08:59:46.550,0.71365,0.7139,2.80,1.60
2010.01.25 08:59:46.909,0.71365,0.7139,1.00,4.00
2010.01.25 08:59:51.508,0.7136,0.7139,5.60,4.00
2010.01.25 08:59:56.137,0.71365,0.7139,1.00,4.00
2010.01.25 08:59:59.207,0.7136,0.7139,5.60,4.00
